1.54026655e-02 -2.74523742e-03 1.65971727e-03
1.57608633e-02 -6.72029311e-05 1.60601445e-03
1.61190608e-02 -2.12687564e-03 1.39807483e-03
1.64772580e-02 -1.88016368e-04 1.46809858e-03
1.68354550e-02 -2.52745946e-03 1.36437515e-03
1.71936517e-02 3.66826996e-04 1.23984116e-03
1.75518481e-02 -1.25785500e-04 1.42227755e-03
1.79100442e-02 3.89944277e-04 1.29153071e-03
1.82682400e-02 2.49112604e-03 1.27110601e-03
1.86264355e-02 -7.14577534e-04 1.16708622e-03
1.89846308e-02 1.35747763e-03 1.11435976e-03
1.93428257e-02 2.20387986e-03 1.14134041e-03
1.97010202e-02 1.63653716e-03 1.15205795e-03
2.00592145e-02 3.80956066e-05 1.22625837e-03
2.04174084e-02 2.29867844e-04 1.05207462e-03
2.07756020e-02 1.90350364e-04 1.14042323e-03
2.11337953e-02 1.54205086e-03 1.05684845e-03
2.14919882e-02 4.24333215e-04 1.02994762e-03
2.18501808e-02 3.63056530e-04 1.01983457e-03
2.22083729e-02 1.72954390e-03 9.98561376e-04
2.25665648e-02 1.21035644e-05 1.00965079e-03
2.29247562e-02 1.64881597e-03 1.01962431e-03
2.32829473e-02 1.61951210e-03 1.01765103e-03
2.36411380e-02 2.87887477e-04 9.80644555e-04
2.39993283e-02 -7.38694974e-04 8.85068100e-04
2.43575182e-02 1.73674467e-03 9.13911556e-04
2.47157077e-02 -1.66698274e-05 8.70481233e-04
2.50738968e-02 1.41925810e-03 8.61098616e-04
2.54320855e-02 1.47734692e-03 8.69610872e-04
2.57902738e-02 2.38238075e-03 8.45454331e-04
2.61484617e-02 1.45800060e-03 8.78985901e-04
2.65066491e-02 6.92044874e-04 8.41201263e-04
2.68648361e-02 1.58240025e-04 8.54159840e-04
2.72230226e-02 1.79698832e-03 8.28264208e-04
2.75812087e-02 2.53440922e-03 8.23041254e-04
2.79393943e-02 8.51791562e-04 8.41941426e-04
2.82975795e-02 1.84948185e-03 7.99820631e-04
2.86557642e-02 2.10569949e-03 8.31556549e-04
2.90139485e-02 1.93263403e-03 8.31403041e-04
2.93721323e-02 -1.07754590e-04 8.05146680e-04
2.97303155e-02 2.09854157e-03 8.57859601e-04
3.00884983e-02 1.88526206e-03 8.50024207e-04
3.04466806e-02 2.40535483e-03 8.40476439e-04
3.08048624e-02 4.01491042e-04 8.11525746e-04
3.11630437e-02 1.04034394e-03 8.44706508e-04
3.15212245e-02 1.34630361e-04 8.01483939e-04
3.18794048e-02 -2.78677924e-04 7.53957057e-04
3.22375845e-02 1.35819524e-03 8.45883798e-04
3.25957637e-02 1.50118092e-03 7.65454794e-04
3.29539424e-02 5.50486766e-04 7.92337107e-04
3.33121205e-02 1.34197102e-03 7.87271512e-04
3.36702981e-02 -5.24108025e-04 7.77320272e-04
3.40284751e-02 2.61181602e-03 7.86763475e-04
3.43866516e-02 -4.79366095e-05 7.66734846e-04
3.47448275e-02 1.66989377e-03 7.44582266e-04
3.51030028e-02 -7.48807845e-04 7.53135969e-04
3.54611775e-02 3.39366992e-04 7.13119067e-04
3.58193517e-02 6.09396892e-04 6.90509484e-04
3.61775253e-02 1.12433073e-03 7.37413642e-04
3.65356983e-02 1.00250848e-03 7.52762627e-04
3.68938706e-02 6.38970376e-04 6.96054605e-04
3.72520424e-02 1.92155143e-05 7.22348910e-04
3.76102136e-02 -5.06449502e-04 6.96700320e-04
3.79683841e-02 1.93239423e-03 7.18654680e-04
3.83265540e-02 1.02227509e-03 6.91105193e-04
3.86847233e-02 1.43978974e-03 6.76054953e-04
3.90428920e-02 1.27078579e-03 7.12915971e-04
3.94010600e-02 3.40520996e-04 6.90741330e-04
3.97592273e-02 1.32929281e-03 6.31927972e-04
4.01173941e-02 3.90272819e-04 6.42066012e-04
4.04755601e-02 2.05665886e-04 6.55277966e-04
4.08337255e-02 6.11226604e-04 6.42377811e-04
4.11918902e-02 1.15642007e-03 6.36444774e-04
4.15500542e-02 1.38835396e-03 6.46597646e-04
4.19082176e-02 7.35544997e-04 6.58002330e-04
4.22663802e-02 9.35421409e-04 6.63591017e-04
4.26245422e-02 2.47344627e-04 6.46197487e-04
4.29827034e-02 1.38437978e-03 6.91331595e-04
4.33408640e-02 1.55952368e-04 6.57822014e-04
4.36990238e-02 3.00455211e-04 6.44080004e-04
4.40571830e-02 1.55498373e-03 6.72300943e-04
4.44153414e-02 1.35459415e-03 6.43405334e-04
4.47734990e-02 6.82924243e-04 6.61547931e-04
4.51316560e-02 3.12573284e-04 6.31135212e-04
4.54898122e-02 6.35629859e-04 6.55470085e-04
4.58479676e-02 6.67293348e-04 6.64457713e-04
4.62061223e-02 5.24357511e-04 6.56747251e-04
4.65642762e-02 1.79859649e-04 6.39349204e-04
4.69224294e-02 -1.54493454e-04 6.29911335e-04
4.72805818e-02 -3.89753981e-04 6.34076753e-04
4.76387334e-02 5.23145938e-04 6.56091328e-04
4.79968842e-02 1.15349689e-03 6.55500587e-04
4.83550342e-02 2.65472593e-04 6.02866720e-04
4.87131835e-02 8.25876522e-04 6.41891200e-04
4.90713319e-02 -1.98510306e-04 6.01096981e-04
4.94294795e-02 4.53699138e-04 5.89392819e-04
4.97876264e-02 -3.00752050e-04 6.06566566e-04
5.01457724e-02 3.12249484e-04 5.91011970e-04
5.05039175e-02 1.02839839e-03 6.12310585e-04
5.08620619e-02 2.04168517e-04 6.13979632e-04
5.12202054e-02 9.91619452e-04 5.60528290e-04
5.15783481e-02 6.19529142e-04 5.99282249e-04
5.19364899e-02 2.95641714e-04 5.89940525e-04
5.22946308e-02 1.05376991e-03 5.55182980e-04
5.26527709e-02 -4.71651192e-04 5.83296511e-04
5.30109102e-02 2.14905989e-03 5.88771283e-04
5.33690485e-02 9.78262381e-04 5.67480316e-04
5.37271860e-02 1.57207327e-04 5.96644752e-04
5.40853226e-02 -3.88076050e-04 5.83426100e-04
5.44434583e-02 4.70581672e-04 5.52363237e-04
5.48015932e-02 3.69398304e-05 5.54802178e-04
5.51597271e-02 -5.34846922e-04 5.52486161e-04
5.55178601e-02 4.55121917e-04 5.67570759e-04
5.58759922e-02 5.69841878e-04 5.43504805e-04
5.62341234e-02 5.78486929e-04 5.65903095e-04
5.65922536e-02 -4.82154299e-04 5.55561878e-04
5.69503829e-02 -6.02518247e-04 5.54880647e-04
5.73085113e-02 5.91143362e-04 5.43150127e-04
5.76666388e-02 6.58740668e-05 5.28115460e-04
5.80247653e-02 2.22101709e-04 5.23788290e-04
5.83828908e-02 -7.03428798e-05 5.31522833e-04
5.87410154e-02 7.50486228e-04 5.48275321e-04
5.90991390e-02 -6.96972571e-04 5.28994944e-04
5.94572616e-02 -5.79957121e-04 5.14416207e-04
5.98153833e-02 1.93382331e-04 5.01934613e-04
6.01735040e-02 1.07526398e-03 5.31570803e-04
6.05316237e-02 1.76257639e-04 5.22056461e-04
6.08897424e-02 -5.29266353e-05 5.05871774e-04
6.12478600e-02 -1.80722421e-04 5.06063797e-04
6.16059767e-02 9.17532104e-04 5.18164871e-04
6.19640924e-02 5.46831752e-04 5.21591815e-04
6.23222071e-02 -9.87150398e-05 5.19289255e-04
6.26803207e-02 -3.12312271e-04 5.08291399e-04
6.30384333e-02 -6.30441556e-04 4.87031069e-04
6.33965448e-02 5.86219227e-04 5.08376106e-04
6.37546554e-02 -2.14461456e-05 4.95582418e-04
6.41127648e-02 -6.91076917e-05 4.94753781e-04
6.44708732e-02 4.29020864e-04 5.19137968e-04
6.48289806e-02 5.13638358e-04 5.07510362e-04
6.51870869e-02 9.64155420e-04 5.21610006e-04
6.55451921e-02 7.64175699e-04 5.15708052e-04
6.59032962e-02 2.42340108e-04 4.71249244e-04
6.62613993e-02 -6.18395763e-04 4.98543889e-04
6.66195012e-02 2.72903152e-04 4.96802401e-04
6.69776021e-02 2.86685451e-04 4.92002158e-04
6.73357019e-02 1.96925542e-04 5.06809912e-04
6.76938005e-02 4.87473351e-04 5.02059456e-04
6.80518981e-02 2.36122095e-04 4.88613837e-04
6.84099945e-02 8.66339394e-05 4.77538594e-04
6.87680898e-02 -4.47813218e-04 4.81805194e-04
6.91261840e-02 8.33741657e-04 4.87435561e-04
6.94842770e-02 -6.15084273e-04 4.65526522e-04
6.98423689e-02 -3.44518045e-04 4.78147130e-04
7.02004596e-02 5.33979445e-04 4.81376651e-04
7.05585492e-02 9.89404127e-05 4.63956789e-04
7.09166377e-02 8.26215033e-05 4.75358875e-04
7.12747249e-02 -4.49266750e-04 4.67156111e-04
7.16328110e-02 -9.23186152e-04 4.76241711e-04
7.19908959e-02 3.74757283e-04 4.70054473e-04
7.23489796e-02 4.91859079e-04 4.84076171e-04
7.27070622e-02 2.65740325e-04 4.71187309e-04
7.30651435e-02 -1.35024945e-04 4.65923643e-04
7.34232237e-02 -1.23051153e-04 4.88609524e-04
7.37813026e-02 -7.45137049e-04 4.67250681e-04
7.41393803e-02 -1.88178290e-04 4.53646274e-04
7.44974568e-02 5.95430011e-04 4.71758815e-04
7.48555321e-02 9.52572790e-05 4.61236837e-04
7.52136061e-02 -9.28575610e-04 4.64017599e-04
7.55716789e-02 -4.74730472e-04 4.64049897e-04
7.59297505e-02 -4.37554974e-04 4.36413921e-04
7.62878208e-02 -3.02210560e-04 4.62228864e-04
7.66458899e-02 -6.80197377e-05 4.56856518e-04
7.70039577e-02 -7.47006923e-05 4.34688490e-04
7.73620242e-02 -4.22601827e-04 4.62354228e-04
7.77200895e-02 -2.50595507e-04 4.46980437e-04
7.80781535e-02 4.49203475e-04 4.55671023e-04
7.84362162e-02 5.50365713e-04 4.49919693e-04
7.87942776e-02 -2.90970029e-04 4.59734165e-04
7.91523377e-02 -4.45493215e-04 4.52174979e-04
7.95103965e-02 -1.57026807e-04 4.57199562e-04
7.98684540e-02 -7.31345645e-04 4.47946603e-04
8.02265102e-02 2.85981152e-04 4.54654222e-04
8.05845651e-02 2.48206104e-04 4.51855547e-04
8.09426186e-02 6.00867296e-05 4.39736055e-04
8.13006709e-02 -4.02700806e-04 4.48794564e-04
8.16587217e-02 7.07448253e-04 4.47275631e-04
8.20167713e-02 -6.11943229e-04 4.44855958e-04
8.23748195e-02 -5.81462830e-04 4.51752312e-04
8.27328663e-02 -1.06772263e-04 4.41825779e-04
8.30909118e-02 -8.19674107e-05 4.32753761e-04
8.34489559e-02 -2.55395330e-04 4.33981242e-04
8.38069986e-02 9.77247380e-04 4.46063930e-04
8.41650400e-02 -2.20951680e-04 4.32273911e-04
8.45230800e-02 -7.06640756e-04 4.29082529e-04
8.48811185e-02 -4.20712282e-04 4.37563137e-04
8.52391557e-02 5.15034686e-05 4.36521884e-04
8.55971915e-02 1.79629959e-04 4.35564520e-04
8.59552259e-02 7.56892232e-04 4.24509985e-04
8.63132589e-02 -2.01778515e-04 4.38204497e-04
8.66712904e-02 6.85044635e-04 4.45025874e-04
8.70293205e-02 2.09046981e-04 4.38428979e-04
8.73873492e-02 5.03474298e-04 4.18558026e-04
8.77453765e-02 -1.78556191e-04 4.20928997e-04
8.81034023e-02 -3.50839473e-04 4.36394747e-04
8.84614267e-02 1.76450347e-04 4.22058384e-04
8.88194496e-02 6.19668677e-04 4.32422995e-04
8.91774710e-02 -5.17434535e-04 4.17685645e-04
8.95354910e-02 4.60091367e-04 4.22466647e-04
8.98935095e-02 7.46169497e-05 4.26043083e-04
9.02515266e-02 2.98034234e-04 4.17938973e-04
9.06095421e-02 -5.91326258e-04 4.15679262e-04
9.09675562e-02 1.13697487e-04 4.32188087e-04
9.13255687e-02 -3.34779584e-04 4.30724847e-04
9.16835798e-02 -4.57741409e-04 4.23418268e-04
9.20415894e-02 -2.61121897e-04 4.27334960e-04
9.23995974e-02 2.87528387e-04 4.23402496e-04
9.27576039e-02 -1.48020477e-04 4.26296270e-04
9.31156089e-02 -2.10885483e-04 4.23257544e-04
9.34736124e-02 -4.51889697e-04 4.21949024e-04
9.38316143e-02 2.01695519e-04 4.21634943e-04
9.41896147e-02 -2.46800128e-04 4.04825408e-04
9.45476136e-02 -2.58385710e-04 4.23433322e-04
9.49056108e-02 -1.53458229e-04 4.08960427e-04
9.52636066e-02 6.61750665e-05 4.05381000e-04
9.56216007e-02 1.92251065e-04 3.90205414e-04
9.59795933e-02 -2.76405095e-04 4.06747896e-04
9.63375843e-02 -4.73257497e-04 4.09744696e-04
9.66955738e-02 6.68672288e-04 4.19559181e-04
9.70535616e-02 -3.63889472e-04 3.99678002e-04
9.74115478e-02 -6.31918038e-04 4.02473273e-04
9.77695325e-02 -2.73123397e-04 3.96283169e-04
9.81275155e-02 -1.04475801e-03 4.02107114e-04
9.84854969e-02 -3.65286562e-04 4.01124668e-04
9.88434768e-02 -4.57049080e-04 4.10032455e-04
9.92014549e-02 -2.36612613e-04 4.01676425e-04
9.95594315e-02 -5.55881772e-04 3.93345828e-04
9.99174064e-02 1.70117126e-05 3.97032261e-04
1.00275380e-01 -4.38682419e-04 3.99389843e-04
1.00633351e-01 -3.53863509e-04 3.95949796e-04
1.00991321e-01 1.56961036e-04 3.93414375e-04
1.01349290e-01 9.17813578e-05 3.89774667e-04
1.01707256e-01 -2.85135278e-04 3.81721514e-04
1.02065221e-01 -2.02820339e-04 3.83507714e-04
1.02423184e-01 1.61254172e-04 3.88289541e-04
1.02781146e-01 2.67113063e-04 3.85172661e-04
1.03139106e-01 1.76981522e-04 3.92096572e-04
1.03497064e-01 2.06540849e-05 3.90724583e-04
1.03855021e-01 2.16328363e-04 3.90203117e-04
1.04212976e-01 -7.75723387e-04 3.86390007e-04
1.04570929e-01 3.76352513e-04 3.92129393e-04
1.04928880e-01 -5.94211095e-04 3.97917513e-04
1.05286830e-01 2.04715027e-04 3.92265465e-04
1.05644778e-01 3.20847431e-04 4.05881016e-04
1.06002724e-01 -1.11776042e-03 3.86089992e-04
1.06360668e-01 -5.57115246e-04 3.91285877e-04
1.06718611e-01 -2.58838453e-04 3.84695973e-04
1.07076552e-01 -4.69097321e-04 4.07163331e-04
1.07434491e-01 6.42857860e-04 3.82722025e-04
1.07792429e-01 -7.03253000e-05 3.94031952e-04
1.08150364e-01 7.07559708e-05 4.04541103e-04
1.08508298e-01 -2.13820022e-04 3.91746551e-04
1.08866230e-01 3.83887496e-04 3.90867999e-04
1.09224160e-01 -2.01584972e-04 3.91938537e-04
1.09582089e-01 -4.54791524e-04 3.92570149e-04
1.09940016e-01 7.50498406e-04 3.99347331e-04
1.10297941e-01 4.04283062e-04 3.90654110e-04
1.10655864e-01 -8.71309001e-05 3.88369610e-04
1.11013785e-01 -5.97276406e-05 3.87801665e-04
1.11371704e-01 -2.55059603e-04 3.93022576e-04
1.11729622e-01 -1.28911867e-04 3.79417179e-04
1.12087538e-01 -4.88680981e-04 3.76097244e-04
1.12445452e-01 -5.56915292e-04 3.85108817e-04
1.12803364e-01 1.95759713e-04 3.81799069e-04
1.13161274e-01 1.01467412e-04 3.75213094e-04
1.13519182e-01 -5.15258752e-04 3.78804232e-04
1.13877089e-01 -4.25323828e-04 3.74931492e-04
1.14234994e-01 -3.72059988e-04 3.70833666e-04
1.14592896e-01 -5.27178474e-04 3.60956915e-04
1.14950797e-01 1.44577250e-04 3.81058906e-04
1.15308696e-01 -4.39528085e-04 3.78318853e-04
1.15666593e-01 -6.46750838e-05 3.66045478e-04
1.16024488e-01 2.97581648e-05 3.58779649e-04
1.16382382e-01 -6.17874426e-04 3.61080453e-04
1.16740273e-01 -5.51397293e-04 3.76372988e-04
1.17098163e-01 -1.58515146e-04 3.68739118e-04
1.17456050e-01 1.74201690e-04 3.69659116e-04
1.17813936e-01 -3.49240152e-04 3.70562613e-04
1.18171819e-01 -3.44323096e-04 3.80002173e-04
1.18529701e-01 -4.99414066e-05 3.76909071e-04
1.18887581e-01 -2.73962401e-04 3.79492192e-04
1.19245459e-01 -1.99323810e-04 3.78959687e-04
1.19603335e-01 -1.79377080e-04 3.73944649e-04
1.19961208e-01 -4.72683158e-05 3.69980509e-04
1.20319080e-01 4.21894112e-04 3.79336148e-04
1.20676950e-01 1.49005058e-04 3.67636916e-04
1.21034818e-01 -1.76526708e-04 3.76911769e-04
1.21392684e-01 -1.31346073e-04 3.76343360e-04
1.21750548e-01 -4.88635787e-05 3.76437987e-04
1.22108410e-01 -4.18725981e-05 3.69816549e-04
1.22466270e-01 2.72870293e-05 3.81974759e-04
1.22824128e-01 8.89233436e-05 3.70249529e-04
1.23181984e-01 -1.05126233e-04 3.64777833e-04
1.23539838e-01 -3.80696345e-04 3.66861642e-04
1.23897690e-01 -1.95385789e-04 3.72924228e-04
1.24255540e-01 5.71013592e-04 3.65617796e-04
1.24613388e-01 -4.38736239e-04 3.71506996e-04
1.24971233e-01 -3.57322152e-05 3.59920089e-04
1.25329077e-01 3.98430711e-05 3.61220270e-04
1.25686919e-01 -6.72834248e-04 3.56999351e-04
1.26044758e-01 2.72804729e-04 3.58551657e-04
1.26402596e-01 -4.16254551e-04 3.57217300e-04
1.26760431e-01 -2.54275502e-04 3.59862170e-04
1.27118265e-01 -4.48115024e-04 3.53490889e-04
1.27476096e-01 -4.26079356e-05 3.51746046e-04
1.27833925e-01 -3.71809327e-04 3.50511282e-04
1.28191752e-01 1.71918498e-04 3.59290140e-04
1.28549577e-01 5.64161787e-06 3.43732549e-04
1.28907400e-01 5.83258613e-05 3.49945379e-04
1.29265221e-01 -5.02198475e-05 3.54261311e-04
1.29623040e-01 2.16589684e-04 3.47381547e-04
1.29980856e-01 2.04009977e-04 3.59746259e-04
1.30338670e-01 1.65838191e-04 3.51362446e-04
1.30696483e-01 -1.04432143e-04 3.52047176e-04
1.31054293e-01 -3.13168959e-04 3.50491083e-04
1.31412101e-01 -2.67455669e-04 3.49010001e-04
1.31769906e-01 4.01900391e-04 3.47891040e-04
1.32127710e-01 2.80368369e-04 3.47831409e-04
1.32485511e-01 1.44106282e-04 3.35770302e-04
1.32843311e-01 -4.26824223e-04 3.48017607e-04
1.33201108e-01 1.47485070e-04 3.47741735e-04
1.33558903e-01 -4.77228557e-06 3.49201975e-04
1.33916695e-01 -3.43596062e-05 3.50376284e-04
1.34274486e-01 -8.12258432e-04 3.29966756e-04
1.34632274e-01 -8.16413179e-04 3.37077000e-04
1.34990060e-01 -9.56214034e-05 3.32874931e-04
1.35347844e-01 -4.09213408e-04 3.35667452e-04
1.35705626e-01 2.07334341e-04 3.43436672e-04
1.36063405e-01 -5.49118679e-04 3.35523522e-04
1.36421182e-01 -4.49984525e-04 3.33806753e-04
1.36778957e-01 -3.43986483e-05 3.32286696e-04
1.37136730e-01 2.38924880e-04 3.34460139e-04
1.37494500e-01 3.58122375e-04 3.33165489e-04
1.37852269e-01 -6.86573781e-04 3.29829786e-04
1.38210034e-01 -5.94043594e-04 3.29018067e-04
1.38567798e-01 -1.43643494e-04 3.32008866e-04
1.38925559e-01 6.73780703e-05 3.43152202e-04
1.39283319e-01 4.10412951e-04 3.35156932e-04
1.39641075e-01 1.43769524e-04 3.33285146e-04
1.39998830e-01 -9.47030562e-05 3.26966534e-04
1.40356582e-01 2.13291897e-04 3.31963457e-04
1.40714332e-01 2.59212068e-05 3.29349973e-04
1.41072080e-01 -7.20182549e-05 3.33156106e-04
1.41429825e-01 -7.07514827e-04 3.24371017e-04
1.41787568e-01 9.15506494e-05 3.39246738e-04
1.42145308e-01 -9.15670644e-05 3.24731603e-04
1.42503047e-01 3.15966519e-05 3.22087790e-04
1.42860783e-01 -6.94129683e-05 3.27088437e-04
1.43218516e-01 -1.27093945e-04 3.26346633e-04
1.43576247e-01 -3.52466697e-04 3.28172855e-04
1.43933976e-01 -5.89091563e-06 3.23481548e-04
1.44291703e-01 -4.11027624e-04 3.26230830e-04
1.44649427e-01 2.54045680e-04 3.19580787e-04
1.45007149e-01 -6.22033089e-04 3.18757208e-04
1.45364868e-01 8.57443512e-05 3.28339816e-04
1.45722585e-01 -2.82903210e-05 3.18582026e-04
1.46080300e-01 -3.57353731e-04 3.14728312e-04
1.46438012e-01 -2.11868209e-05 3.21683464e-04
1.46795722e-01 6.46072877e-04 3.21827323e-04
1.47153429e-01 -1.08592968e-04 3.08615274e-04
1.47511134e-01 -2.07745460e-04 3.17630875e-04
1.47868837e-01 -3.51844099e-04 3.20571040e-04
1.48226537e-01 -2.72855818e-04 3.18565142e-04
1.48584235e-01 -1.58559442e-04 3.22850700e-04
1.48941930e-01 -2.40307986e-04 3.07589706e-04
1.49299623e-01 -2.96071224e-04 3.11176543e-04
1.49657313e-01 2.02265012e-04 3.09022401e-04
1.50015001e-01 -8.11405284e-04 3.16741585e-04
1.50372687e-01 -2.10202971e-04 3.17925838e-04
1.50730370e-01 3.01988525e-04 3.08398114e-04
1.51088050e-01 -1.42700650e-04 3.15126600e-04
1.51445728e-01 -6.57577714e-04 3.06794607e-04
1.51803404e-01 -3.08128147e-04 3.08349075e-04
1.52161077e-01 7.31088971e-05 3.14199853e-04
1.52518747e-01 9.22377034e-04 3.17971738e-04
1.52876416e-01 -1.66779537e-04 3.09498927e-04
1.53234081e-01 -5.09617273e-04 3.10989254e-04
1.53591744e-01 -5.85370433e-05 3.07323600e-04
1.53949405e-01 -7.83535523e-04 3.05051672e-04
1.54307063e-01 -1.92612502e-04 3.06307866e-04
1.54664718e-01 -3.08774468e-04 3.04408771e-04
1.55022371e-01 5.99091867e-05 3.09359338e-04
1.55380021e-01 -3.20893130e-04 3.06602880e-04
1.55737669e-01 3.80381832e-04 3.07094913e-04
1.56095314e-01 4.42937733e-04 3.07243554e-04
1.56452957e-01 3.83822076e-04 3.11256678e-04
1.56810597e-01 2.48038094e-04 3.11035388e-04
1.57168235e-01 3.25463217e-05 3.05931305e-04
1.57525870e-01 2.95050951e-04 3.04948934e-04
1.57883502e-01 1.68403369e-04 3.02895282e-04
1.58241132e-01 -3.79265055e-04 3.00733000e-04
1.58598759e-01 -1.44648278e-04 3.01504790e-04
1.58956384e-01 -5.98249790e-04 3.02475098e-04
1.59314006e-01 -2.22224613e-05 2.95901627e-04
1.59671625e-01 -2.87341378e-04 3.05220965e-04
1.60029242e-01 -1.19541757e-04 3.02273319e-04
1.60386856e-01 -4.41831639e-04 2.98875395e-04
1.60744468e-01 2.52754373e-04 3.03837407e-04
1.61102076e-01 8.92691079e-05 2.97719751e-04
1.61459683e-01 2.27892805e-04 2.99595060e-04
1.61817286e-01 -2.30669803e-04 2.98748348e-04
1.62174887e-01 -4.90410361e-04 2.95775160e-04
1.62532485e-01 4.32302934e-04 2.92432451e-04
1.62890081e-01 -3.86875764e-04 2.92667062e-04
1.63247674e-01 -8.01030528e-05 2.96454457e-04
1.63605264e-01 3.45518479e-04 3.01065483e-04
1.63962852e-01 1.37620471e-04 2.95442622e-04
1.64320437e-01 -7.04618808e-04 2.93325907e-04
1.64678019e-01 -1.62743533e-04 2.95505321e-04
1.65035598e-01 3.48329940e-04 2.96939334e-04
1.65393175e-01 4.16689574e-04 3.00480251e-04
1.65750749e-01 2.45595435e-05 2.98601569e-04
1.66108320e-01 -3.93164851e-04 2.94026327e-04
1.66465889e-01 -7.26359826e-04 2.97256027e-04
1.66823455e-01 -2.24078403e-04 2.94479352e-04
1.67181018e-01 2.51887851e-04 2.98600517e-04
1.67538578e-01 -4.27699979e-04 2.92654192e-04
1.67896136e-01 7.94878966e-05 2.91715974e-04
1.68253691e-01 4.04071024e-04 2.92415446e-04
1.68611243e-01 -1.39080629e-04 2.92377888e-04
1.68968792e-01 4.05055691e-04 2.88448217e-04
1.69326339e-01 -1.50848001e-04 2.83138558e-04
1.69683883e-01 -1.83772784e-04 2.83904429e-04
1.70041424e-01 -3.16435593e-04 2.86315043e-04
1.70398962e-01 -3.26418868e-04 2.82904206e-04
1.70756497e-01 6.08722082e-05 2.85420590e-04
1.71114030e-01 6.45267749e-05 2.85207005e-04
1.71471560e-01 1.75743144e-04 2.86374591e-04
1.71829087e-01 4.94644090e-05 2.86988753e-04
1.72186611e-01 1.07595329e-04 2.86352854e-04
1.72544132e-01 4.91014085e-05 2.76861829e-04
1.72901651e-01 1.49119059e-04 2.86327575e-04
1.73259167e-01 -2.25246887e-04 2.85058484e-04
1.73616679e-01 1.12559890e-04 2.88492471e-04
1.73974189e-01 1.52458549e-04 2.81956089e-04
1.74331697e-01 3.99222531e-04 2.82564810e-04
1.74689201e-01 -4.29703148e-04 2.77249199e-04
1.75046702e-01 2.60520650e-04 2.78926310e-04
1.75404201e-01 1.97013938e-04 2.79456993e-04
1.75761697e-01 -2.66380551e-04 2.82872188e-04
1.76119189e-01 -1.61458574e-05 2.80389904e-04
1.76476679e-01 -5.35638467e-04 2.81983734e-04
1.76834166e-01 -2.78029181e-04 2.85595157e-04
1.77191650e-01 2.77253562e-04 2.88116495e-04
1.77549132e-01 1.19508941e-04 2.83530066e-04
1.77906610e-01 -4.50036837e-04 2.76996673e-04
1.78264085e-01 -2.36429836e-04 2.84193790e-04
1.78621558e-01 -1.85699375e-05 2.75537303e-04
1.78979027e-01 -3.84408821e-05 2.79350348e-04
1.79336494e-01 -1.69803346e-04 2.70647461e-04
1.79693958e-01 -1.62680220e-04 2.70082776e-04
1.80051418e-01 -3.25146441e-04 2.74144662e-04
1.80408876e-01 1.64348860e-04 2.78511042e-04
1.80766331e-01 1.28806091e-04 2.84805684e-04
1.81123783e-01 -2.12335403e-04 2.77013949e-04
1.81481232e-01 1.56916894e-04 2.85703772e-04
1.81838677e-01 -3.46199564e-04 2.87305834e-04
1.82196120e-01 -7.39547349e-04 2.78395593e-04
1.82553560e-01 -4.19836843e-04 2.81854258e-04
1.82910997e-01 -1.14620663e-04 2.81803267e-04
1.83268431e-01 -3.78526216e-04 2.83250314e-04
1.83625862e-01 -4.76113758e-04 2.74986964e-04
1.83983290e-01 -4.02289978e-04 2.78643143e-04
1.84340715e-01 -5.76554577e-04 2.83355573e-04
1.84698137e-01 -1.96286705e-04 2.80967252e-04
1.85055556e-01 -3.24913570e-04 2.82729705e-04
1.85412971e-01 -1.90678652e-04 2.80411622e-04
1.85770384e-01 1.15238923e-04 2.82463802e-04
1.86127794e-01 -4.39904039e-04 2.77481336e-04
1.86485200e-01 -3.65793082e-04 2.80034810e-04
1.86842604e-01 7.00624899e-06 2.73217515e-04
1.87200005e-01 6.94875554e-05 2.75234976e-04
1.87557402e-01 5.73141325e-04 2.78153905e-04
1.87914797e-01 -4.89900128e-04 2.74347590e-04
1.88272188e-01 -4.92710563e-04 2.77862220e-04
1.88629576e-01 -4.28314410e-04 2.75463615e-04
1.88986961e-01 -2.22773886e-04 2.72333343e-04
1.89344343e-01 1.59426132e-04 2.73312743e-04
1.89701722e-01 -7.26071465e-04 2.67605448e-04
1.90059098e-01 -2.85138524e-05 2.74178553e-04
1.90416471e-01 -5.05410160e-04 2.71689148e-04
1.90773840e-01 1.02088015e-05 2.79061092e-04
1.91131207e-01 -1.70102453e-05 2.74096244e-04
1.91488570e-01 -2.42892219e-04 2.69585707e-04
1.91845930e-01 -5.11411995e-04 2.69666092e-04
1.92203287e-01 -2.45361160e-04 2.63503864e-04
1.92560641e-01 -3.85629489e-05 2.68812049e-04
1.92917992e-01 1.53513765e-04 2.68837458e-04
1.93275340e-01 3.12246281e-05 2.61948008e-04
1.93632684e-01 -7.86947899e-04 2.68623947e-04
1.93990025e-01 3.50502921e-04 2.77110951e-04
1.94347363e-01 -1.04856758e-04 2.69035805e-04
1.94704698e-01 7.55131074e-05 2.71586677e-04
1.95062030e-01 -4.30705645e-04 2.73323595e-04
1.95419358e-01 2.73377530e-04 2.77242066e-04
1.95776684e-01 -1.97716460e-04 2.70831423e-04
1.96134006e-01 1.54270149e-04 2.68776872e-04
1.96491324e-01 -2.15298046e-04 2.72607704e-04
1.96848640e-01 3.29778953e-04 2.67549117e-04
1.97205953e-01 4.89659878e-05 2.73973490e-04
1.97563262e-01 8.42929472e-05 2.72987258e-04
1.97920568e-01 1.66739697e-04 2.72248353e-04
1.98277870e-01 8.36040504e-05 2.74917497e-04
1.98635170e-01 2.09786021e-04 2.77629680e-04
1.98992466e-01 -3.44319435e-04 2.70576578e-04
1.99349759e-01 2.42612557e-05 2.69024954e-04
1.99707049e-01 -9.98716622e-06 2.70879803e-04
2.00064335e-01 1.34421742e-04 2.74693431e-04
2.00421618e-01 -2.19764505e-04 2.62033509e-04
2.00778898e-01 2.58640058e-04 2.65251466e-04
2.01136174e-01 -3.15859007e-04 2.66413381e-04
2.01493448e-01 -3.24867903e-04 2.69609831e-04
2.01850718e-01 -3.86598499e-04 2.58999163e-04
2.02207984e-01 2.22231188e-04 2.62494830e-04
2.02565248e-01 -2.34142333e-04 2.57600659e-04
2.02922508e-01 3.11812099e-04 2.62366097e-04
2.03279764e-01 9.80564356e-05 2.53209807e-04
2.03637018e-01 -1.37663820e-04 2.58278915e-04
2.03994268e-01 -2.99381828e-05 2.64828820e-04
2.04351514e-01 8.49630907e-05 2.60122494e-04
2.04708758e-01 1.08563293e-04 2.59909783e-04
2.05065998e-01 3.25004702e-04 2.62674560e-04
2.05423234e-01 -3.82474428e-04 2.59285837e-04
2.05780467e-01 2.34255270e-05 2.55488703e-04
2.06137697e-01 -3.86942973e-04 2.56984163e-04
2.06494924e-01 -3.26668691e-04 2.55996077e-04
2.06852147e-01 -1.20532879e-04 2.58980874e-04
2.07209367e-01 1.18358674e-04 2.54950509e-04
2.07566583e-01 1.67650394e-04 2.53201933e-04
2.07923796e-01 -8.87423601e-05 2.61317406e-04
2.08281005e-01 7.79574346e-05 2.58518887e-04
2.08638211e-01 -2.72433564e-04 2.54075690e-04
2.08995414e-01 9.07902496e-05 2.58370043e-04
2.09352613e-01 1.88823746e-04 2.55644998e-04
2.09709809e-01 2.82034660e-04 2.54918661e-04
2.10067002e-01 2.15583574e-04 2.58690655e-04
2.10424191e-01 -3.38142163e-04 2.49689792e-04
2.10781376e-01 -2.17900448e-04 2.49581232e-04
2.11138558e-01 -3.39315512e-04 2.54404424e-04
2.11495737e-01 -4.11392681e-04 2.49868296e-04
2.11852912e-01 9.30455732e-05 2.56108934e-04
2.12210084e-01 1.39676677e-05 2.54111335e-04
2.12567252e-01 -5.57014006e-05 2.49549476e-04
2.12924416e-01 -3.51181828e-04 2.46509874e-04
2.13281578e-01 -9.42080560e-06 2.50180350e-04
2.13638735e-01 -6.61336350e-05 2.47506860e-04
2.13995890e-01 3.17393715e-05 2.47149519e-04
2.14353040e-01 3.04760362e-04 2.46373431e-04
2.14710188e-01 3.30247610e-04 2.51068270e-04
2.15067331e-01 4.21771564e-04 2.50519328e-04
2.15424471e-01 -3.08181624e-04 2.47793967e-04
2.15781608e-01 -1.55785216e-04 2.46518396e-04
2.16138741e-01 -1.02644644e-04 2.46341247e-04
2.16495871e-01 2.34735999e-04 2.43344423e-04
2.16852997e-01 -2.57707399e-04 2.45769569e-04
2.17210119e-01 -4.89032729e-04 2.45579786e-04
2.17567238e-01 -4.22083814e-04 2.41612782e-04
2.17924354e-01 7.63902142e-05 2.44290554e-04
2.18281465e-01 -3.94889550e-04 2.43475153e-04
2.18638574e-01 -3.15252302e-04 2.38109052e-04
2.18995678e-01 -4.28827591e-04 2.38138281e-04
2.19352779e-01 3.85788701e-05 2.42570057e-04
2.19709877e-01 4.67694446e-05 2.43217401e-04
2.20066971e-01 -1.63310205e-05 2.39348574e-04
2.20424061e-01 1.70557836e-04 2.44406440e-04
2.20781147e-01 2.51596415e-04 2.40892632e-04
2.21138230e-01 -1.06578953e-04 2.39479463e-04
2.21495310e-01 -3.90519727e-04 2.37093841e-04
2.21852386e-01 -8.67217673e-05 2.36800103e-04
2.22209458e-01 6.76934018e-05 2.38933517e-04
2.22566526e-01 -8.32602353e-05 2.36760912e-04
2.22923591e-01 -2.72934933e-04 2.35026970e-04
2.23280652e-01 -3.00738413e-05 2.40065065e-04
2.23637710e-01 6.55529893e-05 2.41867955e-04
2.23994764e-01 -2.92023945e-04 2.39859680e-04
2.24351814e-01 1.60728631e-06 2.38257429e-04
2.24708861e-01 1.28661523e-04 2.40206148e-04
2.25065904e-01 4.00242967e-05 2.35462182e-04
2.25422943e-01 4.77211615e-05 2.37168804e-04
2.25779978e-01 -1.25603743e-04 2.36168623e-04
2.26137010e-01 -3.20618003e-04 2.35092382e-04
2.26494038e-01 -1.19634324e-04 2.35663586e-04
2.26851063e-01 -2.11606501e-05 2.38274528e-04
2.27208083e-01 -2.19824819e-04 2.38670927e-04
2.27565100e-01 -3.13325286e-04 2.35361039e-04
2.27922114e-01 6.46871299e-05 2.36823885e-04
2.28279123e-01 2.29704065e-04 2.35225155e-04
2.28636129e-01 1.11193966e-04 2.33681810e-04
2.28993131e-01 -2.23790805e-04 2.36494772e-04
2.29350129e-01 -6.50503361e-06 2.34963212e-04
2.29707124e-01 -1.15020954e-04 2.32802336e-04
2.30064115e-01 6.75926519e-05 2.32602815e-04
2.30421102e-01 1.01273911e-04 2.37823421e-04
2.30778085e-01 -2.81283299e-04 2.28240087e-04
2.31135064e-01 -3.92557421e-07 2.34061837e-04
2.31492040e-01 -4.79952126e-05 2.31402912e-04
2.31849012e-01 4.51983303e-05 2.29019510e-04
2.32205980e-01 -4.74242654e-05 2.29540860e-04
2.32562944e-01 -9.92022331e-05 2.31635918e-04
2.32919905e-01 -6.87046682e-05 2.30102825e-04
2.33276862e-01 -2.76259674e-05 2.26366603e-04
2.33633814e-01 -1.09179221e-04 2.29794333e-04
2.33990763e-01 -2.05961713e-04 2.26466534e-04
2.34347709e-01 1.24103619e-04 2.24093649e-04
2.34704650e-01 2.61223437e-04 2.31762837e-04
2.35061588e-01 -3.12498110e-05 2.26768158e-04
2.35418521e-01 1.22312963e-04 2.29856629e-04
2.35775451e-01 -3.09027708e-04 2.25309477e-04
2.36132377e-01 -1.50529235e-04 2.23129555e-04
2.36489299e-01 -7.65708296e-05 2.27734375e-04
2.36846218e-01 -8.54360832e-05 2.28058602e-04
2.37203132e-01 2.84366850e-04 2.25594995e-04
2.37560042e-01 -9.41622375e-05 2.24981439e-04
2.37916949e-01 -9.70489300e-05 2.22926414e-04
2.38273852e-01 -1.75508858e-05 2.26050490e-04
2.38630751e-01 -3.08316307e-04 2.25064569e-04
2.38987645e-01 -3.32197730e-04 2.21304803e-04
2.39344537e-01 -1.76597496e-04 2.27731188e-04
2.39701424e-01 -9.92623270e-05 2.25458671e-04
2.40058307e-01 -1.21167055e-04 2.25498008e-04
2.40415186e-01 -1.90627758e-04 2.22605418e-04
2.40772061e-01 6.85778594e-05 2.17799191e-04
2.41128933e-01 -1.42716746e-04 2.19548323e-04
2.41485800e-01 -4.33887398e-04 2.21193569e-04
2.41842664e-01 1.01842454e-04 2.21358880e-04
2.42199523e-01 1.33650753e-04 2.19162088e-04
2.42556379e-01 -9.72161660e-05 2.23880870e-04
2.42913230e-01 1.58166623e-05 2.18199057e-04
2.43270078e-01 -1.21979807e-04 2.21055935e-04
2.43626922e-01 -6.17351817e-05 2.26270862e-04
2.43983761e-01 7.44776314e-05 2.23038257e-04
2.44340597e-01 1.71058038e-04 2.19946333e-04
2.44697429e-01 -1.53315599e-04 2.21505185e-04
2.45054256e-01 3.43066873e-04 2.21330334e-04
2.45411080e-01 2.18002536e-05 2.20983755e-04
2.45767900e-01 3.29886038e-05 2.18736548e-04
2.46124715e-01 -2.91160003e-04 2.17145354e-04
2.46481527e-01 -1.42427729e-05 2.17227391e-04
2.46838334e-01 1.36072400e-04 2.18533744e-04
2.47195138e-01 -2.98274819e-04 2.21400167e-04
2.47551938e-01 -1.08874055e-04 2.15434522e-04
2.47908733e-01 2.43157026e-05 2.19636421e-04
2.48265524e-01 1.61632178e-04 2.18296688e-04
2.48622312e-01 -1.01836956e-04 2.14572846e-04
2.48979095e-01 2.45442105e-04 2.17215923e-04
2.49335874e-01 -1.99676964e-04 2.16614307e-04
2.49692649e-01 -6.16403711e-05 2.16535959e-04
2.50049420e-01 -2.35471291e-04 2.18264830e-04
2.50406187e-01 -4.55770179e-04 2.16738354e-04
2.50762950e-01 -1.50485130e-04 2.17665605e-04
2.51119709e-01 -3.22174639e-04 2.17683386e-04
2.51476464e-01 -1.36276301e-04 2.16371265e-04
2.51833214e-01 6.20474973e-06 2.10669567e-04
2.52189961e-01 1.06229072e-04 2.13092847e-04
2.52546703e-01 1.30364567e-04 2.14911097e-04
2.52903441e-01 -2.64120395e-04 2.11612528e-04
2.53260175e-01 -4.68677044e-05 2.14374760e-04
2.53616905e-01 2.62636297e-04 2.12243116e-04
2.53973631e-01 -1.23281024e-05 2.13054510e-04
2.54330352e-01 -6.74108656e-05 2.12905966e-04
2.54687070e-01 3.74501894e-05 2.11094041e-04
2.55043783e-01 -1.76641395e-04 2.14410614e-04
2.55400492e-01 1.25749348e-04 2.14545462e-04
2.55757197e-01 -2.91161057e-04 2.12382162e-04
2.56113898e-01 -7.19938532e-06 2.11596988e-04
2.56470595e-01 -1.87306076e-04 2.12124660e-04
2.56827287e-01 -1.00851277e-04 2.14384123e-04
2.57183975e-01 -5.26102177e-05 2.17835541e-04
2.57540659e-01 2.06618458e-04 2.14558325e-04
2.57897339e-01 -7.59939500e-05 2.16237612e-04
2.58254014e-01 2.95712799e-05 2.15096532e-04
2.58610686e-01 -3.79089727e-05 2.19114408e-04
2.58967353e-01 9.63212982e-05 2.15483420e-04
2.59324016e-01 -2.44117921e-04 2.12621459e-04
2.59680674e-01 -2.47904870e-04 2.17630659e-04
2.60037329e-01 -4.55105389e-04 2.12601501e-04
2.60393979e-01 -4.99655008e-05 2.17561037e-04
2.60750625e-01 -9.22499595e-05 2.13737162e-04
2.61107266e-01 -8.48557293e-05 2.13100525e-04
2.61463904e-01 8.96790517e-05 2.13604506e-04
2.61820537e-01 -6.54436656e-05 2.15183472e-04
2.62177166e-01 -2.40113668e-07 2.17059870e-04
2.62533790e-01 4.02669643e-05 2.16799839e-04
2.62890410e-01 -5.65586543e-05 2.16766082e-04
2.63247026e-01 -1.49901958e-04 2.13282783e-04
2.63603638e-01 -4.41275528e-05 2.14236672e-04
2.63960245e-01 -5.01806028e-06 2.11776057e-04
2.64316848e-01 -1.59416469e-04 2.14961438e-04
2.64673447e-01 -2.17168890e-04 2.13152778e-04
2.65030042e-01 -5.46225801e-04 2.08756688e-04
2.65386632e-01 -2.93727994e-05 2.12034186e-04
2.65743217e-01 -2.08905316e-04 2.08700607e-04
2.66099799e-01 -4.08072010e-05 2.11810610e-04
2.66456376e-01 -4.04220172e-04 2.05293404e-04
2.66812948e-01 -3.54499769e-04 2.09805048e-04
2.67169517e-01 -1.53005762e-04 2.16573400e-04
2.67526081e-01 -1.72131910e-04 2.12489582e-04
2.67882640e-01 4.50389918e-05 2.15955655e-04
2.68239195e-01 1.25940723e-04 2.15764104e-04
2.68595746e-01 2.25744810e-04 2.15456125e-04
2.68952293e-01 -2.36715699e-04 2.17299946e-04
2.69308835e-01 8.03185308e-05 2.19212964e-04
2.69665372e-01 4.57111147e-05 2.21241895e-04
2.70021906e-01 -5.34374867e-04 2.20903668e-04
2.70378435e-01 -3.29003498e-04 2.22163716e-04
2.70734959e-01 -2.19438249e-04 2.21646717e-04
2.71091479e-01 2.40532254e-04 2.21631369e-04
2.71447995e-01 -1.60673385e-04 2.22172982e-04
2.71804506e-01 -3.99149255e-04 2.18011427e-04
2.72161012e-01 2.83197914e-04 2.21184545e-04
2.72517515e-01 -3.20715970e-04 2.21963966e-04
2.72874012e-01 -1.18660084e-04 2.25745522e-04
