1.54026655e-02 3.22407947e-02 1.77989622e-03
1.57608633e-02 3.27035529e-02 1.81813665e-03
1.61190608e-02 3.26901740e-02 1.67048177e-03
1.64772580e-02 3.36650291e-02 1.68811572e-03
1.68354550e-02 3.61897142e-02 1.59633680e-03
1.71936517e-02 3.44385395e-02 1.51472425e-03
1.75518481e-02 3.19263438e-02 1.46260990e-03
1.79100442e-02 3.20848750e-02 1.50781500e-03
1.82682400e-02 3.16462636e-02 1.41278348e-03
1.86264355e-02 3.15948853e-02 1.38806755e-03
1.89846308e-02 3.41161097e-02 1.39054797e-03
1.93428257e-02 3.25466173e-02 1.27947790e-03
1.97010202e-02 3.48524951e-02 1.21757052e-03
2.00592145e-02 3.27999588e-02 1.24730780e-03
2.04174084e-02 3.15926646e-02 1.22704522e-03
2.07756020e-02 3.07980887e-02 1.16847239e-03
2.11337953e-02 3.15301103e-02 1.13293905e-03
2.14919882e-02 3.05243139e-02 1.17047897e-03
2.18501808e-02 3.23035225e-02 1.20173033e-03
2.22083729e-02 2.98624009e-02 1.17938765e-03
2.25665648e-02 2.98028414e-02 1.13634200e-03
2.29247562e-02 3.20360581e-02 1.17414368e-03
2.32829473e-02 3.10538072e-02 1.13790619e-03
2.36411380e-02 3.22319902e-02 1.07648545e-03
2.39993283e-02 2.96892145e-02 1.09274727e-03
2.43575182e-02 2.76150566e-02 1.07225424e-03
2.47157077e-02 3.03344608e-02 1.10024312e-03
2.50738968e-02 3.04003588e-02 1.02081049e-03
2.54320855e-02 2.97746976e-02 9.90928927e-04
2.57902738e-02 2.82846225e-02 1.01602410e-03
2.61484617e-02 2.83622728e-02 9.78430337e-04
2.65066491e-02 2.99782962e-02 9.50254782e-04
2.68648361e-02 2.81392864e-02 9.03033830e-04
2.72230226e-02 2.79707086e-02 9.43333366e-04
2.75812087e-02 2.72928036e-02 9.72391176e-04
2.79393943e-02 2.78430430e-02 9.37693308e-04
2.82975795e-02 2.85724785e-02 9.70251934e-04
2.86557642e-02 2.86695314e-02 1.00140509e-03
2.90139485e-02 2.77792313e-02 9.82121814e-04
2.93721323e-02 2.56718739e-02 9.34761684e-04
2.97303155e-02 2.56588388e-02 9.78650136e-04
3.00884983e-02 2.71652471e-02 9.34874127e-04
3.04466806e-02 2.51690167e-02 9.21410319e-04
3.08048624e-02 2.59504710e-02 9.24535388e-04
3.11630437e-02 2.47973363e-02 9.33652138e-04
3.15212245e-02 2.37210965e-02 8.97835847e-04
3.18794048e-02 2.52305744e-02 9.10323436e-04
3.22375845e-02 2.53759208e-02 8.88140269e-04
3.25957637e-02 2.46825635e-02 9.27513469e-04
3.29539424e-02 2.45767494e-02 8.74470626e-04
3.33121205e-02 2.42542974e-02 8.40828238e-04
3.36702981e-02 2.38765996e-02 9.11481872e-04
3.40284751e-02 2.45607916e-02 9.41865587e-04
3.43866516e-02 2.61027593e-02 9.46787094e-04
3.47448275e-02 2.33587152e-02 9.04686390e-04
3.51030028e-02 2.24028112e-02 8.27540241e-04
3.54611775e-02 2.35296410e-02 8.78079811e-04
3.58193517e-02 2.24581644e-02 8.15430549e-04
3.61775253e-02 2.29472029e-02 8.51652985e-04
3.65356983e-02 2.16044120e-02 8.51783045e-04
3.68938706e-02 2.17994879e-02 8.01085421e-04
3.72520424e-02 2.21250464e-02 8.03607692e-04
3.76102136e-02 2.31355857e-02 8.14123191e-04
3.79683841e-02 2.14712474e-02 7.83361726e-04
3.83265540e-02 2.05479864e-02 7.90222897e-04
3.86847233e-02 2.08886887e-02 7.78613180e-04
3.90428920e-02 2.13046482e-02 8.09947103e-04
3.94010600e-02 2.07049826e-02 7.70218904e-04
3.97592273e-02 1.99569734e-02 7.76949326e-04
4.01173941e-02 1.94906509e-02 7.62295284e-04
4.04755601e-02 2.03135237e-02 7.73502152e-04
4.08337255e-02 1.93002704e-02 7.54961709e-04
4.11918902e-02 1.76035044e-02 7.18713331e-04
4.15500542e-02 1.86851054e-02 7.45770108e-04
4.19082176e-02 1.94344366e-02 7.40976725e-04
4.22663802e-02 1.90451050e-02 7.48667839e-04
4.26245422e-02 1.77329280e-02 7.39510763e-04
4.29827034e-02 1.68232685e-02 7.53001322e-04
4.33408640e-02 1.70241866e-02 7.38868729e-04
4.36990238e-02 1.71559683e-02 7.48132856e-04
4.40571830e-02 1.67479291e-02 7.23952527e-04
4.44153414e-02 1.76274712e-02 7.56178300e-04
4.47734990e-02 1.53919511e-02 7.17838584e-04
4.51316560e-02 1.61899759e-02 7.35043457e-04
4.54898122e-02 1.69517546e-02 7.27490461e-04
4.58479676e-02 1.52342853e-02 7.32747361e-04
4.62061223e-02 1.49097273e-02 7.02345301e-04
4.65642762e-02 1.61173065e-02 7.26613732e-04
4.69224294e-02 1.57814843e-02 7.03773854e-04
4.72805818e-02 1.63662785e-02 7.00406140e-04
4.76387334e-02 1.56914235e-02 6.95353079e-04
4.79968842e-02 1.40194657e-02 6.62401112e-04
4.83550342e-02 1.54232051e-02 6.89325450e-04
4.87131835e-02 1.43437098e-02 6.68423373e-04
4.90713319e-02 1.38845406e-02 6.65985808e-04
4.94294795e-02 1.39666550e-02 6.91882216e-04
4.97876264e-02 1.30903347e-02 6.61235661e-04
5.01457724e-02 1.25824270e-02 6.48804731e-04
5.05039175e-02 1.27441012e-02 6.56704376e-04
5.08620619e-02 1.24255736e-02 6.33464629e-04
5.12202054e-02 1.29006956e-02 6.61932413e-04
5.15783481e-02 1.26650570e-02 6.40537250e-04
5.19364899e-02 1.22419692e-02 6.43678542e-04
5.22946308e-02 1.09263105e-02 6.34906905e-04
5.26527709e-02 1.20127625e-02 6.17959505e-04
5.30109102e-02 1.08097951e-02 6.20487119e-04
5.33690485e-02 1.15978748e-02 6.03306538e-04
5.37271860e-02 1.15715714e-02 6.13756334e-04
5.40853226e-02 1.08692207e-02 6.19270597e-04
5.44434583e-02 1.01008423e-02 6.15564076e-04
5.48015932e-02 1.00921524e-02 6.22913874e-04
5.51597271e-02 1.11716620e-02 6.17110231e-04
5.55178601e-02 1.14576779e-02 6.15647763e-04
5.58759922e-02 9.54989463e-03 5.86730692e-04
5.62341234e-02 1.01419657e-02 6.10039620e-04
5.65922536e-02 8.17625722e-03 6.00387555e-04
5.69503829e-02 9.88463739e-03 5.88394595e-04
5.73085113e-02 9.12200899e-03 5.91455174e-04
5.76666388e-02 9.69808256e-03 5.64935013e-04
5.80247653e-02 9.45664379e-03 5.97524500e-04
5.83828908e-02 9.39380306e-03 5.95098092e-04
5.87410154e-02 9.83203744e-03 5.78453859e-04
5.90991390e-02 8.87775016e-03 5.56851895e-04
5.94572616e-02 8.69500668e-03 5.71653886e-04
5.98153833e-02 8.16908179e-03 5.51864647e-04
6.01735040e-02 8.45603337e-03 5.72572443e-04
6.05316237e-02 7.75946100e-03 5.67727104e-04
6.08897424e-02 7.10026767e-03 5.49831283e-04
6.12478600e-02 6.54117681e-03 5.64853674e-04
6.16059767e-02 7.63760264e-03 5.49169706e-04
6.19640924e-02 6.69728547e-03 5.62550693e-04
6.23222071e-02 6.57485389e-03 5.43532623e-04
6.26803207e-02 6.99314018e-03 5.63433882e-04
6.30384333e-02 6.57663428e-03 5.46613372e-04
6.33965448e-02 7.13179245e-03 5.40373776e-04
6.37546554e-02 7.34103872e-03 5.20449196e-04
6.41127648e-02 6.09695365e-03 5.42195602e-04
6.44708732e-02 7.00290148e-03 5.24187561e-04
6.48289806e-02 5.39492041e-03 5.14878881e-04
6.51870869e-02 6.68748787e-03 5.39242941e-04
6.55451921e-02 5.29865607e-03 5.13349922e-04
6.59032962e-02 5.79489965e-03 5.24363904e-04
6.62613993e-02 5.89956186e-03 5.11685516e-04
6.66195012e-02 5.52307549e-03 5.32840764e-04
6.69776021e-02 5.43776406e-03 5.19954839e-04
6.73357019e-02 6.00760148e-03 5.07825332e-04
6.76938005e-02 5.35007038e-03 5.02511135e-04
6.80518981e-02 5.36435784e-03 5.12464528e-04
6.84099945e-02 5.34445096e-03 5.12812208e-04
6.87680898e-02 4.28134611e-03 4.92506867e-04
6.91261840e-02 4.84862300e-03 4.99743463e-04
6.94842770e-02 4.24409972e-03 4.86985928e-04
6.98423689e-02 4.45701032e-03 4.73088128e-04
7.02004596e-02 4.53123479e-03 4.81172034e-04
7.05585492e-02 3.91756743e-03 4.96215683e-04
7.09166377e-02 4.40518663e-03 4.87696084e-04
7.12747249e-02 3.84432522e-03 5.01611474e-04
7.16328110e-02 4.27750810e-03 4.89340571e-04
7.19908959e-02 4.46167275e-03 4.88178198e-04
7.23489796e-02 3.50552822e-03 4.93895443e-04
7.27070622e-02 4.52284510e-03 4.73635487e-04
7.30651435e-02 3.48745674e-03 4.86870657e-04
7.34232237e-02 4.14601337e-03 4.90443266e-04
7.37813026e-02 3.28061877e-03 4.86094014e-04
7.41393803e-02 3.86261913e-03 4.98377649e-04
7.44974568e-02 3.11401983e-03 4.67263880e-04
7.48555321e-02 2.98597566e-03 4.66703599e-04
7.52136061e-02 3.32367999e-03 4.63546526e-04
7.55716789e-02 3.51524142e-03 4.60887863e-04
7.59297505e-02 3.32483922e-03 4.57714675e-04
7.62878208e-02 3.97790583e-03 4.56672657e-04
7.66458899e-02 2.81488597e-03 4.50217958e-04
7.70039577e-02 3.08245862e-03 4.71611580e-04
7.73620242e-02 3.69290536e-03 4.59731419e-04
7.77200895e-02 2.97668992e-03 4.64665131e-04
7.80781535e-02 1.41523512e-03 4.63426991e-04
7.84362162e-02 2.17600712e-03 4.66168109e-04
7.87942776e-02 2.72447411e-03 4.56865396e-04
7.91523377e-02 3.07700026e-03 4.38742894e-04
7.95103965e-02 3.52976024e-03 4.64267376e-04
7.98684540e-02 2.95517572e-03 4.64423251e-04
8.02265102e-02 2.63539714e-03 4.48803067e-04
8.05845651e-02 2.25340051e-03 4.45686340e-04
8.09426186e-02 2.77745690e-03 4.53201423e-04
8.13006709e-02 2.45808744e-03 4.44422815e-04
8.16587217e-02 2.49237784e-03 4.59621145e-04
8.20167713e-02 2.70626681e-03 4.59272940e-04
8.23748195e-02 1.72507892e-03 4.40193133e-04
8.27328663e-02 1.35863281e-03 4.44432861e-04
8.30909118e-02 2.01249330e-03 4.48584086e-04
8.34489559e-02 1.94307243e-03 4.28327789e-04
8.38069986e-02 2.33431522e-03 4.31176107e-04
8.41650400e-02 1.97637735e-03 4.32366331e-04
8.45230800e-02 2.33591412e-03 4.32628084e-04
8.48811185e-02 2.10056813e-03 4.39657779e-04
8.52391557e-02 1.19617311e-03 4.41264222e-04
8.55971915e-02 2.24808892e-03 4.49459772e-04
8.59552259e-02 2.43699425e-03 4.37984052e-04
8.63132589e-02 9.91556545e-04 4.43084695e-04
8.66712904e-02 1.48311532e-03 4.40948965e-04
8.70293205e-02 8.53430597e-04 4.49224257e-04
8.73873492e-02 1.34519562e-03 4.40196257e-04
8.77453765e-02 1.15737883e-03 4.29802676e-04
8.81034023e-02 1.26127259e-03 4.20973254e-04
8.84614267e-02 1.88317011e-03 4.32497629e-04
8.88194496e-02 1.12469045e-03 4.30189504e-04
8.91774710e-02 1.10869060e-03 4.07480462e-04
8.95354910e-02 1.00651751e-03 4.26710071e-04
8.98935095e-02 1.36469180e-03 4.30730678e-04
9.02515266e-02 1.22097473e-03 4.30347265e-04
9.06095421e-02 1.22209822e-03 4.33824410e-04
9.09675562e-02 1.47060441e-03 4.40900344e-04
9.13255687e-02 7.66270791e-04 4.31498825e-04
9.16835798e-02 1.69277118e-03 4.28040564e-04
9.20415894e-02 1.06967544e-03 4.16337583e-04
9.23995974e-02 1.06713603e-03 4.28950976e-04
9.27576039e-02 1.03996847e-03 4.31291250e-04
9.31156089e-02 2.38971534e-03 4.14648406e-04
9.34736124e-02 2.03150394e-03 4.33241888e-04
9.38316143e-02 1.71645066e-03 4.14433348e-04
9.41896147e-02 1.50865496e-03 4.31171801e-04
9.45476136e-02 1.20914794e-03 4.23729654e-04
9.49056108e-02 4.97904862e-04 4.10069426e-04
9.52636066e-02 1.06731616e-03 4.13141235e-04
9.56216007e-02 7.69889649e-04 4.04698365e-04
9.59795933e-02 7.34537611e-04 4.03734587e-04
9.63375843e-02 8.14618893e-04 4.13828500e-04
9.66955738e-02 6.93481022e-04 4.09964720e-04
9.70535616e-02 1.00717709e-03 4.10510136e-04
9.74115478e-02 4.25371385e-04 4.13675499e-04
9.77695325e-02 9.79192455e-04 4.10862809e-04
9.81275155e-02 1.12194134e-03 3.96824443e-04
9.84854969e-02 5.23352601e-04 4.11069462e-04
9.88434768e-02 1.18332242e-03 4.04077959e-04
9.92014549e-02 9.30425190e-04 4.07163696e-04
9.95594315e-02 1.00947875e-03 3.92142370e-04
9.99174064e-02 8.39399926e-04 3.94908931e-04
1.00275380e-01 1.37940584e-03 3.94797317e-04
1.00633351e-01 1.00159009e-03 3.95537306e-04
1.00991321e-01 1.32310083e-03 4.13067784e-04
1.01349290e-01 1.23069379e-03 3.98576595e-04
1.01707256e-01 7.60164522e-04 3.85781850e-04
1.02065221e-01 9.58878407e-04 3.79164697e-04
1.02423184e-01 1.41694701e-03 3.97341061e-04
1.02781146e-01 8.96279483e-04 3.99287052e-04
1.03139106e-01 -4.23873656e-05 4.01076762e-04
1.03497064e-01 6.63669333e-04 3.87845488e-04
1.03855021e-01 1.15295480e-03 3.94684190e-04
1.04212976e-01 1.09179721e-03 4.02040355e-04
1.04570929e-01 1.07111939e-03 3.82820320e-04
1.04928880e-01 5.30517285e-04 3.97207321e-04
1.05286830e-01 7.57286361e-04 3.99039743e-04
1.05644778e-01 5.38758705e-04 3.94778773e-04
1.06002724e-01 2.31959346e-04 3.96108867e-04
1.06360668e-01 3.89085700e-04 3.89536685e-04
1.06718611e-01 3.98755048e-04 4.00832316e-04
1.07076552e-01 9.06948312e-04 4.14842895e-04
1.07434491e-01 8.25487923e-04 4.05217196e-04
1.07792429e-01 1.19063225e-03 3.77259278e-04
1.08150364e-01 1.23469511e-03 3.83964067e-04
1.08508298e-01 -9.16866608e-05 3.83158576e-04
1.08866230e-01 1.38351349e-03 4.10241734e-04
1.09224160e-01 9.52807212e-04 4.04178885e-04
1.09582089e-01 8.98470895e-04 3.99336618e-04
1.09940016e-01 1.08930446e-03 3.94701210e-04
1.10297941e-01 6.54778566e-04 4.01144597e-04
1.10655864e-01 2.25451797e-04 3.90065742e-04
1.11013785e-01 6.37539718e-04 3.84673017e-04
1.11371704e-01 1.37811126e-03 3.93441441e-04
1.11729622e-01 8.22785318e-04 3.90138144e-04
1.12087538e-01 9.12064452e-04 3.81677997e-04
1.12445452e-01 8.53546381e-04 3.91000499e-04
1.12803364e-01 1.05551063e-03 3.75218828e-04
1.13161274e-01 1.07620824e-04 3.91616206e-04
1.13519182e-01 4.92933379e-04 3.90539010e-04
1.13877089e-01 7.71384417e-04 3.80097483e-04
1.14234994e-01 1.02684676e-03 3.90078802e-04
1.14592896e-01 1.31929371e-03 3.74322753e-04
1.14950797e-01 9.99123689e-04 3.79196905e-04
1.15308696e-01 1.10731845e-03 3.75152605e-04
1.15666593e-01 9.16071015e-04 3.76958675e-04
1.16024488e-01 8.40426052e-04 3.74749058e-04
1.16382382e-01 7.79082632e-04 3.66087751e-04
1.16740273e-01 4.47039127e-04 3.54649935e-04
1.17098163e-01 7.39517979e-04 3.64695977e-04
1.17456050e-01 1.01150851e-03 3.71699727e-04
1.17813936e-01 7.22216976e-04 3.75497300e-04
1.18171819e-01 1.94104829e-04 3.72676722e-04
1.18529701e-01 1.14865936e-04 3.73906452e-04
1.18887581e-01 4.42467149e-04 3.70404048e-04
1.19245459e-01 1.22536848e-03 3.88156202e-04
1.19603335e-01 2.67920484e-04 3.75933266e-04
1.19961208e-01 6.42964148e-04 3.78098350e-04
1.20319080e-01 3.11282205e-05 3.79045037e-04
1.20676950e-01 5.11255659e-04 3.76962580e-04
1.21034818e-01 3.07840199e-04 3.81973502e-04
1.21392684e-01 7.60677780e-04 3.79167470e-04
1.21750548e-01 4.41257037e-04 3.73155415e-04
1.22108410e-01 3.89971745e-05 3.86134493e-04
1.22466270e-01 1.63541997e-04 3.73400795e-04
1.22824128e-01 7.26249736e-04 3.80583638e-04
1.23181984e-01 5.09556522e-04 3.69494044e-04
1.23539838e-01 3.59992492e-04 3.72867470e-04
1.23897690e-01 7.46700465e-04 3.68942410e-04
1.24255540e-01 6.74052679e-05 3.68851478e-04
1.24613388e-01 5.64658009e-04 3.67881807e-04
1.24971233e-01 1.32189920e-03 3.60511114e-04
1.25329077e-01 3.91354647e-04 3.60654197e-04
1.25686919e-01 4.62883873e-04 3.68431470e-04
1.26044758e-01 5.88497387e-04 3.56377380e-04
1.26402596e-01 4.82048469e-04 3.66809219e-04
1.26760431e-01 4.23077716e-04 3.56627997e-04
1.27118265e-01 7.45603424e-05 3.58826004e-04
1.27476096e-01 4.77394092e-05 3.62485050e-04
1.27833925e-01 9.11554341e-05 3.58845007e-04
1.28191752e-01 4.52186764e-04 3.62046468e-04
1.28549577e-01 9.19610271e-04 3.55434365e-04
1.28907400e-01 3.26506185e-04 3.54933477e-04
1.29265221e-01 2.91787449e-04 3.39369129e-04
1.29623040e-01 7.90039158e-04 3.60153616e-04
1.29980856e-01 1.18782011e-03 3.51650518e-04
1.30338670e-01 -2.93060942e-04 3.47555540e-04
1.30696483e-01 4.40039827e-04 3.50333010e-04
1.31054293e-01 7.96505576e-04 3.46177617e-04
1.31412101e-01 2.71452662e-05 3.43303612e-04
1.31769906e-01 4.46526687e-04 3.46645401e-04
1.32127710e-01 3.68460724e-04 3.51145823e-04
1.32485511e-01 1.57304566e-04 3.47461581e-04
1.32843311e-01 6.38384386e-04 3.46695035e-04
1.33201108e-01 1.06294685e-03 3.41143176e-04
1.33558903e-01 6.59300237e-04 3.50702314e-04
1.33916695e-01 -3.88044287e-07 3.39816624e-04
1.34274486e-01 5.50170638e-04 3.38632877e-04
1.34632274e-01 7.46354322e-04 3.48451134e-04
1.34990060e-01 3.64315358e-04 3.43362964e-04
1.35347844e-01 5.77057270e-04 3.41584515e-04
1.35705626e-01 8.66458888e-04 3.26588793e-04
1.36063405e-01 2.53173207e-04 3.33417816e-04
1.36421182e-01 1.96604396e-04 3.33414814e-04
1.36778957e-01 6.35854783e-04 3.36149941e-04
1.37136730e-01 1.25398328e-04 3.28658089e-04
1.37494500e-01 2.51501203e-04 3.33257056e-04
1.37852269e-01 -9.42321259e-05 3.34125824e-04
1.38210034e-01 1.22941978e-03 3.35477662e-04
1.38567798e-01 1.37518880e-04 3.23319926e-04
1.38925559e-01 -3.48814873e-04 3.24913322e-04
1.39283319e-01 -3.80762831e-04 3.24058243e-04
1.39641075e-01 3.93277536e-04 3.29929236e-04
1.39998830e-01 3.04925805e-04 3.32524755e-04
1.40356582e-01 -5.52752777e-05 3.33844983e-04
1.40714332e-01 2.83630362e-04 3.32646179e-04
1.41072080e-01 -2.31930881e-04 3.25507151e-04
1.41429825e-01 3.35642958e-04 3.26594422e-04
1.41787568e-01 3.45150757e-04 3.31548270e-04
1.42145308e-01 1.52520281e-04 3.24176091e-04
1.42503047e-01 6.80527430e-05 3.26203553e-04
1.42860783e-01 4.51727624e-04 3.30734853e-04
1.43218516e-01 6.31125328e-05 3.22769123e-04
1.43576247e-01 7.99574935e-04 3.33228779e-04
1.43933976e-01 4.34184194e-04 3.29898989e-04
1.44291703e-01 7.23651288e-04 3.28770359e-04
1.44649427e-01 -3.93416798e-05 3.20304090e-04
1.45007149e-01 2.68509403e-04 3.15212102e-04
1.45364868e-01 -2.21786758e-05 3.16385222e-04
1.45722585e-01 3.99861849e-04 3.21026848e-04
1.46080300e-01 2.35445157e-04 3.23683339e-04
1.46438012e-01 5.34203334e-04 3.26019762e-04
1.46795722e-01 5.28977237e-04 3.19779117e-04
1.47153429e-01 3.89343730e-04 3.29055320e-04
1.47511134e-01 1.28869825e-04 3.16838617e-04
1.47868837e-01 6.63709060e-04 3.17648332e-04
1.48226537e-01 -8.52183234e-06 3.18489650e-04
1.48584235e-01 1.77744482e-04 3.18370101e-04
1.48941930e-01 4.23605900e-04 3.15097464e-04
1.49299623e-01 1.79246951e-04 3.18454469e-04
1.49657313e-01 5.41532099e-04 3.28227057e-04
1.50015001e-01 6.30080980e-04 3.17412623e-04
1.50372687e-01 7.82610125e-05 3.11407735e-04
1.50730370e-01 3.59988428e-04 3.15978513e-04
1.51088050e-01 -3.10828420e-05 3.05500329e-04
1.51445728e-01 2.64979228e-04 3.09765573e-04
1.51803404e-01 5.14056418e-05 3.11092271e-04
1.52161077e-01 3.59063809e-04 3.11400510e-04
1.52518747e-01 7.02608390e-04 3.06134889e-04
1.52876416e-01 3.73723210e-04 3.07520530e-04
1.53234081e-01 9.59616390e-05 3.14921115e-04
1.53591744e-01 -2.23983147e-04 3.15146806e-04
1.53949405e-01 3.22926110e-04 3.07342322e-04
1.54307063e-01 -3.04699291e-04 3.03171288e-04
1.54664718e-01 6.61838132e-04 3.10601914e-04
1.55022371e-01 -1.41413229e-04 3.04907176e-04
1.55380021e-01 1.26366031e-04 3.04301525e-04
1.55737669e-01 1.69441753e-04 3.07651042e-04
1.56095314e-01 7.41146544e-04 3.09583764e-04
1.56452957e-01 -2.08528157e-05 3.06489097e-04
1.56810597e-01 1.75296667e-05 3.14717388e-04
1.57168235e-01 7.04177129e-04 3.03309679e-04
1.57525870e-01 1.94896169e-05 3.03810566e-04
1.57883502e-01 3.77516248e-04 3.06426088e-04
1.58241132e-01 -1.78219941e-04 3.01196776e-04
1.58598759e-01 3.62429293e-04 2.98878952e-04
1.58956384e-01 2.78138077e-04 3.08256141e-04
1.59314006e-01 1.20388327e-04 2.96401862e-04
1.59671625e-01 -4.11184102e-04 3.00534972e-04
1.60029242e-01 -4.15182115e-04 2.96827872e-04
1.60386856e-01 2.22087656e-05 2.97752920e-04
1.60744468e-01 -2.13942806e-04 2.99407174e-04
1.61102076e-01 4.65737636e-05 3.02213183e-04
1.61459683e-01 5.83664176e-04 2.97217185e-04
1.61817286e-01 1.98411850e-04 2.97608809e-04
1.62174887e-01 -1.31255524e-04 2.92691683e-04
1.62532485e-01 6.12696623e-04 2.97516623e-04
1.62890081e-01 4.10000391e-04 2.99323870e-04
1.63247674e-01 -2.13572264e-04 3.02000633e-04
1.63605264e-01 5.40077080e-04 2.99780254e-04
1.63962852e-01 2.57353949e-04 2.97664438e-04
1.64320437e-01 -1.33739861e-04 2.96972257e-04
1.64678019e-01 6.45923653e-04 3.03253339e-04
1.65035598e-01 -1.77954290e-04 3.00592455e-04
1.65393175e-01 7.09859690e-05 3.01809583e-04
1.65750749e-01 1.90835468e-04 2.95846697e-04
1.66108320e-01 1.85923263e-04 2.99286549e-04
1.66465889e-01 5.38449591e-05 2.96050460e-04
1.66823455e-01 -1.24401326e-04 2.90944680e-04
1.67181018e-01 -1.14254636e-05 2.97196813e-04
1.67538578e-01 3.65522603e-04 2.97249185e-04
1.67896136e-01 3.60416484e-04 2.94000771e-04
1.68253691e-01 4.89158941e-04 2.90199612e-04
1.68611243e-01 6.69715616e-04 2.90085556e-04
1.68968792e-01 -1.84633315e-04 2.90223328e-04
1.69326339e-01 6.23674607e-06 2.92452826e-04
1.69683883e-01 -3.42470744e-04 2.82203360e-04
1.70041424e-01 -2.84661779e-04 2.84862151e-04
1.70398962e-01 3.88700160e-05 2.85800166e-04
1.70756497e-01 9.56744236e-06 2.88012351e-04
1.71114030e-01 -1.95570680e-04 2.81092604e-04
1.71471560e-01 -3.35320097e-04 2.88038037e-04
1.71829087e-01 1.88118369e-04 2.89240560e-04
1.72186611e-01 5.11393360e-04 2.91703783e-04
1.72544132e-01 -1.90102862e-04 2.82782488e-04
1.72901651e-01 -4.00148084e-04 2.81045055e-04
1.73259167e-01 7.38535212e-05 2.87856395e-04
1.73616679e-01 -6.19579242e-04 2.83782975e-04
1.73974189e-01 1.39284078e-04 2.87041295e-04
1.74331697e-01 7.89431605e-06 2.78853753e-04
1.74689201e-01 -5.30067230e-04 2.75229825e-04
1.75046702e-01 6.40602088e-05 2.87276959e-04
1.75404201e-01 3.88125960e-06 2.83715564e-04
1.75761697e-01 -3.39932139e-04 2.79075933e-04
1.76119189e-01 -2.11431418e-05 2.83695489e-04
1.76476679e-01 3.98620950e-04 2.79377077e-04
1.76834166e-01 3.51762190e-05 2.84667157e-04
1.77191650e-01 1.52951969e-04 2.83358554e-04
1.77549132e-01 6.41773584e-04 2.75616303e-04
1.77906610e-01 3.63268553e-04 2.76928020e-04
1.78264085e-01 -4.29688626e-04 2.70554992e-04
1.78621558e-01 1.58882542e-04 2.83531015e-04
1.78979027e-01 4.81393410e-04 2.86711656e-04
1.79336494e-01 -8.88174471e-05 2.74794098e-04
1.79693958e-01 1.20342794e-04 2.79927765e-04
1.80051418e-01 1.83808800e-04 2.79546344e-04
1.80408876e-01 1.28958792e-04 2.77749542e-04
1.80766331e-01 6.85184203e-05 2.78736224e-04
1.81123783e-01 3.10245273e-04 2.77148604e-04
1.81481232e-01 3.55927240e-04 2.88753353e-04
1.81838677e-01 2.58714898e-04 2.82387998e-04
1.82196120e-01 -7.87759693e-06 2.82230507e-04
1.82553560e-01 1.13160685e-05 2.81592893e-04
1.82910997e-01 -3.96728039e-04 2.82515003e-04
1.83268431e-01 -3.54282190e-05 2.84646673e-04
1.83625862e-01 1.50900197e-04 2.80857109e-04
1.83983290e-01 -1.56029834e-04 2.89491178e-04
1.84340715e-01 -2.47046136e-05 2.83722838e-04
1.84698137e-01 3.89040473e-04 2.79365214e-04
1.85055556e-01 -1.98025625e-04 2.89546826e-04
1.85412971e-01 -3.70825935e-05 2.83293021e-04
1.85770384e-01 3.27990979e-04 2.85660676e-04
1.86127794e-01 1.65356041e-04 2.81369092e-04
1.86485200e-01 3.59446176e-04 2.78268120e-04
1.86842604e-01 3.03593437e-04 2.82730235e-04
1.87200005e-01 -1.01133600e-04 2.75397048e-04
1.87557402e-01 3.33591030e-05 2.74959314e-04
1.87914797e-01 4.28464766e-04 2.74351338e-04
1.88272188e-01 -2.52494174e-04 2.69710259e-04
1.88629576e-01 1.86508973e-04 2.76394184e-04
1.88986961e-01 -2.03126549e-04 2.72380341e-04
1.89344343e-01 2.40982925e-04 2.75780635e-04
1.89701722e-01 1.10349384e-04 2.73626553e-04
1.90059098e-01 -2.70746652e-05 2.72862409e-04
1.90416471e-01 -4.33292102e-04 2.74780105e-04
1.90773840e-01 -5.22063098e-05 2.73804522e-04
1.91131207e-01 4.81338469e-04 2.73670723e-04
1.91488570e-01 6.24035806e-04 2.71498427e-04
1.91845930e-01 -4.90520320e-04 2.75852246e-04
1.92203287e-01 2.85471346e-04 2.70445627e-04
1.92560641e-01 1.07478127e-04 2.71655514e-04
1.92917992e-01 -5.07083046e-06 2.70087978e-04
1.93275340e-01 -1.65899180e-05 2.64497708e-04
1.93632684e-01 -4.74269032e-04 2.68772351e-04
1.93990025e-01 -5.31262179e-05 2.68093169e-04
1.94347363e-01 -1.61137976e-04 2.72321890e-04
1.94704698e-01 -1.24081737e-04 2.67875275e-04
1.95062030e-01 3.05064865e-04 2.74853832e-04
1.95419358e-01 -1.22188516e-04 2.69902583e-04
1.95776684e-01 2.68748530e-04 2.69681094e-04
1.96134006e-01 -6.77551127e-05 2.68658842e-04
1.96491324e-01 -2.25525596e-04 2.72090114e-04
1.96848640e-01 2.28545925e-04 2.67700755e-04
1.97205953e-01 3.70938150e-04 2.75974183e-04
1.97563262e-01 -9.76822757e-05 2.71323640e-04
1.97920568e-01 2.54381800e-05 2.69518997e-04
1.98277870e-01 -1.21231265e-05 2.71594162e-04
1.98635170e-01 3.80020211e-04 2.76116460e-04
1.98992466e-01 9.98479992e-05 2.73042200e-04
1.99349759e-01 3.24353013e-04 2.73498853e-04
1.99707049e-01 2.32386211e-04 2.71340063e-04
2.00064335e-01 -1.22358290e-04 2.67734912e-04
2.00421618e-01 3.34956819e-04 2.71519009e-04
2.00778898e-01 1.04287577e-04 2.69542511e-04
2.01136174e-01 4.76007435e-05 2.66949617e-04
2.01493448e-01 -4.41039357e-04 2.65003336e-04
2.01850718e-01 -3.97463433e-04 2.59013989e-04
2.02207984e-01 8.20626138e-05 2.60186354e-04
2.02565248e-01 -3.27738119e-05 2.58723669e-04
2.02922508e-01 3.07728951e-04 2.58509919e-04
2.03279764e-01 4.38930314e-04 2.62725246e-04
2.03637018e-01 3.34442091e-04 2.60277837e-04
2.03994268e-01 -2.33016969e-04 2.67855740e-04
2.04351514e-01 1.86266730e-04 2.61445851e-04
2.04708758e-01 -2.66089738e-05 2.57106428e-04
2.05065998e-01 -1.62221302e-04 2.54204049e-04
2.05423234e-01 -3.12349049e-04 2.60607409e-04
2.05780467e-01 -3.59825890e-04 2.58844352e-04
2.06137697e-01 1.90956999e-04 2.57292229e-04
2.06494924e-01 3.09936480e-04 2.61216052e-04
2.06852147e-01 3.35614085e-04 2.55474554e-04
2.07209367e-01 8.32864117e-05 2.57049348e-04
2.07566583e-01 1.46209901e-05 2.55491894e-04
2.07923796e-01 4.89913052e-05 2.56160269e-04
2.08281005e-01 4.34540283e-05 2.59784127e-04
2.08638211e-01 -2.22590206e-04 2.53129647e-04
2.08995414e-01 -1.87090262e-04 2.54030261e-04
2.09352613e-01 -3.14561670e-04 2.56502300e-04
2.09709809e-01 3.38711687e-04 2.56564463e-04
2.10067002e-01 1.89741650e-04 2.51012076e-04
2.10424191e-01 -1.36536071e-06 2.60004039e-04
2.10781376e-01 -1.04476353e-04 2.52473396e-04
2.11138558e-01 -6.06021170e-05 2.50167391e-04
2.11495737e-01 4.09422233e-04 2.48391059e-04
2.11852912e-01 -1.15939079e-04 2.48475972e-04
2.12210084e-01 -2.73504653e-04 2.49283161e-04
2.12567252e-01 -2.67255794e-04 2.50416377e-04
2.12924416e-01 -1.88441103e-04 2.49868013e-04
2.13281578e-01 3.49476634e-04 2.56354899e-04
2.13638735e-01 -6.31262400e-05 2.43226328e-04
2.13995890e-01 -4.69219991e-05 2.50129510e-04
2.14353040e-01 -3.01307341e-04 2.48598721e-04
2.14710188e-01 -2.45752125e-04 2.46993155e-04
2.15067331e-01 5.60070591e-05 2.48161148e-04
2.15424471e-01 2.10440568e-05 2.51680000e-04
2.15781608e-01 3.75456310e-04 2.48016654e-04
2.16138741e-01 4.12114773e-04 2.48411649e-04
2.16495871e-01 5.90466681e-05 2.45688331e-04
2.16852997e-01 -5.41276416e-05 2.52135570e-04
2.17210119e-01 -1.95316788e-04 2.45783075e-04
2.17567238e-01 -2.54483994e-04 2.43962407e-04
2.17924354e-01 -2.43180884e-04 2.47670941e-04
2.18281465e-01 1.79528737e-05 2.47933390e-04
2.18638574e-01 3.32094523e-04 2.42371632e-04
2.18995678e-01 -5.23960147e-05 2.45291859e-04
2.19352779e-01 -1.84997781e-04 2.41504299e-04
2.19709877e-01 2.25265275e-04 2.42689082e-04
2.20066971e-01 1.78066788e-04 2.39134850e-04
2.20424061e-01 2.57637780e-04 2.35660691e-04
2.20781147e-01 4.01586474e-05 2.39783617e-04
2.21138230e-01 3.48290526e-04 2.37201747e-04
2.21495310e-01 5.34401793e-05 2.39276183e-04
2.21852386e-01 -3.43348983e-04 2.44978963e-04
2.22209458e-01 9.33930968e-06 2.40571960e-04
2.22566526e-01 2.16868440e-04 2.42868176e-04
2.22923591e-01 4.68697930e-04 2.41746890e-04
2.23280652e-01 2.87984591e-04 2.39276925e-04
2.23637710e-01 1.23081824e-04 2.39799440e-04
2.23994764e-01 3.67258612e-04 2.36892780e-04
2.24351814e-01 -1.57625584e-04 2.39386097e-04
2.24708861e-01 -2.00912062e-04 2.37860799e-04
2.25065904e-01 3.15550027e-04 2.40288530e-04
2.25422943e-01 8.37011861e-05 2.38933945e-04
2.25779978e-01 -8.86167298e-05 2.38238766e-04
2.26137010e-01 -7.38639637e-05 2.41407590e-04
2.26494038e-01 2.00927284e-04 2.39020054e-04
2.26851063e-01 4.61114015e-04 2.40770887e-04
2.27208083e-01 5.17796375e-04 2.35579305e-04
2.27565100e-01 -1.18229408e-06 2.34865235e-04
2.27922114e-01 1.40144373e-04 2.39644266e-04
2.28279123e-01 2.27287578e-04 2.35434591e-04
2.28636129e-01 5.44606582e-04 2.32964833e-04
2.28993131e-01 3.53569296e-04 2.34894901e-04
2.29350129e-01 -5.53816634e-05 2.35177343e-04
2.29707124e-01 -8.63618608e-05 2.35702500e-04
2.30064115e-01 5.98694718e-05 2.36722445e-04
2.30421102e-01 -1.12465507e-04 2.30270148e-04
2.30778085e-01 -3.69413517e-04 2.30879769e-04
2.31135064e-01 1.38725670e-04 2.31774487e-04
2.31492040e-01 -1.82317377e-05 2.35289374e-04
2.31849012e-01 1.15158887e-05 2.33397060e-04
2.32205980e-01 2.21848133e-04 2.28908777e-04
2.32562944e-01 1.22819984e-04 2.30074618e-04
2.32919905e-01 -1.71733483e-04 2.31829060e-04
2.33276862e-01 -1.84941326e-04 2.30320249e-04
2.33633814e-01 2.87900173e-04 2.33443229e-04
2.33990763e-01 -1.91173312e-04 2.33458717e-04
2.34347709e-01 -4.11426429e-04 2.29777550e-04
2.34704650e-01 3.69057692e-04 2.31692791e-04
2.35061588e-01 -6.50943481e-07 2.31806228e-04
2.35418521e-01 -1.07767502e-04 2.26784782e-04
2.35775451e-01 -2.11881516e-04 2.26572171e-04
2.36132377e-01 1.65196380e-04 2.29336725e-04
2.36489299e-01 3.30224541e-05 2.26139823e-04
2.36846218e-01 2.10684763e-04 2.28344575e-04
2.37203132e-01 -2.90785758e-06 2.23742089e-04
2.37560042e-01 6.86023262e-04 2.31884967e-04
2.37916949e-01 -1.32453726e-04 2.29646473e-04
2.38273852e-01 1.22440120e-04 2.21100361e-04
2.38630751e-01 1.82749168e-04 2.25684313e-04
2.38987645e-01 1.17759070e-04 2.25271039e-04
2.39344537e-01 4.34828332e-04 2.26622930e-04
2.39701424e-01 7.64466134e-05 2.25522501e-04
2.40058307e-01 -1.83537864e-04 2.22146638e-04
2.40415186e-01 2.35547068e-04 2.22174160e-04
2.40772061e-01 -3.45193168e-04 2.15573759e-04
2.41128933e-01 -1.09328840e-04 2.22766843e-04
2.41485800e-01 1.60295944e-04 2.29009220e-04
2.41842664e-01 2.67049871e-04 2.21683226e-04
2.42199523e-01 1.71527332e-04 2.27647805e-04
2.42556379e-01 1.12104426e-04 2.22237542e-04
2.42913230e-01 -1.35361255e-04 2.27879953e-04
2.43270078e-01 7.86501013e-05 2.25272881e-04
2.43626922e-01 -2.53499050e-04 2.23085479e-04
2.43983761e-01 8.01205692e-05 2.25754678e-04
2.44340597e-01 1.29362144e-05 2.20170597e-04
2.44697429e-01 6.14341080e-05 2.19372305e-04
2.45054256e-01 -1.31038678e-05 2.18583364e-04
2.45411080e-01 5.61252332e-05 2.18747606e-04
2.45767900e-01 4.19000669e-05 2.17353791e-04
2.46124715e-01 -4.93107648e-05 2.14843012e-04
2.46481527e-01 -1.40820586e-04 2.13860280e-04
2.46838334e-01 -2.78706993e-05 2.16292574e-04
2.47195138e-01 8.06550689e-05 2.16490454e-04
2.47551938e-01 -9.79601368e-05 2.15821380e-04
2.47908733e-01 -1.40452906e-04 2.20051454e-04
2.48265524e-01 -3.27095011e-05 2.15576627e-04
2.48622312e-01 2.94511696e-05 2.19016496e-04
2.48979095e-01 -7.01635626e-05 2.19576126e-04
2.49335874e-01 -8.63921764e-05 2.13659345e-04
2.49692649e-01 -1.21418543e-04 2.14850493e-04
2.50049420e-01 7.35625623e-05 2.20876073e-04
2.50406187e-01 -2.71259472e-04 2.13204606e-04
2.50762950e-01 -2.70386852e-04 2.15398328e-04
2.51119709e-01 3.77495619e-05 2.16852263e-04
2.51476464e-01 -1.75623449e-04 2.16902068e-04
2.51833214e-01 1.26817433e-04 2.14835649e-04
2.52189961e-01 1.53391979e-04 2.12330319e-04
2.52546703e-01 -6.58492827e-05 2.15178224e-04
2.52903441e-01 -9.80157405e-06 2.13876575e-04
2.53260175e-01 8.75789061e-05 2.13215612e-04
2.53616905e-01 1.59294673e-04 2.13314268e-04
2.53973631e-01 2.04823360e-04 2.12088916e-04
2.54330352e-01 2.36371787e-04 2.14516275e-04
2.54687070e-01 -9.57273746e-07 2.11903231e-04
2.55043783e-01 -3.04841678e-04 2.07914587e-04
2.55400492e-01 -2.21089968e-04 2.06760257e-04
2.55757197e-01 -2.39908962e-05 2.12425679e-04
2.56113898e-01 -4.52863114e-05 2.10964441e-04
2.56470595e-01 -3.81974486e-05 2.12818327e-04
2.56827287e-01 -7.83118804e-05 2.16345501e-04
2.57183975e-01 3.15937226e-05 2.13396545e-04
2.57540659e-01 -1.06520408e-05 2.14941159e-04
2.57897339e-01 1.45120037e-04 2.13844895e-04
2.58254014e-01 -4.91744590e-05 2.14908613e-04
2.58610686e-01 7.76271706e-05 2.15496782e-04
2.58967353e-01 -2.55886271e-04 2.15144867e-04
2.59324016e-01 2.36727124e-04 2.14209143e-04
2.59680674e-01 3.75357371e-04 2.14260091e-04
2.60037329e-01 -1.32097234e-04 2.17117441e-04
2.60393979e-01 -2.40998654e-04 2.16778867e-04
2.60750625e-01 -1.51092494e-04 2.12870223e-04
2.61107266e-01 7.70429174e-06 2.19329866e-04
2.61463904e-01 -1.96043456e-04 2.18086967e-04
2.61820537e-01 -2.06575203e-04 2.15228439e-04
2.62177166e-01 1.13257764e-04 2.13919420e-04
2.62533790e-01 -6.60169748e-06 2.14555251e-04
2.62890410e-01 -2.02542815e-04 2.11962555e-04
2.63247026e-01 9.49415782e-05 2.14902079e-04
2.63603638e-01 -1.60240089e-04 2.12400055e-04
2.63960245e-01 3.87862247e-05 2.15626716e-04
2.64316848e-01 -5.55762327e-05 2.12885268e-04
2.64673447e-01 -3.46839963e-04 2.12340847e-04
2.65030042e-01 -7.97325895e-05 2.14796036e-04
2.65386632e-01 -4.63884051e-04 2.12744462e-04
2.65743217e-01 1.30309954e-06 2.14275389e-04
2.66099799e-01 7.03935938e-06 2.14795836e-04
2.66456376e-01 2.66637015e-04 2.14050313e-04
2.66812948e-01 1.17513165e-04 2.18180041e-04
2.67169517e-01 -1.70458719e-04 2.12151770e-04
2.67526081e-01 2.00342136e-04 2.13175950e-04
2.67882640e-01 1.73778894e-04 2.18141503e-04
2.68239195e-01 1.53989163e-04 2.15645636e-04
2.68595746e-01 -5.66582418e-04 2.14788796e-04
2.68952293e-01 -1.12476957e-04 2.13092099e-04
2.69308835e-01 -6.77630728e-05 2.20732695e-04
2.69665372e-01 2.52464010e-04 2.23042289e-04
2.70021906e-01 2.36325803e-04 2.21087276e-04
2.70378435e-01 6.81919532e-05 2.20364455e-04
2.70734959e-01 1.58408893e-04 2.25380452e-04
2.71091479e-01 1.64379238e-04 2.21720276e-04
2.71447995e-01 -1.32778791e-04 2.22546408e-04
2.71804506e-01 1.06409804e-04 2.22010947e-04
2.72161012e-01 4.41590346e-05 2.23997707e-04
2.72517515e-01 -2.76919454e-05 2.17343160e-04
2.72874012e-01 7.52889275e-05 2.24070955e-04
