1.54026655e-02 -3.88414396e-03 1.66976755e-03
1.57608633e-02 -5.73009880e-03 1.54722756e-03
1.61190608e-02 -3.38710638e-03 1.46087450e-03
1.64772580e-02 -3.92203760e-03 1.37332873e-03
1.68354550e-02 -4.67627955e-03 1.37248111e-03
1.71936517e-02 -5.04534071e-03 1.34169864e-03
1.75518481e-02 -2.40801216e-03 1.29310875e-03
1.79100442e-02 -2.39232666e-03 1.28404341e-03
1.82682400e-02 -2.36609707e-03 1.26633544e-03
1.86264355e-02 -2.92272678e-03 1.18433901e-03
1.89846308e-02 -5.00084178e-03 1.13173384e-03
1.93428257e-02 -5.22730244e-04 1.09410696e-03
1.97010202e-02 -1.50042993e-03 1.05245027e-03
2.00592145e-02 -2.22625592e-03 1.09222664e-03
2.04174084e-02 -1.79508649e-03 1.12062621e-03
2.07756020e-02 -1.80689248e-03 1.04827441e-03
2.11337953e-02 -8.58381057e-04 1.04907432e-03
2.14919882e-02 -3.78440756e-04 1.00407026e-03
2.18501808e-02 -3.21032151e-03 1.02116347e-03
2.22083729e-02 4.29095726e-07 1.00929616e-03
2.25665648e-02 -1.13899090e-03 9.47841059e-04
2.29247562e-02 -1.38848951e-04 9.65876698e-04
2.32829473e-02 -8.06185294e-04 9.72509211e-04
2.36411380e-02 -4.69238479e-04 9.62655647e-04
2.39993283e-02 -2.64707322e-03 9.20952885e-04
2.43575182e-02 -1.87901766e-03 9.15586535e-04
2.47157077e-02 -1.88298869e-03 9.45425441e-04
2.50738968e-02 -1.86545877e-03 8.58663962e-04
2.54320855e-02 -2.33119011e-04 9.11694161e-04
2.57902738e-02 -7.34692973e-05 8.62559092e-04
2.61484617e-02 4.71665058e-04 8.10849854e-04
2.65066491e-02 -6.10505984e-04 8.03316680e-04
2.68648361e-02 -6.69581413e-04 7.85294735e-04
2.72230226e-02 -4.53293344e-04 8.03840148e-04
2.75812087e-02 -1.55281329e-03 8.04855274e-04
2.79393943e-02 -1.72493605e-03 8.30597634e-04
2.82975795e-02 1.37533482e-03 8.14450455e-04
2.86557642e-02 1.77445486e-04 8.45916439e-04
2.90139485e-02 -1.07560324e-03 8.09808039e-04
2.93721323e-02 -1.40550934e-03 7.94158558e-04
2.97303155e-02 -7.47314635e-04 8.24067465e-04
3.00884983e-02 -1.17038106e-03 8.08518486e-04
3.04466806e-02 1.61488880e-04 8.02637412e-04
3.08048624e-02 -8.60599396e-04 7.81141523e-04
3.11630437e-02 -7.46372731e-04 8.13375966e-04
3.15212245e-02 -1.30421382e-04 8.11406599e-04
3.18794048e-02 2.27981929e-04 7.82709109e-04
3.22375845e-02 -6.95467399e-04 8.37093477e-04
3.25957637e-02 -8.22895373e-04 7.89230145e-04
3.29539424e-02 -1.53206503e-03 8.05047363e-04
3.33121205e-02 -4.70889112e-04 7.42435642e-04
3.36702981e-02 -3.49712446e-04 7.86147882e-04
3.40284751e-02 8.41509512e-04 7.48454241e-04
3.43866516e-02 -4.93574627e-05 7.69418845e-04
3.47448275e-02 -4.85758805e-04 7.64053591e-04
3.51030028e-02 5.17276017e-04 7.37921623e-04
3.54611775e-02 -2.93964519e-04 7.65397148e-04
3.58193517e-02 -1.26783281e-03 7.49585142e-04
3.61775253e-02 -2.93634603e-04 7.21974318e-04
3.65356983e-02 6.88877000e-04 7.16155595e-04
3.68938706e-02 5.51971673e-04 7.05847626e-04
3.72520424e-02 -2.49817047e-04 6.99471802e-04
3.76102136e-02 4.88038352e-04 7.02842347e-04
3.79683841e-02 -9.48358528e-04 6.52713838e-04
3.83265540e-02 -2.29967608e-04 6.97091424e-04
3.86847233e-02 -1.56481910e-03 6.71797826e-04
3.90428920e-02 3.53662253e-04 6.90575230e-04
3.94010600e-02 1.32361830e-03 6.61840817e-04
3.97592273e-02 2.87660643e-04 6.45114694e-04
4.01173941e-02 -3.74112439e-04 6.77744613e-04
4.04755601e-02 -5.04221847e-04 6.47880431e-04
4.08337255e-02 -2.27257333e-04 6.72747511e-04
4.11918902e-02 -4.17976686e-04 6.43378451e-04
4.15500542e-02 8.93414028e-04 6.18445286e-04
4.19082176e-02 -5.31291387e-04 6.31249280e-04
4.22663802e-02 -6.41671436e-05 6.64296381e-04
4.26245422e-02 -6.17637484e-04 6.76592134e-04
4.29827034e-02 5.28333372e-04 6.34936442e-04
4.33408640e-02 -4.77390263e-05 6.98525435e-04
4.36990238e-02 3.00562600e-04 6.67477830e-04
4.40571830e-02 8.35999816e-04 6.61748723e-04
4.44153414e-02 -2.26927276e-05 6.47180489e-04
4.47734990e-02 -1.54517713e-03 6.15011654e-04
4.51316560e-02 8.76201252e-05 6.48823325e-04
4.54898122e-02 -5.73219550e-04 6.64533820e-04
4.58479676e-02 -1.90357245e-04 6.39859926e-04
4.62061223e-02 -3.62123213e-05 6.55791818e-04
4.65642762e-02 -4.72584752e-04 6.22632402e-04
4.69224294e-02 -2.21822974e-04 6.69381232e-04
4.72805818e-02 4.66746845e-05 6.43243246e-04
4.76387334e-02 -8.24930488e-04 6.71243512e-04
4.79968842e-02 3.43877394e-04 6.33279355e-04
4.83550342e-02 7.89819677e-04 6.15576131e-04
4.87131835e-02 7.40049817e-04 6.29754529e-04
4.90713319e-02 2.69479691e-04 6.06137833e-04
4.94294795e-02 -7.66753286e-04 6.08734025e-04
4.97876264e-02 3.84548882e-04 6.06914349e-04
5.01457724e-02 -9.89101084e-04 5.99954563e-04
5.05039175e-02 5.50849913e-04 5.82520603e-04
5.08620619e-02 -5.10626740e-04 5.70610174e-04
5.12202054e-02 -2.42835211e-04 5.79596816e-04
5.15783481e-02 3.24171757e-04 5.93298950e-04
5.19364899e-02 1.22538648e-03 5.70920857e-04
5.22946308e-02 1.08881501e-03 5.96157705e-04
5.26527709e-02 4.85754175e-04 6.08228658e-04
5.30109102e-02 -5.51346710e-04 5.80101715e-04
5.33690485e-02 -4.56633141e-04 5.68907631e-04
5.37271860e-02 -4.23791353e-04 5.71574310e-04
5.40853226e-02 -1.30161134e-04 5.69906417e-04
5.44434583e-02 9.65403051e-04 5.67962292e-04
5.48015932e-02 1.57587444e-04 5.45057764e-04
5.51597271e-02 -5.29542480e-04 5.37885854e-04
5.55178601e-02 -1.92309456e-04 5.73202149e-04
5.58759922e-02 -1.19756134e-04 5.61651739e-04
5.62341234e-02 -1.14448908e-04 5.80980518e-04
5.65922536e-02 4.05198808e-04 5.36391977e-04
5.69503829e-02 -1.73213312e-04 5.57141370e-04
5.73085113e-02 9.55531910e-04 5.34447476e-04
5.76666388e-02 -5.42000039e-04 5.37052801e-04
5.80247653e-02 -9.62331538e-04 5.45227352e-04
5.83828908e-02 2.03750421e-04 5.39338057e-04
5.87410154e-02 2.53288212e-04 5.47563215e-04
5.90991390e-02 5.12377566e-04 5.40612391e-04
5.94572616e-02 1.14345574e-04 5.38760442e-04
5.98153833e-02 2.19034626e-04 5.42587584e-04
6.01735040e-02 4.23710761e-04 5.11641453e-04
6.05316237e-02 1.80091574e-04 5.26226175e-04
6.08897424e-02 6.78733394e-04 5.45031922e-04
6.12478600e-02 7.62418115e-04 5.48555795e-04
6.16059767e-02 -1.66093122e-04 5.22185731e-04
6.19640924e-02 -3.14900908e-04 5.18108967e-04
6.23222071e-02 2.63835720e-05 5.00041128e-04
6.26803207e-02 6.27067616e-04 5.22173357e-04
6.30384333e-02 3.19658031e-04 5.11757661e-04
6.33965448e-02 -2.50885661e-04 4.98079525e-04
6.37546554e-02 -3.79667789e-04 5.06609680e-04
6.41127648e-02 -4.35506563e-04 5.04065426e-04
6.44708732e-02 -6.58426668e-04 5.07851044e-04
6.48289806e-02 6.78215872e-04 4.97908781e-04
6.51870869e-02 7.43832259e-04 5.06172370e-04
6.55451921e-02 -1.64406456e-04 5.11853144e-04
6.59032962e-02 5.08422611e-04 4.87797656e-04
6.62613993e-02 -8.59657464e-04 4.98829522e-04
6.66195012e-02 -3.51625602e-04 4.93208865e-04
6.69776021e-02 1.27614893e-03 4.96787412e-04
6.73357019e-02 2.03052513e-05 4.82723772e-04
6.76938005e-02 3.66018280e-04 4.72201464e-04
6.80518981e-02 -9.53276302e-04 4.73567803e-04
6.84099945e-02 3.97246765e-04 4.93676414e-04
6.87680898e-02 -6.45200639e-05 4.82501641e-04
6.91261840e-02 1.39757394e-04 4.80015710e-04
6.94842770e-02 5.51541894e-04 4.80344530e-04
6.98423689e-02 3.44658716e-04 4.73115454e-04
7.02004596e-02 4.35195681e-04 4.71053057e-04
7.05585492e-02 -6.81529826e-05 4.76102363e-04
7.09166377e-02 4.48577564e-04 4.67965936e-04
7.12747249e-02 1.88439112e-06 4.64355078e-04
7.16328110e-02 1.27749228e-04 4.82905807e-04
7.19908959e-02 1.65795263e-04 4.70549960e-04
7.23489796e-02 6.36881660e-04 4.77319825e-04
7.27070622e-02 1.28351670e-04 4.76258525e-04
7.30651435e-02 3.91417226e-04 4.67804799e-04
7.34232237e-02 -3.23788839e-04 4.53628695e-04
7.37813026e-02 -2.08757446e-04 4.69127041e-04
7.41393803e-02 9.45126694e-05 4.50114731e-04
7.44974568e-02 -1.24728484e-04 4.76214275e-04
7.48555321e-02 4.57950953e-04 4.48268915e-04
7.52136061e-02 1.73812527e-05 4.55347049e-04
7.55716789e-02 -1.41955153e-04 4.58478840e-04
7.59297505e-02 7.59321076e-04 4.72725341e-04
7.62878208e-02 -7.32840593e-05 4.68962150e-04
7.66458899e-02 2.99663099e-04 4.37189095e-04
7.70039577e-02 -6.70257019e-05 4.51796494e-04
7.73620242e-02 -1.95499852e-04 4.56563059e-04
7.77200895e-02 -1.00200276e-04 4.48807925e-04
7.80781535e-02 4.71630706e-04 4.69181624e-04
7.84362162e-02 6.71782951e-04 4.53982014e-04
7.87942776e-02 1.81841999e-04 4.53909915e-04
7.91523377e-02 -8.04470696e-05 4.55587542e-04
7.95103965e-02 2.12567999e-04 4.62375722e-04
7.98684540e-02 -1.14652119e-04 4.42003411e-04
8.02265102e-02 -8.48197542e-04 4.47306699e-04
8.05845651e-02 2.45311467e-04 4.39315544e-04
8.09426186e-02 2.50500138e-04 4.51093013e-04
8.13006709e-02 -1.45003694e-04 4.47433187e-04
8.16587217e-02 -8.12903947e-04 4.30783854e-04
8.20167713e-02 -1.03963315e-04 4.57137608e-04
8.23748195e-02 -9.08358445e-04 4.35263881e-04
8.27328663e-02 2.83981235e-04 4.24094474e-04
8.30909118e-02 -2.68646176e-04 4.31286094e-04
8.34489559e-02 2.21555265e-04 4.43534397e-04
8.38069986e-02 -5.93120671e-04 4.34889473e-04
8.41650400e-02 -1.96738119e-04 4.36088297e-04
8.45230800e-02 -2.36265715e-04 4.37132365e-04
8.48811185e-02 9.59633231e-04 4.27712954e-04
8.52391557e-02 -9.37462368e-05 4.32530936e-04
8.55971915e-02 -2.80965693e-04 4.27029652e-04
8.59552259e-02 -1.14824808e-04 4.35873489e-04
8.63132589e-02 -1.47414835e-04 4.37924250e-04
8.66712904e-02 2.60549456e-05 4.24917544e-04
8.70293205e-02 -8.93270484e-04 4.26634709e-04
8.73873492e-02 -7.23654791e-05 4.39299152e-04
8.77453765e-02 -6.85473468e-05 4.43273327e-04
8.81034023e-02 -3.90741884e-04 4.25452057e-04
8.84614267e-02 -1.17174131e-05 4.31625046e-04
8.88194496e-02 -6.86034891e-04 4.18349311e-04
8.91774710e-02 -5.32671307e-04 4.33117585e-04
8.95354910e-02 2.22804991e-04 4.30720639e-04
8.98935095e-02 -4.40325837e-04 4.09937909e-04
9.02515266e-02 -4.02951447e-04 4.12164322e-04
9.06095421e-02 -1.85966012e-04 4.41695558e-04
9.09675562e-02 3.37300206e-04 4.45904726e-04
9.13255687e-02 5.74306880e-04 4.39120074e-04
9.16835798e-02 -4.34506729e-04 4.29879687e-04
9.20415894e-02 3.58165186e-04 4.21295639e-04
9.23995974e-02 -8.36155258e-05 4.15294054e-04
9.27576039e-02 2.39197041e-04 4.27750319e-04
9.31156089e-02 -9.24196428e-04 4.20396482e-04
9.34736124e-02 1.45364725e-04 4.22267002e-04
9.38316143e-02 4.13121992e-04 4.14373440e-04
9.41896147e-02 -6.23407053e-04 4.05040002e-04
9.45476136e-02 -3.26900076e-04 4.15639463e-04
9.49056108e-02 -1.46247456e-04 4.06119413e-04
9.52636066e-02 -3.18734385e-04 4.05856817e-04
9.56216007e-02 1.13645680e-04 4.18235260e-04
9.59795933e-02 7.19555232e-04 4.03535180e-04
9.63375843e-02 -1.61097556e-04 4.06567994e-04
9.66955738e-02 9.87546503e-04 3.98223323e-04
9.70535616e-02 9.49087319e-04 4.06533085e-04
9.74115478e-02 1.38974039e-04 4.02080874e-04
9.77695325e-02 4.83294810e-04 4.04474686e-04
9.81275155e-02 -7.69025194e-04 4.18915252e-04
9.84854969e-02 -2.53455416e-04 4.05845576e-04
9.88434768e-02 -4.94435372e-04 4.02457287e-04
9.92014549e-02 5.06494003e-04 3.99733496e-04
9.95594315e-02 -1.94942096e-04 3.96452002e-04
9.99174064e-02 -4.52644029e-04 4.02993217e-04
1.00275380e-01 -1.45816699e-05 4.07159010e-04
1.00633351e-01 2.70514666e-04 4.02262871e-04
1.00991321e-01 3.31880188e-04 4.04963728e-04
1.01349290e-01 -4.57422181e-04 4.01090415e-04
1.01707256e-01 -9.75015173e-05 3.99188023e-04
1.02065221e-01 -5.80750800e-04 3.86077096e-04
1.02423184e-01 3.00593082e-04 3.83606048e-04
1.02781146e-01 3.53438697e-04 3.92210239e-04
1.03139106e-01 -4.15250257e-04 3.80181449e-04
1.03497064e-01 -9.42346845e-04 3.73522436e-04
1.03855021e-01 4.29313963e-04 4.02202920e-04
1.04212976e-01 -4.39422190e-05 3.84817810e-04
1.04570929e-01 -1.24347422e-04 3.90220833e-04
1.04928880e-01 4.85329216e-05 3.95181892e-04
1.05286830e-01 7.74899205e-04 4.07614087e-04
1.05644778e-01 4.37058300e-04 4.01359601e-04
1.06002724e-01 1.83653960e-04 3.86446339e-04
1.06360668e-01 -6.83767982e-04 4.08117503e-04
1.06718611e-01 2.91115691e-04 4.03704380e-04
1.07076552e-01 2.26669744e-04 4.00071933e-04
1.07434491e-01 -7.04899056e-05 3.97789503e-04
1.07792429e-01 -4.86865460e-04 4.03923836e-04
1.08150364e-01 7.79682932e-04 4.02444569e-04
1.08508298e-01 3.87296433e-04 3.88369722e-04
1.08866230e-01 1.34797022e-03 4.00262135e-04
1.09224160e-01 4.92196126e-04 3.95537989e-04
1.09582089e-01 9.05460490e-04 3.95118440e-04
1.09940016e-01 2.77826599e-04 3.92776942e-04
1.10297941e-01 -4.22208770e-04 3.87437671e-04
1.10655864e-01 5.18156178e-04 3.79831424e-04
1.11013785e-01 -4.06164437e-04 3.90431494e-04
1.11371704e-01 -1.27730426e-04 3.71432244e-04
1.11729622e-01 -3.44923880e-04 3.85166504e-04
1.12087538e-01 2.32525297e-04 3.96148088e-04
1.12445452e-01 -1.70696097e-04 3.78247834e-04
1.12803364e-01 2.13951032e-04 3.77011276e-04
1.13161274e-01 1.95236176e-04 3.75311524e-04
1.13519182e-01 8.84233492e-04 3.82040551e-04
1.13877089e-01 -2.13835061e-04 3.73163921e-04
1.14234994e-01 2.50890360e-06 3.78429857e-04
1.14592896e-01 3.44547566e-04 3.74405796e-04
1.14950797e-01 -1.31065111e-05 3.67554676e-04
1.15308696e-01 7.26905846e-05 3.75930121e-04
1.15666593e-01 -7.86382180e-05 3.68239325e-04
1.16024488e-01 -6.03683425e-05 3.69598925e-04
1.16382382e-01 3.22257946e-04 3.68839364e-04
1.16740273e-01 1.51899876e-04 3.69831884e-04
1.17098163e-01 3.30715869e-04 3.63851268e-04
1.17456050e-01 4.87131967e-06 3.75757487e-04
1.17813936e-01 -7.15335411e-04 3.64453331e-04
1.18171819e-01 -2.19066862e-04 3.71702188e-04
1.18529701e-01 4.50080608e-05 3.83287567e-04
1.18887581e-01 -2.86884059e-05 3.78834841e-04
1.19245459e-01 -2.53494224e-04 3.70400243e-04
1.19603335e-01 -4.13267278e-04 3.73422937e-04
1.19961208e-01 -1.18147606e-04 3.75048013e-04
1.20319080e-01 1.48342485e-04 3.70100665e-04
1.20676950e-01 1.76735661e-04 3.76679169e-04
1.21034818e-01 -6.35396093e-04 3.66796560e-04
1.21392684e-01 1.60824028e-04 3.67872151e-04
1.21750548e-01 1.45310482e-05 3.72339706e-04
1.22108410e-01 -1.25115850e-04 3.83182493e-04
1.22466270e-01 -8.48386278e-06 3.70657669e-04
1.22824128e-01 2.56476072e-04 3.73625365e-04
1.23181984e-01 -5.44940748e-04 3.80268980e-04
1.23539838e-01 2.58420497e-05 3.77848479e-04
1.23897690e-01 -7.56751829e-05 3.71701085e-04
1.24255540e-01 -2.30286206e-04 3.72708307e-04
1.24613388e-01 5.57967939e-04 3.75787980e-04
1.24971233e-01 4.89503716e-04 3.66788891e-04
1.25329077e-01 8.19570198e-04 3.67472975e-04
1.25686919e-01 -1.95133399e-04 3.58171443e-04
1.26044758e-01 3.58355516e-04 3.67895330e-04
1.26402596e-01 1.88067641e-04 3.61696022e-04
1.26760431e-01 1.79277492e-04 3.60301718e-04
1.27118265e-01 6.11662777e-04 3.63201938e-04
1.27476096e-01 1.92794954e-04 3.55439373e-04
1.27833925e-01 1.46270053e-04 3.61404644e-04
1.28191752e-01 -1.03843654e-04 3.53191221e-04
1.28549577e-01 2.24938862e-04 3.54591783e-04
1.28907400e-01 -4.47714429e-05 3.55925339e-04
1.29265221e-01 -2.68600304e-04 3.45508089e-04
1.29623040e-01 3.47153963e-04 3.45285345e-04
1.29980856e-01 -7.15554919e-04 3.51139321e-04
1.30338670e-01 -3.18903791e-05 3.46493363e-04
1.30696483e-01 2.32153373e-04 3.49472302e-04
1.31054293e-01 8.37720175e-04 3.45970335e-04
1.31412101e-01 3.23097330e-04 3.54712045e-04
1.31769906e-01 -7.53277551e-05 3.56499061e-04
1.32127710e-01 5.63000011e-04 3.41333528e-04
1.32485511e-01 8.58044632e-05 3.51308468e-04
1.32843311e-01 4.05063939e-04 3.52768825e-04
1.33201108e-01 5.70040396e-04 3.42791157e-04
1.33558903e-01 4.47734269e-05 3.46262345e-04
1.33916695e-01 9.46977904e-05 3.35611741e-04
1.34274486e-01 1.17962300e-04 3.42493826e-04
1.34632274e-01 3.22682556e-04 3.45012822e-04
1.34990060e-01 1.49754482e-04 3.44237514e-04
1.35347844e-01 1.49307451e-04 3.40181758e-04
1.35705626e-01 2.17388236e-04 3.37264064e-04
1.36063405e-01 4.28034545e-04 3.26896448e-04
1.36421182e-01 6.73133665e-04 3.26819701e-04
1.36778957e-01 3.30516985e-05 3.36493510e-04
1.37136730e-01 -7.64097571e-04 3.29943547e-04
1.37494500e-01 -1.64785127e-04 3.37299231e-04
1.37852269e-01 2.38075770e-04 3.33735121e-04
1.38210034e-01 -1.77726111e-04 3.34895062e-04
1.38567798e-01 1.23911018e-04 3.32027170e-04
1.38925559e-01 2.22799296e-04 3.32481248e-04
1.39283319e-01 8.33123565e-05 3.34741053e-04
1.39641075e-01 -2.91688401e-04 3.31730452e-04
1.39998830e-01 -8.54687707e-05 3.28795581e-04
1.40356582e-01 -3.81708086e-04 3.34249793e-04
1.40714332e-01 3.33258115e-04 3.29202840e-04
1.41072080e-01 1.81294537e-04 3.37593511e-04
1.41429825e-01 -9.01814909e-05 3.26144708e-04
1.41787568e-01 2.12682848e-05 3.19989006e-04
1.42145308e-01 1.24265438e-04 3.21633982e-04
1.42503047e-01 1.28138517e-04 3.24548440e-04
1.42860783e-01 -9.28281107e-05 3.27418083e-04
1.43218516e-01 1.50437143e-04 3.20733839e-04
1.43576247e-01 3.72836753e-04 3.24869007e-04
1.43933976e-01 -2.06133792e-04 3.23226493e-04
1.44291703e-01 -1.07617202e-04 3.20520593e-04
1.44649427e-01 -2.19865878e-04 3.35914297e-04
1.45007149e-01 -9.04023767e-05 3.29582856e-04
1.45364868e-01 3.99228145e-04 3.13896288e-04
1.45722585e-01 3.56614046e-04 3.20848812e-04
1.46080300e-01 2.44969011e-04 3.24057959e-04
1.46438012e-01 3.52864001e-04 3.15720468e-04
1.46795722e-01 -4.50148523e-04 3.14951038e-04
1.47153429e-01 -1.57750085e-05 3.22186491e-04
1.47511134e-01 1.83319585e-04 3.14303470e-04
1.47868837e-01 3.56378973e-04 3.16041072e-04
1.48226537e-01 -3.13691730e-05 3.15995770e-04
1.48584235e-01 -1.09124980e-04 3.11261118e-04
1.48941930e-01 -2.97946150e-04 3.09406907e-04
1.49299623e-01 1.51384195e-04 3.13766386e-04
1.49657313e-01 -4.24094327e-04 3.13277463e-04
1.50015001e-01 -2.64640110e-04 3.16524425e-04
1.50372687e-01 -9.03494026e-05 3.19444864e-04
1.50730370e-01 -2.09505365e-04 3.10152786e-04
1.51088050e-01 -1.24708970e-04 3.09530190e-04
1.51445728e-01 -1.01334812e-04 3.16136720e-04
1.51803404e-01 -4.22615307e-05 3.11507163e-04
1.52161077e-01 1.63862220e-05 3.11284484e-04
1.52518747e-01 -7.86278457e-05 3.06855396e-04
1.52876416e-01 3.36807993e-04 3.13674087e-04
1.53234081e-01 -1.86219783e-04 3.11319152e-04
1.53591744e-01 2.39353940e-04 3.13389303e-04
1.53949405e-01 -4.01590641e-04 3.14789273e-04
1.54307063e-01 9.07553960e-05 3.03846337e-04
1.54664718e-01 5.17383791e-06 3.01621764e-04
1.55022371e-01 -6.50818344e-04 3.07238996e-04
1.55380021e-01 2.76785763e-04 3.09998258e-04
1.55737669e-01 1.26246279e-04 3.08125404e-04
1.56095314e-01 1.04375207e-04 3.10094968e-04
1.56452957e-01 -3.24064937e-04 3.00125170e-04
1.56810597e-01 5.78700030e-04 3.02440446e-04
1.57168235e-01 -2.44767885e-05 3.06131026e-04
1.57525870e-01 1.65735870e-04 3.04934219e-04
1.57883502e-01 -2.28722421e-04 3.03533182e-04
1.58241132e-01 3.30922033e-04 3.02222120e-04
1.58598759e-01 -3.16585669e-04 2.93056274e-04
1.58956384e-01 1.90912320e-04 3.01646527e-04
1.59314006e-01 -6.55259998e-05 3.03024508e-04
1.59671625e-01 -3.47302909e-04 3.00558968e-04
1.60029242e-01 4.27263989e-04 2.99592414e-04
1.60386856e-01 -2.70435302e-04 2.97666987e-04
1.60744468e-01 -2.08396334e-05 2.97767849e-04
1.61102076e-01 -1.90729559e-04 2.99920873e-04
1.61459683e-01 6.56282581e-05 2.99501545e-04
1.61817286e-01 5.60124358e-04 3.01551277e-04
1.62174887e-01 -1.29961710e-04 2.89587256e-04
1.62532485e-01 3.24242118e-04 3.02346115e-04
1.62890081e-01 2.57405974e-04 2.99935948e-04
1.63247674e-01 -2.20290653e-04 2.98331416e-04
1.63605264e-01 -3.78050592e-04 2.91546554e-04
1.63962852e-01 -7.67123860e-04 2.96804602e-04
1.64320437e-01 -1.74055283e-04 2.93949236e-04
1.64678019e-01 4.03281767e-04 2.91811411e-04
1.65035598e-01 1.77704384e-04 2.87685711e-04
1.65393175e-01 -4.38462143e-04 2.94606132e-04
1.65750749e-01 -1.38119578e-04 2.98147717e-04
1.66108320e-01 1.23634572e-04 2.91458947e-04
1.66465889e-01 3.15279248e-05 2.91401923e-04
1.66823455e-01 -2.21001515e-04 2.89679614e-04
1.67181018e-01 -2.29601304e-04 2.91088139e-04
1.67538578e-01 -4.05902911e-04 2.92301331e-04
1.67896136e-01 4.24377282e-05 2.92390057e-04
1.68253691e-01 -1.42336896e-04 2.85683227e-04
1.68611243e-01 -1.30732332e-04 2.92050829e-04
1.68968792e-01 1.16328566e-04 2.96846675e-04
1.69326339e-01 1.09051114e-05 2.94285822e-04
1.69683883e-01 9.24763792e-05 2.87905514e-04
1.70041424e-01 2.88338908e-04 2.88082253e-04
1.70398962e-01 1.59919597e-04 2.88775626e-04
1.70756497e-01 8.56355178e-05 2.87141483e-04
1.71114030e-01 -1.26641115e-04 2.89115400e-04
1.71471560e-01 1.16782098e-04 2.82197091e-04
1.71829087e-01 5.00831040e-04 2.86586252e-04
1.72186611e-01 1.82452485e-04 2.89033478e-04
1.72544132e-01 3.57452815e-04 2.88685743e-04
1.72901651e-01 1.38352538e-05 2.85823291e-04
1.73259167e-01 -3.39919156e-04 2.83182555e-04
1.73616679e-01 1.29676406e-04 2.91820796e-04
1.73974189e-01 2.52575008e-04 2.85840062e-04
1.74331697e-01 -8.65229569e-05 2.85293739e-04
1.74689201e-01 -1.58150242e-04 2.78830379e-04
1.75046702e-01 -2.36129195e-04 2.85671475e-04
1.75404201e-01 -3.56274322e-04 2.80054720e-04
1.75761697e-01 -4.59452367e-05 2.85286105e-04
1.76119189e-01 1.42119567e-04 2.81777090e-04
1.76476679e-01 5.76826391e-05 2.81942716e-04
1.76834166e-01 6.96060038e-05 2.80921362e-04
1.77191650e-01 1.59251561e-04 2.74452255e-04
1.77549132e-01 1.32918441e-04 2.78436159e-04
1.77906610e-01 -2.01042893e-04 2.77233164e-04
1.78264085e-01 -2.87543624e-04 2.81331835e-04
1.78621558e-01 -8.50181138e-05 2.75502865e-04
1.78979027e-01 -7.43242960e-05 2.79294575e-04
1.79336494e-01 -4.64199783e-05 2.74393008e-04
1.79693958e-01 -8.54848180e-05 2.75089218e-04
1.80051418e-01 1.85749432e-04 2.71431583e-04
1.80408876e-01 1.70407815e-04 2.80975223e-04
1.80766331e-01 2.52785326e-04 2.79756754e-04
1.81123783e-01 1.07105682e-05 2.83226275e-04
1.81481232e-01 -2.44811456e-04 2.82148637e-04
1.81838677e-01 -5.30577099e-05 2.87304548e-04
1.82196120e-01 -3.49356205e-04 2.85561926e-04
1.82553560e-01 -1.33407412e-04 2.83277081e-04
1.82910997e-01 -2.77750897e-04 2.84390228e-04
1.83268431e-01 -2.64195103e-04 2.84534273e-04
1.83625862e-01 1.20435071e-04 2.80932962e-04
1.83983290e-01 1.98102950e-05 2.82127539e-04
1.84340715e-01 2.12282455e-04 2.78478312e-04
1.84698137e-01 1.89380546e-04 2.81095046e-04
1.85055556e-01 1.21337117e-04 2.81376018e-04
1.85412971e-01 -4.52703893e-04 2.78887194e-04
1.85770384e-01 3.78363681e-04 2.83802303e-04
1.86127794e-01 -4.19414352e-05 2.82703443e-04
1.86485200e-01 -4.48637671e-04 2.76211414e-04
1.86842604e-01 1.33136697e-04 2.75588531e-04
1.87200005e-01 3.96234980e-05 2.72999207e-04
1.87557402e-01 1.17763400e-05 2.81830683e-04
1.87914797e-01 -1.36382906e-04 2.76139166e-04
1.88272188e-01 -4.05280131e-04 2.77525123e-04
1.88629576e-01 7.73524853e-05 2.71321108e-04
1.88986961e-01 -1.31085391e-04 2.78764359e-04
1.89344343e-01 1.14289299e-04 2.76820123e-04
1.89701722e-01 5.37300302e-04 2.66917769e-04
1.90059098e-01 -1.41736162e-04 2.69329333e-04
1.90416471e-01 5.77919205e-05 2.75009837e-04
1.90773840e-01 2.36546604e-04 2.73945054e-04
1.91131207e-01 2.66018910e-04 2.72345012e-04
1.91488570e-01 -3.46947641e-04 2.72138473e-04
1.91845930e-01 -2.84229495e-05 2.72290525e-04
1.92203287e-01 -3.07562754e-04 2.69583859e-04
1.92560641e-01 -2.53042452e-04 2.72280684e-04
1.92917992e-01 -1.24665985e-04 2.71672107e-04
1.93275340e-01 2.39558590e-04 2.70474327e-04
1.93632684e-01 -3.84940070e-04 2.66869881e-04
1.93990025e-01 -2.97078119e-04 2.66089784e-04
1.94347363e-01 -8.51314126e-05 2.73414375e-04
1.94704698e-01 5.16161991e-04 2.75644524e-04
1.95062030e-01 3.63751694e-05 2.71063626e-04
1.95419358e-01 2.16670978e-04 2.70504188e-04
1.95776684e-01 -8.81011262e-05 2.72977993e-04
1.96134006e-01 9.48518272e-05 2.70194994e-04
1.96491324e-01 3.07533557e-04 2.68986867e-04
1.96848640e-01 3.98328952e-04 2.69197358e-04
1.97205953e-01 2.73765119e-05 2.67064871e-04
1.97563262e-01 1.99843898e-04 2.70124983e-04
1.97920568e-01 -3.89387529e-04 2.67937295e-04
1.98277870e-01 2.95526637e-04 2.78173638e-04
1.98635170e-01 1.76131990e-04 2.78387275e-04
1.98992466e-01 2.07896174e-04 2.77054449e-04
1.99349759e-01 2.25849463e-04 2.76604336e-04
1.99707049e-01 1.40926211e-04 2.69562099e-04
2.00064335e-01 2.13353760e-04 2.76346620e-04
2.00421618e-01 3.29740642e-04 2.68561037e-04
2.00778898e-01 -3.74165518e-04 2.61862429e-04
2.01136174e-01 -5.43503669e-04 2.58232160e-04
2.01493448e-01 -5.27700521e-04 2.58021255e-04
2.01850718e-01 -4.61495822e-04 2.64281487e-04
2.02207984e-01 1.27813911e-04 2.65664600e-04
2.02565248e-01 -4.97645359e-05 2.59818347e-04
2.02922508e-01 2.13960827e-04 2.66433120e-04
2.03279764e-01 -9.05092636e-05 2.63460182e-04
2.03637018e-01 -3.85870655e-04 2.63305898e-04
2.03994268e-01 6.70233072e-05 2.62056446e-04
2.04351514e-01 -3.35103767e-05 2.60007964e-04
2.04708758e-01 -3.18117275e-04 2.60945823e-04
2.05065998e-01 -1.61450410e-04 2.57797403e-04
2.05423234e-01 -4.24745281e-05 2.59579980e-04
2.05780467e-01 -1.75425408e-05 2.56707874e-04
2.06137697e-01 4.51976924e-04 2.56757445e-04
2.06494924e-01 -1.02245039e-04 2.57989360e-04
2.06852147e-01 -1.89049149e-04 2.58065684e-04
2.07209367e-01 1.76234967e-04 2.54682907e-04
2.07566583e-01 -1.60573102e-05 2.54450616e-04
2.07923796e-01 1.00855055e-04 2.54820189e-04
2.08281005e-01 1.56371737e-05 2.56673916e-04
2.08638211e-01 1.20850749e-04 2.60787334e-04
2.08995414e-01 4.42139801e-06 2.54747419e-04
2.09352613e-01 -2.90541845e-05 2.49126794e-04
2.09709809e-01 2.46356303e-05 2.50035675e-04
2.10067002e-01 1.80434277e-04 2.53290229e-04
2.10424191e-01 -3.04239078e-04 2.52560133e-04
2.10781376e-01 -2.26153041e-04 2.55362866e-04
2.11138558e-01 9.27999474e-05 2.49037269e-04
2.11495737e-01 1.03159144e-04 2.50308569e-04
2.11852912e-01 4.50792005e-04 2.52645437e-04
2.12210084e-01 1.49782356e-04 2.50443336e-04
2.12567252e-01 -3.54540525e-05 2.45718812e-04
2.12924416e-01 3.13637013e-04 2.47543657e-04
2.13281578e-01 -1.94362282e-04 2.51985623e-04
2.13638735e-01 -5.57676158e-05 2.52127094e-04
2.13995890e-01 2.50662341e-05 2.51182860e-04
2.14353040e-01 -3.14363396e-05 2.47312823e-04
2.14710188e-01 5.39977343e-05 2.46965851e-04
2.15067331e-01 -3.89090071e-04 2.45748968e-04
2.15424471e-01 -3.14863950e-04 2.49415439e-04
2.15781608e-01 -4.75869107e-04 2.42238998e-04
2.16138741e-01 2.99735069e-05 2.52026727e-04
2.16495871e-01 1.64695498e-04 2.46225211e-04
2.16852997e-01 -1.63707061e-04 2.46137132e-04
2.17210119e-01 4.51487680e-05 2.42931438e-04
2.17567238e-01 -8.84326100e-06 2.52284836e-04
2.17924354e-01 -6.27201987e-05 2.40891364e-04
2.18281465e-01 6.07628154e-05 2.42281790e-04
2.18638574e-01 -1.28150708e-04 2.41428359e-04
2.18995678e-01 -2.01979619e-04 2.45562795e-04
2.19352779e-01 -2.70286955e-06 2.43639498e-04
2.19709877e-01 4.79662661e-05 2.43448745e-04
2.20066971e-01 -2.96084974e-04 2.40160042e-04
2.20424061e-01 4.27759164e-04 2.38629815e-04
2.20781147e-01 2.23014886e-05 2.37996932e-04
2.21138230e-01 1.57636088e-04 2.42656811e-04
2.21495310e-01 -5.29594532e-05 2.33986303e-04
2.21852386e-01 4.03682530e-05 2.41391700e-04
2.22209458e-01 1.81920339e-04 2.36630700e-04
2.22566526e-01 7.78983976e-05 2.38911293e-04
2.22923591e-01 2.60602179e-04 2.37329546e-04
2.23280652e-01 2.98871677e-04 2.39249849e-04
2.23637710e-01 2.61707213e-04 2.39851140e-04
2.23994764e-01 1.11394458e-04 2.35928202e-04
2.24351814e-01 -7.34738221e-05 2.38856773e-04
2.24708861e-01 2.10149114e-04 2.40099978e-04
2.25065904e-01 -2.34188183e-04 2.40439615e-04
2.25422943e-01 -1.40858369e-04 2.34721111e-04
2.25779978e-01 8.01026076e-05 2.34564824e-04
2.26137010e-01 2.44330384e-04 2.37150918e-04
2.26494038e-01 4.41332521e-04 2.31895323e-04
2.26851063e-01 -2.59766466e-04 2.34647436e-04
2.27208083e-01 -1.65380365e-04 2.39439140e-04
2.27565100e-01 -2.81098201e-04 2.35236874e-04
2.27922114e-01 -3.30847382e-04 2.35696697e-04
2.28279123e-01 2.84482491e-04 2.33940649e-04
2.28636129e-01 -2.03033966e-04 2.34364763e-04
2.28993131e-01 -2.22835786e-04 2.33792610e-04
2.29350129e-01 -6.99065045e-05 2.34024794e-04
2.29707124e-01 -1.22850189e-04 2.32586873e-04
2.30064115e-01 -9.62973036e-05 2.31222581e-04
2.30421102e-01 -1.48799062e-04 2.33973080e-04
2.30778085e-01 2.43483507e-04 2.38074359e-04
2.31135064e-01 -5.22437218e-05 2.28291048e-04
2.31492040e-01 -9.91053825e-05 2.33688950e-04
2.31849012e-01 -4.12742201e-04 2.26873989e-04
2.32205980e-01 -1.11645205e-04 2.29476278e-04
2.32562944e-01 3.15620922e-04 2.34220485e-04
2.32919905e-01 -1.97522572e-04 2.33905748e-04
2.33276862e-01 1.14538957e-04 2.30615838e-04
2.33633814e-01 -5.94086755e-04 2.31709278e-04
2.33990763e-01 2.95589185e-05 2.30784672e-04
2.34347709e-01 1.78938681e-04 2.28644726e-04
2.34704650e-01 -6.04234741e-05 2.28783456e-04
2.35061588e-01 1.17245978e-04 2.35118562e-04
2.35418521e-01 3.24797145e-04 2.28012480e-04
2.35775451e-01 -4.61564926e-04 2.24875607e-04
2.36132377e-01 2.38075708e-04 2.27892879e-04
2.36489299e-01 1.41488119e-04 2.25779052e-04
2.36846218e-01 1.15516280e-04 2.30272094e-04
2.37203132e-01 1.79346220e-04 2.22197844e-04
2.37560042e-01 -1.15646210e-04 2.24302781e-04
2.37916949e-01 -7.26959746e-05 2.26514478e-04
2.38273852e-01 8.90414837e-05 2.25013146e-04
2.38630751e-01 -6.63614429e-06 2.25078707e-04
2.38987645e-01 1.60933852e-04 2.28749586e-04
2.39344537e-01 1.32664791e-04 2.23601869e-04
2.39701424e-01 4.52609627e-05 2.20058136e-04
2.40058307e-01 -2.53979221e-04 2.20078081e-04
2.40415186e-01 -1.75254829e-04 2.22214898e-04
2.40772061e-01 -3.08448952e-05 2.23971200e-04
2.41128933e-01 -8.04550362e-05 2.24917246e-04
2.41485800e-01 -4.69148650e-05 2.22352351e-04
2.41842664e-01 8.59127503e-05 2.22841160e-04
2.42199523e-01 9.70963966e-05 2.22272063e-04
2.42556379e-01 -5.91250915e-05 2.25108768e-04
2.42913230e-01 -1.09971746e-04 2.23731823e-04
2.43270078e-01 1.25604028e-04 2.21090887e-04
2.43626922e-01 1.96999029e-04 2.18867024e-04
2.43983761e-01 1.14887680e-04 2.22278397e-04
2.44340597e-01 2.63935382e-04 2.19648643e-04
2.44697429e-01 -3.52381964e-05 2.18188974e-04
2.45054256e-01 1.05695012e-04 2.17784628e-04
2.45411080e-01 3.96098791e-05 2.18323607e-04
2.45767900e-01 3.08710534e-05 2.17153568e-04
2.46124715e-01 -2.84545994e-04 2.17663858e-04
2.46481527e-01 3.94449136e-05 2.21082986e-04
2.46838334e-01 -5.57777974e-04 2.14931575e-04
2.47195138e-01 2.49660182e-04 2.18148162e-04
2.47551938e-01 1.43687226e-07 2.15691835e-04
2.47908733e-01 -1.07262974e-04 2.16432619e-04
2.48265524e-01 7.16465159e-05 2.16544991e-04
2.48622312e-01 1.28526156e-04 2.17695857e-04
2.48979095e-01 1.00092296e-04 2.17647977e-04
2.49335874e-01 -1.15148591e-04 2.16094887e-04
2.49692649e-01 8.51778956e-05 2.16296893e-04
2.50049420e-01 1.20381334e-04 2.17221581e-04
2.50406187e-01 -6.11044121e-05 2.15108970e-04
2.50762950e-01 -9.65012902e-05 2.12683889e-04
2.51119709e-01 -2.34286768e-04 2.12752937e-04
2.51476464e-01 2.37223122e-04 2.10497791e-04
2.51833214e-01 -1.56352610e-04 2.14178705e-04
2.52189961e-01 2.02827691e-04 2.14328117e-04
2.52546703e-01 2.58928571e-04 2.11034712e-04
2.52903441e-01 -2.19895880e-04 2.10089398e-04
2.53260175e-01 -2.81706651e-04 2.13486154e-04
2.53616905e-01 -1.18328039e-04 2.10138063e-04
2.53973631e-01 -1.10691157e-04 2.15227891e-04
2.54330352e-01 2.06313888e-04 2.15373564e-04
2.54687070e-01 4.79761870e-04 2.14099727e-04
2.55043783e-01 3.87337941e-04 2.15387754e-04
2.55400492e-01 2.15996293e-05 2.09504489e-04
2.55757197e-01 1.48473199e-04 2.12654041e-04
2.56113898e-01 3.72303332e-04 2.15588471e-04
2.56470595e-01 -5.22633571e-05 2.13005275e-04
2.56827287e-01 -1.63417685e-04 2.12536197e-04
2.57183975e-01 -2.01294069e-04 2.13466956e-04
2.57540659e-01 -1.03342002e-04 2.12381201e-04
2.57897339e-01 1.55754663e-06 2.14378878e-04
2.58254014e-01 -1.58468574e-04 2.17459645e-04
2.58610686e-01 -1.93803321e-04 2.17210034e-04
2.58967353e-01 -3.92151639e-05 2.17574619e-04
2.59324016e-01 1.30184972e-04 2.15878609e-04
2.59680674e-01 8.97364493e-05 2.15129695e-04
2.60037329e-01 -1.24439481e-05 2.14618439e-04
2.60393979e-01 5.01546335e-05 2.13805506e-04
2.60750625e-01 6.84646630e-06 2.18316878e-04
2.61107266e-01 -1.66098804e-04 2.12910810e-04
2.61463904e-01 -3.75951473e-04 2.14040818e-04
2.61820537e-01 -1.39055408e-04 2.19279448e-04
2.62177166e-01 1.88024617e-04 2.11609042e-04
2.62533790e-01 2.71817113e-04 2.14679086e-04
2.62890410e-01 1.21552041e-05 2.11740649e-04
2.63247026e-01 -1.98610991e-04 2.14692186e-04
2.63603638e-01 -1.13037499e-04 2.12197435e-04
2.63960245e-01 1.99427885e-04 2.17134077e-04
2.64316848e-01 8.08510060e-05 2.16063377e-04
2.64673447e-01 3.93243977e-06 2.15021774e-04
2.65030042e-01 -1.80282707e-04 2.08319970e-04
2.65386632e-01 -2.20468085e-05 2.08622834e-04
2.65743217e-01 1.00737716e-04 2.11680659e-04
2.66099799e-01 -4.77307428e-05 2.15399479e-04
2.66456376e-01 -2.20327582e-05 2.13622530e-04
2.66812948e-01 2.12889375e-04 2.14937191e-04
2.67169517e-01 1.17159206e-04 2.19752994e-04
2.67526081e-01 2.23342120e-04 2.19801307e-04
2.67882640e-01 -6.08395996e-05 2.20835519e-04
2.68239195e-01 -2.14426704e-05 2.17880397e-04
2.68595746e-01 3.94387185e-04 2.18857741e-04
2.68952293e-01 1.50083864e-04 2.16712281e-04
2.69308835e-01 1.72921997e-04 2.19662197e-04
2.69665372e-01 2.49278021e-04 2.23132627e-04
2.70021906e-01 1.79075513e-04 2.16713134e-04
2.70378435e-01 4.21544137e-05 2.19826646e-04
2.70734959e-01 -9.30532716e-06 2.19177586e-04
2.71091479e-01 -7.95206483e-05 2.23523741e-04
2.71447995e-01 1.79658955e-04 2.26288356e-04
2.71804506e-01 -1.66455165e-04 2.21272841e-04
2.72161012e-01 2.64816946e-04 2.24187840e-04
2.72517515e-01 -1.31265240e-04 2.23825819e-04
2.72874012e-01 -2.10683408e-04 2.27210282e-04
