1.54026655e-02 -9.11999647e-04 1.64670264e-03
1.57608633e-02 1.26842234e-03 1.67486417e-03
1.61190608e-02 5.94464362e-05 1.50443847e-03
1.64772580e-02 1.74044906e-03 1.50986087e-03
1.68354550e-02 7.11180278e-04 1.39160399e-03
1.71936517e-02 8.71961518e-04 1.32520829e-03
1.75518481e-02 7.63921283e-05 1.32971453e-03
1.79100442e-02 1.10946606e-03 1.28528716e-03
1.82682400e-02 2.86080756e-03 1.22587944e-03
1.86264355e-02 1.37299368e-03 1.17945998e-03
1.89846308e-02 6.27617360e-04 1.15402635e-03
1.93428257e-02 2.29398728e-04 1.06589393e-03
1.97010202e-02 2.58902036e-03 1.12566026e-03
2.00592145e-02 -7.16082942e-05 1.07907459e-03
2.04174084e-02 8.86898081e-04 1.07375788e-03
2.07756020e-02 1.10536890e-03 1.08496223e-03
2.11337953e-02 2.06402310e-03 1.06988210e-03
2.14919882e-02 2.10560372e-03 1.05487891e-03
2.18501808e-02 3.15233976e-03 1.07661657e-03
2.22083729e-02 1.28282436e-03 9.95282574e-04
2.25665648e-02 1.94137016e-03 9.82738378e-04
2.29247562e-02 2.02705235e-03 1.00508599e-03
2.32829473e-02 3.74245541e-04 9.42904759e-04
2.36411380e-02 1.26265284e-03 8.90287021e-04
2.39993283e-02 2.41999981e-03 9.30104575e-04
2.43575182e-02 2.29635934e-03 8.71595811e-04
2.47157077e-02 1.44290541e-03 8.41160895e-04
2.50738968e-02 2.51600437e-04 8.51402273e-04
2.54320855e-02 1.96738430e-03 9.07154890e-04
2.57902738e-02 3.02516483e-03 8.44833346e-04
2.61484617e-02 2.83495008e-03 9.12519247e-04
2.65066491e-02 3.66429236e-03 8.61464667e-04
2.68648361e-02 2.34756608e-03 7.91143305e-04
2.72230226e-02 6.12347277e-04 8.01972694e-04
2.75812087e-02 2.59394219e-03 8.03755299e-04
2.79393943e-02 3.21561330e-03 8.48241043e-04
2.82975795e-02 2.02831307e-03 7.78605202e-04
2.86557642e-02 1.62272832e-03 8.66205838e-04
2.90139485e-02 2.48987776e-03 8.04308515e-04
2.93721323e-02 1.50012919e-03 8.30264356e-04
2.97303155e-02 5.10670538e-03 7.84784693e-04
3.00884983e-02 2.52306364e-03 8.22380947e-04
3.04466806e-02 2.21937114e-03 8.53081667e-04
3.08048624e-02 1.31715140e-03 8.44733336e-04
3.11630437e-02 1.16525380e-03 8.20675143e-04
3.15212245e-02 1.50943902e-03 8.39315182e-04
3.18794048e-02 2.30642209e-03 7.90871894e-04
3.22375845e-02 1.93547912e-03 8.13284282e-04
3.25957637e-02 1.49979784e-03 8.15911578e-04
3.29539424e-02 1.95215815e-03 8.44662509e-04
3.33121205e-02 8.37265300e-04 7.98482852e-04
3.36702981e-02 1.41991213e-03 8.04325945e-04
3.40284751e-02 1.25857312e-03 8.11988627e-04
3.43866516e-02 1.68516842e-03 7.98750018e-04
3.47448275e-02 9.90701197e-04 7.76442213e-04
3.51030028e-02 1.36753333e-03 7.29944304e-04
3.54611775e-02 7.79854446e-04 7.17378440e-04
3.58193517e-02 1.99143426e-03 7.64880099e-04
3.61775253e-02 3.44685819e-03 7.71545249e-04
3.65356983e-02 3.74443618e-03 7.40960758e-04
3.68938706e-02 1.91580979e-03 6.94081804e-04
3.72520424e-02 1.07102158e-03 6.90253959e-04
3.76102136e-02 1.98098699e-03 6.70975070e-04
3.79683841e-02 8.32986057e-04 6.94736117e-04
3.83265540e-02 1.94413964e-03 6.47440450e-04
3.86847233e-02 2.00364861e-03 6.90222524e-04
3.90428920e-02 1.24743811e-03 7.08353138e-04
3.94010600e-02 1.41880166e-03 6.77369222e-04
3.97592273e-02 2.80774648e-03 6.64351009e-04
4.01173941e-02 5.71421840e-04 6.82370337e-04
4.04755601e-02 2.29822509e-03 6.66132236e-04
4.08337255e-02 1.17343235e-03 6.50782695e-04
4.11918902e-02 1.31162286e-03 6.41571239e-04
4.15500542e-02 9.09510155e-04 6.21688722e-04
4.19082176e-02 6.67808529e-04 6.66802403e-04
4.22663802e-02 2.95790408e-03 6.55722581e-04
4.26245422e-02 2.35753720e-03 6.52810612e-04
4.29827034e-02 2.59738576e-03 6.76749406e-04
4.33408640e-02 2.61216813e-03 7.05346736e-04
4.36990238e-02 1.60678806e-03 6.90552478e-04
4.40571830e-02 1.85415147e-03 6.46098478e-04
4.44153414e-02 1.82564570e-03 6.95220116e-04
4.47734990e-02 1.63403091e-03 6.70913940e-04
4.51316560e-02 2.42493231e-03 6.64174195e-04
4.54898122e-02 1.01236189e-03 6.39359203e-04
4.58479676e-02 1.07875127e-03 6.64387772e-04
4.62061223e-02 6.09807203e-04 6.63093546e-04
4.65642762e-02 4.88453605e-04 6.20129246e-04
4.69224294e-02 1.10772316e-03 6.40453585e-04
4.72805818e-02 1.04782651e-04 6.23544064e-04
4.76387334e-02 1.31825269e-03 6.67790311e-04
4.79968842e-02 2.86337692e-03 6.37876632e-04
4.83550342e-02 1.61812596e-03 6.20562291e-04
4.87131835e-02 4.33135654e-04 6.38841804e-04
4.90713319e-02 1.43660325e-03 6.26162623e-04
4.94294795e-02 9.66548200e-04 6.34010079e-04
4.97876264e-02 1.92651830e-03 6.07946529e-04
5.01457724e-02 1.62257040e-03 6.32781694e-04
5.05039175e-02 1.22708842e-03 6.03930179e-04
5.08620619e-02 1.89661988e-03 6.02414286e-04
5.12202054e-02 1.43958144e-03 6.13568961e-04
5.15783481e-02 2.17749890e-03 5.89476753e-04
5.19364899e-02 6.49889172e-04 5.89237995e-04
5.22946308e-02 1.14300822e-03 5.79588206e-04
5.26527709e-02 1.01488871e-03 5.76243004e-04
5.30109102e-02 5.94626973e-04 5.70541841e-04
5.33690485e-02 1.44962764e-04 5.66614910e-04
5.37271860e-02 1.20652858e-03 5.83912974e-04
5.40853226e-02 1.74642542e-03 5.96460062e-04
5.44434583e-02 5.34957973e-04 5.66711885e-04
5.48015932e-02 4.06719094e-04 5.56303605e-04
5.51597271e-02 1.34730222e-03 5.60339233e-04
5.55178601e-02 1.65089406e-03 5.61261041e-04
5.58759922e-02 8.51493105e-04 5.61339064e-04
5.62341234e-02 1.64603843e-04 5.40583630e-04
5.65922536e-02 5.70412563e-04 5.67721446e-04
5.69503829e-02 8.35725779e-04 5.60135973e-04
5.73085113e-02 1.56997558e-04 5.43843485e-04
5.76666388e-02 1.66393005e-03 5.51369953e-04
5.80247653e-02 1.81242949e-03 5.37357279e-04
5.83828908e-02 1.28874168e-03 5.26684644e-04
5.87410154e-02 1.22007548e-03 5.28884161e-04
5.90991390e-02 1.37297524e-03 5.30962355e-04
5.94572616e-02 1.45567261e-03 5.50394191e-04
5.98153833e-02 1.60431202e-03 5.36626133e-04
6.01735040e-02 1.50613847e-03 5.27827994e-04
6.05316237e-02 6.19288515e-04 5.31044413e-04
6.08897424e-02 1.09968570e-03 5.38859382e-04
6.12478600e-02 7.78137595e-04 5.22245042e-04
6.16059767e-02 9.65871124e-04 5.22883515e-04
6.19640924e-02 1.51551120e-04 5.13812519e-04
6.23222071e-02 5.34403349e-04 5.22989441e-04
6.26803207e-02 1.83336224e-03 4.97436634e-04
6.30384333e-02 1.35314819e-04 5.13987560e-04
6.33965448e-02 1.05605032e-03 5.11682908e-04
6.37546554e-02 1.00441925e-03 5.19764855e-04
6.41127648e-02 5.73952407e-04 5.15401406e-04
6.44708732e-02 1.33640980e-03 5.27293185e-04
6.48289806e-02 5.83675714e-05 5.00205791e-04
6.51870869e-02 1.51052975e-04 5.10000338e-04
6.55451921e-02 1.70386339e-03 5.05853432e-04
6.59032962e-02 6.59538242e-04 5.06169206e-04
6.62613993e-02 5.38008143e-04 5.01985824e-04
6.66195012e-02 5.67609589e-04 5.08228516e-04
6.69776021e-02 -2.91884342e-04 4.94658850e-04
6.73357019e-02 8.20635234e-04 4.93984105e-04
6.76938005e-02 1.05680300e-03 4.94276552e-04
6.80518981e-02 5.44440011e-04 4.74383998e-04
6.84099945e-02 5.28768139e-04 4.79611918e-04
6.87680898e-02 6.08883280e-04 4.78532643e-04
6.91261840e-02 9.36147163e-04 5.07096582e-04
6.94842770e-02 4.42029520e-04 4.77656191e-04
6.98423689e-02 6.59925321e-04 4.63242349e-04
7.02004596e-02 7.14379211e-04 4.73630384e-04
7.05585492e-02 6.90950865e-04 4.86874497e-04
7.09166377e-02 1.54817848e-03 4.93206348e-04
7.12747249e-02 3.95431927e-04 4.76699241e-04
7.16328110e-02 1.19962029e-03 4.86015730e-04
7.19908959e-02 1.00043744e-03 4.85007460e-04
7.23489796e-02 6.73813813e-04 4.66208506e-04
7.27070622e-02 1.77482498e-06 4.92941954e-04
7.30651435e-02 2.33111480e-04 4.79670328e-04
7.34232237e-02 2.14932821e-04 4.69530725e-04
7.37813026e-02 2.17989092e-04 4.65649039e-04
7.41393803e-02 2.26481039e-04 4.57245260e-04
7.44974568e-02 4.51625614e-04 4.67752152e-04
7.48555321e-02 3.18800434e-04 4.63270346e-04
7.52136061e-02 6.83301440e-05 4.66007600e-04
7.55716789e-02 4.15584194e-04 4.60913749e-04
7.59297505e-02 5.99556818e-05 4.68927671e-04
7.62878208e-02 -1.21823970e-04 4.60421809e-04
7.66458899e-02 2.23037252e-04 4.57340276e-04
7.70039577e-02 3.26572423e-04 4.47273626e-04
7.73620242e-02 4.84897498e-05 4.60626468e-04
7.77200895e-02 3.88073833e-04 4.52807171e-04
7.80781535e-02 6.88548914e-04 4.49272107e-04
7.84362162e-02 4.01920748e-05 4.36929065e-04
7.87942776e-02 -6.10756576e-04 4.53504347e-04
7.91523377e-02 1.87817152e-04 4.54542598e-04
7.95103965e-02 3.36252665e-04 4.43785653e-04
7.98684540e-02 -7.97436889e-05 4.50921173e-04
8.02265102e-02 2.69306403e-04 4.50577313e-04
8.05845651e-02 5.87228793e-04 4.52897003e-04
8.09426186e-02 -1.41538021e-05 4.25620607e-04
8.13006709e-02 -2.45624732e-04 4.43794658e-04
8.16587217e-02 3.52457669e-04 4.37874086e-04
8.20167713e-02 2.71231101e-04 4.48476268e-04
8.23748195e-02 -2.78786828e-05 4.31578866e-04
8.27328663e-02 5.75356026e-04 4.17037840e-04
8.30909118e-02 4.29655454e-04 4.22303952e-04
8.34489559e-02 3.10256863e-05 4.35119323e-04
8.38069986e-02 -4.28267489e-05 4.37727217e-04
8.41650400e-02 -6.44092562e-04 4.29530888e-04
8.45230800e-02 1.55394535e-04 4.31613587e-04
8.48811185e-02 6.70621168e-04 4.29855918e-04
8.52391557e-02 -6.03583271e-04 4.33834471e-04
8.55971915e-02 3.01625248e-04 4.43593164e-04
8.59552259e-02 1.03643288e-03 4.46538288e-04
8.63132589e-02 1.15191451e-03 4.38258951e-04
8.66712904e-02 9.25969977e-04 4.29357789e-04
8.70293205e-02 -5.49560461e-06 4.34768491e-04
8.73873492e-02 -1.70721414e-04 4.22155118e-04
8.77453765e-02 2.83481979e-04 4.26236518e-04
8.81034023e-02 -7.43033168e-05 4.34868768e-04
8.84614267e-02 1.88833701e-04 4.48824085e-04
8.88194496e-02 2.80371295e-04 4.33085922e-04
8.91774710e-02 -3.10093059e-05 4.33299917e-04
8.95354910e-02 3.44449973e-05 4.16349276e-04
8.98935095e-02 6.53350272e-04 4.38642018e-04
9.02515266e-02 -5.81446767e-06 4.19064527e-04
9.06095421e-02 5.25492592e-04 4.31016955e-04
9.09675562e-02 9.16652674e-07 4.25395193e-04
9.13255687e-02 -2.20905740e-04 4.30779239e-04
9.16835798e-02 3.04344569e-04 4.34550018e-04
9.20415894e-02 -4.50284203e-04 4.33481485e-04
9.23995974e-02 6.09692484e-05 4.44422709e-04
9.27576039e-02 8.23846557e-06 4.20461727e-04
9.31156089e-02 8.30723458e-04 4.19036316e-04
9.34736124e-02 2.58235681e-04 4.27223248e-04
9.38316143e-02 -3.05501326e-04 4.06782130e-04
9.41896147e-02 1.83323261e-04 4.16715820e-04
9.45476136e-02 1.20219684e-04 4.15345638e-04
9.49056108e-02 9.26690234e-07 4.06351618e-04
9.52636066e-02 8.06050860e-04 4.17758604e-04
9.56216007e-02 -2.67886113e-05 4.13002132e-04
9.59795933e-02 -1.87313599e-05 3.93752310e-04
9.63375843e-02 1.75166066e-04 4.00914574e-04
9.66955738e-02 1.64750155e-04 3.97990836e-04
9.70535616e-02 9.02059850e-05 4.05882656e-04
9.74115478e-02 -1.13932830e-04 3.96821715e-04
9.77695325e-02 2.24819667e-04 4.00372279e-04
9.81275155e-02 -7.10436741e-04 4.11403956e-04
9.84854969e-02 -2.04723046e-05 4.03252436e-04
9.88434768e-02 1.36643766e-04 4.05207264e-04
9.92014549e-02 4.63702731e-05 3.96937340e-04
9.95594315e-02 3.97348931e-04 3.94296411e-04
9.99174064e-02 -1.56198746e-05 3.96809030e-04
1.00275380e-01 4.43396273e-04 4.08053436e-04
1.00633351e-01 1.06161190e-04 3.96805062e-04
1.00991321e-01 6.56237002e-04 3.96166046e-04
1.01349290e-01 -5.17729408e-04 3.92815344e-04
1.01707256e-01 -4.07684413e-04 3.84872254e-04
1.02065221e-01 1.94685874e-04 3.95924381e-04
1.02423184e-01 4.24469737e-05 3.91148431e-04
1.02781146e-01 -3.57205616e-04 3.85302757e-04
1.03139106e-01 -2.01082724e-04 3.91406713e-04
1.03497064e-01 5.96812453e-04 3.87036790e-04
1.03855021e-01 9.48272161e-05 3.85935378e-04
1.04212976e-01 -3.60711816e-04 3.87486243e-04
1.04570929e-01 3.72688350e-04 3.95775330e-04
1.04928880e-01 -6.79773777e-05 3.97412688e-04
1.05286830e-01 -1.38811611e-04 3.88716202e-04
1.05644778e-01 -2.52173965e-04 3.93206513e-04
1.06002724e-01 3.87604074e-04 3.81065180e-04
1.06360668e-01 2.05101037e-04 4.08681012e-04
1.06718611e-01 7.04907581e-04 4.05019035e-04
1.07076552e-01 7.35276711e-04 3.97587526e-04
1.07434491e-01 -1.35654300e-04 4.01823672e-04
1.07792429e-01 8.28733874e-04 3.95618942e-04
1.08150364e-01 5.79714304e-04 4.00571648e-04
1.08508298e-01 -1.86634515e-04 3.99224382e-04
1.08866230e-01 3.91104944e-04 3.93748485e-04
1.09224160e-01 -4.85783522e-05 4.02129346e-04
1.09582089e-01 -4.92338472e-04 4.01711550e-04
1.09940016e-01 2.37829090e-04 4.02173378e-04
1.10297941e-01 2.04648819e-04 3.87422546e-04
1.10655864e-01 5.04871045e-04 3.87068781e-04
1.11013785e-01 -3.88941699e-04 3.94357861e-04
1.11371704e-01 -1.67640271e-05 3.91911955e-04
1.11729622e-01 1.68068113e-04 3.79206488e-04
1.12087538e-01 3.52799820e-05 3.73130223e-04
1.12445452e-01 -5.72051781e-04 3.82903954e-04
1.12803364e-01 4.68197429e-05 3.73544497e-04
1.13161274e-01 6.85374000e-04 3.76743903e-04
1.13519182e-01 4.66876294e-05 3.75080243e-04
1.13877089e-01 2.14550135e-04 3.84199130e-04
1.14234994e-01 6.41100556e-04 3.78589229e-04
1.14592896e-01 -4.84601391e-05 3.66898615e-04
1.14950797e-01 -2.66122802e-04 3.70013469e-04
1.15308696e-01 -2.66463809e-06 3.61520248e-04
1.15666593e-01 5.08913781e-04 3.65011118e-04
1.16024488e-01 -2.99619279e-04 3.70921910e-04
1.16382382e-01 -3.38080116e-04 3.59371677e-04
1.16740273e-01 1.88364861e-04 3.72100243e-04
1.17098163e-01 2.47323991e-04 3.76859383e-04
1.17456050e-01 5.33988183e-04 3.65880738e-04
1.17813936e-01 -1.59833729e-04 3.65204814e-04
1.18171819e-01 -1.97490768e-04 3.71642854e-04
1.18529701e-01 5.81458343e-04 3.80551880e-04
1.18887581e-01 1.60355450e-04 3.72606966e-04
1.19245459e-01 -1.33978089e-04 3.70634972e-04
1.19603335e-01 -3.99620793e-04 3.75579783e-04
1.19961208e-01 -4.18238793e-05 3.79706688e-04
1.20319080e-01 4.90901641e-04 3.72875710e-04
1.20676950e-01 6.79538429e-05 3.76430611e-04
1.21034818e-01 -7.62791069e-04 3.67096456e-04
1.21392684e-01 1.43323696e-04 3.64927078e-04
1.21750548e-01 -2.51057627e-04 3.72989531e-04
1.22108410e-01 4.11260385e-04 3.81373115e-04
1.22466270e-01 9.15602082e-04 3.81152252e-04
1.22824128e-01 6.19059514e-04 3.76578087e-04
1.23181984e-01 4.63694565e-05 3.80378122e-04
1.23539838e-01 -4.53828821e-04 3.76531986e-04
1.23897690e-01 -1.34843678e-04 3.71170624e-04
1.24255540e-01 -3.56772857e-04 3.59292210e-04
1.24613388e-01 -4.45292068e-04 3.66143837e-04
1.24971233e-01 -2.00129056e-04 3.60990434e-04
1.25329077e-01 -3.50705113e-04 3.52612782e-04
1.25686919e-01 -8.19041617e-05 3.67994607e-04
1.26044758e-01 1.41589773e-04 3.61809687e-04
1.26402596e-01 -3.96706662e-04 3.59287544e-04
1.26760431e-01 7.78887662e-05 3.53385075e-04
1.27118265e-01 8.26266769e-04 3.51820224e-04
1.27476096e-01 3.12894876e-04 3.48286029e-04
1.27833925e-01 -1.60162845e-04 3.50571250e-04
1.28191752e-01 -2.11683510e-04 3.55143466e-04
1.28549577e-01 -1.65750771e-04 3.50987460e-04
1.28907400e-01 -2.49230940e-04 3.54852214e-04
1.29265221e-01 1.00189801e-04 3.47634849e-04
1.29623040e-01 -1.17525613e-04 3.53541223e-04
1.29980856e-01 1.92978456e-04 3.47933967e-04
1.30338670e-01 -3.06276898e-04 3.55450755e-04
1.30696483e-01 -1.38592274e-04 3.44943052e-04
1.31054293e-01 -5.66400809e-05 3.47133836e-04
1.31412101e-01 -1.79411603e-04 3.44308683e-04
1.31769906e-01 2.86240288e-04 3.35400429e-04
1.32127710e-01 3.30132236e-04 3.47961007e-04
1.32485511e-01 -1.39081725e-04 3.50294074e-04
1.32843311e-01 2.43002845e-04 3.43622329e-04
1.33201108e-01 6.26301037e-04 3.40805714e-04
1.33558903e-01 7.54170742e-04 3.45941520e-04
1.33916695e-01 -4.59570760e-04 3.47608178e-04
1.34274486e-01 2.60837402e-04 3.37282085e-04
1.34632274e-01 -5.72496948e-05 3.45097962e-04
1.34990060e-01 -5.92992096e-04 3.41521550e-04
1.35347844e-01 -2.78875277e-04 3.37731100e-04
1.35705626e-01 -4.58288299e-04 3.24951892e-04
1.36063405e-01 5.61629262e-04 3.38044879e-04
1.36421182e-01 -4.10758526e-04 3.37390798e-04
1.36778957e-01 2.38752461e-04 3.32240697e-04
1.37136730e-01 2.24999077e-05 3.31020410e-04
1.37494500e-01 -6.06690071e-04 3.29628730e-04
1.37852269e-01 1.98706872e-04 3.33571469e-04
1.38210034e-01 7.84870028e-05 3.36965090e-04
1.38567798e-01 8.45920891e-05 3.32797155e-04
1.38925559e-01 9.95562473e-05 3.40160089e-04
1.39283319e-01 -2.02345165e-04 3.27924629e-04
1.39641075e-01 3.20397564e-05 3.28307738e-04
1.39998830e-01 -1.72910907e-04 3.24017274e-04
1.40356582e-01 8.03168548e-05 3.33060686e-04
1.40714332e-01 -4.66980322e-04 3.28906217e-04
1.41072080e-01 2.98033343e-04 3.29896364e-04
1.41429825e-01 3.30084634e-04 3.37216510e-04
1.41787568e-01 -5.34141321e-04 3.22281129e-04
1.42145308e-01 -2.06470440e-04 3.18993326e-04
1.42503047e-01 -5.89173182e-05 3.24561261e-04
1.42860783e-01 5.35307684e-04 3.22809066e-04
1.43218516e-01 -2.27419412e-06 3.18720546e-04
1.43576247e-01 -1.40238214e-06 3.19699796e-04
1.43933976e-01 5.15623790e-04 3.23906610e-04
1.44291703e-01 -5.68452897e-05 3.22141961e-04
1.44649427e-01 -1.15638186e-04 3.17298022e-04
1.45007149e-01 -2.14765378e-04 3.16883742e-04
1.45364868e-01 9.87306877e-05 3.15935876e-04
1.45722585e-01 9.79094281e-05 3.22015516e-04
1.46080300e-01 -2.43052678e-04 3.18137229e-04
1.46438012e-01 1.01174566e-04 3.21834431e-04
1.46795722e-01 2.82913062e-04 3.18450119e-04
1.47153429e-01 2.06455773e-04 3.19553642e-04
1.47511134e-01 -7.36629129e-05 3.14399359e-04
1.47868837e-01 1.83909678e-04 3.18513649e-04
1.48226537e-01 1.21738048e-05 3.22664143e-04
1.48584235e-01 7.17102146e-04 3.22634912e-04
1.48941930e-01 1.25504196e-04 3.13105055e-04
1.49299623e-01 7.89490108e-04 3.15031223e-04
1.49657313e-01 -7.83590191e-04 3.12364912e-04
1.50015001e-01 -1.00820339e-04 3.12059000e-04
1.50372687e-01 2.01272000e-05 3.06692791e-04
1.50730370e-01 -1.85716890e-04 3.12681726e-04
1.51088050e-01 7.95959142e-05 3.17214285e-04
1.51445728e-01 1.00209720e-04 3.15422844e-04
1.51803404e-01 -5.85180091e-06 3.17368156e-04
1.52161077e-01 1.66365080e-04 3.20165337e-04
1.52518747e-01 1.07355378e-04 3.06505068e-04
1.52876416e-01 2.99779065e-04 3.08842822e-04
1.53234081e-01 6.78938493e-05 3.14848278e-04
1.53591744e-01 1.92258080e-04 3.06536367e-04
1.53949405e-01 6.15990018e-05 3.01412455e-04
1.54307063e-01 -3.10260580e-04 3.06497256e-04
1.54664718e-01 1.05099866e-04 3.09518365e-04
1.55022371e-01 -4.75145937e-04 3.00149904e-04
1.55380021e-01 -2.46178232e-05 3.07808853e-04
1.55737669e-01 3.22814165e-04 3.05930247e-04
1.56095314e-01 6.12674971e-05 3.04210814e-04
1.56452957e-01 -4.96983772e-04 3.09084379e-04
1.56810597e-01 1.31044990e-04 3.12446473e-04
1.57168235e-01 1.60902763e-04 2.99603841e-04
1.57525870e-01 -2.74423280e-05 3.08888237e-04
1.57883502e-01 -2.49192683e-04 2.99069646e-04
1.58241132e-01 -6.04167978e-04 2.99426306e-04
1.58598759e-01 -7.12696522e-06 3.03038736e-04
1.58956384e-01 5.51761609e-04 3.02482708e-04
1.59314006e-01 5.59548732e-04 2.99510776e-04
1.59671625e-01 -2.08209901e-04 2.99808500e-04
1.60029242e-01 -3.92687733e-04 2.98162857e-04
1.60386856e-01 7.17488029e-04 3.06749440e-04
1.60744468e-01 -4.15594560e-05 2.94372012e-04
1.61102076e-01 1.74208848e-04 2.95685288e-04
1.61459683e-01 -3.67094947e-04 2.91277933e-04
1.61817286e-01 3.77621256e-04 2.94024115e-04
1.62174887e-01 -3.72802589e-04 2.88779978e-04
1.62532485e-01 5.18958052e-05 2.96032631e-04
1.62890081e-01 -2.94890466e-04 2.96144366e-04
1.63247674e-01 -5.67177872e-05 2.96393080e-04
1.63605264e-01 1.81530258e-04 2.93111795e-04
1.63962852e-01 8.24489722e-05 3.02139337e-04
1.64320437e-01 5.48164029e-07 2.98762423e-04
1.64678019e-01 -1.59180323e-04 2.99099689e-04
1.65035598e-01 -4.56384731e-05 2.91449768e-04
1.65393175e-01 -1.04052557e-04 2.95544514e-04
1.65750749e-01 1.51878269e-04 2.97949143e-04
1.66108320e-01 -6.04689788e-04 2.87957009e-04
1.66465889e-01 9.77377841e-06 2.96295228e-04
1.66823455e-01 -5.27748687e-04 2.99415541e-04
1.67181018e-01 -3.01002924e-05 2.98345532e-04
1.67538578e-01 -4.05724355e-04 2.89873007e-04
1.67896136e-01 5.71695375e-04 2.97587188e-04
1.68253691e-01 1.20865695e-04 2.90824549e-04
1.68611243e-01 4.23653847e-04 2.90698442e-04
1.68968792e-01 3.77021657e-04 2.93923803e-04
1.69326339e-01 -1.89246944e-04 2.90977627e-04
1.69683883e-01 1.24940643e-04 2.82300808e-04
1.70041424e-01 -9.33462790e-05 2.87464491e-04
1.70398962e-01 9.29325332e-05 2.92416756e-04
1.70756497e-01 1.57689390e-04 2.83804568e-04
1.71114030e-01 2.45574186e-04 2.90362598e-04
1.71471560e-01 2.25450950e-04 2.94861761e-04
1.71829087e-01 4.14606778e-04 2.89446520e-04
1.72186611e-01 -9.47660211e-05 2.86497516e-04
1.72544132e-01 -9.56695913e-05 2.82824650e-04
1.72901651e-01 -2.72793836e-04 2.83630800e-04
1.73259167e-01 3.30353601e-04 2.86324046e-04
1.73616679e-01 -4.48456661e-04 2.80104724e-04
1.73974189e-01 -6.49197239e-05 2.83204134e-04
1.74331697e-01 -1.59531552e-04 2.86359141e-04
1.74689201e-01 -1.28951358e-04 2.76741669e-04
1.75046702e-01 -2.83273366e-04 2.79191487e-04
1.75404201e-01 -2.50692655e-04 2.80424367e-04
1.75761697e-01 -1.39744838e-04 2.76514287e-04
1.76119189e-01 -1.33568417e-04 2.74732788e-04
1.76476679e-01 1.92271567e-04 2.83581979e-04
1.76834166e-01 -1.19091659e-04 2.85437035e-04
1.77191650e-01 -3.65397687e-04 2.76582121e-04
1.77549132e-01 2.44120900e-05 2.74522539e-04
1.77906610e-01 -3.74386949e-04 2.76742563e-04
1.78264085e-01 -5.43568740e-04 2.81037684e-04
1.78621558e-01 8.87050697e-05 2.79142247e-04
1.78979027e-01 1.76163983e-04 2.78710925e-04
1.79336494e-01 -1.53989728e-04 2.78228474e-04
1.79693958e-01 1.47904676e-04 2.79997450e-04
1.80051418e-01 2.13925174e-04 2.80039063e-04
1.80408876e-01 -2.00413105e-04 2.80471579e-04
1.80766331e-01 1.91509053e-05 2.81114205e-04
1.81123783e-01 1.74385716e-05 2.77819942e-04
1.81481232e-01 6.62270158e-04 2.80603119e-04
1.81838677e-01 -2.44994024e-05 2.83297611e-04
1.82196120e-01 7.96213855e-05 2.85513335e-04
1.82553560e-01 -9.14828528e-05 2.86922800e-04
1.82910997e-01 -1.13769281e-04 2.79135098e-04
1.83268431e-01 1.65128894e-04 2.80267549e-04
1.83625862e-01 -2.00080264e-04 2.84952682e-04
1.83983290e-01 -8.68857940e-05 2.85445169e-04
1.84340715e-01 5.06188046e-05 2.82831563e-04
1.84698137e-01 2.55827512e-04 2.80409203e-04
1.85055556e-01 4.84731493e-04 2.85036484e-04
1.85412971e-01 8.82046533e-05 2.79340207e-04
1.85770384e-01 -4.54546042e-04 2.79259679e-04
1.86127794e-01 -5.28829853e-04 2.79560751e-04
1.86485200e-01 -1.05153848e-04 2.82960497e-04
1.86842604e-01 1.31985081e-04 2.77422252e-04
1.87200005e-01 -2.20223047e-04 2.72976638e-04
1.87557402e-01 3.64574830e-04 2.74405858e-04
1.87914797e-01 3.41019281e-04 2.76625893e-04
1.88272188e-01 2.81050826e-04 2.78297660e-04
1.88629576e-01 5.00763891e-05 2.77437270e-04
1.88986961e-01 -8.79284424e-05 2.74321963e-04
1.89344343e-01 3.16580246e-04 2.75784647e-04
1.89701722e-01 -1.11913154e-04 2.70706742e-04
1.90059098e-01 2.85530423e-04 2.72725765e-04
1.90416471e-01 1.05105065e-06 2.72938914e-04
1.90773840e-01 -3.66856493e-04 2.73199269e-04
1.91131207e-01 2.82491418e-05 2.69788606e-04
1.91488570e-01 -1.52718474e-04 2.72341613e-04
1.91845930e-01 -6.31264917e-04 2.71299775e-04
1.92203287e-01 1.44478857e-04 2.72262225e-04
1.92560641e-01 5.50645859e-04 2.66486533e-04
1.92917992e-01 3.05767306e-04 2.68181287e-04
1.93275340e-01 -2.71953637e-05 2.61749259e-04
1.93632684e-01 6.60527654e-05 2.73024056e-04
1.93990025e-01 -1.04566466e-04 2.74763295e-04
1.94347363e-01 8.62320310e-05 2.76211887e-04
1.94704698e-01 -3.96715602e-05 2.74779904e-04
1.95062030e-01 8.90947114e-05 2.69387039e-04
1.95419358e-01 5.46379599e-05 2.69756215e-04
1.95776684e-01 -1.83289848e-05 2.73073013e-04
1.96134006e-01 1.86433595e-04 2.71564666e-04
1.96491324e-01 -4.25160577e-05 2.70160328e-04
1.96848640e-01 3.10385452e-04 2.69638751e-04
1.97205953e-01 1.29349644e-04 2.65686041e-04
1.97563262e-01 -2.43559147e-04 2.69874925e-04
1.97920568e-01 -3.24180395e-04 2.70070627e-04
1.98277870e-01 -1.57113301e-07 2.75420248e-04
1.98635170e-01 -2.61479683e-04 2.75353682e-04
1.98992466e-01 2.82439831e-05 2.71438963e-04
1.99349759e-01 -1.39888645e-04 2.75971756e-04
1.99707049e-01 -8.92905284e-05 2.69851935e-04
2.00064335e-01 9.78279106e-05 2.67330367e-04
2.00421618e-01 -2.02171573e-04 2.69764312e-04
2.00778898e-01 2.51553769e-04 2.65747841e-04
2.01136174e-01 5.46263285e-04 2.66192739e-04
2.01493448e-01 2.62464046e-04 2.63681588e-04
2.01850718e-01 -2.69994779e-04 2.59986437e-04
2.02207984e-01 2.62566765e-05 2.64698294e-04
2.02565248e-01 1.25413778e-04 2.64677744e-04
2.02922508e-01 2.02247554e-04 2.61962158e-04
2.03279764e-01 -5.25558467e-04 2.55794216e-04
2.03637018e-01 -6.22701397e-04 2.57673553e-04
2.03994268e-01 -5.58343721e-04 2.56852532e-04
2.04351514e-01 -2.94794798e-04 2.54144838e-04
2.04708758e-01 -2.63546350e-05 2.56582999e-04
2.05065998e-01 -1.18276815e-04 2.61379821e-04
2.05423234e-01 2.38364418e-04 2.62307433e-04
2.05780467e-01 -1.22173575e-04 2.52827972e-04
2.06137697e-01 1.15004647e-04 2.54477519e-04
2.06494924e-01 8.29736649e-05 2.59045697e-04
2.06852147e-01 4.98702622e-05 2.55062300e-04
2.07209367e-01 8.91109222e-05 2.54505034e-04
2.07566583e-01 -1.99072466e-04 2.56053250e-04
2.07923796e-01 -1.54319468e-04 2.58315180e-04
2.08281005e-01 2.05053397e-04 2.57092767e-04
2.08638211e-01 2.43239935e-04 2.55756696e-04
2.08995414e-01 3.96317151e-05 2.50437656e-04
2.09352613e-01 1.81013674e-04 2.50627152e-04
2.09709809e-01 -4.95017965e-04 2.50652388e-04
2.10067002e-01 7.53320763e-05 2.51059726e-04
2.10424191e-01 -1.92580870e-04 2.51334714e-04
2.10781376e-01 -2.64126537e-04 2.52710420e-04
2.11138558e-01 2.69095583e-04 2.54200492e-04
2.11495737e-01 2.84139449e-04 2.48579981e-04
2.11852912e-01 5.47101985e-05 2.53649949e-04
2.12210084e-01 8.60762783e-05 2.51877099e-04
2.12567252e-01 -2.88903154e-06 2.53465165e-04
2.12924416e-01 1.94108596e-04 2.46123875e-04
2.13281578e-01 2.62521179e-04 2.54652094e-04
2.13638735e-01 4.13610179e-04 2.52155635e-04
2.13995890e-01 -3.63912733e-04 2.48313452e-04
2.14353040e-01 -3.60061011e-04 2.49132451e-04
2.14710188e-01 -2.80123765e-04 2.44055277e-04
2.15067331e-01 9.98164449e-05 2.46564828e-04
2.15424471e-01 1.39922052e-04 2.45282388e-04
2.15781608e-01 -1.59070187e-06 2.50371452e-04
2.16138741e-01 8.19857940e-06 2.44481722e-04
2.16495871e-01 -1.16276413e-04 2.50607376e-04
2.16852997e-01 -1.24088039e-04 2.42542647e-04
2.17210119e-01 7.51317823e-05 2.48771788e-04
2.17567238e-01 1.44135004e-04 2.50545093e-04
2.17924354e-01 -1.97631312e-04 2.43959479e-04
2.18281465e-01 -2.65478259e-04 2.38421836e-04
2.18638574e-01 -1.55622499e-04 2.44682932e-04
2.18995678e-01 3.08598089e-04 2.45136212e-04
2.19352779e-01 2.19496466e-04 2.41974509e-04
2.19709877e-01 1.55725155e-04 2.43306340e-04
2.20066971e-01 1.49121916e-04 2.44411159e-04
2.20424061e-01 -9.02762557e-06 2.41350170e-04
2.20781147e-01 1.05058496e-04 2.43801037e-04
2.21138230e-01 1.79471463e-04 2.37803025e-04
2.21495310e-01 -4.97531859e-04 2.39186444e-04
2.21852386e-01 2.45012701e-04 2.41768729e-04
2.22209458e-01 2.87502343e-04 2.42415060e-04
2.22566526e-01 1.54353015e-04 2.43032713e-04
2.22923591e-01 -3.36090459e-04 2.39219824e-04
2.23280652e-01 4.55721013e-05 2.43859456e-04
2.23637710e-01 2.18510736e-04 2.40618916e-04
2.23994764e-01 2.73070895e-04 2.38390052e-04
2.24351814e-01 2.25209960e-04 2.35796993e-04
2.24708861e-01 -1.23718813e-04 2.35223124e-04
2.25065904e-01 1.74153485e-05 2.37462933e-04
2.25422943e-01 -1.38358360e-04 2.36409381e-04
2.25779978e-01 -1.30849291e-04 2.37453866e-04
2.26137010e-01 1.38000892e-04 2.39664868e-04
2.26494038e-01 1.71885266e-04 2.36369638e-04
2.26851063e-01 -2.31823107e-05 2.35720800e-04
2.27208083e-01 6.49722443e-05 2.38424954e-04
2.27565100e-01 -3.35100012e-04 2.37050856e-04
2.27922114e-01 -1.36940558e-04 2.36313924e-04
2.28279123e-01 8.87647478e-05 2.34099990e-04
2.28636129e-01 -7.65965517e-05 2.37627869e-04
2.28993131e-01 3.64199925e-04 2.33364374e-04
2.29350129e-01 -5.50757295e-05 2.27271565e-04
2.29707124e-01 1.55138746e-04 2.35790997e-04
2.30064115e-01 4.14748334e-04 2.34912167e-04
2.30421102e-01 1.17736042e-04 2.38402283e-04
2.30778085e-01 3.48866189e-04 2.35617873e-04
2.31135064e-01 3.48949631e-04 2.34213709e-04
2.31492040e-01 -8.10846495e-05 2.34753502e-04
2.31849012e-01 -3.03989695e-04 2.32612349e-04
2.32205980e-01 -7.76880808e-05 2.31354555e-04
2.32562944e-01 5.01225254e-05 2.32296844e-04
2.32919905e-01 2.21320748e-04 2.31151989e-04
2.33276862e-01 1.16870952e-04 2.34946642e-04
2.33633814e-01 7.33672990e-05 2.34583504e-04
2.33990763e-01 -6.65531371e-05 2.27109071e-04
2.34347709e-01 6.00327339e-07 2.28494851e-04
2.34704650e-01 -1.55739738e-04 2.29442513e-04
2.35061588e-01 -3.23088539e-04 2.31292855e-04
2.35418521e-01 8.09620991e-05 2.25056862e-04
2.35775451e-01 2.71952077e-07 2.28692376e-04
2.36132377e-01 -4.96421194e-04 2.26723198e-04
2.36489299e-01 1.33003716e-04 2.28203566e-04
2.36846218e-01 1.32640038e-04 2.27478884e-04
2.37203132e-01 9.67415775e-05 2.23142101e-04
2.37560042e-01 -1.60058151e-04 2.25999200e-04
2.37916949e-01 3.57030101e-05 2.25849494e-04
2.38273852e-01 6.80751725e-05 2.22017717e-04
2.38630751e-01 2.08257739e-04 2.20286020e-04
2.38987645e-01 -4.36762328e-06 2.25130336e-04
2.39344537e-01 -5.08880582e-04 2.23071149e-04
2.39701424e-01 1.91619978e-04 2.26926086e-04
2.40058307e-01 4.15953608e-04 2.21591586e-04
2.40415186e-01 -2.72988485e-04 2.26235421e-04
2.40772061e-01 -1.39853859e-04 2.23173576e-04
2.41128933e-01 4.64673661e-04 2.22370083e-04
2.41485800e-01 -1.01754347e-04 2.22735602e-04
2.41842664e-01 -1.23911547e-05 2.22025675e-04
2.42199523e-01 2.64175944e-04 2.26035424e-04
2.42556379e-01 -2.35903905e-04 2.23450693e-04
2.42913230e-01 3.06942800e-05 2.22827058e-04
2.43270078e-01 -1.48088268e-04 2.25540916e-04
2.43626922e-01 -3.49997290e-05 2.22552883e-04
2.43983761e-01 -1.32179729e-05 2.17035391e-04
2.44340597e-01 -1.78359662e-04 2.16953813e-04
2.44697429e-01 -2.64150930e-04 2.17966106e-04
2.45054256e-01 2.50322479e-06 2.19317112e-04
2.45411080e-01 -1.49425277e-04 2.18535453e-04
2.45767900e-01 -1.42523643e-04 2.20491712e-04
2.46124715e-01 -1.95264283e-04 2.19683597e-04
2.46481527e-01 -5.24393951e-05 2.21732277e-04
2.46838334e-01 1.19763129e-04 2.19087153e-04
2.47195138e-01 -2.57757807e-05 2.16116962e-04
2.47551938e-01 1.55907182e-04 2.16887843e-04
2.47908733e-01 2.77621590e-05 2.17050039e-04
2.48265524e-01 -2.75268949e-04 2.16661255e-04
2.48622312e-01 -3.70029986e-04 2.13141313e-04
2.48979095e-01 4.23424480e-04 2.16032260e-04
2.49335874e-01 -3.98092433e-04 2.16177568e-04
2.49692649e-01 6.00715471e-05 2.14783262e-04
2.50049420e-01 2.39416456e-04 2.12286807e-04
2.50406187e-01 -2.67605184e-04 2.18609937e-04
2.50762950e-01 -1.70630381e-04 2.15321151e-04
2.51119709e-01 1.91618430e-05 2.13683004e-04
2.51476464e-01 1.93918852e-04 2.16315597e-04
2.51833214e-01 7.92345720e-05 2.13521071e-04
2.52189961e-01 -3.18116625e-05 2.12988038e-04
2.52546703e-01 3.40470967e-06 2.13489964e-04
2.52903441e-01 -1.50550525e-04 2.09774022e-04
2.53260175e-01 2.89575022e-05 2.14558430e-04
2.53616905e-01 -8.70355768e-05 2.14634302e-04
2.53973631e-01 -1.26651901e-05 2.14950763e-04
2.54330352e-01 7.47338602e-05 2.13022980e-04
2.54687070e-01 1.88024138e-04 2.11418157e-04
2.55043783e-01 4.26680734e-05 2.14120779e-04
2.55400492e-01 5.29108617e-05 2.11514245e-04
2.55757197e-01 -4.45161982e-05 2.11620672e-04
2.56113898e-01 5.27683321e-04 2.15923171e-04
2.56470595e-01 7.62173274e-05 2.14113414e-04
2.56827287e-01 -1.12921136e-04 2.11845322e-04
2.57183975e-01 4.33501604e-04 2.13064084e-04
2.57540659e-01 4.45648797e-05 2.12963720e-04
2.57897339e-01 -3.35268229e-05 2.14966162e-04
2.58254014e-01 -1.65401216e-04 2.12355007e-04
2.58610686e-01 -2.72984676e-04 2.14243799e-04
2.58967353e-01 -1.03991631e-04 2.16014364e-04
2.59324016e-01 -8.09260940e-05 2.16992061e-04
2.59680674e-01 -3.00630407e-04 2.16155359e-04
2.60037329e-01 8.23837952e-05 2.14715472e-04
2.60393979e-01 1.51095463e-04 2.17798321e-04
2.60750625e-01 -2.49075769e-04 2.12400607e-04
2.61107266e-01 2.10912955e-04 2.13254278e-04
2.61463904e-01 -4.65963846e-05 2.19085694e-04
2.61820537e-01 1.22055583e-04 2.19061325e-04
2.62177166e-01 1.08328950e-04 2.13344531e-04
2.62533790e-01 2.13871215e-04 2.16367431e-04
2.62890410e-01 3.20501073e-04 2.22818523e-04
2.63247026e-01 -1.27228011e-04 2.15089399e-04
2.63603638e-01 -1.00782825e-04 2.12937951e-04
2.63960245e-01 1.38057357e-04 2.16799808e-04
2.64316848e-01 1.22267081e-04 2.16302531e-04
2.64673447e-01 -2.05844016e-04 2.13051496e-04
2.65030042e-01 -6.43669921e-05 2.12046119e-04
2.65386632e-01 7.46743132e-05 2.13540292e-04
2.65743217e-01 -1.43789817e-05 2.12201457e-04
2.66099799e-01 -2.42939632e-04 2.12391926e-04
2.66456376e-01 5.05133684e-04 2.14510809e-04
2.66812948e-01 2.34232208e-04 2.13626296e-04
2.67169517e-01 1.06026092e-04 2.17998446e-04
2.67526081e-01 -2.22632593e-04 2.15219393e-04
2.67882640e-01 1.23626652e-05 2.16666280e-04
2.68239195e-01 -2.52982068e-04 2.18564593e-04
2.68595746e-01 -1.41504593e-04 2.19698962e-04
2.68952293e-01 -1.62559122e-05 2.15046448e-04
2.69308835e-01 -1.62296511e-04 2.16055517e-04
2.69665372e-01 3.47225628e-05 2.15876510e-04
2.70021906e-01 2.17512880e-04 2.20446784e-04
2.70378435e-01 -4.81196806e-05 2.19336765e-04
2.70734959e-01 2.06247702e-04 2.22853665e-04
2.71091479e-01 -7.27381380e-07 2.25067475e-04
2.71447995e-01 -6.24842798e-05 2.23778599e-04
2.71804506e-01 2.99929376e-06 2.23403111e-04
2.72161012e-01 -1.66151185e-04 2.24893105e-04
2.72517515e-01 -1.85607196e-05 2.25828869e-04
2.72874012e-01 3.52694634e-04 2.23040381e-04
