1.54026655e-02 2.49132300e-02 1.72404754e-03
1.57608633e-02 2.67399081e-02 1.78380107e-03
1.61190608e-02 2.45720797e-02 1.64553800e-03
1.64772580e-02 2.60561000e-02 1.60923108e-03
1.68354550e-02 2.86897022e-02 1.52409300e-03
1.71936517e-02 2.60089717e-02 1.46642727e-03
1.75518481e-02 2.49724661e-02 1.36463966e-03
1.79100442e-02 2.56856574e-02 1.46225892e-03
1.82682400e-02 2.58088109e-02 1.46709933e-03
1.86264355e-02 2.50067649e-02 1.29556921e-03
1.89846308e-02 2.42311306e-02 1.23018420e-03
1.93428257e-02 2.53229838e-02 1.21271070e-03
1.97010202e-02 2.54132945e-02 1.25679128e-03
2.00592145e-02 2.55138110e-02 1.19025503e-03
2.04174084e-02 2.49214366e-02 1.17448627e-03
2.07756020e-02 2.56474677e-02 1.19764598e-03
2.11337953e-02 2.51061152e-02 1.14515117e-03
2.14919882e-02 2.52493470e-02 1.13199349e-03
2.18501808e-02 2.47931273e-02 1.06183902e-03
2.22083729e-02 2.48884969e-02 1.10819295e-03
2.25665648e-02 2.52438619e-02 1.16920235e-03
2.29247562e-02 2.50836352e-02 1.15059014e-03
2.32829473e-02 2.48663688e-02 1.02788639e-03
2.36411380e-02 2.52359933e-02 1.07393859e-03
2.39993283e-02 2.67525249e-02 1.04860136e-03
2.43575182e-02 2.61277646e-02 1.08570425e-03
2.47157077e-02 2.49247521e-02 9.58971754e-04
2.50738968e-02 2.49769641e-02 9.53365438e-04
2.54320855e-02 2.45828811e-02 1.00163551e-03
2.57902738e-02 2.50899598e-02 9.59344599e-04
2.61484617e-02 2.48411161e-02 1.00258867e-03
2.65066491e-02 2.37194382e-02 9.53698423e-04
2.68648361e-02 2.43029713e-02 9.53297039e-04
2.72230226e-02 2.48689461e-02 9.37098844e-04
2.75812087e-02 2.32669711e-02 9.06341647e-04
2.79393943e-02 2.45092211e-02 9.34582718e-04
2.82975795e-02 2.57288215e-02 9.07975485e-04
2.86557642e-02 2.47503967e-02 9.26913983e-04
2.90139485e-02 2.62445967e-02 9.55844586e-04
2.93721323e-02 2.46723050e-02 9.39048947e-04
2.97303155e-02 2.47739137e-02 9.83892459e-04
3.00884983e-02 2.21563811e-02 9.37308830e-04
3.04466806e-02 2.31512770e-02 8.86114015e-04
3.08048624e-02 2.42198230e-02 9.48560548e-04
3.11630437e-02 2.41780900e-02 9.21220669e-04
3.15212245e-02 2.47093316e-02 9.13912903e-04
3.18794048e-02 2.36676691e-02 8.72151723e-04
3.22375845e-02 2.38278770e-02 9.20167560e-04
3.25957637e-02 2.40782168e-02 8.89812140e-04
3.29539424e-02 2.31587483e-02 8.92190460e-04
3.33121205e-02 2.29713582e-02 8.74260324e-04
3.36702981e-02 2.37774715e-02 9.18030681e-04
3.40284751e-02 2.38382023e-02 9.35764533e-04
3.43866516e-02 2.30198507e-02 8.51162266e-04
3.47448275e-02 2.20195453e-02 8.52307449e-04
3.51030028e-02 2.21518088e-02 8.18289837e-04
3.54611775e-02 2.13515771e-02 8.24578660e-04
3.58193517e-02 2.42079471e-02 8.53689417e-04
3.61775253e-02 2.37709365e-02 8.06509017e-04
3.65356983e-02 2.23068238e-02 8.23863885e-04
3.68938706e-02 2.21398858e-02 7.97643101e-04
3.72520424e-02 2.13276734e-02 8.31956056e-04
3.76102136e-02 2.23221923e-02 7.99962472e-04
3.79683841e-02 2.31455108e-02 8.02954317e-04
3.83265540e-02 2.25927979e-02 8.09031183e-04
3.86847233e-02 2.01334169e-02 7.89041493e-04
3.90428920e-02 2.20381657e-02 7.71557791e-04
3.94010600e-02 2.18876966e-02 7.64503222e-04
3.97592273e-02 2.28730118e-02 8.24647698e-04
4.01173941e-02 2.26425359e-02 7.52413990e-04
4.04755601e-02 2.07340672e-02 7.75393756e-04
4.08337255e-02 2.08892970e-02 7.82354508e-04
4.11918902e-02 2.08341936e-02 7.65678398e-04
4.15500542e-02 2.10661795e-02 7.38462138e-04
4.19082176e-02 2.04624147e-02 7.65948427e-04
4.22663802e-02 1.93219644e-02 7.29640472e-04
4.26245422e-02 1.94633722e-02 7.75808453e-04
4.29827034e-02 2.23186301e-02 7.51785324e-04
4.33408640e-02 2.03141933e-02 7.90971346e-04
4.36990238e-02 1.88954170e-02 7.54574405e-04
4.40571830e-02 1.92527422e-02 7.28163713e-04
4.44153414e-02 1.88980779e-02 7.47113579e-04
4.47734990e-02 2.00556011e-02 7.25320770e-04
4.51316560e-02 2.02457587e-02 7.72534462e-04
4.54898122e-02 2.08177613e-02 7.29569823e-04
4.58479676e-02 2.01972523e-02 7.55421108e-04
4.62061223e-02 1.87977612e-02 7.51660564e-04
4.65642762e-02 1.97054235e-02 7.30509186e-04
4.69224294e-02 1.85611118e-02 7.15606623e-04
4.72805818e-02 1.89589970e-02 7.43986227e-04
4.76387334e-02 1.84183665e-02 7.37820840e-04
4.79968842e-02 1.89532632e-02 7.18592284e-04
4.83550342e-02 1.83673964e-02 6.95293119e-04
4.87131835e-02 1.91454353e-02 7.34224809e-04
4.90713319e-02 1.89046779e-02 7.04410981e-04
4.94294795e-02 1.69164598e-02 6.67856748e-04
4.97876264e-02 1.74155997e-02 6.80027060e-04
5.01457724e-02 1.75789897e-02 6.88244753e-04
5.05039175e-02 1.89319437e-02 6.94585949e-04
5.08620619e-02 1.79388031e-02 6.57944090e-04
5.12202054e-02 1.76819196e-02 6.62893904e-04
5.15783481e-02 1.88276150e-02 6.56724594e-04
5.19364899e-02 1.74128488e-02 6.44173189e-04
5.22946308e-02 1.66793327e-02 6.62658457e-04
5.26527709e-02 1.63807909e-02 6.58481142e-04
5.30109102e-02 1.62731580e-02 6.44548933e-04
5.33690485e-02 1.69425959e-02 6.49316323e-04
5.37271860e-02 1.66159091e-02 6.74933227e-04
5.40853226e-02 1.61708620e-02 6.53161244e-04
5.44434583e-02 1.68575604e-02 6.12211661e-04
5.48015932e-02 1.60705930e-02 6.33952254e-04
5.51597271e-02 1.55975390e-02 6.11615273e-04
5.55178601e-02 1.69717893e-02 6.34416495e-04
5.58759922e-02 1.57196764e-02 6.04643481e-04
5.62341234e-02 1.60258494e-02 6.34833765e-04
5.65922536e-02 1.59301690e-02 6.38910744e-04
5.69503829e-02 1.53797955e-02 6.03377401e-04
5.73085113e-02 1.56236499e-02 5.85623582e-04
5.76666388e-02 1.46470500e-02 5.79618245e-04
5.80247653e-02 1.52243991e-02 5.99495300e-04
5.83828908e-02 1.49319633e-02 5.95633529e-04
5.87410154e-02 1.50564110e-02 6.12756626e-04
5.90991390e-02 1.43816262e-02 5.75357348e-04
5.94572616e-02 1.45533058e-02 5.83105814e-04
5.98153833e-02 1.55188488e-02 5.76648587e-04
6.01735040e-02 1.38334688e-02 5.69167556e-04
6.05316237e-02 1.42053082e-02 6.08428074e-04
6.08897424e-02 1.42236108e-02 5.58757331e-04
6.12478600e-02 1.41328433e-02 5.71793588e-04
6.16059767e-02 1.43979968e-02 5.82660564e-04
6.19640924e-02 1.29921684e-02 5.48826838e-04
6.23222071e-02 1.32143014e-02 5.67022906e-04
6.26803207e-02 1.43452229e-02 5.76091369e-04
6.30384333e-02 1.41363604e-02 5.63315891e-04
6.33965448e-02 1.39499379e-02 5.67541304e-04
6.37546554e-02 1.24657446e-02 5.63593723e-04
6.41127648e-02 1.25023128e-02 5.50448169e-04
6.44708732e-02 1.27108764e-02 5.42725155e-04
6.48289806e-02 1.30624611e-02 5.57306676e-04
6.51870869e-02 1.25322375e-02 5.54958873e-04
6.55451921e-02 1.27660306e-02 5.28738628e-04
6.59032962e-02 1.14467137e-02 5.17900060e-04
6.62613993e-02 1.29152366e-02 5.64130046e-04
6.66195012e-02 1.28349810e-02 5.49747815e-04
6.69776021e-02 1.20379061e-02 5.26864471e-04
6.73357019e-02 1.28699579e-02 5.43786568e-04
6.76938005e-02 1.29082761e-02 5.59051573e-04
6.80518981e-02 1.23755853e-02 5.14731064e-04
6.84099945e-02 1.07892020e-02 5.06386975e-04
6.87680898e-02 1.16234773e-02 5.17832419e-04
6.91261840e-02 1.15041503e-02 5.04186348e-04
6.94842770e-02 1.10531237e-02 5.20279961e-04
6.98423689e-02 1.17170927e-02 5.13363219e-04
7.02004596e-02 1.19773368e-02 5.01218417e-04
7.05585492e-02 1.07137341e-02 5.14352662e-04
7.09166377e-02 1.09962557e-02 5.29290987e-04
7.12747249e-02 1.08856734e-02 5.07980959e-04
7.16328110e-02 9.75164832e-03 5.15296850e-04
7.19908959e-02 1.06447045e-02 5.05490625e-04
7.23489796e-02 1.12332088e-02 5.17219553e-04
7.27070622e-02 9.57849779e-03 5.12487335e-04
7.30651435e-02 1.01729778e-02 4.95829091e-04
7.34232237e-02 1.10727762e-02 5.09755017e-04
7.37813026e-02 1.01386157e-02 5.13034397e-04
7.41393803e-02 1.02036179e-02 5.00858834e-04
7.44974568e-02 9.74922495e-03 5.14608352e-04
7.48555321e-02 9.72008547e-03 5.10985392e-04
7.52136061e-02 8.99051437e-03 4.97011608e-04
7.55716789e-02 9.89003641e-03 5.11561272e-04
7.59297505e-02 8.17434807e-03 4.86654547e-04
7.62878208e-02 9.79236213e-03 4.97473113e-04
7.66458899e-02 9.82254454e-03 4.87323754e-04
7.70039577e-02 8.97539794e-03 4.98407591e-04
7.73620242e-02 9.29208507e-03 4.75921301e-04
7.77200895e-02 9.53094011e-03 4.90588803e-04
7.80781535e-02 8.94831835e-03 4.86940162e-04
7.84362162e-02 8.91400088e-03 4.63365021e-04
7.87942776e-02 8.75086486e-03 4.69689752e-04
7.91523377e-02 8.69553068e-03 4.86688705e-04
7.95103965e-02 8.01637317e-03 4.74732960e-04
7.98684540e-02 8.69948930e-03 4.70429642e-04
8.02265102e-02 8.74940705e-03 4.88695747e-04
8.05845651e-02 7.41955624e-03 4.85041026e-04
8.09426186e-02 8.86946970e-03 4.69301762e-04
8.13006709e-02 8.05879414e-03 4.69631370e-04
8.16587217e-02 7.77169751e-03 4.84034170e-04
8.20167713e-02 7.36160015e-03 4.54278087e-04
8.23748195e-02 8.31108668e-03 4.70258024e-04
8.27328663e-02 8.41325496e-03 4.69339931e-04
8.30909118e-02 7.96098837e-03 4.62562168e-04
8.34489559e-02 7.48387830e-03 4.53964419e-04
8.38069986e-02 7.32806377e-03 4.63253122e-04
8.41650400e-02 7.27689748e-03 4.54634434e-04
8.45230800e-02 7.00136228e-03 4.50573322e-04
8.48811185e-02 8.07831072e-03 4.67192624e-04
8.52391557e-02 7.54141303e-03 4.76603816e-04
8.55971915e-02 7.56177491e-03 4.66130828e-04
8.59552259e-02 7.09748211e-03 4.60743598e-04
8.63132589e-02 6.74199667e-03 4.69630359e-04
8.66712904e-02 7.03578793e-03 4.67557073e-04
8.70293205e-02 6.37332718e-03 4.59386610e-04
8.73873492e-02 6.09067552e-03 4.57806637e-04
8.77453765e-02 6.65600514e-03 4.47430045e-04
8.81034023e-02 6.09765843e-03 4.47313868e-04
8.84614267e-02 6.82433551e-03 4.39448917e-04
8.88194496e-02 6.40109711e-03 4.48246183e-04
8.91774710e-02 6.34811179e-03 4.45508646e-04
8.95354910e-02 6.23769836e-03 4.46817993e-04
8.98935095e-02 6.26691968e-03 4.47792257e-04
9.02515266e-02 5.94577900e-03 4.31144506e-04
9.06095421e-02 6.59420671e-03 4.45787343e-04
9.09675562e-02 7.08172213e-03 4.43409398e-04
9.13255687e-02 6.99636911e-03 4.42861885e-04
9.16835798e-02 5.62931599e-03 4.47219037e-04
9.20415894e-02 5.81575251e-03 4.43609084e-04
9.23995974e-02 6.28403796e-03 4.52427905e-04
9.27576039e-02 5.86745672e-03 4.33709660e-04
9.31156089e-02 5.80375030e-03 4.42905819e-04
9.34736124e-02 5.43991343e-03 4.45486773e-04
9.38316143e-02 6.59640224e-03 4.34643983e-04
9.41896147e-02 5.30011858e-03 4.33365837e-04
9.45476136e-02 4.97532958e-03 4.38036594e-04
9.49056108e-02 5.37210440e-03 4.33459072e-04
9.52636066e-02 5.42505044e-03 4.29247336e-04
9.56216007e-02 4.41035880e-03 4.22338395e-04
9.59795933e-02 5.42481497e-03 4.17768131e-04
9.63375843e-02 4.78266518e-03 4.22608251e-04
9.66955738e-02 4.89569178e-03 4.24766413e-04
9.70535616e-02 4.63112124e-03 4.22800885e-04
9.74115478e-02 4.89315719e-03 4.19221433e-04
9.77695325e-02 5.40912786e-03 4.27285941e-04
9.81275155e-02 4.38456924e-03 4.18555186e-04
9.84854969e-02 5.03128467e-03 4.31046814e-04
9.88434768e-02 4.95430822e-03 4.07737599e-04
9.92014549e-02 3.96343469e-03 4.17349627e-04
9.95594315e-02 4.92398826e-03 4.15653560e-04
9.99174064e-02 5.13839054e-03 4.20582705e-04
1.00275380e-01 4.52759771e-03 4.14445376e-04
1.00633351e-01 4.16464289e-03 4.07533377e-04
1.00991321e-01 4.50585973e-03 4.05510051e-04
1.01349290e-01 4.39738173e-03 3.98961314e-04
1.01707256e-01 4.51869966e-03 4.01998868e-04
1.02065221e-01 3.49770812e-03 4.22458477e-04
1.02423184e-01 4.96531967e-03 4.19711404e-04
1.02781146e-01 4.00266892e-03 4.06968498e-04
1.03139106e-01 3.76756652e-03 4.02977995e-04
1.03497064e-01 5.21936259e-03 4.10650626e-04
1.03855021e-01 3.78131434e-03 4.11520420e-04
1.04212976e-01 3.57375023e-03 3.88868200e-04
1.04570929e-01 3.37141168e-03 3.94294875e-04
1.04928880e-01 3.35806823e-03 4.13414893e-04
1.05286830e-01 3.36104916e-03 4.04847094e-04
1.05644778e-01 3.11643095e-03 4.06139469e-04
1.06002724e-01 3.65156796e-03 4.14925671e-04
1.06360668e-01 3.68033322e-03 4.20865177e-04
1.06718611e-01 3.49233189e-03 4.17717011e-04
1.07076552e-01 3.59414652e-03 4.22014588e-04
1.07434491e-01 4.25231577e-03 4.17265378e-04
1.07792429e-01 2.90332187e-03 4.08874092e-04
1.08150364e-01 3.17519791e-03 4.09608137e-04
1.08508298e-01 3.41026862e-03 4.14330101e-04
1.08866230e-01 3.70070358e-03 4.05028277e-04
1.09224160e-01 3.31307776e-03 4.03761009e-04
1.09582089e-01 3.68985997e-03 4.11889909e-04
1.09940016e-01 2.91363284e-03 4.10041170e-04
1.10297941e-01 3.09402932e-03 3.86771525e-04
1.10655864e-01 2.80207584e-03 3.95268988e-04
1.11013785e-01 3.42837878e-03 3.90695376e-04
1.11371704e-01 2.54759590e-03 3.98201422e-04
1.11729622e-01 2.54776764e-03 4.00753291e-04
1.12087538e-01 2.46649005e-03 3.90914578e-04
1.12445452e-01 2.85982161e-03 3.90701557e-04
1.12803364e-01 3.00544628e-03 3.91834229e-04
1.13161274e-01 3.10238554e-03 3.97586779e-04
1.13519182e-01 2.34549207e-03 3.79337798e-04
1.13877089e-01 2.69414299e-03 3.88673975e-04
1.14234994e-01 2.41731954e-03 3.83358975e-04
1.14592896e-01 2.95091029e-03 3.71234032e-04
1.14950797e-01 2.39309529e-03 3.83034927e-04
1.15308696e-01 2.83653885e-03 3.75165266e-04
1.15666593e-01 2.74937078e-03 3.76202366e-04
1.16024488e-01 2.55267212e-03 3.77235776e-04
1.16382382e-01 2.58176776e-03 3.70317944e-04
1.16740273e-01 2.40136622e-03 3.81115567e-04
1.17098163e-01 2.52163873e-03 3.85799508e-04
1.17456050e-01 2.40098607e-03 3.66327050e-04
1.17813936e-01 1.72460327e-03 3.76494301e-04
1.18171819e-01 2.70937367e-03 3.85258614e-04
1.18529701e-01 2.20132000e-03 3.82940616e-04
1.18887581e-01 2.37073515e-03 3.71944291e-04
1.19245459e-01 2.17067552e-03 3.88502049e-04
1.19603335e-01 2.02485096e-03 3.79586205e-04
1.19961208e-01 2.12567283e-03 3.81331173e-04
1.20319080e-01 2.40614126e-03 3.75283429e-04
1.20676950e-01 2.48383300e-03 3.83010581e-04
1.21034818e-01 1.48414788e-03 3.73013089e-04
1.21392684e-01 2.37573327e-03 3.78881987e-04
1.21750548e-01 2.13961655e-03 3.76564120e-04
1.22108410e-01 1.80797529e-03 3.90915523e-04
1.22466270e-01 2.18104969e-03 3.75473392e-04
1.22824128e-01 2.27297605e-03 3.91720184e-04
1.23181984e-01 2.54851743e-03 3.84976784e-04
1.23539838e-01 8.76882747e-04 3.71972147e-04
1.23897690e-01 1.82643890e-03 3.84647109e-04
1.24255540e-01 1.95103153e-03 3.80475110e-04
1.24613388e-01 2.35470037e-03 3.76738104e-04
1.24971233e-01 2.38911362e-03 3.69907376e-04
1.25329077e-01 2.09389063e-03 3.72574407e-04
1.25686919e-01 1.47955896e-03 3.67064473e-04
1.26044758e-01 1.89239439e-03 3.55706804e-04
1.26402596e-01 1.36393678e-03 3.70843324e-04
1.26760431e-01 1.49853303e-03 3.57968128e-04
1.27118265e-01 1.93568811e-03 3.67656052e-04
1.27476096e-01 7.16992311e-04 3.64744598e-04
1.27833925e-01 1.50954900e-03 3.53670839e-04
1.28191752e-01 1.44325722e-03 3.55852187e-04
1.28549577e-01 1.48451380e-03 3.59489398e-04
1.28907400e-01 1.94108172e-03 3.57244477e-04
1.29265221e-01 2.07440303e-03 3.57043072e-04
1.29623040e-01 1.38162200e-03 3.56275356e-04
1.29980856e-01 1.88282623e-03 3.52261163e-04
1.30338670e-01 2.18519406e-03 3.62421147e-04
1.30696483e-01 1.41500777e-03 3.45659849e-04
1.31054293e-01 1.24207395e-03 3.49199570e-04
1.31412101e-01 1.60701136e-03 3.49033380e-04
1.31769906e-01 1.36338338e-03 3.56371314e-04
1.32127710e-01 1.69224484e-03 3.47343632e-04
1.32485511e-01 9.51076213e-04 3.48862491e-04
1.32843311e-01 1.34986300e-03 3.46973411e-04
1.33201108e-01 1.25244962e-03 3.46440954e-04
1.33558903e-01 1.73361806e-03 3.53749699e-04
1.33916695e-01 1.05800336e-03 3.46567489e-04
1.34274486e-01 1.63516932e-03 3.49078081e-04
1.34632274e-01 1.28930437e-03 3.39757660e-04
1.34990060e-01 1.57693735e-03 3.38718843e-04
1.35347844e-01 1.58627901e-03 3.42491404e-04
1.35705626e-01 1.24172357e-03 3.45430578e-04
1.36063405e-01 2.01763738e-03 3.42687931e-04
1.36421182e-01 1.36683688e-03 3.46691112e-04
1.36778957e-01 1.75043041e-03 3.41896331e-04
1.37136730e-01 1.17904585e-03 3.42709229e-04
1.37494500e-01 7.26849798e-04 3.38092459e-04
1.37852269e-01 1.25087336e-03 3.43738586e-04
1.38210034e-01 8.66888474e-04 3.32106500e-04
1.38567798e-01 1.12666668e-03 3.35206543e-04
1.38925559e-01 1.14809873e-03 3.36435668e-04
1.39283319e-01 8.51966455e-04 3.30576307e-04
1.39641075e-01 6.11168362e-04 3.29010965e-04
1.39998830e-01 1.02187770e-03 3.32107869e-04
1.40356582e-01 9.67506320e-04 3.31712370e-04
1.40714332e-01 8.63898706e-04 3.25128919e-04
1.41072080e-01 1.25427359e-03 3.28844071e-04
1.41429825e-01 1.27451252e-03 3.36717340e-04
1.41787568e-01 1.51495548e-03 3.32530295e-04
1.42145308e-01 1.50412460e-03 3.30902125e-04
1.42503047e-01 9.00289475e-04 3.23876901e-04
1.42860783e-01 6.68860378e-04 3.30022785e-04
1.43218516e-01 1.34992275e-03 3.25163948e-04
1.43576247e-01 1.12264649e-03 3.29094153e-04
1.43933976e-01 9.39811457e-04 3.29565289e-04
1.44291703e-01 8.45521121e-04 3.26855598e-04
1.44649427e-01 1.24924164e-03 3.24248873e-04
1.45007149e-01 1.17607339e-03 3.29113100e-04
1.45364868e-01 5.49475335e-04 3.23110033e-04
1.45722585e-01 7.62185351e-04 3.21743766e-04
1.46080300e-01 8.13815829e-04 3.24980573e-04
1.46438012e-01 4.53632767e-04 3.15180341e-04
1.46795722e-01 1.63393091e-03 3.26196806e-04
1.47153429e-01 9.38683231e-04 3.23647643e-04
1.47511134e-01 1.32710615e-03 3.15423678e-04
1.47868837e-01 1.44946945e-03 3.23085226e-04
1.48226537e-01 1.46677554e-03 3.15074245e-04
1.48584235e-01 1.24296709e-03 3.16281528e-04
1.48941930e-01 6.82170696e-04 3.19469590e-04
1.49299623e-01 1.43641728e-03 3.20233769e-04
1.49657313e-01 8.16202068e-04 3.17131713e-04
1.50015001e-01 1.05685531e-03 3.15429954e-04
1.50372687e-01 1.20197352e-03 3.17079459e-04
1.50730370e-01 9.59963635e-04 3.16337707e-04
1.51088050e-01 5.94557595e-04 3.11811070e-04
1.51445728e-01 6.08633285e-04 3.12984204e-04
1.51803404e-01 4.91536138e-04 3.24617487e-04
1.52161077e-01 3.93833489e-04 3.24109451e-04
1.52518747e-01 6.63371957e-04 3.16667178e-04
1.52876416e-01 1.78419724e-03 3.14759583e-04
1.53234081e-01 1.13952561e-03 3.15787428e-04
1.53591744e-01 8.49573662e-04 3.08249868e-04
1.53949405e-01 7.96321724e-04 3.11426285e-04
1.54307063e-01 9.76608847e-04 3.08463347e-04
1.54664718e-01 1.22125873e-03 3.12551388e-04
1.55022371e-01 7.55125164e-04 3.10508453e-04
1.55380021e-01 6.13558504e-04 3.05556145e-04
1.55737669e-01 9.32494895e-04 3.00260295e-04
1.56095314e-01 1.06444800e-03 3.06565692e-04
1.56452957e-01 7.87962117e-04 3.11709288e-04
1.56810597e-01 4.55291338e-04 3.04165135e-04
1.57168235e-01 5.55633890e-04 3.00612328e-04
1.57525870e-01 7.34542129e-04 3.02918213e-04
1.57883502e-01 5.44385835e-04 3.05591811e-04
1.58241132e-01 6.04590374e-04 3.05669198e-04
1.58598759e-01 9.85726081e-04 3.03017135e-04
1.58956384e-01 1.45436917e-03 3.08808038e-04
1.59314006e-01 7.24174074e-04 3.05591472e-04
1.59671625e-01 2.71741360e-04 3.02820523e-04
1.60029242e-01 7.24870158e-04 3.05409891e-04
1.60386856e-01 4.73364132e-04 3.04135567e-04
1.60744468e-01 4.12278350e-04 2.95457054e-04
1.61102076e-01 5.55852687e-04 2.98544753e-04
1.61459683e-01 5.69388608e-04 3.00299283e-04
1.61817286e-01 8.14760222e-04 2.98197634e-04
1.62174887e-01 3.94887900e-04 2.98424915e-04
1.62532485e-01 6.42258189e-04 3.00114717e-04
1.62890081e-01 5.73071756e-04 2.92732863e-04
1.63247674e-01 4.88105879e-04 3.03154842e-04
1.63605264e-01 2.52216963e-04 2.97375638e-04
1.63962852e-01 9.27492740e-04 2.95547514e-04
1.64320437e-01 3.87170824e-04 2.90590172e-04
1.64678019e-01 4.90309439e-04 2.95602252e-04
1.65035598e-01 6.16485629e-04 2.98382170e-04
1.65393175e-01 1.04132817e-03 2.91918404e-04
1.65750749e-01 5.66065015e-04 2.92938356e-04
1.66108320e-01 6.36248203e-04 2.94197101e-04
1.66465889e-01 4.02155248e-04 2.94715746e-04
1.66823455e-01 6.85923306e-04 2.94538292e-04
1.67181018e-01 9.72651674e-04 2.92660811e-04
1.67538578e-01 4.74744006e-04 2.93409872e-04
1.67896136e-01 7.03497066e-04 2.95175544e-04
1.68253691e-01 7.60219171e-05 2.93670418e-04
1.68611243e-01 8.35874894e-04 2.94261811e-04
1.68968792e-01 4.62773474e-04 2.90694408e-04
1.69326339e-01 9.03998480e-04 2.92088863e-04
1.69683883e-01 3.94948086e-04 2.87847798e-04
1.70041424e-01 3.34420016e-04 2.93070390e-04
1.70398962e-01 5.62998184e-04 2.90608242e-04
1.70756497e-01 -2.53334353e-04 2.86686073e-04
1.71114030e-01 7.69293512e-04 2.93386758e-04
1.71471560e-01 9.55672696e-04 2.86012572e-04
1.71829087e-01 3.74391485e-04 2.88657999e-04
1.72186611e-01 4.34196124e-04 2.92647958e-04
1.72544132e-01 6.02256811e-04 2.91679444e-04
1.72901651e-01 -2.63096186e-04 2.89754436e-04
1.73259167e-01 2.40861017e-04 2.83031170e-04
1.73616679e-01 3.24014291e-04 2.83045418e-04
1.73974189e-01 1.39938562e-04 2.79726457e-04
1.74331697e-01 4.46991372e-04 2.84318211e-04
1.74689201e-01 2.77888822e-04 2.85915573e-04
1.75046702e-01 5.72029547e-04 2.88245824e-04
1.75404201e-01 6.27671249e-04 2.89995141e-04
1.75761697e-01 7.27354958e-04 2.83183570e-04
1.76119189e-01 1.00980948e-03 2.77881919e-04
1.76476679e-01 9.35271132e-04 2.83116106e-04
1.76834166e-01 1.07719939e-03 2.83634198e-04
1.77191650e-01 -4.43026861e-05 2.81573385e-04
1.77549132e-01 4.90235426e-04 2.78804584e-04
1.77906610e-01 5.00951745e-04 2.77657186e-04
1.78264085e-01 4.78022040e-04 2.79433935e-04
1.78621558e-01 1.80533450e-04 2.78520224e-04
1.78979027e-01 4.71780045e-04 2.76744480e-04
1.79336494e-01 4.36449459e-04 2.76359647e-04
1.79693958e-01 6.57727296e-04 2.77447056e-04
1.80051418e-01 -2.59083328e-04 2.74677191e-04
1.80408876e-01 1.98014045e-04 2.83621242e-04
1.80766331e-01 5.39529883e-04 2.79550047e-04
1.81123783e-01 6.19795000e-04 2.78975961e-04
1.81481232e-01 4.03134072e-04 2.79410135e-04
1.81838677e-01 4.43800964e-04 2.74945337e-04
1.82196120e-01 1.81007329e-04 2.88182643e-04
1.82553560e-01 3.85568779e-04 2.84662463e-04
1.82910997e-01 3.88924991e-04 2.82175417e-04
1.83268431e-01 5.95455417e-04 2.85937570e-04
1.83625862e-01 2.77909519e-04 2.80614374e-04
1.83983290e-01 2.22630317e-05 2.85180736e-04
1.84340715e-01 2.18100836e-04 2.85883454e-04
1.84698137e-01 2.21554866e-04 2.82252623e-04
1.85055556e-01 5.47102419e-04 2.76228660e-04
1.85412971e-01 -1.25220153e-04 2.79901660e-04
1.85770384e-01 7.14029419e-04 2.87750630e-04
1.86127794e-01 2.28064950e-04 2.86355426e-04
1.86485200e-01 2.78212308e-04 2.74838954e-04
1.86842604e-01 4.98501719e-04 2.86804551e-04
1.87200005e-01 3.35423994e-04 2.76700917e-04
1.87557402e-01 5.24397166e-04 2.79203946e-04
1.87914797e-01 3.82598588e-04 2.74014380e-04
1.88272188e-01 3.09511598e-04 2.76647692e-04
1.88629576e-01 4.91739371e-04 2.74391544e-04
1.88986961e-01 5.00459196e-04 2.81979774e-04
1.89344343e-01 8.16817669e-04 2.79060001e-04
1.89701722e-01 2.76814263e-04 2.71287210e-04
1.90059098e-01 3.24278491e-04 2.69568285e-04
1.90416471e-01 1.62250303e-04 2.76629968e-04
1.90773840e-01 4.69570619e-04 2.72855881e-04
1.91131207e-01 3.99148256e-04 2.73790528e-04
1.91488570e-01 5.08908933e-04 2.71023046e-04
1.91845930e-01 3.60117627e-04 2.65554062e-04
1.92203287e-01 6.19662329e-04 2.70851752e-04
1.92560641e-01 2.09641638e-04 2.68561208e-04
1.92917992e-01 3.78379573e-05 2.66381515e-04
1.93275340e-01 6.18213205e-04 2.70881585e-04
1.93632684e-01 3.64674003e-04 2.70540962e-04
1.93990025e-01 8.89319431e-04 2.69140271e-04
1.94347363e-01 5.42050124e-04 2.75298057e-04
1.94704698e-01 8.66069132e-04 2.72589073e-04
1.95062030e-01 5.06889600e-04 2.71854380e-04
1.95419358e-01 4.80559801e-04 2.70793903e-04
1.95776684e-01 5.62538130e-04 2.73945749e-04
1.96134006e-01 -2.13865244e-04 2.72422666e-04
1.96491324e-01 2.03514318e-04 2.77997294e-04
1.96848640e-01 4.44469987e-04 2.74700059e-04
1.97205953e-01 3.29282596e-04 2.78348507e-04
1.97563262e-01 -1.03181396e-04 2.72881121e-04
1.97920568e-01 4.35913703e-04 2.73832128e-04
1.98277870e-01 1.07900973e-04 2.68776475e-04
1.98635170e-01 1.86595278e-04 2.76987387e-04
1.98992466e-01 3.30970823e-04 2.67180459e-04
1.99349759e-01 4.04178616e-04 2.74795365e-04
1.99707049e-01 -1.27262383e-04 2.62992124e-04
2.00064335e-01 6.39493867e-04 2.67140293e-04
2.00421618e-01 1.71064273e-05 2.71312703e-04
2.00778898e-01 3.67410998e-04 2.67715028e-04
2.01136174e-01 5.54417494e-05 2.66663789e-04
2.01493448e-01 3.03134280e-04 2.61872159e-04
2.01850718e-01 4.52544475e-04 2.61669669e-04
2.02207984e-01 3.57037069e-06 2.64860077e-04
2.02565248e-01 4.27208228e-04 2.59511800e-04
2.02922508e-01 5.97738419e-04 2.68005963e-04
2.03279764e-01 3.60801144e-04 2.58794244e-04
2.03637018e-01 9.71736805e-05 2.57981717e-04
2.03994268e-01 2.67536916e-05 2.56984237e-04
2.04351514e-01 -5.86001190e-05 2.55590531e-04
2.04708758e-01 3.07337208e-04 2.55119221e-04
2.05065998e-01 9.37075574e-05 2.62700218e-04
2.05423234e-01 2.64734339e-04 2.54686232e-04
2.05780467e-01 2.26300356e-04 2.57066064e-04
2.06137697e-01 -5.36203600e-05 2.57249967e-04
2.06494924e-01 2.01404846e-04 2.59974674e-04
2.06852147e-01 6.77962905e-04 2.55308840e-04
2.07209367e-01 3.52671346e-04 2.59595222e-04
2.07566583e-01 3.58516730e-04 2.59469305e-04
2.07923796e-01 4.28609720e-04 2.60436484e-04
2.08281005e-01 2.88171617e-05 2.56138964e-04
2.08638211e-01 2.93318465e-04 2.56575021e-04
2.08995414e-01 1.73895475e-04 2.53283831e-04
2.09352613e-01 4.02225169e-04 2.58965008e-04
2.09709809e-01 4.02475075e-04 2.57205495e-04
2.10067002e-01 1.53686125e-05 2.52280236e-04
2.10424191e-01 6.27484127e-04 2.53444821e-04
2.10781376e-01 2.57714742e-04 2.52550216e-04
2.11138558e-01 4.25637554e-04 2.53409540e-04
2.11495737e-01 7.07058425e-04 2.51572334e-04
2.11852912e-01 4.20613276e-05 2.54130162e-04
2.12210084e-01 1.06930758e-04 2.50161844e-04
2.12567252e-01 -2.67702773e-06 2.53457552e-04
2.12924416e-01 2.05170881e-04 2.45373961e-04
2.13281578e-01 5.43137225e-04 2.50658842e-04
2.13638735e-01 3.15747391e-04 2.53214026e-04
2.13995890e-01 2.24460638e-04 2.46777139e-04
2.14353040e-01 2.24065647e-04 2.50772483e-04
2.14710188e-01 -9.62259309e-05 2.46140170e-04
2.15067331e-01 1.23382767e-04 2.49375723e-04
2.15424471e-01 5.38597869e-04 2.44764950e-04
2.15781608e-01 9.47795830e-05 2.53866797e-04
2.16138741e-01 1.52608084e-04 2.48671052e-04
2.16495871e-01 1.06454557e-04 2.49628330e-04
2.16852997e-01 1.85091395e-04 2.48219940e-04
2.17210119e-01 -7.33168229e-06 2.43200115e-04
2.17567238e-01 -3.47219322e-04 2.45210663e-04
2.17924354e-01 2.26724856e-04 2.41614677e-04
2.18281465e-01 -1.63958875e-04 2.48562906e-04
2.18638574e-01 1.27582600e-04 2.50903185e-04
2.18995678e-01 3.28745224e-04 2.40983219e-04
2.19352779e-01 2.89536173e-04 2.38932949e-04
2.19709877e-01 8.18609081e-05 2.43364057e-04
2.20066971e-01 2.89007917e-04 2.43252825e-04
2.20424061e-01 2.83961449e-04 2.40662942e-04
2.20781147e-01 7.67864963e-04 2.41684158e-04
2.21138230e-01 -4.28096611e-05 2.39850680e-04
2.21495310e-01 3.00524911e-04 2.43221122e-04
2.21852386e-01 3.10927830e-04 2.40676832e-04
2.22209458e-01 -9.92540334e-05 2.38165144e-04
2.22566526e-01 3.64282537e-05 2.35266517e-04
2.22923591e-01 6.33357005e-04 2.41060283e-04
2.23280652e-01 2.74877563e-04 2.41743121e-04
2.23637710e-01 8.96902951e-05 2.41731193e-04
2.23994764e-01 4.10006575e-04 2.35924900e-04
2.24351814e-01 -4.98637811e-05 2.40258330e-04
2.24708861e-01 5.22886806e-04 2.42116886e-04
2.25065904e-01 4.75241497e-04 2.41004947e-04
2.25422943e-01 4.43048958e-04 2.39564890e-04
2.25779978e-01 3.03827451e-04 2.40702958e-04
2.26137010e-01 6.38280990e-04 2.34883376e-04
2.26494038e-01 1.68335328e-04 2.37024714e-04
2.26851063e-01 1.16565031e-04 2.39745652e-04
2.27208083e-01 -8.24248374e-06 2.40587991e-04
2.27565100e-01 3.17403052e-04 2.37524331e-04
2.27922114e-01 1.77650481e-04 2.34787691e-04
2.28279123e-01 3.09460713e-06 2.33982075e-04
2.28636129e-01 -8.39303206e-05 2.37239945e-04
2.28993131e-01 7.50427322e-05 2.31855572e-04
2.29350129e-01 3.64425486e-04 2.30539508e-04
2.29707124e-01 -1.19020674e-04 2.32830364e-04
2.30064115e-01 7.45141683e-04 2.36118498e-04
2.30421102e-01 3.70054619e-04 2.39600129e-04
2.30778085e-01 5.80685083e-04 2.38088409e-04
2.31135064e-01 4.45323961e-04 2.33211207e-04
2.31492040e-01 1.90248118e-04 2.35010470e-04
2.31849012e-01 2.75059000e-04 2.29819113e-04
2.32205980e-01 1.55602770e-04 2.32904449e-04
2.32562944e-01 -2.76319050e-05 2.36729220e-04
2.32919905e-01 1.12509201e-04 2.35426715e-04
2.33276862e-01 -2.54471901e-04 2.29015144e-04
2.33633814e-01 -3.20134693e-05 2.27878419e-04
2.33990763e-01 3.49335716e-04 2.28761818e-04
2.34347709e-01 5.60098728e-05 2.32538529e-04
2.34704650e-01 9.68241054e-05 2.30894595e-04
2.35061588e-01 4.02839315e-04 2.29770670e-04
2.35418521e-01 2.00358012e-04 2.32100067e-04
2.35775451e-01 3.34234639e-04 2.26981632e-04
2.36132377e-01 5.86975171e-04 2.35522958e-04
2.36489299e-01 2.79932607e-04 2.29572067e-04
2.36846218e-01 5.10000967e-04 2.26087604e-04
2.37203132e-01 5.96558212e-04 2.32074701e-04
2.37560042e-01 5.00418947e-04 2.31535327e-04
2.37916949e-01 3.26325580e-04 2.27405339e-04
2.38273852e-01 -6.99876463e-05 2.22607007e-04
2.38630751e-01 2.01757555e-04 2.26813867e-04
2.38987645e-01 1.93026601e-04 2.23968350e-04
2.39344537e-01 4.15959699e-04 2.23941180e-04
2.39701424e-01 3.73784568e-04 2.24687047e-04
2.40058307e-01 3.24751968e-04 2.24442719e-04
2.40415186e-01 5.50190677e-04 2.22582561e-04
2.40772061e-01 6.46223654e-04 2.19974532e-04
2.41128933e-01 2.67364387e-04 2.20626066e-04
2.41485800e-01 6.45949047e-04 2.28934710e-04
2.41842664e-01 1.08542685e-04 2.21640112e-04
2.42199523e-01 3.24256420e-04 2.26593641e-04
2.42556379e-01 4.20473780e-04 2.20106829e-04
2.42913230e-01 4.76702847e-04 2.23516066e-04
2.43270078e-01 1.30014899e-04 2.22423028e-04
2.43626922e-01 6.37249485e-04 2.23282607e-04
2.43983761e-01 5.69146528e-05 2.22831702e-04
2.44340597e-01 6.52957804e-05 2.17373869e-04
2.44697429e-01 7.54820343e-05 2.21904679e-04
2.45054256e-01 4.39799782e-04 2.20628121e-04
2.45411080e-01 3.94283737e-04 2.18847417e-04
2.45767900e-01 2.58019831e-04 2.20388590e-04
2.46124715e-01 2.95535368e-04 2.21737255e-04
2.46481527e-01 6.60277332e-04 2.21786225e-04
2.46838334e-01 4.85503672e-04 2.22417001e-04
2.47195138e-01 4.08615434e-04 2.15846040e-04
2.47551938e-01 2.32778891e-04 2.17309201e-04
2.47908733e-01 3.89390717e-04 2.21703309e-04
2.48265524e-01 4.98472445e-04 2.16032082e-04
2.48622312e-01 -1.03990472e-04 2.18462755e-04
2.48979095e-01 2.99862511e-04 2.17086364e-04
2.49335874e-01 1.75383212e-04 2.21901904e-04
2.49692649e-01 -1.11152502e-04 2.19335581e-04
2.50049420e-01 5.12100866e-04 2.17741939e-04
2.50406187e-01 5.54523464e-04 2.15826494e-04
2.50762950e-01 4.08767008e-04 2.15126503e-04
2.51119709e-01 5.64679982e-06 2.16478415e-04
2.51476464e-01 2.17846279e-04 2.16694973e-04
2.51833214e-01 2.62993422e-04 2.13202521e-04
2.52189961e-01 1.98433348e-05 2.12563942e-04
2.52546703e-01 2.95987195e-04 2.12508640e-04
2.52903441e-01 9.36735951e-05 2.12373699e-04
2.53260175e-01 8.37346316e-05 2.12023581e-04
2.53616905e-01 1.80841624e-04 2.12596358e-04
2.53973631e-01 1.30409489e-04 2.14085820e-04
2.54330352e-01 3.53266238e-04 2.16234696e-04
2.54687070e-01 4.57667813e-04 2.09799854e-04
2.55043783e-01 3.73638839e-04 2.12705442e-04
2.55400492e-01 -9.04151666e-05 2.09946540e-04
2.55757197e-01 5.92164090e-04 2.15052470e-04
2.56113898e-01 1.15850904e-04 2.13115556e-04
2.56470595e-01 6.01691162e-04 2.12438559e-04
2.56827287e-01 5.08109466e-05 2.14668816e-04
2.57183975e-01 5.03884671e-04 2.15253718e-04
2.57540659e-01 2.86926699e-05 2.13628155e-04
2.57897339e-01 6.28173783e-05 2.12564892e-04
2.58254014e-01 9.29520320e-05 2.17932875e-04
2.58610686e-01 4.46476288e-04 2.15895250e-04
2.58967353e-01 -1.00682568e-04 2.18922704e-04
2.59324016e-01 2.97025841e-04 2.18728060e-04
2.59680674e-01 2.83487272e-06 2.15360698e-04
2.60037329e-01 -3.45378105e-05 2.18502332e-04
2.60393979e-01 1.99546350e-04 2.15790549e-04
2.60750625e-01 2.25023836e-04 2.15273868e-04
2.61107266e-01 4.03535712e-04 2.15821001e-04
2.61463904e-01 3.45263226e-04 2.17975020e-04
2.61820537e-01 3.04555752e-04 2.16368371e-04
2.62177166e-01 2.95227136e-04 2.15303455e-04
2.62533790e-01 4.20353517e-04 2.15710316e-04
2.62890410e-01 3.91176211e-04 2.15601569e-04
2.63247026e-01 -4.86328942e-05 2.15309717e-04
2.63603638e-01 2.14543427e-04 2.13416963e-04
2.63960245e-01 3.20894871e-04 2.11360503e-04
2.64316848e-01 4.67094137e-04 2.15082957e-04
2.64673447e-01 1.18452679e-04 2.15929678e-04
2.65030042e-01 3.78270587e-04 2.12087390e-04
2.65386632e-01 3.26370218e-04 2.14643703e-04
2.65743217e-01 5.91293622e-04 2.16282877e-04
2.66099799e-01 3.74762125e-04 2.14978105e-04
2.66456376e-01 4.92277135e-04 2.12353922e-04
2.66812948e-01 2.73495986e-04 2.11457768e-04
2.67169517e-01 8.30133462e-04 2.11877790e-04
2.67526081e-01 2.93131485e-04 2.17324966e-04
2.67882640e-01 1.92277725e-04 2.14448688e-04
2.68239195e-01 2.52173088e-04 2.17142121e-04
2.68595746e-01 -2.99388280e-05 2.15963396e-04
2.68952293e-01 1.07604417e-04 2.16737854e-04
2.69308835e-01 1.27709388e-04 2.20367947e-04
2.69665372e-01 2.36930860e-04 2.17603055e-04
2.70021906e-01 4.08207578e-04 2.19819603e-04
2.70378435e-01 3.69801727e-04 2.22939026e-04
2.70734959e-01 8.12969120e-05 2.25086949e-04
2.71091479e-01 4.52783900e-04 2.22083292e-04
2.71447995e-01 8.05355095e-05 2.22784971e-04
2.71804506e-01 5.11553531e-04 2.26422738e-04
2.72161012e-01 1.31680843e-04 2.24009816e-04
2.72517515e-01 4.44091865e-04 2.27118284e-04
2.72874012e-01 5.23627402e-04 2.27194315e-04
