1.54026655e-02 5.90974066e-04 1.79199761e-03
1.57608633e-02 2.88875754e-03 1.69355736e-03
1.61190608e-02 2.41439980e-03 1.50781978e-03
1.64772580e-02 2.32703582e-03 1.51467408e-03
1.68354550e-02 -1.17544990e-04 1.41949240e-03
1.71936517e-02 -6.27766946e-04 1.35084991e-03
1.75518481e-02 -1.21244681e-03 1.33822808e-03
1.79100442e-02 1.05977402e-03 1.29858992e-03
1.82682400e-02 4.49975125e-04 1.24934428e-03
1.86264355e-02 6.97323577e-04 1.13211530e-03
1.89846308e-02 2.27445042e-04 1.14539012e-03
1.93428257e-02 1.31585605e-03 1.06676542e-03
1.97010202e-02 -3.55931344e-04 1.06332805e-03
2.00592145e-02 -5.31316251e-04 1.10448378e-03
2.04174084e-02 9.82312986e-04 1.09501073e-03
2.07756020e-02 -7.18103752e-04 1.07398981e-03
2.11337953e-02 -1.82976061e-03 1.05664950e-03
2.14919882e-02 -2.21796721e-03 1.01658509e-03
2.18501808e-02 7.54684995e-05 1.02786686e-03
2.22083729e-02 -1.99012324e-04 1.01758696e-03
2.25665648e-02 4.95880795e-04 9.81269134e-04
2.29247562e-02 1.37919957e-03 9.12342423e-04
2.32829473e-02 -7.62307818e-04 9.46214803e-04
2.36411380e-02 -1.14183557e-03 9.31698886e-04
2.39993283e-02 1.73057316e-04 9.28593147e-04
2.43575182e-02 -9.81934925e-04 9.42565526e-04
2.47157077e-02 2.09103013e-04 9.27239132e-04
2.50738968e-02 1.98656695e-04 8.65840682e-04
2.54320855e-02 2.88179596e-04 8.67681733e-04
2.57902738e-02 4.42709318e-04 8.92215607e-04
2.61484617e-02 7.09414560e-05 8.50786276e-04
2.65066491e-02 -1.59598426e-04 8.33810767e-04
2.68648361e-02 1.11658198e-03 8.48386692e-04
2.72230226e-02 8.37048151e-04 7.87602549e-04
2.75812087e-02 2.18363718e-04 8.09307773e-04
2.79393943e-02 -9.05058525e-04 8.19911104e-04
2.82975795e-02 6.29084715e-04 8.09317614e-04
2.86557642e-02 -8.51647706e-04 7.85874231e-04
2.90139485e-02 3.58265573e-05 7.93297987e-04
2.93721323e-02 -6.04797037e-04 8.48773084e-04
2.97303155e-02 1.12880785e-03 8.03633731e-04
3.00884983e-02 4.45797363e-04 8.37759421e-04
3.04466806e-02 -6.84076283e-05 8.46115706e-04
3.08048624e-02 -1.87760361e-04 7.88772262e-04
3.11630437e-02 4.44739771e-04 7.42140601e-04
3.15212245e-02 1.19247584e-03 8.09390185e-04
3.18794048e-02 -3.62414000e-04 7.86116486e-04
3.22375845e-02 -3.77230010e-04 7.88862159e-04
3.25957637e-02 1.77807838e-04 8.28349159e-04
3.29539424e-02 -1.03430246e-03 8.09567514e-04
3.33121205e-02 -1.41733878e-06 8.03223631e-04
3.36702981e-02 1.05619907e-03 7.83369925e-04
3.40284751e-02 1.04980635e-04 8.00779496e-04
3.43866516e-02 1.88217241e-03 7.50357404e-04
3.47448275e-02 -1.59440424e-05 7.52007392e-04
3.51030028e-02 -8.90301217e-05 7.30013807e-04
3.54611775e-02 -7.35247016e-04 7.56827306e-04
3.58193517e-02 -4.53563687e-04 6.99370757e-04
3.61775253e-02 -8.87313361e-04 6.98195151e-04
3.65356983e-02 4.13087136e-04 7.15810311e-04
3.68938706e-02 1.29197264e-03 7.45096475e-04
3.72520424e-02 -2.63545520e-04 6.71101273e-04
3.76102136e-02 7.75208163e-04 7.04584569e-04
3.79683841e-02 5.01179964e-04 7.01656080e-04
3.83265540e-02 -3.85814883e-04 7.11283421e-04
3.86847233e-02 8.25942230e-05 6.92797447e-04
3.90428920e-02 -2.09607784e-04 6.87854272e-04
3.94010600e-02 -7.90157800e-05 7.11309761e-04
3.97592273e-02 -8.24310083e-04 6.53144316e-04
4.01173941e-02 8.60634361e-05 6.78201091e-04
4.04755601e-02 2.69350888e-04 6.35322702e-04
4.08337255e-02 -6.00760155e-05 6.43388116e-04
4.11918902e-02 1.75383042e-03 6.57585613e-04
4.15500542e-02 1.22289985e-04 6.38246890e-04
4.19082176e-02 -8.79301051e-04 6.56464307e-04
4.22663802e-02 6.12930274e-04 6.56835511e-04
4.26245422e-02 6.93813421e-04 6.90874453e-04
4.29827034e-02 5.37886383e-05 6.69126642e-04
4.33408640e-02 3.14550445e-05 6.70736742e-04
4.36990238e-02 1.25138879e-03 6.63284669e-04
4.40571830e-02 6.16087797e-04 6.45893549e-04
4.44153414e-02 8.67669894e-05 6.66321062e-04
4.47734990e-02 3.34523380e-04 6.69280380e-04
4.51316560e-02 1.97523787e-04 6.23042398e-04
4.54898122e-02 2.50148673e-04 6.49827669e-04
4.58479676e-02 -1.05896664e-04 6.44828323e-04
4.62061223e-02 -2.49501716e-04 6.49890927e-04
4.65642762e-02 5.32559953e-04 6.62581298e-04
4.69224294e-02 8.27654255e-04 6.19644105e-04
4.72805818e-02 -5.29273682e-04 6.56866466e-04
4.76387334e-02 2.94780674e-05 6.50730193e-04
4.79968842e-02 -1.89532102e-04 6.24607513e-04
4.83550342e-02 4.25222263e-04 6.29744075e-04
4.87131835e-02 4.23365733e-04 6.35965519e-04
4.90713319e-02 -2.58059305e-04 6.11733402e-04
4.94294795e-02 2.54141750e-04 6.20403504e-04
4.97876264e-02 6.86525248e-04 6.04791381e-04
5.01457724e-02 -4.18901661e-04 6.05663015e-04
5.05039175e-02 -1.91229459e-04 5.82886721e-04
5.08620619e-02 -3.67035875e-04 5.81031487e-04
5.12202054e-02 -3.47478674e-05 5.85337136e-04
5.15783481e-02 3.18731835e-04 5.52651290e-04
5.19364899e-02 6.75912110e-04 5.91777314e-04
5.22946308e-02 -7.14682973e-04 5.89368564e-04
5.26527709e-02 -3.96531603e-04 5.67522699e-04
5.30109102e-02 -7.26563572e-04 5.61974356e-04
5.33690485e-02 -6.66133964e-04 5.77425941e-04
5.37271860e-02 -6.76150501e-04 5.49833501e-04
5.40853226e-02 1.19125771e-03 5.89703311e-04
5.44434583e-02 1.86339983e-04 5.50615232e-04
5.48015932e-02 6.25687410e-04 5.62978259e-04
5.51597271e-02 2.81717248e-04 5.47668624e-04
5.55178601e-02 -7.24491466e-04 5.61013604e-04
5.58759922e-02 3.29968972e-04 5.57556169e-04
5.62341234e-02 -4.60340584e-04 5.52331496e-04
5.65922536e-02 4.06081189e-04 5.50134463e-04
5.69503829e-02 8.62893378e-04 5.72966290e-04
5.73085113e-02 4.72368411e-04 5.46725434e-04
5.76666388e-02 -3.98710783e-06 5.34907683e-04
5.80247653e-02 1.42535468e-04 5.40080739e-04
5.83828908e-02 -4.09092078e-04 5.43854725e-04
5.87410154e-02 -8.92738319e-04 5.68057461e-04
5.90991390e-02 5.59955832e-04 5.25242001e-04
5.94572616e-02 3.57306508e-04 5.51243396e-04
5.98153833e-02 7.45084143e-06 5.08122361e-04
6.01735040e-02 1.47368046e-04 5.13230459e-04
6.05316237e-02 4.33275972e-04 5.21919643e-04
6.08897424e-02 4.81968438e-05 5.24593120e-04
6.12478600e-02 3.41422393e-04 5.21201742e-04
6.16059767e-02 5.05951045e-04 5.26711524e-04
6.19640924e-02 9.34333067e-05 5.31029643e-04
6.23222071e-02 3.68587268e-04 5.20636073e-04
6.26803207e-02 -2.38819594e-04 5.21297337e-04
6.30384333e-02 1.23411414e-03 5.15546966e-04
6.33965448e-02 -2.63861212e-04 5.26243197e-04
6.37546554e-02 9.34077100e-05 5.06322414e-04
6.41127648e-02 2.88493298e-05 5.05838063e-04
6.44708732e-02 1.84343709e-04 4.96683740e-04
6.48289806e-02 8.47670181e-05 4.98349018e-04
6.51870869e-02 4.14339287e-04 5.06401670e-04
6.55451921e-02 4.53113981e-04 5.14875007e-04
6.59032962e-02 1.00658463e-04 4.96323896e-04
6.62613993e-02 1.46338714e-04 5.00648820e-04
6.66195012e-02 2.40125605e-04 4.75099328e-04
6.69776021e-02 1.90518529e-04 4.98434794e-04
6.73357019e-02 -2.17145995e-04 4.91017742e-04
6.76938005e-02 -4.67579639e-04 4.97193225e-04
6.80518981e-02 -2.49822668e-05 4.73854953e-04
6.84099945e-02 5.49776710e-04 4.66866362e-04
6.87680898e-02 -2.58648844e-04 4.75639909e-04
6.91261840e-02 -3.90262355e-04 4.78844282e-04
6.94842770e-02 -9.95993976e-04 4.66601883e-04
6.98423689e-02 -1.81017360e-04 4.75161995e-04
7.02004596e-02 7.73176482e-04 4.75471257e-04
7.05585492e-02 7.95454003e-04 4.90525542e-04
7.09166377e-02 2.34722928e-05 4.68154217e-04
7.12747249e-02 1.94934091e-04 4.54900252e-04
7.16328110e-02 2.34857575e-04 4.71855745e-04
7.19908959e-02 -2.67977335e-04 4.91985423e-04
7.23489796e-02 -2.44385696e-04 4.83974178e-04
7.27070622e-02 3.17195655e-04 4.81928706e-04
7.30651435e-02 5.10888464e-04 4.82023291e-04
7.34232237e-02 1.82395942e-04 4.45651185e-04
7.37813026e-02 -2.36794450e-04 4.73963305e-04
7.41393803e-02 -1.16707033e-04 4.60960017e-04
7.44974568e-02 6.60265819e-04 4.81625273e-04
7.48555321e-02 -1.00349092e-04 4.63316615e-04
7.52136061e-02 4.52304545e-04 4.71050249e-04
7.55716789e-02 1.35737014e-04 4.59712837e-04
7.59297505e-02 -6.77883861e-04 4.70295537e-04
7.62878208e-02 -3.82773152e-04 4.52987898e-04
7.66458899e-02 -3.78843857e-04 4.55616927e-04
7.70039577e-02 3.73170094e-04 4.53014716e-04
7.73620242e-02 1.50767576e-04 4.58133196e-04
7.77200895e-02 -5.55765302e-04 4.52311374e-04
7.80781535e-02 -2.60094804e-04 4.46023202e-04
7.84362162e-02 4.11294600e-04 4.60864608e-04
7.87942776e-02 8.00121878e-05 4.57350236e-04
7.91523377e-02 -1.13105876e-04 4.49061820e-04
7.95103965e-02 -1.64405590e-04 4.34988382e-04
7.98684540e-02 -6.27353129e-05 4.47906646e-04
8.02265102e-02 -2.69724389e-04 4.44623346e-04
8.05845651e-02 -5.18725549e-04 4.37125290e-04
8.09426186e-02 -5.29998027e-05 4.46032905e-04
8.13006709e-02 -1.29252776e-04 4.52826063e-04
8.16587217e-02 6.67251488e-05 4.41287877e-04
8.20167713e-02 2.53160603e-04 4.41489490e-04
8.23748195e-02 -2.42095353e-04 4.41430798e-04
8.27328663e-02 6.74606711e-05 4.32482289e-04
8.30909118e-02 1.56487832e-04 4.32750911e-04
8.34489559e-02 9.52776365e-05 4.33873024e-04
8.38069986e-02 1.35903534e-04 4.35838273e-04
8.41650400e-02 -4.35535486e-04 4.37234089e-04
8.45230800e-02 1.76283401e-04 4.33148396e-04
8.48811185e-02 -3.36349476e-04 4.34350810e-04
8.52391557e-02 -5.02148388e-04 4.36899073e-04
8.55971915e-02 -2.02036671e-04 4.34519913e-04
8.59552259e-02 -6.94870204e-04 4.16452554e-04
8.63132589e-02 -1.13568279e-05 4.42314707e-04
8.66712904e-02 1.02268590e-03 4.46910204e-04
8.70293205e-02 6.52391852e-04 4.33305505e-04
8.73873492e-02 2.18043881e-04 4.42690630e-04
8.77453765e-02 3.24378091e-04 4.28258911e-04
8.81034023e-02 -2.16270423e-04 4.19976751e-04
8.84614267e-02 3.90376341e-06 4.26498929e-04
8.88194496e-02 1.59380455e-04 4.27066389e-04
8.91774710e-02 2.74772785e-04 4.33474932e-04
8.95354910e-02 -3.04736875e-04 4.18960577e-04
8.98935095e-02 5.73765402e-04 4.24373487e-04
9.02515266e-02 4.99025751e-04 4.28993352e-04
9.06095421e-02 -1.66679847e-04 4.38987402e-04
9.09675562e-02 1.35564911e-04 4.25594740e-04
9.13255687e-02 -3.68007065e-04 4.19471534e-04
9.16835798e-02 -6.63130133e-04 4.19833270e-04
9.20415894e-02 -2.18097654e-04 4.29116750e-04
9.23995974e-02 1.16189234e-04 4.35564613e-04
9.27576039e-02 1.43691833e-04 4.16081089e-04
9.31156089e-02 -6.54876967e-04 4.24019660e-04
9.34736124e-02 -5.47624640e-04 4.20544451e-04
9.38316143e-02 4.60532814e-04 4.26011389e-04
9.41896147e-02 -9.49985273e-05 4.12779788e-04
9.45476136e-02 -2.22391831e-04 4.09701977e-04
9.49056108e-02 8.22697190e-05 4.11598841e-04
9.52636066e-02 -1.48743528e-04 4.13900237e-04
9.56216007e-02 -1.09139951e-04 4.07791948e-04
9.59795933e-02 -1.22865208e-04 4.02982376e-04
9.63375843e-02 -4.81846362e-04 4.07173431e-04
9.66955738e-02 -1.01981811e-04 3.98665224e-04
9.70535616e-02 7.95238420e-04 4.03641831e-04
9.74115478e-02 8.35582293e-05 4.07720981e-04
9.77695325e-02 -1.52513474e-05 4.02472759e-04
9.81275155e-02 5.13727924e-04 3.98504188e-04
9.84854969e-02 2.95776646e-04 4.02433706e-04
9.88434768e-02 1.08432957e-04 4.04691866e-04
9.92014549e-02 4.72440764e-04 4.10981578e-04
9.95594315e-02 2.42438599e-04 4.18196559e-04
9.99174064e-02 -3.94224434e-04 3.96520764e-04
1.00275380e-01 1.78558100e-04 3.96398730e-04
1.00633351e-01 -5.19529316e-04 3.95761702e-04
1.00991321e-01 1.13735571e-04 3.96330901e-04
1.01349290e-01 1.20058574e-03 4.10836148e-04
1.01707256e-01 7.43882755e-05 3.94400347e-04
1.02065221e-01 2.66799708e-04 3.88039817e-04
1.02423184e-01 -4.50957743e-04 3.97966696e-04
1.02781146e-01 3.19210671e-04 3.82193355e-04
1.03139106e-01 -4.99721138e-04 3.89307351e-04
1.03497064e-01 9.74033196e-04 3.84547298e-04
1.03855021e-01 -4.21614776e-04 3.82204020e-04
1.04212976e-01 1.58660603e-04 3.95269574e-04
1.04570929e-01 5.26569038e-04 3.97399588e-04
1.04928880e-01 1.53450753e-04 4.02272272e-04
1.05286830e-01 1.68400653e-04 4.08159758e-04
1.05644778e-01 2.17662606e-05 4.02080560e-04
1.06002724e-01 -1.36668574e-04 3.96818791e-04
1.06360668e-01 1.63026569e-04 3.89711378e-04
1.06718611e-01 2.01711904e-04 3.87696391e-04
1.07076552e-01 -5.51615009e-05 4.08039399e-04
1.07434491e-01 -3.96239829e-04 3.99977320e-04
1.07792429e-01 3.81761551e-04 3.90322638e-04
1.08150364e-01 -7.29948699e-04 4.06219722e-04
1.08508298e-01 -3.33887332e-04 3.94650563e-04
1.08866230e-01 5.19881920e-04 3.93092645e-04
1.09224160e-01 2.54649471e-04 3.96902282e-04
1.09582089e-01 4.32108320e-04 3.88941232e-04
1.09940016e-01 3.72428118e-04 3.94868651e-04
1.10297941e-01 -2.47343741e-04 3.94694704e-04
1.10655864e-01 3.43401541e-05 3.81358045e-04
1.11013785e-01 -3.40377896e-04 3.76168613e-04
1.11371704e-01 -7.93326359e-06 3.84491314e-04
1.11729622e-01 5.37287038e-05 3.80315207e-04
1.12087538e-01 -6.06468847e-04 3.71832209e-04
1.12445452e-01 2.71667259e-04 3.76751978e-04
1.12803364e-01 5.15129390e-04 3.76474154e-04
1.13161274e-01 2.63862628e-04 3.72911521e-04
1.13519182e-01 4.71157633e-04 3.72511447e-04
1.13877089e-01 -6.65707432e-04 3.75675075e-04
1.14234994e-01 -3.75446604e-04 3.81188205e-04
1.14592896e-01 -3.94449033e-04 3.69024986e-04
1.14950797e-01 6.54107622e-05 3.78381573e-04
1.15308696e-01 1.88454679e-04 3.76510230e-04
1.15666593e-01 -3.01166977e-04 3.84985381e-04
1.16024488e-01 9.56943197e-05 3.71010006e-04
1.16382382e-01 -1.61946206e-05 3.59110244e-04
1.16740273e-01 8.10290905e-06 3.69505888e-04
1.17098163e-01 -2.18559904e-04 3.58094501e-04
1.17456050e-01 -6.57181076e-05 3.67282956e-04
1.17813936e-01 -2.83627028e-04 3.69285371e-04
1.18171819e-01 4.42964496e-04 3.69481567e-04
1.18529701e-01 2.66448074e-04 3.68461473e-04
1.18887581e-01 4.11198393e-04 3.65037714e-04
1.19245459e-01 -2.16960929e-04 3.72323863e-04
1.19603335e-01 6.29820909e-04 3.80427005e-04
1.19961208e-01 2.39811535e-04 3.72458194e-04
1.20319080e-01 -6.02713270e-04 3.59271177e-04
1.20676950e-01 2.99701621e-04 3.76148001e-04
1.21034818e-01 2.28398612e-04 3.73762549e-04
1.21392684e-01 -2.33257297e-06 3.78725053e-04
1.21750548e-01 -4.05910284e-04 3.80887440e-04
1.22108410e-01 1.05869921e-05 3.82272102e-04
1.22466270e-01 -9.46185017e-05 3.77230221e-04
1.22824128e-01 1.96746325e-04 3.68155052e-04
1.23181984e-01 2.24800151e-04 3.85373008e-04
1.23539838e-01 1.39052572e-04 3.82222136e-04
1.23897690e-01 -3.59008210e-04 3.64761453e-04
1.24255540e-01 3.66514763e-05 3.74406911e-04
1.24613388e-01 -2.62705431e-04 3.67566590e-04
1.24971233e-01 2.15801412e-04 3.74666632e-04
1.25329077e-01 4.19658428e-04 3.64721611e-04
1.25686919e-01 -1.71506112e-04 3.71018168e-04
1.26044758e-01 -3.53576957e-04 3.49527802e-04
1.26402596e-01 6.12978741e-04 3.67782550e-04
1.26760431e-01 -1.40280321e-05 3.52442519e-04
1.27118265e-01 1.65863411e-04 3.65229456e-04
1.27476096e-01 -4.26196109e-04 3.53623742e-04
1.27833925e-01 -5.40193186e-04 3.49356495e-04
1.28191752e-01 1.29140852e-04 3.62993066e-04
1.28549577e-01 -4.05229124e-04 3.55766070e-04
1.28907400e-01 -1.46969878e-04 3.57742123e-04
1.29265221e-01 -2.31720636e-04 3.52795044e-04
1.29623040e-01 4.34481172e-04 3.63481110e-04
1.29980856e-01 -1.98225799e-05 3.50362097e-04
1.30338670e-01 9.53648735e-05 3.46252657e-04
1.30696483e-01 1.79583698e-04 3.42523681e-04
1.31054293e-01 3.91873754e-04 3.43365894e-04
1.31412101e-01 2.49468105e-04 3.50352636e-04
1.31769906e-01 2.02838427e-04 3.40311455e-04
1.32127710e-01 9.92889445e-05 3.43528258e-04
1.32485511e-01 2.35011374e-04 3.40548142e-04
1.32843311e-01 1.16142141e-04 3.45861684e-04
1.33201108e-01 -1.12979406e-05 3.30217764e-04
1.33558903e-01 2.57536329e-05 3.46389120e-04
1.33916695e-01 1.44676531e-04 3.41771010e-04
1.34274486e-01 6.49456646e-04 3.35152069e-04
1.34632274e-01 4.68201823e-04 3.46687234e-04
1.34990060e-01 6.60953988e-04 3.39798591e-04
1.35347844e-01 2.77332045e-04 3.42335071e-04
1.35705626e-01 -3.46888876e-04 3.37214764e-04
1.36063405e-01 7.44520338e-04 3.36595558e-04
1.36421182e-01 5.24843911e-04 3.29538516e-04
1.36778957e-01 1.61403681e-04 3.30541692e-04
1.37136730e-01 -1.55945834e-04 3.26493774e-04
1.37494500e-01 1.90108538e-04 3.32052415e-04
1.37852269e-01 -1.06631208e-04 3.31835109e-04
1.38210034e-01 2.64056096e-04 3.38773184e-04
1.38567798e-01 -1.31357268e-04 3.38117692e-04
1.38925559e-01 -1.86707506e-04 3.33388334e-04
1.39283319e-01 -3.81345253e-04 3.24127128e-04
1.39641075e-01 -1.79309672e-04 3.26414461e-04
1.39998830e-01 -6.89554782e-04 3.30612279e-04
1.40356582e-01 -1.97918593e-05 3.28585940e-04
1.40714332e-01 -4.17595911e-05 3.38767422e-04
1.41072080e-01 -4.63075848e-05 3.30856862e-04
1.41429825e-01 -2.64169706e-04 3.20815851e-04
1.41787568e-01 -4.64710547e-05 3.31393616e-04
1.42145308e-01 -8.94602837e-04 3.26894911e-04
1.42503047e-01 -4.20281737e-04 3.23387541e-04
1.42860783e-01 8.70248218e-05 3.20016469e-04
1.43218516e-01 6.30640915e-05 3.30010120e-04
1.43576247e-01 5.97379024e-04 3.27976298e-04
1.43933976e-01 2.93360479e-04 3.28293804e-04
1.44291703e-01 1.52122423e-04 3.27929676e-04
1.44649427e-01 6.29714343e-04 3.21130564e-04
1.45007149e-01 3.21050124e-06 3.16451601e-04
1.45364868e-01 -2.42500466e-05 3.16792345e-04
1.45722585e-01 3.41014756e-04 3.15695075e-04
1.46080300e-01 1.36790879e-04 3.17999241e-04
1.46438012e-01 -5.37798093e-04 3.17076766e-04
1.46795722e-01 2.72717560e-04 3.13013811e-04
1.47153429e-01 4.73217097e-04 3.11759472e-04
1.47511134e-01 -6.58078200e-06 3.09060796e-04
1.47868837e-01 7.08019948e-05 3.20599617e-04
1.48226537e-01 -1.86816277e-04 3.14628209e-04
1.48584235e-01 -3.60111662e-04 3.12789084e-04
1.48941930e-01 6.26262959e-05 3.11901460e-04
1.49299623e-01 5.28348214e-04 3.15913494e-04
1.49657313e-01 -4.67876645e-04 3.16363232e-04
1.50015001e-01 -9.92274290e-04 3.16036430e-04
1.50372687e-01 1.00070880e-04 3.14941372e-04
1.50730370e-01 3.71139063e-04 3.13698967e-04
1.51088050e-01 -1.42317213e-04 3.10317653e-04
1.51445728e-01 -2.92524343e-04 3.15562747e-04
1.51803404e-01 -6.85948484e-05 3.13739527e-04
1.52161077e-01 9.10099077e-05 3.07555823e-04
1.52518747e-01 -2.15635229e-05 3.13175057e-04
1.52876416e-01 5.88480453e-04 3.09138667e-04
1.53234081e-01 4.43503113e-05 3.06388128e-04
1.53591744e-01 4.21434678e-04 3.03215831e-04
1.53949405e-01 -3.43173004e-04 3.14019188e-04
1.54307063e-01 7.26659531e-05 3.18043414e-04
1.54664718e-01 1.59578790e-04 3.08127168e-04
1.55022371e-01 1.03265900e-04 3.10085948e-04
1.55380021e-01 -5.88337171e-05 2.99233305e-04
1.55737669e-01 2.96494821e-04 3.10910939e-04
1.56095314e-01 -1.71389448e-04 3.08041674e-04
1.56452957e-01 -1.73766027e-04 3.08519665e-04
1.56810597e-01 1.78511564e-04 3.08755637e-04
1.57168235e-01 -1.50546736e-04 3.05543096e-04
1.57525870e-01 -1.30992733e-04 3.04660083e-04
1.57883502e-01 -1.94957116e-04 3.00724790e-04
1.58241132e-01 4.18748748e-05 2.98150791e-04
1.58598759e-01 -3.66242836e-04 3.04416514e-04
1.58956384e-01 -3.47430536e-04 3.08899794e-04
1.59314006e-01 -3.66758495e-04 2.94570790e-04
1.59671625e-01 -2.54823719e-04 2.96263306e-04
1.60029242e-01 -1.62971679e-04 3.04925844e-04
1.60386856e-01 -2.44800875e-04 3.02443747e-04
1.60744468e-01 -2.65534623e-04 3.05826179e-04
1.61102076e-01 2.75379758e-05 2.97165446e-04
1.61459683e-01 3.86391986e-04 3.00270654e-04
1.61817286e-01 -6.52272103e-04 2.86828814e-04
1.62174887e-01 -1.42138676e-04 3.00037824e-04
1.62532485e-01 2.72077564e-06 2.92797210e-04
1.62890081e-01 2.54414216e-04 3.04027335e-04
1.63247674e-01 2.26140490e-04 2.94215155e-04
1.63605264e-01 -2.22222136e-05 2.95845495e-04
1.63962852e-01 8.05241816e-05 3.00613527e-04
1.64320437e-01 3.32305522e-04 2.94175347e-04
1.64678019e-01 -2.70371934e-04 3.00354921e-04
1.65035598e-01 2.08204865e-04 2.95090826e-04
1.65393175e-01 4.66424291e-04 2.88406595e-04
1.65750749e-01 1.59064149e-04 2.91040360e-04
1.66108320e-01 -3.99887279e-05 2.91916515e-04
1.66465889e-01 3.60837429e-04 2.89181724e-04
1.66823455e-01 1.86812363e-04 2.97514336e-04
1.67181018e-01 5.90262710e-06 2.98961472e-04
1.67538578e-01 -3.72560438e-04 2.89354236e-04
1.67896136e-01 -3.44337508e-04 2.89754379e-04
1.68253691e-01 1.78912087e-04 2.92422717e-04
1.68611243e-01 1.55405563e-04 2.94700851e-04
1.68968792e-01 4.72334706e-04 2.90104938e-04
1.69326339e-01 -8.70235562e-05 2.80441656e-04
1.69683883e-01 8.39623238e-05 2.91715913e-04
1.70041424e-01 -3.55537832e-04 2.87290068e-04
1.70398962e-01 2.58483011e-05 2.85820454e-04
1.70756497e-01 -1.97551921e-04 2.88129652e-04
1.71114030e-01 -1.87024199e-04 2.85551612e-04
1.71471560e-01 -3.48546203e-05 2.89588608e-04
1.71829087e-01 -7.22195184e-04 2.81068620e-04
1.72186611e-01 2.65161911e-04 2.84094771e-04
1.72544132e-01 -3.13613213e-05 2.86546470e-04
1.72901651e-01 -1.48844658e-04 2.82222065e-04
1.73259167e-01 1.36284259e-04 2.88038026e-04
1.73616679e-01 6.03364116e-04 2.83004295e-04
1.73974189e-01 2.96395789e-04 2.84607314e-04
1.74331697e-01 1.73556024e-05 2.81325811e-04
1.74689201e-01 -3.13648075e-04 2.84549312e-04
1.75046702e-01 -2.37693645e-05 2.82880119e-04
1.75404201e-01 -7.81578316e-05 2.80806300e-04
1.75761697e-01 -6.68324080e-05 2.83649666e-04
1.76119189e-01 9.58926293e-05 2.83760422e-04
1.76476679e-01 2.47892030e-04 2.79055292e-04
1.76834166e-01 2.73870534e-04 2.82257072e-04
1.77191650e-01 6.89220040e-05 2.84953801e-04
1.77549132e-01 -1.58020543e-04 2.81539228e-04
1.77906610e-01 5.08106523e-05 2.79460300e-04
1.78264085e-01 -2.61598138e-04 2.85325300e-04
1.78621558e-01 3.75201448e-04 2.78554436e-04
1.78979027e-01 -1.83787736e-04 2.80075392e-04
1.79336494e-01 2.02185092e-04 2.69817960e-04
1.79693958e-01 -4.59772240e-05 2.73312139e-04
1.80051418e-01 -7.18309636e-04 2.71718509e-04
1.80408876e-01 5.95394247e-06 2.73807357e-04
1.80766331e-01 1.16366822e-04 2.75217090e-04
1.81123783e-01 -1.12194158e-04 2.79332667e-04
1.81481232e-01 -1.51522091e-04 2.79241223e-04
1.81838677e-01 2.15932813e-05 2.84571144e-04
1.82196120e-01 4.10992713e-05 2.83030926e-04
1.82553560e-01 6.88213901e-04 2.84880733e-04
1.82910997e-01 -1.77951513e-05 2.83511901e-04
1.83268431e-01 -7.06523200e-05 2.84042423e-04
1.83625862e-01 1.64255374e-04 2.85477874e-04
1.83983290e-01 1.95691338e-04 2.86985806e-04
1.84340715e-01 5.78133454e-05 2.82663544e-04
1.84698137e-01 5.56181060e-04 2.84481469e-04
1.85055556e-01 1.89995307e-04 2.85427223e-04
1.85412971e-01 -2.10106009e-04 2.84249702e-04
1.85770384e-01 3.65922661e-04 2.77719285e-04
1.86127794e-01 -7.23609423e-05 2.83193338e-04
1.86485200e-01 8.69488843e-05 2.79250663e-04
1.86842604e-01 -9.16978438e-05 2.73175242e-04
1.87200005e-01 -2.90459427e-05 2.77828888e-04
1.87557402e-01 1.92499901e-04 2.78573971e-04
1.87914797e-01 -5.06371757e-04 2.70950850e-04
1.88272188e-01 3.00501617e-04 2.70136054e-04
1.88629576e-01 -2.76086936e-04 2.73416253e-04
1.88986961e-01 -4.55689513e-05 2.70084048e-04
1.89344343e-01 1.52135664e-04 2.77934940e-04
1.89701722e-01 3.33730243e-05 2.73590542e-04
1.90059098e-01 1.80097373e-04 2.73469591e-04
1.90416471e-01 -1.28109065e-04 2.74962619e-04
1.90773840e-01 -1.16247749e-04 2.74538857e-04
1.91131207e-01 -1.55321208e-04 2.65967685e-04
1.91488570e-01 -6.66327137e-05 2.72011054e-04
1.91845930e-01 2.07783519e-04 2.74703963e-04
1.92203287e-01 -7.02938719e-04 2.70452481e-04
1.92560641e-01 1.01315678e-04 2.68349775e-04
1.92917992e-01 1.01940384e-04 2.69151544e-04
1.93275340e-01 3.40785653e-04 2.68365650e-04
1.93632684e-01 1.66272178e-04 2.67969419e-04
1.93990025e-01 3.87156006e-04 2.70809819e-04
1.94347363e-01 4.89696751e-04 2.69984795e-04
1.94704698e-01 4.50252525e-05 2.71313983e-04
1.95062030e-01 -4.52324122e-05 2.74988980e-04
1.95419358e-01 6.12686527e-04 2.67936447e-04
1.95776684e-01 2.50299514e-04 2.70036823e-04
1.96134006e-01 1.57266444e-06 2.73604903e-04
1.96491324e-01 -4.39113238e-05 2.74123539e-04
1.96848640e-01 1.98696927e-04 2.70165559e-04
1.97205953e-01 -7.93545502e-05 2.74014236e-04
1.97563262e-01 4.72630783e-04 2.75363264e-04
1.97920568e-01 6.59064903e-04 2.82269734e-04
1.98277870e-01 2.33970622e-05 2.72896246e-04
1.98635170e-01 6.76641720e-05 2.70690738e-04
1.98992466e-01 6.02341706e-04 2.73350028e-04
1.99349759e-01 -1.59289110e-04 2.72830736e-04
1.99707049e-01 -2.18290433e-04 2.65007159e-04
2.00064335e-01 -1.61606823e-04 2.62257522e-04
2.00421618e-01 5.87310425e-05 2.70878132e-04
2.00778898e-01 1.72265391e-04 2.67970403e-04
2.01136174e-01 -2.02380322e-04 2.64182787e-04
2.01493448e-01 1.04413652e-04 2.61206906e-04
2.01850718e-01 7.37938042e-04 2.64479416e-04
2.02207984e-01 3.58171857e-06 2.58649333e-04
2.02565248e-01 1.02091263e-04 2.62246100e-04
2.02922508e-01 -2.07286010e-04 2.62435448e-04
2.03279764e-01 2.95587791e-04 2.64300869e-04
2.03637018e-01 1.00628022e-04 2.61814833e-04
2.03994268e-01 -1.91147553e-04 2.58379636e-04
2.04351514e-01 1.13335992e-04 2.60315548e-04
2.04708758e-01 -2.23832580e-05 2.58142253e-04
2.05065998e-01 -3.87256061e-05 2.57725256e-04
2.05423234e-01 1.10650650e-04 2.53933258e-04
2.05780467e-01 -1.21000298e-04 2.57257906e-04
2.06137697e-01 -9.78428438e-05 2.51474822e-04
2.06494924e-01 -3.84301130e-05 2.52844558e-04
2.06852147e-01 4.06418619e-04 2.54354363e-04
2.07209367e-01 6.36681724e-05 2.58987712e-04
2.07566583e-01 -1.28378444e-05 2.56859944e-04
2.07923796e-01 2.16167735e-04 2.55660415e-04
2.08281005e-01 3.64159624e-04 2.60196468e-04
2.08638211e-01 -8.65342846e-06 2.52953868e-04
2.08995414e-01 -6.27118636e-05 2.53347866e-04
2.09352613e-01 4.35238443e-05 2.57865036e-04
2.09709809e-01 1.67264344e-04 2.55298675e-04
2.10067002e-01 -3.56494696e-05 2.55171006e-04
2.10424191e-01 -7.83806601e-05 2.54571055e-04
2.10781376e-01 -2.15872199e-04 2.50581464e-04
2.11138558e-01 7.47842724e-05 2.49006470e-04
2.11495737e-01 1.19098060e-04 2.48917081e-04
2.11852912e-01 4.96399169e-05 2.55119041e-04
2.12210084e-01 1.12704629e-04 2.49619062e-04
2.12567252e-01 -2.27387300e-04 2.49322738e-04
2.12924416e-01 2.67957595e-05 2.48010217e-04
2.13281578e-01 -6.63178310e-05 2.48883108e-04
2.13638735e-01 -3.63558061e-05 2.46060434e-04
2.13995890e-01 1.71973246e-04 2.44994861e-04
2.14353040e-01 -5.70512071e-05 2.48978970e-04
2.14710188e-01 1.12150895e-04 2.45534826e-04
2.15067331e-01 -1.56230286e-04 2.41705609e-04
2.15424471e-01 -2.99667581e-04 2.50258731e-04
2.15781608e-01 1.26461729e-04 2.48254258e-04
2.16138741e-01 3.22255557e-04 2.45635449e-04
2.16495871e-01 1.99211432e-04 2.49353984e-04
2.16852997e-01 3.84274591e-05 2.47420697e-04
2.17210119e-01 1.05525943e-04 2.42425554e-04
2.17567238e-01 -2.92134359e-04 2.40399972e-04
2.17924354e-01 -3.42166088e-04 2.34393936e-04
2.18281465e-01 -8.77440298e-06 2.39340294e-04
2.18638574e-01 2.14008292e-04 2.45635198e-04
2.18995678e-01 -3.01340657e-04 2.43500662e-04
2.19352779e-01 -3.03809923e-04 2.43620449e-04
2.19709877e-01 -6.72541003e-05 2.44432680e-04
2.20066971e-01 1.51692518e-05 2.36245283e-04
2.20424061e-01 -1.53335109e-04 2.41819780e-04
2.20781147e-01 -8.09138576e-05 2.38972047e-04
2.21138230e-01 5.26665837e-04 2.37021386e-04
2.21495310e-01 -4.00145375e-05 2.45238500e-04
2.21852386e-01 2.57519609e-05 2.38946176e-04
2.22209458e-01 2.90541939e-04 2.41716202e-04
2.22566526e-01 4.58968160e-04 2.39168844e-04
2.22923591e-01 -1.20527041e-04 2.40214823e-04
2.23280652e-01 -1.29219561e-04 2.33435284e-04
2.23637710e-01 -1.43289985e-04 2.38343256e-04
2.23994764e-01 -3.46335836e-04 2.37386776e-04
2.24351814e-01 1.72220736e-04 2.38579882e-04
2.24708861e-01 1.27704740e-04 2.37147885e-04
2.25065904e-01 3.57571194e-04 2.37660981e-04
2.25422943e-01 -1.16525561e-04 2.37972472e-04
2.25779978e-01 1.05547152e-04 2.39730861e-04
2.26137010e-01 3.58567762e-04 2.38588621e-04
2.26494038e-01 -1.44134225e-04 2.34880636e-04
2.26851063e-01 -3.92161976e-04 2.34168318e-04
2.27208083e-01 9.51887066e-05 2.35950990e-04
2.27565100e-01 -2.64343999e-04 2.34613755e-04
2.27922114e-01 -2.23934199e-04 2.32730607e-04
2.28279123e-01 -1.06429161e-04 2.35694267e-04
2.28636129e-01 2.00472005e-04 2.41421561e-04
2.28993131e-01 -4.86679251e-05 2.33497761e-04
2.29350129e-01 -1.84183281e-05 2.31305407e-04
2.29707124e-01 1.06435039e-05 2.32201204e-04
2.30064115e-01 9.90656597e-05 2.31629659e-04
2.30421102e-01 -5.93175643e-05 2.35065557e-04
2.30778085e-01 2.22883091e-04 2.31025761e-04
2.31135064e-01 -1.60225224e-04 2.28005454e-04
2.31492040e-01 -1.10268478e-04 2.32641747e-04
2.31849012e-01 3.56726861e-04 2.34743208e-04
2.32205980e-01 -5.92934210e-05 2.27788786e-04
2.32562944e-01 -1.07769832e-04 2.32158801e-04
2.32919905e-01 2.22103817e-04 2.32537637e-04
2.33276862e-01 -2.52365317e-04 2.30156713e-04
2.33633814e-01 -2.94782288e-05 2.30196088e-04
2.33990763e-01 3.01756321e-04 2.29150800e-04
2.34347709e-01 -1.39106185e-05 2.27541495e-04
2.34704650e-01 9.01008309e-05 2.28496504e-04
2.35061588e-01 -8.03925839e-05 2.28545376e-04
2.35418521e-01 2.67389078e-04 2.31178060e-04
2.35775451e-01 -9.61814894e-05 2.27865047e-04
2.36132377e-01 -7.63357782e-05 2.27304483e-04
2.36489299e-01 -6.47332749e-05 2.30817143e-04
2.36846218e-01 8.63533030e-05 2.27073959e-04
2.37203132e-01 -2.36524401e-04 2.29969294e-04
2.37560042e-01 -3.02484782e-04 2.27390016e-04
2.37916949e-01 3.85524260e-04 2.25028840e-04
2.38273852e-01 -1.97097469e-04 2.27669751e-04
2.38630751e-01 -3.19645093e-04 2.21900913e-04
2.38987645e-01 2.29012754e-04 2.25736658e-04
2.39344537e-01 1.43099204e-04 2.25488759e-04
2.39701424e-01 -1.73750668e-04 2.22917362e-04
2.40058307e-01 2.03422204e-04 2.20483482e-04
2.40415186e-01 -1.57103673e-04 2.23716904e-04
2.40772061e-01 -8.13406794e-05 2.22103503e-04
2.41128933e-01 1.50129280e-04 2.26716004e-04
2.41485800e-01 6.56327625e-05 2.24907209e-04
2.41842664e-01 -2.75519371e-04 2.22178823e-04
2.42199523e-01 1.84463369e-05 2.21129178e-04
2.42556379e-01 4.17220177e-04 2.24171540e-04
2.42913230e-01 1.83712861e-04 2.25138768e-04
2.43270078e-01 -2.44155785e-04 2.22071091e-04
2.43626922e-01 1.66122914e-04 2.24606061e-04
2.43983761e-01 1.08625870e-04 2.20568098e-04
2.44340597e-01 4.29850939e-04 2.22211432e-04
2.44697429e-01 4.30170646e-05 2.19326567e-04
2.45054256e-01 -5.48882988e-05 2.18206859e-04
2.45411080e-01 -1.60611375e-04 2.17744558e-04
2.45767900e-01 -1.19227769e-04 2.19166154e-04
2.46124715e-01 2.45813144e-04 2.21466119e-04
2.46481527e-01 1.25175086e-04 2.15219665e-04
2.46838334e-01 5.50177552e-05 2.17930680e-04
2.47195138e-01 -1.80568335e-04 2.18631055e-04
2.47551938e-01 7.76373678e-05 2.17138708e-04
2.47908733e-01 -1.38638305e-04 2.19632958e-04
2.48265524e-01 1.98388262e-04 2.19120022e-04
2.48622312e-01 4.03683527e-04 2.18479676e-04
2.48979095e-01 -1.24914923e-04 2.19118153e-04
2.49335874e-01 1.27241632e-05 2.18124747e-04
2.49692649e-01 1.91802089e-05 2.16017507e-04
2.50049420e-01 -3.70201534e-04 2.15114471e-04
2.50406187e-01 -3.59001464e-04 2.09958012e-04
2.50762950e-01 6.54792945e-05 2.17951650e-04
2.51119709e-01 -1.97064238e-05 2.12684501e-04
2.51476464e-01 3.04794827e-04 2.18478873e-04
2.51833214e-01 3.81967711e-04 2.13207013e-04
2.52189961e-01 1.09384529e-04 2.15988797e-04
2.52546703e-01 3.55043638e-04 2.14423427e-04
2.52903441e-01 -1.13063856e-04 2.14802660e-04
2.53260175e-01 -3.22726637e-04 2.12239680e-04
2.53616905e-01 5.74051989e-05 2.12282300e-04
2.53973631e-01 -1.63206857e-05 2.16110733e-04
2.54330352e-01 -7.96037275e-05 2.12544291e-04
2.54687070e-01 -9.46809947e-05 2.13196157e-04
2.55043783e-01 1.48035692e-04 2.07472188e-04
2.55400492e-01 -9.55528288e-05 2.09634151e-04
2.55757197e-01 -8.91966337e-07 2.12993077e-04
2.56113898e-01 -1.79556342e-04 2.13031785e-04
2.56470595e-01 5.19783350e-05 2.14268713e-04
2.56827287e-01 -2.02223105e-04 2.12887245e-04
2.57183975e-01 4.94956532e-05 2.13504374e-04
2.57540659e-01 -1.97476037e-05 2.13113291e-04
2.57897339e-01 2.60123594e-05 2.14042590e-04
2.58254014e-01 -2.26021817e-04 2.18830427e-04
2.58610686e-01 1.99030897e-04 2.14980193e-04
2.58967353e-01 1.31893426e-04 2.17914915e-04
2.59324016e-01 1.43382673e-05 2.13815238e-04
2.59680674e-01 -2.59375987e-04 2.14520750e-04
2.60037329e-01 -7.28981269e-05 2.15399543e-04
2.60393979e-01 -2.80656220e-04 2.16332928e-04
2.60750625e-01 1.28070852e-06 2.15386967e-04
2.61107266e-01 4.29719237e-05 2.13691875e-04
2.61463904e-01 4.33732119e-04 2.14363976e-04
2.61820537e-01 1.94725691e-05 2.18457873e-04
2.62177166e-01 1.74084563e-04 2.13522109e-04
2.62533790e-01 -8.53621186e-05 2.12032431e-04
2.62890410e-01 -2.23763962e-04 2.11367134e-04
2.63247026e-01 -2.29447116e-04 2.13020758e-04
2.63603638e-01 -9.88370313e-05 2.12018366e-04
2.63960245e-01 3.48133645e-04 2.10667005e-04
2.64316848e-01 -1.23894863e-05 2.12688689e-04
2.64673447e-01 2.50553806e-04 2.16109396e-04
2.65030042e-01 -6.84920711e-06 2.10367667e-04
2.65386632e-01 1.08248029e-04 2.16622883e-04
2.65743217e-01 2.56957632e-04 2.12274238e-04
2.66099799e-01 -6.66202984e-05 2.13651921e-04
2.66456376e-01 2.21351758e-06 2.15902529e-04
2.66812948e-01 1.56848363e-04 2.15022967e-04
2.67169517e-01 2.61415977e-04 2.17162327e-04
2.67526081e-01 1.90457932e-04 2.17452783e-04
2.67882640e-01 -3.85661040e-04 2.15700788e-04
2.68239195e-01 -1.83302147e-04 2.15680080e-04
2.68595746e-01 1.08488010e-04 2.16093246e-04
2.68952293e-01 2.26328898e-04 2.16538046e-04
2.69308835e-01 -5.27076268e-05 2.17897681e-04
2.69665372e-01 -3.20136621e-04 2.15585443e-04
2.70021906e-01 -3.44761378e-07 2.17757985e-04
2.70378435e-01 9.61283846e-05 2.20529454e-04
2.70734959e-01 9.72202763e-05 2.17065880e-04
2.71091479e-01 1.86874568e-04 2.25875129e-04
2.71447995e-01 4.92707298e-05 2.23473665e-04
2.71804506e-01 6.16307927e-05 2.25124701e-04
2.72161012e-01 1.65035798e-04 2.22031732e-04
2.72517515e-01 -2.23792490e-05 2.16898168e-04
2.72874012e-01 -2.55478359e-04 2.29374671e-04
