1.54026655e-02 -1.89807711e-03 1.64651348e-03
1.57608633e-02 -3.90084708e-03 1.57825935e-03
1.61190608e-02 -4.26425968e-03 1.45283572e-03
1.64772580e-02 -4.01442031e-03 1.45825537e-03
1.68354550e-02 -1.05669137e-03 1.50486553e-03
1.71936517e-02 -1.51128682e-03 1.39831695e-03
1.75518481e-02 -1.17160810e-03 1.33106208e-03
1.79100442e-02 -6.14538943e-03 1.32950621e-03
1.82682400e-02 -3.06296168e-03 1.19025579e-03
1.86264355e-02 -2.78393075e-03 1.18842424e-03
1.89846308e-02 -2.45925587e-03 1.18566143e-03
1.93428257e-02 -7.25433924e-04 1.14010689e-03
1.97010202e-02 -3.28697200e-03 1.15666309e-03
2.00592145e-02 -3.41428273e-03 1.04607513e-03
2.04174084e-02 -1.82094394e-03 1.11594586e-03
2.07756020e-02 -2.22640630e-03 1.01586012e-03
2.11337953e-02 -1.82237329e-03 1.02522864e-03
2.14919882e-02 -1.46725311e-03 1.02832610e-03
2.18501808e-02 -1.65576015e-03 1.00655962e-03
2.22083729e-02 -8.26608684e-04 9.52908772e-04
2.25665648e-02 -2.00163737e-03 9.41137382e-04
2.29247562e-02 -3.34946697e-03 9.13003377e-04
2.32829473e-02 -1.83977274e-03 9.54498669e-04
2.36411380e-02 -1.93207254e-03 9.22428033e-04
2.39993283e-02 -1.14719553e-03 9.43903853e-04
2.43575182e-02 -5.40696750e-04 9.09901860e-04
2.47157077e-02 -2.53441576e-04 8.81590103e-04
2.50738968e-02 -8.00624949e-04 8.86881806e-04
2.54320855e-02 -1.96469383e-04 8.32089850e-04
2.57902738e-02 -3.67940059e-04 8.73615087e-04
2.61484617e-02 -6.52546278e-04 8.58372211e-04
2.65066491e-02 -7.30788739e-04 8.47758863e-04
2.68648361e-02 -1.62095868e-03 8.31958411e-04
2.72230226e-02 -1.36591667e-03 8.05868805e-04
2.75812087e-02 -2.98591770e-04 7.86677600e-04
2.79393943e-02 -1.55903445e-03 8.16107420e-04
2.82975795e-02 1.20683373e-03 8.05358909e-04
2.86557642e-02 -1.37762580e-03 8.50837029e-04
2.90139485e-02 -1.73716745e-03 8.41393505e-04
2.93721323e-02 -5.43050882e-04 8.25828466e-04
2.97303155e-02 2.21269126e-04 7.83741480e-04
3.00884983e-02 -1.06100602e-03 8.22869532e-04
3.04466806e-02 -1.94384822e-03 8.42279567e-04
3.08048624e-02 -5.12671979e-04 7.99749218e-04
3.11630437e-02 -1.81018641e-04 7.98705977e-04
3.15212245e-02 -4.12721963e-04 8.28954405e-04
3.18794048e-02 -8.33417570e-05 8.17737222e-04
3.22375845e-02 -8.32399957e-04 7.66603330e-04
3.25957637e-02 -3.74114091e-04 7.75255722e-04
3.29539424e-02 1.14190122e-04 8.18633150e-04
3.33121205e-02 -7.37524668e-04 7.32965257e-04
3.36702981e-02 -5.28954630e-04 7.81545923e-04
3.40284751e-02 -1.14311408e-03 7.66940251e-04
3.43866516e-02 -2.50236733e-04 7.43701900e-04
3.47448275e-02 7.53334624e-04 7.66132069e-04
3.51030028e-02 4.74840998e-04 7.55991380e-04
3.54611775e-02 -3.99765787e-04 7.59854903e-04
3.58193517e-02 1.04242392e-04 7.02714491e-04
3.61775253e-02 -4.54664497e-04 7.03467170e-04
3.65356983e-02 -6.10727054e-04 7.20288088e-04
3.68938706e-02 8.89448645e-04 7.31659873e-04
3.72520424e-02 6.18785165e-04 7.01360770e-04
3.76102136e-02 1.90372293e-04 6.74059370e-04
3.79683841e-02 4.42189868e-04 6.71556611e-04
3.83265540e-02 -1.08746181e-03 7.04780844e-04
3.86847233e-02 -4.36079985e-04 6.70787028e-04
3.90428920e-02 -8.77761506e-04 7.09724075e-04
3.94010600e-02 -1.00743902e-04 6.65917920e-04
3.97592273e-02 -3.85640815e-04 6.78383865e-04
4.01173941e-02 9.89894927e-05 6.56671380e-04
4.04755601e-02 -1.38596777e-04 6.52768993e-04
4.08337255e-02 -1.30745786e-03 6.72971564e-04
4.11918902e-02 -1.83844484e-03 6.46222646e-04
4.15500542e-02 -1.54078190e-05 6.39083454e-04
4.19082176e-02 -3.58779057e-04 6.41740722e-04
4.22663802e-02 -1.00146909e-04 6.37328158e-04
4.26245422e-02 3.57011881e-04 6.50596944e-04
4.29827034e-02 -1.46129503e-04 6.33437209e-04
4.33408640e-02 -3.54406741e-04 6.45215044e-04
4.36990238e-02 -6.30239033e-04 6.73903802e-04
4.40571830e-02 -1.18026718e-03 6.50411422e-04
4.44153414e-02 -9.62471384e-04 6.27842594e-04
4.47734990e-02 -4.95604814e-04 6.66024047e-04
4.51316560e-02 -7.35876279e-04 6.48813941e-04
4.54898122e-02 7.45043629e-04 6.50189286e-04
4.58479676e-02 -3.86082460e-04 6.55202234e-04
4.62061223e-02 -1.17382596e-03 6.23245815e-04
4.65642762e-02 2.68700761e-04 6.22679593e-04
4.69224294e-02 3.11119661e-04 6.34493499e-04
4.72805818e-02 8.58314913e-04 6.53591136e-04
4.76387334e-02 2.47290149e-04 6.64114092e-04
4.79968842e-02 -1.43056349e-03 6.43110497e-04
4.83550342e-02 -2.05090610e-04 6.07287992e-04
4.87131835e-02 1.21034300e-04 6.36761498e-04
4.90713319e-02 4.13804565e-04 6.12011581e-04
4.94294795e-02 6.74483763e-04 6.28081463e-04
4.97876264e-02 1.00091619e-03 6.12460029e-04
5.01457724e-02 -1.34742935e-03 6.12174572e-04
5.05039175e-02 4.13884224e-05 6.05702880e-04
5.08620619e-02 1.28085594e-03 5.68395746e-04
5.12202054e-02 5.15253523e-04 5.93630527e-04
5.15783481e-02 8.89022770e-04 6.06731938e-04
5.19364899e-02 -4.25165084e-05 5.99252217e-04
5.22946308e-02 1.19519903e-03 5.90388534e-04
5.26527709e-02 -7.68578165e-05 5.80539145e-04
5.30109102e-02 3.51719399e-04 5.75463523e-04
5.33690485e-02 -3.84879758e-04 5.45807678e-04
5.37271860e-02 4.39271894e-04 5.61539527e-04
5.40853226e-02 9.10485468e-04 5.61754262e-04
5.44434583e-02 8.54934727e-04 5.58311712e-04
5.48015932e-02 6.08973998e-04 5.57951735e-04
5.51597271e-02 -5.83569739e-04 5.38222190e-04
5.55178601e-02 -8.90125606e-04 5.31314724e-04
5.58759922e-02 4.51047894e-04 5.75926005e-04
5.62341234e-02 -1.38565567e-04 5.78564851e-04
5.65922536e-02 1.00615395e-04 5.46655330e-04
5.69503829e-02 -4.60757708e-04 5.40734818e-04
5.73085113e-02 1.11641350e-03 5.72164161e-04
5.76666388e-02 4.74987668e-04 5.21513590e-04
5.80247653e-02 -5.05194687e-04 5.43409430e-04
5.83828908e-02 -3.90166805e-04 5.29472154e-04
5.87410154e-02 4.68335803e-04 5.44915081e-04
5.90991390e-02 -3.43100856e-04 5.32274940e-04
5.94572616e-02 1.54086690e-04 5.26342739e-04
5.98153833e-02 -5.86273948e-04 5.09889457e-04
6.01735040e-02 -1.49728350e-04 5.17482644e-04
6.05316237e-02 5.94984661e-04 5.39507300e-04
6.08897424e-02 -2.10211888e-04 5.13987459e-04
6.12478600e-02 -3.81171518e-04 5.13513305e-04
6.16059767e-02 -1.04541202e-03 4.90932336e-04
6.19640924e-02 -1.99639929e-04 5.09286140e-04
6.23222071e-02 -1.32654203e-04 5.22450234e-04
6.26803207e-02 1.16811988e-04 5.06782041e-04
6.30384333e-02 2.97529892e-04 4.98857479e-04
6.33965448e-02 5.08427836e-04 5.06256533e-04
6.37546554e-02 -4.51783739e-04 5.14562716e-04
6.41127648e-02 9.49854607e-04 5.25775883e-04
6.44708732e-02 1.68216051e-04 4.89913290e-04
6.48289806e-02 -6.13365123e-04 5.14037061e-04
6.51870869e-02 -3.38246947e-04 5.00938850e-04
6.55451921e-02 -3.79018639e-04 4.90340689e-04
6.59032962e-02 -3.04984420e-05 4.84247982e-04
6.62613993e-02 2.55289561e-04 4.91746745e-04
6.66195012e-02 -2.41877112e-04 4.97885886e-04
6.69776021e-02 6.95749759e-04 4.99476570e-04
6.73357019e-02 3.03680217e-04 4.86105411e-04
6.76938005e-02 6.10095496e-04 4.98664978e-04
6.80518981e-02 3.51979582e-05 4.92087042e-04
6.84099945e-02 8.12774919e-05 4.92629418e-04
6.87680898e-02 7.42215296e-05 4.93565962e-04
6.91261840e-02 1.72104974e-04 4.82305341e-04
6.94842770e-02 -5.70986442e-04 4.85361143e-04
6.98423689e-02 8.03694757e-04 4.95667072e-04
7.02004596e-02 -2.09130252e-04 4.66656036e-04
7.05585492e-02 -2.28444697e-04 4.73956507e-04
7.09166377e-02 -5.63346636e-04 4.70930208e-04
7.12747249e-02 -6.51726133e-04 4.77765017e-04
7.16328110e-02 -9.38850298e-06 4.68112609e-04
7.19908959e-02 1.09027381e-04 4.82747209e-04
7.23489796e-02 3.49199989e-04 4.61903937e-04
7.27070622e-02 -1.63111018e-04 4.62011060e-04
7.30651435e-02 -1.11943500e-04 4.61714575e-04
7.34232237e-02 -2.50414500e-04 4.62747093e-04
7.37813026e-02 -7.11587084e-04 4.63231459e-04
7.41393803e-02 -5.19623919e-04 4.64503037e-04
7.44974568e-02 -3.52250068e-05 4.74787524e-04
7.48555321e-02 -2.12477282e-04 4.49323086e-04
7.52136061e-02 -6.08889442e-04 4.55985388e-04
7.55716789e-02 -2.85333635e-04 4.55693728e-04
7.59297505e-02 -7.91612262e-04 4.49723249e-04
7.62878208e-02 -2.98288323e-04 4.47852307e-04
7.66458899e-02 -5.61191838e-04 4.52243075e-04
7.70039577e-02 5.17435084e-04 4.53611974e-04
7.73620242e-02 9.05325324e-04 4.53584634e-04
7.77200895e-02 4.79549981e-04 4.52480724e-04
7.80781535e-02 -1.41114930e-04 4.48170856e-04
7.84362162e-02 -6.63110579e-05 4.40120823e-04
7.87942776e-02 -8.71232144e-04 4.41213379e-04
7.91523377e-02 7.54590535e-05 4.33997018e-04
7.95103965e-02 -8.30032571e-04 4.39768427e-04
7.98684540e-02 6.17670492e-04 4.50477826e-04
8.02265102e-02 -2.43034597e-04 4.58557069e-04
8.05845651e-02 -5.06521851e-05 4.48566944e-04
8.09426186e-02 -4.87022437e-05 4.36841386e-04
8.13006709e-02 -5.08865283e-04 4.46340922e-04
8.16587217e-02 5.86728886e-05 4.22015867e-04
8.20167713e-02 -2.77954078e-04 4.46144132e-04
8.23748195e-02 4.54965170e-04 4.28060150e-04
8.27328663e-02 3.05940123e-04 4.32915558e-04
8.30909118e-02 9.05341878e-04 4.31482589e-04
8.34489559e-02 -1.00887155e-04 4.23222328e-04
8.38069986e-02 8.56942149e-05 4.39428265e-04
8.41650400e-02 6.70414878e-04 4.50665321e-04
8.45230800e-02 1.36990377e-04 4.34000333e-04
8.48811185e-02 2.03164581e-04 4.33033529e-04
8.52391557e-02 -7.29032222e-04 4.37327340e-04
8.55971915e-02 -4.96708858e-04 4.45282070e-04
8.59552259e-02 3.86503508e-05 4.55181176e-04
8.63132589e-02 5.59343080e-04 4.38807280e-04
8.66712904e-02 1.47764181e-04 4.39263288e-04
8.70293205e-02 -3.94988914e-04 4.31335833e-04
8.73873492e-02 4.30051847e-05 4.35668659e-04
8.77453765e-02 -7.14140648e-05 4.24598144e-04
8.81034023e-02 -6.61864778e-04 4.05504522e-04
8.84614267e-02 8.79810501e-04 4.39419931e-04
8.88194496e-02 3.93606565e-04 4.28044786e-04
8.91774710e-02 3.44317394e-04 4.27699623e-04
8.95354910e-02 3.91236874e-05 4.16036963e-04
8.98935095e-02 8.20007386e-05 4.16746664e-04
9.02515266e-02 1.68033134e-04 4.30418666e-04
9.06095421e-02 9.23241298e-04 4.42584907e-04
9.09675562e-02 -6.79922463e-05 4.26894595e-04
9.13255687e-02 1.92828816e-04 4.34868152e-04
9.16835798e-02 -3.26717580e-04 4.25334832e-04
9.20415894e-02 4.28630098e-04 4.23604990e-04
9.23995974e-02 6.29581805e-04 4.29955570e-04
9.27576039e-02 -2.62518319e-04 4.11598850e-04
9.31156089e-02 5.20651064e-04 4.15922223e-04
9.34736124e-02 -4.15271314e-04 4.10130325e-04
9.38316143e-02 4.82232881e-04 4.21266230e-04
9.41896147e-02 -2.90724060e-04 4.24495757e-04
9.45476136e-02 2.60689686e-04 4.18240012e-04
9.49056108e-02 -1.86134374e-04 4.21619869e-04
9.52636066e-02 -2.35641157e-04 4.17346776e-04
9.56216007e-02 -3.25533732e-04 3.97982174e-04
9.59795933e-02 3.69454765e-04 4.09115953e-04
9.63375843e-02 -8.95293794e-04 3.98117793e-04
9.66955738e-02 -2.26004123e-04 3.88411873e-04
9.70535616e-02 6.03192264e-04 4.11191573e-04
9.74115478e-02 2.91593575e-04 4.07445117e-04
9.77695325e-02 1.86204621e-04 4.07474563e-04
9.81275155e-02 -5.74989037e-04 4.00350489e-04
9.84854969e-02 9.79729155e-04 4.05101135e-04
9.88434768e-02 -6.95505160e-04 4.10964259e-04
9.92014549e-02 6.74270422e-04 4.02500064e-04
9.95594315e-02 -1.66473559e-04 3.99802712e-04
9.99174064e-02 3.02297542e-04 4.02034850e-04
1.00275380e-01 5.05001269e-05 3.99941109e-04
1.00633351e-01 -2.66031474e-04 3.98712492e-04
1.00991321e-01 2.91899351e-04 3.93069052e-04
1.01349290e-01 6.74218699e-06 3.88274956e-04
1.01707256e-01 -3.60679344e-04 3.93559874e-04
1.02065221e-01 -5.81819625e-04 3.85406033e-04
1.02423184e-01 -1.11526928e-04 3.86580727e-04
1.02781146e-01 -4.80543307e-04 3.83546742e-04
1.03139106e-01 2.28766822e-04 4.03834802e-04
1.03497064e-01 -7.34207815e-04 3.87534142e-04
1.03855021e-01 -5.66766527e-04 3.79549656e-04
1.04212976e-01 2.03130110e-05 3.94771916e-04
1.04570929e-01 -6.14634680e-04 3.82962313e-04
1.04928880e-01 -2.42650070e-04 3.85416640e-04
1.05286830e-01 -1.92997666e-04 3.93880288e-04
1.05644778e-01 -7.28571856e-05 3.88878661e-04
1.06002724e-01 2.74674328e-05 3.84134824e-04
1.06360668e-01 4.05846574e-04 3.90649560e-04
1.06718611e-01 8.78467110e-05 3.95069458e-04
1.07076552e-01 1.21524542e-03 4.06177304e-04
1.07434491e-01 2.75461070e-04 3.98962887e-04
1.07792429e-01 4.25139628e-04 4.03443152e-04
1.08150364e-01 -1.10450208e-04 3.91836421e-04
1.08508298e-01 -1.30947201e-04 4.07054597e-04
1.08866230e-01 -1.80421575e-04 3.86271202e-04
1.09224160e-01 2.95309087e-04 3.88556898e-04
1.09582089e-01 -1.37687253e-04 3.88367737e-04
1.09940016e-01 -1.61522340e-05 4.00233454e-04
1.10297941e-01 -5.67629305e-04 3.91234688e-04
1.10655864e-01 -1.82900473e-04 3.90315442e-04
1.11013785e-01 -1.12551649e-05 3.82150233e-04
1.11371704e-01 -2.99743052e-04 3.81985580e-04
1.11729622e-01 8.35192283e-05 3.94145749e-04
1.12087538e-01 -8.85482550e-05 3.83741318e-04
1.12445452e-01 2.74381651e-04 3.87357608e-04
1.12803364e-01 3.49606751e-04 3.82444889e-04
1.13161274e-01 -3.81446544e-04 3.77345877e-04
1.13519182e-01 -1.24952635e-04 3.64554788e-04
1.13877089e-01 1.21290895e-04 3.69649165e-04
1.14234994e-01 6.18622103e-05 3.71902931e-04
1.14592896e-01 4.14566470e-04 3.65455894e-04
1.14950797e-01 -1.53018329e-04 3.75986448e-04
1.15308696e-01 6.33706607e-04 3.80049345e-04
1.15666593e-01 3.87785377e-04 3.88405994e-04
1.16024488e-01 -1.70867071e-04 3.67605122e-04
1.16382382e-01 -1.15352428e-04 3.72473334e-04
1.16740273e-01 3.54307760e-04 3.80169595e-04
1.17098163e-01 -3.02175361e-04 3.63327428e-04
1.17456050e-01 -3.73225427e-04 3.66960212e-04
1.17813936e-01 -5.84517046e-04 3.61973531e-04
1.18171819e-01 1.02488035e-04 3.81799129e-04
1.18529701e-01 4.09171652e-04 3.71679600e-04
1.18887581e-01 4.45846735e-04 3.63819743e-04
1.19245459e-01 -5.11942828e-06 3.76004419e-04
1.19603335e-01 2.80876081e-04 3.74499256e-04
1.19961208e-01 4.85961779e-05 3.70312989e-04
1.20319080e-01 -2.52817637e-04 3.77000334e-04
1.20676950e-01 -3.03362207e-04 3.73584240e-04
1.21034818e-01 -4.35890271e-04 3.71068842e-04
1.21392684e-01 1.52300339e-04 3.68071848e-04
1.21750548e-01 7.93545736e-04 3.80712456e-04
1.22108410e-01 -1.87514860e-05 3.78707136e-04
1.22466270e-01 5.78131193e-04 3.73042325e-04
1.22824128e-01 2.60056590e-04 3.84369153e-04
1.23181984e-01 -3.09132349e-04 3.75525723e-04
1.23539838e-01 -2.45794137e-04 3.61344848e-04
1.23897690e-01 4.52309717e-04 3.68198947e-04
1.24255540e-01 5.20823068e-04 3.72310965e-04
1.24613388e-01 -1.21969204e-04 3.75348793e-04
1.24971233e-01 -1.27636876e-04 3.60887526e-04
1.25329077e-01 2.39981887e-04 3.55200552e-04
1.25686919e-01 2.39185468e-04 3.54065116e-04
1.26044758e-01 -1.98969466e-04 3.58830158e-04
1.26402596e-01 5.82122606e-05 3.64620265e-04
1.26760431e-01 9.30816419e-05 3.58457330e-04
1.27118265e-01 -3.16677219e-04 3.54734063e-04
1.27476096e-01 7.94525608e-05 3.58132923e-04
1.27833925e-01 -4.52515912e-04 3.50496397e-04
1.28191752e-01 -4.66945762e-05 3.52678065e-04
1.28549577e-01 -5.07061986e-04 3.50821564e-04
1.28907400e-01 -2.57514394e-04 3.61748505e-04
1.29265221e-01 -1.91857612e-04 3.54863830e-04
1.29623040e-01 -3.00665623e-04 3.52175241e-04
1.29980856e-01 2.36880601e-04 3.54745355e-04
1.30338670e-01 4.19446994e-06 3.48292542e-04
1.30696483e-01 2.11250436e-05 3.39757668e-04
1.31054293e-01 -2.65869916e-04 3.42023566e-04
1.31412101e-01 -8.12042864e-05 3.50468047e-04
1.31769906e-01 -7.86527876e-04 3.39103206e-04
1.32127710e-01 2.92772175e-04 3.43422105e-04
1.32485511e-01 1.91729230e-04 3.46753418e-04
1.32843311e-01 -8.28897815e-05 3.51944007e-04
1.33201108e-01 -2.37456126e-04 3.52456593e-04
1.33558903e-01 1.20921138e-04 3.37172220e-04
1.33916695e-01 2.26998885e-04 3.42881239e-04
1.34274486e-01 -4.23248087e-04 3.36742969e-04
1.34632274e-01 4.53412167e-04 3.44651046e-04
1.34990060e-01 -3.43067986e-04 3.37034861e-04
1.35347844e-01 -2.67129797e-05 3.38804210e-04
1.35705626e-01 6.92113891e-04 3.42776948e-04
1.36063405e-01 8.45888886e-04 3.37473297e-04
1.36421182e-01 -7.39752302e-05 3.30447088e-04
1.36778957e-01 -1.03591011e-04 3.30670678e-04
1.37136730e-01 8.11098894e-04 3.36263163e-04
1.37494500e-01 -7.81234079e-04 3.40402377e-04
1.37852269e-01 1.33544704e-05 3.33719796e-04
1.38210034e-01 -2.57420492e-04 3.32442416e-04
1.38567798e-01 1.92548612e-05 3.32202909e-04
1.38925559e-01 -1.69122997e-04 3.25520685e-04
1.39283319e-01 8.66989036e-05 3.32755286e-04
1.39641075e-01 7.14974785e-04 3.41900965e-04
1.39998830e-01 -2.66689637e-04 3.29877917e-04
1.40356582e-01 -3.78330172e-04 3.29472221e-04
1.40714332e-01 -2.91127271e-04 3.24304622e-04
1.41072080e-01 1.35107231e-05 3.25053807e-04
1.41429825e-01 -1.15454913e-04 3.19906197e-04
1.41787568e-01 -2.38382417e-04 3.27145354e-04
1.42145308e-01 7.07451766e-05 3.33205448e-04
1.42503047e-01 6.18286909e-04 3.23269445e-04
1.42860783e-01 9.93140505e-05 3.33274415e-04
1.43218516e-01 3.20051779e-04 3.25537684e-04
1.43576247e-01 -5.67001343e-05 3.32251678e-04
1.43933976e-01 1.90159676e-05 3.28230668e-04
1.44291703e-01 -1.92183272e-05 3.28322979e-04
1.44649427e-01 4.61804654e-04 3.30705370e-04
1.45007149e-01 4.17232502e-04 3.23846679e-04
1.45364868e-01 4.40456362e-04 3.17462266e-04
1.45722585e-01 -2.07078847e-04 3.24330940e-04
1.46080300e-01 3.27776823e-04 3.22960250e-04
1.46438012e-01 -3.82987687e-04 3.05271110e-04
1.46795722e-01 2.12949735e-04 3.21818311e-04
1.47153429e-01 5.90839041e-04 3.16561468e-04
1.47511134e-01 4.39358804e-05 3.25906404e-04
1.47868837e-01 2.56418089e-04 3.18025491e-04
1.48226537e-01 5.74889697e-05 3.12228860e-04
1.48584235e-01 3.98705702e-04 3.17189807e-04
1.48941930e-01 -4.92370057e-05 3.14473984e-04
1.49299623e-01 -4.98503481e-04 3.17374998e-04
1.49657313e-01 9.45702216e-05 3.22938890e-04
1.50015001e-01 7.83774439e-05 3.10094458e-04
1.50372687e-01 9.37660012e-05 3.12403917e-04
1.50730370e-01 -6.94071417e-04 3.17503091e-04
1.51088050e-01 -8.15717303e-04 3.08914485e-04
1.51445728e-01 3.08533400e-04 3.19635042e-04
1.51803404e-01 2.43285762e-04 3.12693052e-04
1.52161077e-01 -4.34447420e-04 3.06818011e-04
1.52518747e-01 -1.82208211e-04 3.07784561e-04
1.52876416e-01 -1.95894660e-04 3.04319949e-04
1.53234081e-01 1.35352325e-04 3.10889337e-04
1.53591744e-01 -1.19016921e-05 2.99649963e-04
1.53949405e-01 6.87915949e-05 3.09528996e-04
1.54307063e-01 3.11613567e-04 3.09682754e-04
1.54664718e-01 -3.70059437e-04 3.04500687e-04
1.55022371e-01 -5.82184171e-04 3.03284281e-04
1.55380021e-01 -8.24850247e-04 3.09895555e-04
1.55737669e-01 2.09943787e-04 3.04618296e-04
1.56095314e-01 -1.02071114e-04 3.03153802e-04
1.56452957e-01 -3.47288477e-04 3.11969950e-04
1.56810597e-01 -9.61516061e-06 3.04447053e-04
1.57168235e-01 -3.17880425e-04 3.02088403e-04
1.57525870e-01 5.29320328e-04 3.04603988e-04
1.57883502e-01 -4.95950271e-04 2.99861669e-04
1.58241132e-01 1.55530702e-06 3.02652978e-04
1.58598759e-01 2.87420485e-04 3.00210043e-04
1.58956384e-01 -4.55626420e-04 3.04788156e-04
1.59314006e-01 -1.59537845e-04 3.01054934e-04
1.59671625e-01 1.80302468e-04 3.04746689e-04
1.60029242e-01 3.10174807e-04 3.12569533e-04
1.60386856e-01 -1.05925614e-05 2.98039988e-04
1.60744468e-01 1.28724164e-04 2.97283409e-04
1.61102076e-01 4.18073982e-04 2.97874563e-04
1.61459683e-01 1.59634310e-04 2.97448573e-04
1.61817286e-01 5.61118252e-05 2.96340131e-04
1.62174887e-01 3.35205736e-04 2.97681005e-04
1.62532485e-01 1.63315095e-04 2.94134744e-04
1.62890081e-01 -3.02479057e-04 2.98483321e-04
1.63247674e-01 5.86941964e-04 2.98104637e-04
1.63605264e-01 8.18758773e-05 2.93529242e-04
1.63962852e-01 -4.40392432e-04 2.90181910e-04
1.64320437e-01 9.03600563e-05 2.90746556e-04
1.64678019e-01 4.35495743e-04 2.96065962e-04
1.65035598e-01 -5.20037530e-05 2.96709727e-04
1.65393175e-01 1.07693057e-04 2.97513906e-04
1.65750749e-01 -1.58595387e-04 2.98132297e-04
1.66108320e-01 -2.10648898e-04 2.95653790e-04
1.66465889e-01 1.41699289e-05 2.89301744e-04
1.66823455e-01 -2.33155171e-05 2.97438218e-04
1.67181018e-01 -1.23667103e-04 2.98076772e-04
1.67538578e-01 6.42498850e-04 2.97788086e-04
1.67896136e-01 -1.84652096e-04 2.97260151e-04
1.68253691e-01 3.71608810e-05 2.85738523e-04
1.68611243e-01 -1.01148996e-04 2.92254750e-04
1.68968792e-01 -8.69547699e-05 2.86605567e-04
1.69326339e-01 2.49145445e-04 2.91259697e-04
1.69683883e-01 -1.79627360e-04 2.81976702e-04
1.70041424e-01 -4.18028830e-05 2.88871146e-04
1.70398962e-01 -5.44701764e-05 2.83211708e-04
1.70756497e-01 -7.68816727e-05 2.87750463e-04
1.71114030e-01 -4.55625823e-04 2.85927979e-04
1.71471560e-01 1.57689945e-04 2.84266052e-04
1.71829087e-01 -1.09116565e-04 2.86167877e-04
1.72186611e-01 -1.72761999e-04 2.81029073e-04
1.72544132e-01 -1.55408465e-04 2.84894546e-04
1.72901651e-01 5.92033465e-04 2.87583478e-04
1.73259167e-01 1.19195948e-04 2.86111385e-04
1.73616679e-01 -2.74572783e-04 2.84598151e-04
1.73974189e-01 3.47286898e-04 2.84978118e-04
1.74331697e-01 2.64839384e-04 2.82206496e-04
1.74689201e-01 1.56402402e-04 2.80846279e-04
1.75046702e-01 7.75581214e-05 2.82846059e-04
1.75404201e-01 -7.86699503e-05 2.85859299e-04
1.75761697e-01 1.28782129e-04 2.85333785e-04
1.76119189e-01 2.23227472e-04 2.83651038e-04
1.76476679e-01 3.32214154e-04 2.84819720e-04
1.76834166e-01 1.43427393e-04 2.89291717e-04
1.77191650e-01 -1.67376756e-05 2.76306122e-04
1.77549132e-01 2.89617857e-04 2.82071085e-04
1.77906610e-01 4.06705700e-05 2.76730638e-04
1.78264085e-01 -3.71168489e-04 2.75588171e-04
1.78621558e-01 1.76446030e-04 2.75514855e-04
1.78979027e-01 -1.37034020e-05 2.76129237e-04
1.79336494e-01 3.08175080e-04 2.72381721e-04
1.79693958e-01 -6.71485916e-05 2.74403065e-04
1.80051418e-01 5.91483247e-04 2.82903960e-04
1.80408876e-01 1.02671645e-04 2.77884012e-04
1.80766331e-01 1.11578600e-04 2.80950318e-04
1.81123783e-01 -1.76510734e-04 2.76982308e-04
1.81481232e-01 -1.77336292e-05 2.86302986e-04
1.81838677e-01 4.32742352e-05 2.80077868e-04
1.82196120e-01 5.14164893e-04 2.92199838e-04
1.82553560e-01 6.03919085e-07 2.89088204e-04
1.82910997e-01 -2.49182825e-04 2.88271742e-04
1.83268431e-01 2.32788121e-04 2.81867643e-04
1.83625862e-01 2.10196884e-04 2.80806319e-04
1.83983290e-01 -8.11375352e-05 2.82748934e-04
1.84340715e-01 5.02936496e-04 2.81768001e-04
1.84698137e-01 2.07663968e-04 2.85251799e-04
1.85055556e-01 -5.68025188e-04 2.83783202e-04
1.85412971e-01 -2.02430255e-04 2.86736465e-04
1.85770384e-01 -1.18254241e-04 2.83374657e-04
1.86127794e-01 1.24465678e-04 2.82587418e-04
1.86485200e-01 -3.93798047e-05 2.86240309e-04
1.86842604e-01 7.51236588e-05 2.77346037e-04
1.87200005e-01 1.02308318e-04 2.80499926e-04
1.87557402e-01 -3.04979522e-06 2.77597824e-04
1.87914797e-01 9.60727938e-05 2.70856576e-04
1.88272188e-01 2.84779732e-04 2.81389740e-04
1.88629576e-01 -5.24205069e-04 2.71506059e-04
1.88986961e-01 -1.29981273e-04 2.72018670e-04
1.89344343e-01 -7.47449207e-05 2.76167085e-04
1.89701722e-01 1.01683044e-06 2.76423188e-04
1.90059098e-01 -2.61485979e-04 2.69651733e-04
1.90416471e-01 2.44275218e-04 2.77854837e-04
1.90773840e-01 1.73648783e-04 2.78197294e-04
1.91131207e-01 9.90388834e-05 2.71383087e-04
1.91488570e-01 8.66199213e-05 2.72051070e-04
1.91845930e-01 -5.56500991e-05 2.75194554e-04
1.92203287e-01 -4.31169197e-04 2.71754963e-04
1.92560641e-01 1.53796920e-04 2.67278515e-04
1.92917992e-01 1.08238760e-04 2.69569127e-04
1.93275340e-01 4.80620536e-04 2.68109821e-04
1.93632684e-01 -3.18917194e-04 2.69945924e-04
1.93990025e-01 -2.19580815e-05 2.73467887e-04
1.94347363e-01 1.51586122e-04 2.72852978e-04
1.94704698e-01 2.02329749e-04 2.76919189e-04
1.95062030e-01 -1.32747528e-04 2.78794053e-04
1.95419358e-01 7.62503758e-04 2.78777667e-04
1.95776684e-01 3.80674947e-04 2.74483184e-04
1.96134006e-01 2.45452598e-04 2.76047528e-04
1.96491324e-01 7.70939857e-05 2.71725454e-04
1.96848640e-01 -2.43895271e-04 2.73301977e-04
1.97205953e-01 -2.88946424e-04 2.75291598e-04
1.97563262e-01 -3.54730740e-04 2.71453439e-04
1.97920568e-01 6.03604252e-05 2.73732176e-04
1.98277870e-01 -1.68764197e-04 2.68047545e-04
1.98635170e-01 1.90597847e-04 2.70015963e-04
1.98992466e-01 -4.46165709e-05 2.76956956e-04
1.99349759e-01 -6.24406501e-07 2.75275606e-04
1.99707049e-01 4.83167319e-04 2.73043244e-04
2.00064335e-01 4.13096903e-04 2.68366355e-04
2.00421618e-01 -6.58908894e-04 2.65971844e-04
2.00778898e-01 -2.78415301e-04 2.61544274e-04
2.01136174e-01 -7.58769093e-05 2.61652145e-04
2.01493448e-01 -3.82920295e-04 2.61570267e-04
2.01850718e-01 9.94493453e-05 2.63263070e-04
2.02207984e-01 -1.12083040e-04 2.65141454e-04
2.02565248e-01 -3.01179641e-04 2.57991971e-04
2.02922508e-01 -2.67222920e-04 2.60623074e-04
2.03279764e-01 4.44494317e-04 2.58423033e-04
2.03637018e-01 5.77312036e-05 2.63573307e-04
2.03994268e-01 2.22756520e-04 2.59346586e-04
2.04351514e-01 -7.30423029e-04 2.61014788e-04
2.04708758e-01 -2.58896808e-04 2.61363232e-04
2.05065998e-01 -1.64025267e-06 2.61678497e-04
2.05423234e-01 7.75531566e-05 2.62233804e-04
2.05780467e-01 2.85075473e-04 2.61370132e-04
2.06137697e-01 -2.26953661e-04 2.61343443e-04
2.06494924e-01 1.10224974e-04 2.55220033e-04
2.06852147e-01 -3.31538808e-04 2.59492403e-04
2.07209367e-01 -1.57286117e-04 2.52090853e-04
2.07566583e-01 4.10016617e-04 2.58545778e-04
2.07923796e-01 3.14541212e-04 2.58950217e-04
2.08281005e-01 5.67173741e-05 2.57164655e-04
2.08638211e-01 -4.20387218e-05 2.54681306e-04
2.08995414e-01 1.66966110e-05 2.51226785e-04
2.09352613e-01 8.01992057e-05 2.53478626e-04
2.09709809e-01 1.91078838e-04 2.55035118e-04
2.10067002e-01 -2.80980319e-04 2.49236970e-04
2.10424191e-01 -1.77294579e-04 2.51339345e-04
2.10781376e-01 1.00153746e-04 2.54257436e-04
2.11138558e-01 -3.15242157e-04 2.52353827e-04
2.11495737e-01 -4.93444941e-04 2.50088536e-04
2.11852912e-01 2.01367403e-04 2.52436635e-04
2.12210084e-01 3.15516867e-04 2.48163849e-04
2.12567252e-01 -3.46860805e-06 2.51135026e-04
2.12924416e-01 -1.75671752e-04 2.44705268e-04
2.13281578e-01 -6.36686361e-06 2.47777971e-04
2.13638735e-01 -2.46623727e-04 2.47760301e-04
2.13995890e-01 -2.83925994e-04 2.47804038e-04
2.14353040e-01 5.14114992e-08 2.50113946e-04
2.14710188e-01 -2.75068511e-04 2.41140570e-04
2.15067331e-01 8.22710534e-05 2.51298270e-04
2.15424471e-01 -7.70619247e-05 2.52964621e-04
2.15781608e-01 -3.75524012e-04 2.47183409e-04
2.16138741e-01 3.64852597e-05 2.46619105e-04
2.16495871e-01 -3.03260543e-05 2.49538301e-04
2.16852997e-01 3.21381013e-04 2.44679574e-04
2.17210119e-01 1.68199371e-04 2.45351842e-04
2.17567238e-01 -4.28645125e-04 2.44921446e-04
2.17924354e-01 1.09581804e-04 2.45237288e-04
2.18281465e-01 1.25889605e-04 2.41324470e-04
2.18638574e-01 8.76891824e-05 2.43620749e-04
2.18995678e-01 -4.48475784e-04 2.44213966e-04
2.19352779e-01 -1.20286210e-04 2.40877628e-04
2.19709877e-01 1.25995411e-04 2.41855453e-04
2.20066971e-01 2.13393172e-04 2.41919055e-04
2.20424061e-01 1.49473956e-04 2.37728635e-04
2.20781147e-01 3.65157015e-04 2.42301928e-04
2.21138230e-01 2.60389727e-04 2.36095487e-04
2.21495310e-01 -1.56292201e-05 2.39876740e-04
2.21852386e-01 2.14643274e-05 2.42574929e-04
2.22209458e-01 -4.90176350e-05 2.41288246e-04
2.22566526e-01 -1.90688134e-04 2.38246817e-04
2.22923591e-01 -1.21284948e-04 2.36912096e-04
2.23280652e-01 1.11141735e-05 2.40330248e-04
2.23637710e-01 9.38709411e-05 2.33622305e-04
2.23994764e-01 -2.68938277e-04 2.34753619e-04
2.24351814e-01 -5.28907958e-04 2.34155041e-04
2.24708861e-01 -1.61289238e-04 2.34474051e-04
2.25065904e-01 -7.46634981e-05 2.37880360e-04
2.25422943e-01 -6.18324798e-04 2.36828552e-04
2.25779978e-01 1.78113072e-04 2.38971598e-04
2.26137010e-01 -1.66216312e-04 2.37028398e-04
2.26494038e-01 4.06151789e-04 2.34980133e-04
2.26851063e-01 -5.22536667e-04 2.35229196e-04
2.27208083e-01 5.00692445e-04 2.41646646e-04
2.27565100e-01 2.11822930e-05 2.36725148e-04
2.27922114e-01 -1.65040416e-04 2.35502164e-04
2.28279123e-01 -1.54501623e-04 2.36870659e-04
2.28636129e-01 -2.51320936e-04 2.31803331e-04
2.28993131e-01 1.72163553e-04 2.38947791e-04
2.29350129e-01 -2.79051633e-04 2.31299084e-04
2.29707124e-01 -1.36538859e-04 2.32919075e-04
2.30064115e-01 -1.85576292e-05 2.34149666e-04
2.30421102e-01 4.69261869e-05 2.35786360e-04
2.30778085e-01 3.76079916e-04 2.32945136e-04
2.31135064e-01 -1.80230266e-05 2.32244442e-04
2.31492040e-01 2.70216798e-04 2.32479954e-04
2.31849012e-01 -1.52692809e-04 2.28539403e-04
2.32205980e-01 -2.86915990e-05 2.28646152e-04
2.32562944e-01 1.97218475e-04 2.36828649e-04
2.32919905e-01 -2.43953730e-04 2.33715614e-04
2.33276862e-01 3.86533371e-05 2.35149240e-04
2.33633814e-01 -3.62071074e-04 2.30423525e-04
2.33990763e-01 8.11709292e-06 2.30421119e-04
2.34347709e-01 1.46245212e-04 2.28252469e-04
2.34704650e-01 -3.80447167e-04 2.29882722e-04
2.35061588e-01 -1.02021213e-04 2.29636565e-04
2.35418521e-01 -8.49924411e-05 2.28748951e-04
2.35775451e-01 4.18999022e-05 2.30242110e-04
2.36132377e-01 3.57240491e-04 2.29324256e-04
2.36489299e-01 -6.68286643e-05 2.26412603e-04
2.36846218e-01 -5.45828457e-05 2.27738027e-04
2.37203132e-01 3.85101707e-05 2.23441128e-04
2.37560042e-01 6.01435571e-05 2.25763280e-04
2.37916949e-01 -8.70275722e-05 2.30404918e-04
2.38273852e-01 1.88536029e-04 2.24370651e-04
2.38630751e-01 -1.31798516e-04 2.19863368e-04
2.38987645e-01 2.32198056e-06 2.26939665e-04
2.39344537e-01 -1.19557888e-06 2.24499100e-04
2.39701424e-01 -2.78295132e-04 2.24041709e-04
2.40058307e-01 -2.45296793e-04 2.27042583e-04
2.40415186e-01 1.54157452e-04 2.27097634e-04
2.40772061e-01 -2.68771926e-04 2.20148608e-04
2.41128933e-01 2.84068206e-04 2.24844312e-04
2.41485800e-01 -2.73155395e-04 2.26386503e-04
2.41842664e-01 -2.67657466e-04 2.20427764e-04
2.42199523e-01 2.09947296e-04 2.18562370e-04
2.42556379e-01 -9.61101704e-05 2.21813735e-04
2.42913230e-01 -4.16121722e-05 2.22095784e-04
2.43270078e-01 2.39462624e-06 2.19361275e-04
2.43626922e-01 -8.97601915e-05 2.22131208e-04
2.43983761e-01 2.10865034e-04 2.20730403e-04
2.44340597e-01 3.17292102e-04 2.14031494e-04
2.44697429e-01 -6.20650462e-05 2.19899271e-04
2.45054256e-01 -3.85421496e-04 2.20332354e-04
2.45411080e-01 -2.01674821e-04 2.21722178e-04
2.45767900e-01 5.50385492e-05 2.18598564e-04
2.46124715e-01 1.84677564e-04 2.18749405e-04
2.46481527e-01 -1.23486896e-04 2.18810822e-04
2.46838334e-01 3.58364695e-05 2.20235173e-04
2.47195138e-01 -7.77905966e-05 2.18657437e-04
2.47551938e-01 1.59291527e-04 2.11061449e-04
2.47908733e-01 -1.41077994e-04 2.17643904e-04
2.48265524e-01 3.94248730e-04 2.19152386e-04
2.48622312e-01 -4.86491876e-05 2.19322384e-04
2.48979095e-01 7.79247290e-05 2.15686374e-04
2.49335874e-01 -2.42001219e-04 2.15024067e-04
2.49692649e-01 -4.95198630e-05 2.16306341e-04
2.50049420e-01 1.77051248e-04 2.14579096e-04
2.50406187e-01 -1.69698100e-04 2.13642701e-04
2.50762950e-01 -1.00809538e-04 2.13551126e-04
2.51119709e-01 -2.56202523e-04 2.11997127e-04
2.51476464e-01 3.92432998e-05 2.11709237e-04
2.51833214e-01 8.89418376e-05 2.12075425e-04
2.52189961e-01 6.96835164e-05 2.16926421e-04
2.52546703e-01 1.51021918e-04 2.19537404e-04
2.52903441e-01 1.83960141e-05 2.12755902e-04
2.53260175e-01 3.85687075e-05 2.14213102e-04
2.53616905e-01 -3.91688004e-04 2.08323170e-04
2.53973631e-01 -2.15655844e-05 2.13288314e-04
2.54330352e-01 -3.03092557e-04 2.12332929e-04
2.54687070e-01 -1.20531145e-04 2.13787354e-04
2.55043783e-01 -7.56231152e-05 2.10246749e-04
2.55400492e-01 1.32368926e-05 2.11950516e-04
2.55757197e-01 -1.16640070e-04 2.14759331e-04
2.56113898e-01 -1.06812736e-04 2.11965016e-04
2.56470595e-01 -1.65425082e-04 2.08587840e-04
2.56827287e-01 -3.53215949e-04 2.13250057e-04
2.57183975e-01 -1.97095862e-04 2.09205780e-04
2.57540659e-01 -1.17009276e-04 2.14695519e-04
2.57897339e-01 -1.25320272e-04 2.13822134e-04
2.58254014e-01 -3.99691471e-04 2.10695124e-04
2.58610686e-01 2.65792436e-04 2.12956561e-04
2.58967353e-01 1.56108219e-04 2.12162691e-04
2.59324016e-01 -3.91741866e-04 2.14741370e-04
2.59680674e-01 1.54926529e-04 2.14968200e-04
2.60037329e-01 2.87250956e-04 2.22406657e-04
2.60393979e-01 5.35275172e-05 2.16766276e-04
2.60750625e-01 1.99271231e-04 2.17257725e-04
2.61107266e-01 -5.86613679e-04 2.15177050e-04
2.61463904e-01 -2.97124056e-04 2.18335964e-04
2.61820537e-01 -3.23027368e-04 2.14772599e-04
2.62177166e-01 1.92517015e-05 2.16789743e-04
2.62533790e-01 6.94956363e-05 2.15819594e-04
2.62890410e-01 1.49502742e-04 2.16071775e-04
2.63247026e-01 -5.96044072e-05 2.14332808e-04
2.63603638e-01 2.76969710e-04 2.16188627e-04
2.63960245e-01 -2.18978169e-04 2.15865805e-04
2.64316848e-01 1.62786316e-06 2.15835326e-04
2.64673447e-01 -1.62045370e-05 2.11064776e-04
2.65030042e-01 1.39703744e-04 2.11138934e-04
2.65386632e-01 -2.92409227e-05 2.13550092e-04
2.65743217e-01 1.54489856e-04 2.10590320e-04
2.66099799e-01 -1.82543887e-04 2.08607112e-04
2.66456376e-01 -2.43480550e-04 2.09812570e-04
2.66812948e-01 -5.41716268e-06 2.15334405e-04
2.67169517e-01 3.79489360e-05 2.16617525e-04
2.67526081e-01 -1.92619737e-05 2.18748150e-04
2.67882640e-01 1.21283997e-04 2.16630757e-04
2.68239195e-01 1.64179294e-04 2.19659939e-04
2.68595746e-01 1.50992587e-04 2.16296975e-04
2.68952293e-01 -1.11233772e-04 2.16221432e-04
2.69308835e-01 3.43640545e-04 2.18906716e-04
2.69665372e-01 4.91274823e-04 2.18651285e-04
2.70021906e-01 -1.82911268e-06 2.21087108e-04
2.70378435e-01 -9.56666127e-05 2.16892153e-04
2.70734959e-01 9.77163311e-05 2.20887081e-04
2.71091479e-01 1.00678117e-04 2.23346891e-04
2.71447995e-01 -1.12331499e-04 2.23503228e-04
2.71804506e-01 9.80720900e-06 2.23308203e-04
2.72161012e-01 2.58786330e-04 2.26546526e-04
2.72517515e-01 1.27117063e-04 2.23108825e-04
2.72874012e-01 -5.00985128e-04 2.21869986e-04
