1.54026655e-02 -1.59576808e-03 1.67866058e-03
1.57608633e-02 1.79271683e-03 1.61613418e-03
1.61190608e-02 -7.70156271e-04 1.49570917e-03
1.64772580e-02 -1.40232007e-03 1.51657201e-03
1.68354550e-02 5.19254270e-04 1.43392922e-03
1.71936517e-02 -1.40229010e-03 1.34316941e-03
1.75518481e-02 4.49633686e-04 1.33102392e-03
1.79100442e-02 -2.27846467e-04 1.29408754e-03
1.82682400e-02 1.87521366e-03 1.29231774e-03
1.86264355e-02 3.06870411e-03 1.20520867e-03
1.89846308e-02 2.77408732e-04 1.17040922e-03
1.93428257e-02 1.37044506e-05 1.13171079e-03
1.97010202e-02 -1.97197698e-04 1.08580901e-03
2.00592145e-02 3.98775382e-04 1.00158753e-03
2.04174084e-02 1.08886550e-03 1.10090142e-03
2.07756020e-02 1.15437411e-03 1.04090185e-03
2.11337953e-02 9.03256055e-04 1.01008404e-03
2.14919882e-02 8.11020994e-04 1.07522979e-03
2.18501808e-02 -6.78797624e-04 9.81610523e-04
2.22083729e-02 6.58389113e-04 9.81891726e-04
2.25665648e-02 -4.48241983e-05 9.83837602e-04
2.29247562e-02 2.74415411e-03 9.78048372e-04
2.32829473e-02 1.47959130e-03 1.01908395e-03
2.36411380e-02 2.71850833e-03 9.45193024e-04
2.39993283e-02 5.36661218e-04 9.33194163e-04
2.43575182e-02 -1.37171798e-04 9.00196706e-04
2.47157077e-02 1.35615574e-03 8.89967308e-04
2.50738968e-02 1.59195047e-03 9.22045117e-04
2.54320855e-02 4.12367286e-04 8.61109677e-04
2.57902738e-02 2.06051022e-03 8.15917158e-04
2.61484617e-02 -6.34962999e-05 8.57184359e-04
2.65066491e-02 5.81628448e-04 8.30090263e-04
2.68648361e-02 5.63001031e-04 7.94510736e-04
2.72230226e-02 1.70795289e-03 8.35145267e-04
2.75812087e-02 1.71651691e-03 8.22756182e-04
2.79393943e-02 2.69571796e-03 8.22729472e-04
2.82975795e-02 4.08309431e-04 8.23091848e-04
2.86557642e-02 2.49535351e-04 8.10004388e-04
2.90139485e-02 4.59188122e-04 7.92847889e-04
2.93721323e-02 1.10264313e-03 8.30714275e-04
2.97303155e-02 1.83184675e-03 8.20937324e-04
3.00884983e-02 1.76386459e-03 8.04634913e-04
3.04466806e-02 1.00576554e-03 8.28884824e-04
3.08048624e-02 1.50173595e-03 7.92606402e-04
3.11630437e-02 1.40069498e-03 7.88029889e-04
3.15212245e-02 -4.27857948e-04 7.48830645e-04
3.18794048e-02 8.67085643e-04 8.16500188e-04
3.22375845e-02 1.38379641e-03 8.38573429e-04
3.25957637e-02 2.04826452e-03 8.28085743e-04
3.29539424e-02 7.19894682e-04 8.02725497e-04
3.33121205e-02 4.92807208e-04 8.03127645e-04
3.36702981e-02 2.77922123e-03 7.63502459e-04
3.40284751e-02 1.02014044e-03 8.26036363e-04
3.43866516e-02 2.72054503e-03 7.72504605e-04
3.47448275e-02 -9.19554442e-05 7.51958913e-04
3.51030028e-02 -1.10386407e-03 7.28017600e-04
3.54611775e-02 2.10508915e-04 7.33826260e-04
3.58193517e-02 1.50265633e-03 7.33973200e-04
3.61775253e-02 1.67335669e-03 7.03869299e-04
3.65356983e-02 9.03730941e-04 7.44799583e-04
3.68938706e-02 2.45504963e-03 7.11020390e-04
3.72520424e-02 -8.59898359e-04 7.23695791e-04
3.76102136e-02 -1.70245426e-04 7.32955377e-04
3.79683841e-02 1.17823010e-03 7.50612233e-04
3.83265540e-02 1.23958691e-03 7.16908702e-04
3.86847233e-02 8.10440060e-04 6.93084960e-04
3.90428920e-02 1.31097822e-03 6.84178714e-04
3.94010600e-02 8.10073343e-04 6.71117448e-04
3.97592273e-02 1.59837022e-03 6.43085705e-04
4.01173941e-02 5.42995023e-04 6.73866676e-04
4.04755601e-02 1.16490469e-03 6.94245251e-04
4.08337255e-02 1.16087216e-03 6.98481901e-04
4.11918902e-02 4.08582163e-04 6.37141540e-04
4.15500542e-02 8.81072620e-04 6.51789225e-04
4.19082176e-02 1.03974009e-03 6.56003348e-04
4.22663802e-02 7.63988729e-04 6.59155719e-04
4.26245422e-02 2.78977528e-04 6.50483109e-04
4.29827034e-02 1.20373044e-03 6.61799148e-04
4.33408640e-02 -2.70108139e-04 6.80800147e-04
4.36990238e-02 4.57958050e-04 6.39185955e-04
4.40571830e-02 4.33527516e-04 6.55638168e-04
4.44153414e-02 -8.32856873e-05 6.45914720e-04
4.47734990e-02 2.11353063e-04 6.51983993e-04
4.51316560e-02 7.27602892e-04 6.59945747e-04
4.54898122e-02 7.33251205e-06 6.55760558e-04
4.58479676e-02 -5.62334351e-04 6.43097076e-04
4.62061223e-02 1.25443114e-03 6.33336247e-04
4.65642762e-02 2.11413573e-04 6.25511594e-04
4.69224294e-02 1.60143342e-05 6.37681598e-04
4.72805818e-02 -4.08853087e-07 6.39153578e-04
4.76387334e-02 2.96405124e-04 6.40954476e-04
4.79968842e-02 1.24028820e-03 6.47305523e-04
4.83550342e-02 4.12688013e-04 6.08640476e-04
4.87131835e-02 1.01321459e-03 6.42015133e-04
4.90713319e-02 8.88434274e-04 6.27733316e-04
4.94294795e-02 7.98518809e-04 6.06862334e-04
4.97876264e-02 5.35488155e-04 6.03984766e-04
5.01457724e-02 7.50914223e-04 5.93466882e-04
5.05039175e-02 2.33667852e-04 5.76558678e-04
5.08620619e-02 1.06965430e-03 5.89850782e-04
5.12202054e-02 1.41925474e-04 5.96562786e-04
5.15783481e-02 1.21325502e-03 5.87290394e-04
5.19364899e-02 6.56478655e-04 5.96545390e-04
5.22946308e-02 6.15153012e-04 5.72570017e-04
5.26527709e-02 -1.18538754e-04 5.53856167e-04
5.30109102e-02 -6.73895419e-04 5.71424723e-04
5.33690485e-02 1.25559168e-04 5.58778272e-04
5.37271860e-02 1.66141008e-04 5.60249729e-04
5.40853226e-02 -4.04586020e-04 5.73093161e-04
5.44434583e-02 6.05298723e-04 5.71526676e-04
5.48015932e-02 2.40793113e-04 5.79295136e-04
5.51597271e-02 1.77925207e-04 5.73863315e-04
5.55178601e-02 1.23553281e-03 5.91185502e-04
5.58759922e-02 -2.30290866e-04 5.56429849e-04
5.62341234e-02 1.16915350e-03 5.57817499e-04
5.65922536e-02 -3.57785788e-04 5.46800266e-04
5.69503829e-02 -1.48666727e-04 5.51995619e-04
5.73085113e-02 5.61449833e-04 5.55594121e-04
5.76666388e-02 1.46093006e-03 5.40171097e-04
5.80247653e-02 9.75515804e-04 5.47633775e-04
5.83828908e-02 1.42983024e-03 5.57559341e-04
5.87410154e-02 5.20355645e-04 5.35236598e-04
5.90991390e-02 5.80800346e-04 5.24864693e-04
5.94572616e-02 2.08162641e-04 5.39785520e-04
5.98153833e-02 -1.22497553e-05 5.32059864e-04
6.01735040e-02 7.08590610e-04 5.35034676e-04
6.05316237e-02 7.13589180e-04 5.36994284e-04
6.08897424e-02 1.33759109e-03 5.32083538e-04
6.12478600e-02 -2.94879870e-04 5.36030177e-04
6.16059767e-02 -6.92929942e-04 5.17123279e-04
6.19640924e-02 6.14161412e-04 5.21275898e-04
6.23222071e-02 -2.73645764e-05 4.95444992e-04
6.26803207e-02 3.18185544e-04 5.03929402e-04
6.30384333e-02 -1.08665909e-04 4.95396241e-04
6.33965448e-02 2.32483276e-04 5.01394663e-04
6.37546554e-02 3.37392093e-04 5.09600047e-04
6.41127648e-02 1.30415178e-04 5.09844692e-04
6.44708732e-02 4.40062292e-04 4.88043710e-04
6.48289806e-02 2.04436049e-04 5.04782454e-04
6.51870869e-02 1.40753760e-04 4.85506778e-04
6.55451921e-02 -3.11144958e-04 4.99837397e-04
6.59032962e-02 6.21790252e-04 4.95047674e-04
6.62613993e-02 1.34240511e-04 5.02464546e-04
6.66195012e-02 -5.31759299e-05 5.01302766e-04
6.69776021e-02 -2.45356028e-04 4.82396388e-04
6.73357019e-02 7.64670020e-04 4.84545963e-04
6.76938005e-02 4.74495559e-04 4.78045170e-04
6.80518981e-02 6.44943483e-04 4.88417604e-04
6.84099945e-02 2.40762177e-05 4.80426039e-04
6.87680898e-02 7.86383952e-04 4.68900510e-04
6.91261840e-02 5.22748677e-04 4.79841070e-04
6.94842770e-02 7.77570501e-05 4.61210931e-04
6.98423689e-02 5.11873455e-04 4.64645372e-04
7.02004596e-02 1.78169062e-04 4.67593310e-04
7.05585492e-02 6.94092445e-04 4.81882267e-04
7.09166377e-02 7.89892068e-04 4.63498678e-04
7.12747249e-02 3.99221796e-04 4.68887427e-04
7.16328110e-02 7.22933807e-05 4.84723903e-04
7.19908959e-02 -5.77127457e-05 4.71448551e-04
7.23489796e-02 6.85620329e-04 4.80809791e-04
7.27070622e-02 3.22296600e-04 4.81185211e-04
7.30651435e-02 -3.41673452e-04 4.65585712e-04
7.34232237e-02 -2.31797712e-04 4.60762867e-04
7.37813026e-02 4.15073681e-04 4.70855687e-04
7.41393803e-02 9.86743596e-05 4.64532515e-04
7.44974568e-02 4.74486837e-04 4.69042447e-04
7.48555321e-02 1.11275197e-04 4.35726331e-04
7.52136061e-02 -3.09854056e-04 4.45749913e-04
7.55716789e-02 -1.85603579e-05 4.57560607e-04
7.59297505e-02 5.11814027e-04 4.63034576e-04
7.62878208e-02 6.13949930e-04 4.47471296e-04
7.66458899e-02 7.14266956e-04 4.49896656e-04
7.70039577e-02 2.25537102e-04 4.58854221e-04
7.73620242e-02 -3.47508237e-04 4.50683382e-04
7.77200895e-02 -2.55160502e-04 4.45618524e-04
7.80781535e-02 -5.53670244e-04 4.46101439e-04
7.84362162e-02 2.88804325e-04 4.46148101e-04
7.87942776e-02 3.95334441e-04 4.61122905e-04
7.91523377e-02 3.48236409e-04 4.50241446e-04
7.95103965e-02 3.20227359e-04 4.52924959e-04
7.98684540e-02 3.39373599e-04 4.37145901e-04
8.02265102e-02 -9.50703566e-05 4.48264245e-04
8.05845651e-02 2.69477872e-04 4.47501214e-04
8.09426186e-02 1.26437573e-04 4.47692493e-04
8.13006709e-02 2.75919030e-04 4.43418604e-04
8.16587217e-02 -1.44774070e-04 4.45965259e-04
8.20167713e-02 -3.33292595e-05 4.36240017e-04
8.23748195e-02 -4.00897242e-05 4.29357622e-04
8.27328663e-02 5.22011665e-04 4.27330305e-04
8.30909118e-02 3.08611808e-04 4.39615500e-04
8.34489559e-02 -3.89918496e-04 4.14761905e-04
8.38069986e-02 -4.16739808e-04 4.29623655e-04
8.41650400e-02 2.50742034e-04 4.24174474e-04
8.45230800e-02 -2.07805697e-04 4.26117423e-04
8.48811185e-02 -5.65040051e-05 4.39037613e-04
8.52391557e-02 -3.87676201e-04 4.49422488e-04
8.55971915e-02 -3.23723853e-04 4.30623608e-04
8.59552259e-02 -1.64100656e-04 4.41340667e-04
8.63132589e-02 7.72563539e-04 4.30795148e-04
8.66712904e-02 -7.42985292e-04 4.38120113e-04
8.70293205e-02 -2.01870017e-05 4.35213423e-04
8.73873492e-02 -2.46299880e-04 4.30713423e-04
8.77453765e-02 2.24445509e-04 4.37126213e-04
8.81034023e-02 3.20972823e-04 4.32283509e-04
8.84614267e-02 2.23821573e-04 4.28808757e-04
8.88194496e-02 -6.75700716e-04 4.22910283e-04
8.91774710e-02 1.33724959e-04 4.20976957e-04
8.95354910e-02 -6.64927273e-04 4.24038744e-04
8.98935095e-02 -7.70359755e-04 4.21464583e-04
9.02515266e-02 -3.70450831e-04 4.30725675e-04
9.06095421e-02 -2.14128608e-04 4.29818444e-04
9.09675562e-02 6.02798201e-05 4.18819305e-04
9.13255687e-02 -3.84811101e-04 4.30482435e-04
9.16835798e-02 -3.79238101e-04 4.24156655e-04
9.20415894e-02 -5.99938082e-06 4.25935120e-04
9.23995974e-02 -4.59233790e-04 4.36330432e-04
9.27576039e-02 -5.67360981e-04 4.29998451e-04
9.31156089e-02 1.30415504e-04 4.19239167e-04
9.34736124e-02 7.98664951e-04 4.21275547e-04
9.38316143e-02 -2.04025121e-04 4.13473738e-04
9.41896147e-02 3.01260558e-04 4.13094524e-04
9.45476136e-02 -4.74465264e-04 4.16844793e-04
9.49056108e-02 -5.33549393e-05 4.04529194e-04
9.52636066e-02 1.98514984e-04 3.99941671e-04
9.56216007e-02 5.46913792e-04 4.04289351e-04
9.59795933e-02 5.87988560e-04 4.15358671e-04
9.63375843e-02 2.55579143e-04 4.12767244e-04
9.66955738e-02 -1.87037507e-04 4.07326639e-04
9.70535616e-02 -1.88702665e-04 4.06463899e-04
9.74115478e-02 2.32744463e-04 4.08101670e-04
9.77695325e-02 7.27744665e-04 4.16399477e-04
9.81275155e-02 6.68953770e-04 4.06982647e-04
9.84854969e-02 -1.60626816e-04 3.94756371e-04
9.88434768e-02 -1.20062890e-04 3.97313587e-04
9.92014549e-02 2.30171395e-04 3.97835668e-04
9.95594315e-02 -3.57618290e-04 3.98002373e-04
9.99174064e-02 8.39484261e-05 3.74337379e-04
1.00275380e-01 -4.79433416e-04 3.97627638e-04
1.00633351e-01 -9.47149228e-04 3.93305760e-04
1.00991321e-01 7.56764666e-04 4.03858096e-04
1.01349290e-01 7.12698342e-04 3.94301324e-04
1.01707256e-01 -1.28803735e-04 3.79047841e-04
1.02065221e-01 -3.60325740e-05 3.91037714e-04
1.02423184e-01 -4.77436656e-05 3.92064683e-04
1.02781146e-01 4.23619168e-04 3.86066028e-04
1.03139106e-01 5.17063369e-04 3.91267743e-04
1.03497064e-01 -6.36538270e-05 3.90734711e-04
1.03855021e-01 2.20174265e-04 3.86010502e-04
1.04212976e-01 -2.91541396e-04 3.88627904e-04
1.04570929e-01 4.70305229e-04 3.88902609e-04
1.04928880e-01 5.87930308e-04 3.90068660e-04
1.05286830e-01 -2.11216798e-04 3.86649233e-04
1.05644778e-01 -5.91146215e-05 3.98917723e-04
1.06002724e-01 -2.19677978e-04 3.88359836e-04
1.06360668e-01 2.51916080e-04 3.88971191e-04
1.06718611e-01 -1.50933593e-04 3.92428935e-04
1.07076552e-01 -4.40919325e-04 4.03098471e-04
1.07434491e-01 -2.41453558e-04 4.19757048e-04
1.07792429e-01 -8.48292309e-05 4.06175514e-04
1.08150364e-01 -1.51887977e-04 4.00876342e-04
1.08508298e-01 3.55192760e-04 3.98315409e-04
1.08866230e-01 1.13706149e-04 3.93675504e-04
1.09224160e-01 -2.69897927e-04 3.98335522e-04
1.09582089e-01 1.83119651e-04 3.95210596e-04
1.09940016e-01 -1.56137898e-04 3.91775587e-04
1.10297941e-01 -3.48511080e-04 3.92992003e-04
1.10655864e-01 -7.74774188e-04 3.79436126e-04
1.11013785e-01 -4.56437654e-04 3.84303509e-04
1.11371704e-01 -4.89748630e-04 3.76230432e-04
1.11729622e-01 3.46851963e-04 3.82728272e-04
1.12087538e-01 -6.60761893e-04 3.71987889e-04
1.12445452e-01 -2.93106334e-04 3.85547315e-04
1.12803364e-01 -1.42651197e-04 3.72562151e-04
1.13161274e-01 -3.55151766e-04 3.75927820e-04
1.13519182e-01 2.36160226e-04 3.89031494e-04
1.13877089e-01 4.58456062e-04 3.75256372e-04
1.14234994e-01 2.03811944e-04 3.81991717e-04
1.14592896e-01 -1.71179938e-04 3.73843182e-04
1.14950797e-01 -5.50684149e-04 3.70154892e-04
1.15308696e-01 1.35421385e-04 3.81321369e-04
1.15666593e-01 6.86933490e-05 3.68331742e-04
1.16024488e-01 2.98559483e-04 3.78702945e-04
1.16382382e-01 -1.06193482e-04 3.72638203e-04
1.16740273e-01 -8.03149407e-04 3.64702409e-04
1.17098163e-01 3.20094530e-05 3.70940661e-04
1.17456050e-01 -1.15140660e-03 3.62210900e-04
1.17813936e-01 -2.16008334e-04 3.67327987e-04
1.18171819e-01 -8.65310995e-06 3.67836394e-04
1.18529701e-01 -3.77808166e-04 3.67456220e-04
1.18887581e-01 -4.44763004e-04 3.74064575e-04
1.19245459e-01 -1.47747090e-04 3.77602838e-04
1.19603335e-01 -2.81171061e-04 3.74660962e-04
1.19961208e-01 -7.22325898e-04 3.69450463e-04
1.20319080e-01 -6.26816433e-04 3.69776253e-04
1.20676950e-01 -3.08825725e-04 3.78047086e-04
1.21034818e-01 1.77338544e-04 3.78181772e-04
1.21392684e-01 2.62061212e-04 3.69978412e-04
1.21750548e-01 -3.18732214e-04 3.76707410e-04
1.22108410e-01 -6.41050750e-04 3.80607890e-04
1.22466270e-01 -1.49765752e-05 3.75722625e-04
1.22824128e-01 3.93827197e-05 3.72676205e-04
1.23181984e-01 -1.90837398e-04 3.74472545e-04
1.23539838e-01 -1.53068568e-04 3.76163624e-04
1.23897690e-01 2.16566717e-04 3.62050687e-04
1.24255540e-01 -7.15835278e-04 3.62342875e-04
1.24613388e-01 1.84383775e-04 3.69196437e-04
1.24971233e-01 2.70951282e-05 3.63618445e-04
1.25329077e-01 -3.40558998e-05 3.58430407e-04
1.25686919e-01 -5.58324064e-04 3.75584219e-04
1.26044758e-01 1.39591230e-04 3.55625794e-04
1.26402596e-01 4.02352474e-04 3.74280580e-04
1.26760431e-01 -2.35459245e-04 3.66514584e-04
1.27118265e-01 3.69985978e-04 3.59943774e-04
1.27476096e-01 -5.68759631e-05 3.61490064e-04
1.27833925e-01 -3.64294579e-04 3.51354052e-04
1.28191752e-01 3.98784854e-05 3.55887691e-04
1.28549577e-01 -6.06834207e-04 3.37520272e-04
1.28907400e-01 8.35154155e-04 3.53486890e-04
1.29265221e-01 4.63318024e-05 3.53420667e-04
1.29623040e-01 2.47256417e-04 3.52064751e-04
1.29980856e-01 9.66880629e-05 3.60108051e-04
1.30338670e-01 1.30867836e-04 3.53951549e-04
1.30696483e-01 -4.72533213e-04 3.46710351e-04
1.31054293e-01 -3.73115963e-04 3.41708697e-04
1.31412101e-01 7.22114107e-05 3.43238506e-04
1.31769906e-01 -2.95167170e-04 3.46642208e-04
1.32127710e-01 -4.39073130e-04 3.40270847e-04
1.32485511e-01 -3.96496237e-05 3.53230012e-04
1.32843311e-01 5.48881547e-04 3.50687597e-04
1.33201108e-01 -2.63106302e-04 3.37712073e-04
1.33558903e-01 -2.98085079e-04 3.37774541e-04
1.33916695e-01 1.59898988e-04 3.42688177e-04
1.34274486e-01 2.51364739e-04 3.41728593e-04
1.34632274e-01 -9.08139674e-05 3.26276877e-04
1.34990060e-01 -3.14584214e-04 3.39530371e-04
1.35347844e-01 -4.50249624e-04 3.36760871e-04
1.35705626e-01 1.50351403e-04 3.38127297e-04
1.36063405e-01 4.85497032e-05 3.35015577e-04
1.36421182e-01 -4.58994601e-04 3.28310266e-04
1.36778957e-01 6.84702484e-04 3.35879029e-04
1.37136730e-01 -1.42062154e-04 3.37334058e-04
1.37494500e-01 -4.11373214e-04 3.32955590e-04
1.37852269e-01 -6.10472338e-04 3.28164271e-04
1.38210034e-01 2.92967668e-04 3.25470317e-04
1.38567798e-01 9.21771258e-05 3.28397751e-04
1.38925559e-01 -5.22102418e-04 3.32491607e-04
1.39283319e-01 2.60464536e-04 3.31395190e-04
1.39641075e-01 -2.09994301e-04 3.24365776e-04
1.39998830e-01 -2.22601467e-04 3.33892023e-04
1.40356582e-01 -3.32350332e-04 3.25615081e-04
1.40714332e-01 1.54361185e-04 3.38513567e-04
1.41072080e-01 -4.66877771e-04 3.36262319e-04
1.41429825e-01 -4.80757975e-04 3.31023347e-04
1.41787568e-01 -1.42598635e-05 3.30991725e-04
1.42145308e-01 -7.98344994e-04 3.25161868e-04
1.42503047e-01 -9.85740680e-04 3.22663736e-04
1.42860783e-01 -7.05457180e-05 3.28021327e-04
1.43218516e-01 5.86395990e-05 3.27956407e-04
1.43576247e-01 -2.24516342e-04 3.23975698e-04
1.43933976e-01 -5.96975042e-04 3.20513079e-04
1.44291703e-01 -4.60355088e-04 3.24010424e-04
1.44649427e-01 1.66317112e-04 3.27670502e-04
1.45007149e-01 1.95681535e-04 3.13823095e-04
1.45364868e-01 -3.21331569e-04 3.17212126e-04
1.45722585e-01 -1.49505108e-04 3.11764648e-04
1.46080300e-01 3.77497946e-04 3.23181110e-04
1.46438012e-01 -4.14569734e-04 3.18836223e-04
1.46795722e-01 4.23874109e-04 3.24585336e-04
1.47153429e-01 7.03638579e-05 3.15031505e-04
1.47511134e-01 -2.89702721e-04 3.19976750e-04
1.47868837e-01 2.53165947e-04 3.14067313e-04
1.48226537e-01 -3.83376063e-04 3.18324628e-04
1.48584235e-01 3.27147111e-04 3.16295798e-04
1.48941930e-01 -6.95600779e-04 3.13728109e-04
1.49299623e-01 -1.94175401e-04 3.13905524e-04
1.49657313e-01 3.57554597e-04 3.19166492e-04
1.50015001e-01 3.36881100e-04 3.14584980e-04
1.50372687e-01 -6.16280684e-05 3.18757457e-04
1.50730370e-01 3.63846354e-05 3.10199567e-04
1.51088050e-01 1.09202600e-04 3.03074639e-04
1.51445728e-01 8.15175476e-05 3.16047842e-04
1.51803404e-01 -1.88788581e-04 3.02569580e-04
1.52161077e-01 4.22030680e-04 3.09274779e-04
1.52518747e-01 3.13647076e-04 3.08437436e-04
1.52876416e-01 -4.73751711e-04 3.06265872e-04
1.53234081e-01 1.32860499e-05 3.07460065e-04
1.53591744e-01 3.93749875e-04 3.06572737e-04
1.53949405e-01 1.21026850e-04 3.10251876e-04
1.54307063e-01 2.51619167e-04 3.06735516e-04
1.54664718e-01 1.40579216e-04 3.01545785e-04
1.55022371e-01 -7.54279235e-05 3.00167449e-04
1.55380021e-01 1.47904173e-04 3.04222234e-04
1.55737669e-01 -3.87507080e-04 3.00102794e-04
1.56095314e-01 -4.17257233e-04 3.09225400e-04
1.56452957e-01 -4.45457556e-04 3.05041107e-04
1.56810597e-01 -2.08398933e-04 3.00231042e-04
1.57168235e-01 -3.76880132e-04 3.04810024e-04
1.57525870e-01 -3.52286113e-04 3.00708880e-04
1.57883502e-01 5.19796582e-05 3.01124208e-04
1.58241132e-01 1.92790572e-04 3.02613593e-04
1.58598759e-01 6.52059111e-05 2.97983018e-04
1.58956384e-01 -4.41123154e-04 3.00824428e-04
1.59314006e-01 -2.44905739e-04 3.00124421e-04
1.59671625e-01 -8.86603849e-05 3.03124399e-04
1.60029242e-01 -2.01546342e-04 3.00910839e-04
1.60386856e-01 2.02312567e-05 3.02440428e-04
1.60744468e-01 -1.77705521e-04 3.03218726e-04
1.61102076e-01 -1.42043499e-04 3.04412165e-04
1.61459683e-01 -3.56740798e-04 2.96881695e-04
1.61817286e-01 -2.17237770e-04 3.04890138e-04
1.62174887e-01 5.61693366e-04 3.02745265e-04
1.62532485e-01 5.10022961e-04 3.01519758e-04
1.62890081e-01 1.71424633e-04 2.87732276e-04
1.63247674e-01 5.75965836e-04 2.94396162e-04
1.63605264e-01 3.28932802e-05 2.98251007e-04
1.63962852e-01 -1.65810767e-04 2.92932240e-04
1.64320437e-01 -2.25348106e-05 2.93985404e-04
1.64678019e-01 2.19524533e-04 3.03413104e-04
1.65035598e-01 -1.86797787e-04 2.98984939e-04
1.65393175e-01 -5.30168343e-05 2.92462048e-04
1.65750749e-01 -2.73420963e-04 2.92033114e-04
1.66108320e-01 3.86755911e-04 2.95497012e-04
1.66465889e-01 -2.90793707e-04 2.95673678e-04
1.66823455e-01 8.11969066e-05 2.90216592e-04
1.67181018e-01 -2.58919935e-04 2.87655350e-04
1.67538578e-01 -5.19979433e-04 2.94158203e-04
1.67896136e-01 2.50499372e-04 2.88517547e-04
1.68253691e-01 1.24628511e-04 2.90030972e-04
1.68611243e-01 -4.52677635e-05 2.94794996e-04
1.68968792e-01 -4.01850674e-04 2.86827997e-04
1.69326339e-01 -5.09012753e-04 2.80319742e-04
1.69683883e-01 -4.99528752e-04 2.86928999e-04
1.70041424e-01 -2.97675648e-04 2.86461267e-04
1.70398962e-01 2.36552803e-04 2.89256084e-04
1.70756497e-01 3.24982929e-04 2.89655334e-04
1.71114030e-01 1.41373735e-04 2.87123761e-04
1.71471560e-01 -1.74967636e-04 2.89260888e-04
1.71829087e-01 2.24969991e-05 2.90101366e-04
1.72186611e-01 5.47579065e-05 2.88550982e-04
1.72544132e-01 -2.93848538e-04 2.84900986e-04
1.72901651e-01 2.12908687e-04 2.86884973e-04
1.73259167e-01 1.58511085e-04 2.87339084e-04
1.73616679e-01 2.20325215e-04 2.86476652e-04
1.73974189e-01 -2.02484429e-05 2.81238816e-04
1.74331697e-01 -3.35791817e-04 2.75970848e-04
1.74689201e-01 2.77452611e-04 2.84704407e-04
1.75046702e-01 -2.84091230e-04 2.81256308e-04
1.75404201e-01 -8.04398838e-06 2.80756294e-04
1.75761697e-01 -5.03025224e-04 2.78570574e-04
1.76119189e-01 -1.97671431e-04 2.81354047e-04
1.76476679e-01 4.78555137e-05 2.83575308e-04
1.76834166e-01 3.77614794e-05 2.80550715e-04
1.77191650e-01 3.95626284e-04 2.83692919e-04
1.77549132e-01 -1.20597031e-05 2.84238854e-04
1.77906610e-01 1.90706462e-04 2.81850209e-04
1.78264085e-01 1.90269495e-04 2.74878651e-04
1.78621558e-01 -4.36695143e-04 2.77719857e-04
1.78979027e-01 2.01323694e-04 2.81280893e-04
1.79336494e-01 -2.15557613e-04 2.81382300e-04
1.79693958e-01 -1.16164928e-04 2.78639874e-04
1.80051418e-01 2.35093519e-04 2.79843805e-04
1.80408876e-01 4.03269757e-04 2.73938284e-04
1.80766331e-01 2.01847091e-04 2.77108174e-04
1.81123783e-01 -4.00203877e-04 2.78593459e-04
1.81481232e-01 -7.41047523e-05 2.79740856e-04
1.81838677e-01 -2.43408304e-04 2.82318622e-04
1.82196120e-01 -8.38283658e-04 2.78074918e-04
1.82553560e-01 -1.06006263e-04 2.84443873e-04
1.82910997e-01 -6.31715251e-04 2.82564667e-04
1.83268431e-01 -1.10703716e-05 2.88705601e-04
1.83625862e-01 4.11977148e-05 2.86511174e-04
1.83983290e-01 -3.94167499e-04 2.87470488e-04
1.84340715e-01 1.66564580e-04 2.82140709e-04
1.84698137e-01 3.70451235e-04 2.87468161e-04
1.85055556e-01 -1.88534741e-04 2.74298427e-04
1.85412971e-01 -1.26591010e-04 2.81933271e-04
1.85770384e-01 4.34737648e-04 2.85718412e-04
1.86127794e-01 -4.03166860e-04 2.80821901e-04
1.86485200e-01 -1.78819964e-04 2.81358142e-04
1.86842604e-01 2.81880769e-05 2.77918155e-04
1.87200005e-01 2.45323438e-04 2.73833923e-04
1.87557402e-01 1.72987365e-04 2.74566923e-04
1.87914797e-01 -1.77570729e-04 2.68176265e-04
1.88272188e-01 -9.99007110e-05 2.83948774e-04
1.88629576e-01 -5.56098565e-04 2.71847187e-04
1.88986961e-01 3.38319893e-05 2.74073834e-04
1.89344343e-01 -1.00026399e-04 2.75232900e-04
1.89701722e-01 -2.34430513e-04 2.70809150e-04
1.90059098e-01 3.02675529e-04 2.74011877e-04
1.90416471e-01 -2.00095703e-04 2.72168746e-04
1.90773840e-01 -2.68841755e-04 2.67321255e-04
1.91131207e-01 1.17287502e-04 2.73313931e-04
1.91488570e-01 -2.84484200e-04 2.68110398e-04
1.91845930e-01 5.58747916e-05 2.67719438e-04
1.92203287e-01 2.44489301e-04 2.71266054e-04
1.92560641e-01 9.88102522e-05 2.69649143e-04
1.92917992e-01 4.91807956e-05 2.68814749e-04
1.93275340e-01 -1.16835856e-04 2.64634147e-04
1.93632684e-01 -6.17082531e-05 2.69433257e-04
1.93990025e-01 4.32479838e-05 2.73035583e-04
1.94347363e-01 5.09986817e-05 2.68734513e-04
1.94704698e-01 4.58796664e-05 2.73343054e-04
1.95062030e-01 2.21554712e-04 2.77349332e-04
1.95419358e-01 -2.35749521e-04 2.83788583e-04
1.95776684e-01 5.09045410e-04 2.72563854e-04
1.96134006e-01 -4.05039890e-05 2.69436571e-04
1.96491324e-01 1.33720816e-04 2.72846366e-04
1.96848640e-01 5.61610125e-05 2.70475768e-04
1.97205953e-01 -4.76878618e-05 2.76239407e-04
1.97563262e-01 2.33902060e-04 2.67480742e-04
1.97920568e-01 -3.49610490e-05 2.75773852e-04
1.98277870e-01 -3.04268463e-04 2.69163733e-04
1.98635170e-01 9.66776839e-05 2.72726484e-04
1.98992466e-01 2.04993972e-05 2.76182269e-04
1.99349759e-01 4.53687581e-04 2.74838223e-04
1.99707049e-01 -2.22851840e-04 2.69528773e-04
2.00064335e-01 -2.67738368e-04 2.71066442e-04
2.00421618e-01 -1.44727124e-04 2.62771338e-04
2.00778898e-01 2.75694062e-04 2.67113481e-04
2.01136174e-01 -1.69843895e-04 2.59756994e-04
2.01493448e-01 -7.87706113e-05 2.66275789e-04
2.01850718e-01 4.84349774e-04 2.63064006e-04
2.02207984e-01 9.13725251e-05 2.61335402e-04
2.02565248e-01 2.06551829e-04 2.64017873e-04
2.02922508e-01 2.85168196e-04 2.59007865e-04
2.03279764e-01 -2.77051500e-04 2.61245051e-04
2.03637018e-01 -2.38898746e-04 2.59017569e-04
2.03994268e-01 -2.96557551e-04 2.59021950e-04
2.04351514e-01 -4.05879683e-04 2.57410194e-04
2.04708758e-01 -9.41600217e-05 2.63018385e-04
2.05065998e-01 -4.12294187e-04 2.58733322e-04
2.05423234e-01 2.05819350e-04 2.56769394e-04
2.05780467e-01 1.45178026e-05 2.54791621e-04
2.06137697e-01 -7.20450983e-05 2.50927336e-04
2.06494924e-01 1.36158924e-04 2.60884070e-04
2.06852147e-01 -4.16816222e-04 2.53380232e-04
2.07209367e-01 -1.11340278e-04 2.53963035e-04
2.07566583e-01 -5.10782229e-05 2.57761491e-04
2.07923796e-01 -3.23467641e-04 2.55393301e-04
2.08281005e-01 9.65062950e-05 2.50312813e-04
2.08638211e-01 -1.82699648e-04 2.57843595e-04
2.08995414e-01 1.92121322e-04 2.57705100e-04
2.09352613e-01 -8.05939485e-04 2.55394017e-04
2.09709809e-01 -2.34137581e-04 2.50096553e-04
2.10067002e-01 -6.05047400e-05 2.57986513e-04
2.10424191e-01 3.71060498e-05 2.53636664e-04
2.10781376e-01 2.39237845e-04 2.52509771e-04
2.11138558e-01 -4.75924930e-04 2.49860292e-04
2.11495737e-01 -2.83485715e-04 2.53174382e-04
2.11852912e-01 3.13761581e-04 2.52050077e-04
2.12210084e-01 1.40618622e-04 2.50923016e-04
2.12567252e-01 1.53670191e-04 2.47446673e-04
2.12924416e-01 -1.84955009e-04 2.46365268e-04
2.13281578e-01 2.41015524e-04 2.48142798e-04
2.13638735e-01 -2.53201797e-04 2.46930540e-04
2.13995890e-01 8.53618805e-05 2.45429292e-04
2.14353040e-01 4.64941136e-05 2.49134551e-04
2.14710188e-01 1.62277611e-05 2.40518054e-04
2.15067331e-01 3.83734076e-04 2.43758830e-04
2.15424471e-01 -5.60689798e-06 2.45255285e-04
2.15781608e-01 -3.41623501e-04 2.47358797e-04
2.16138741e-01 -2.71087170e-04 2.48443747e-04
2.16495871e-01 -4.92767581e-04 2.47075579e-04
2.16852997e-01 -1.32097221e-04 2.45433240e-04
2.17210119e-01 -1.29595895e-04 2.48641656e-04
2.17567238e-01 -6.10195900e-05 2.41635316e-04
2.17924354e-01 4.72923520e-04 2.40384895e-04
2.18281465e-01 -1.24626359e-04 2.44516220e-04
2.18638574e-01 -3.00406795e-04 2.36669060e-04
2.18995678e-01 -1.26125478e-04 2.41454830e-04
2.19352779e-01 1.12872175e-04 2.43368285e-04
2.19709877e-01 -3.83717621e-04 2.45634961e-04
2.20066971e-01 -2.04125981e-04 2.45568176e-04
2.20424061e-01 -2.21821344e-04 2.40104298e-04
2.20781147e-01 -4.38719326e-04 2.39824302e-04
2.21138230e-01 -6.82227418e-05 2.38763683e-04
2.21495310e-01 6.27999958e-05 2.38793387e-04
2.21852386e-01 -3.45556580e-04 2.39330275e-04
2.22209458e-01 1.15780603e-04 2.35212715e-04
2.22566526e-01 -1.70949535e-04 2.39518029e-04
2.22923591e-01 2.36185389e-04 2.35155047e-04
2.23280652e-01 8.25840078e-05 2.37098104e-04
2.23637710e-01 6.57695560e-05 2.36612824e-04
2.23994764e-01 -2.18375863e-04 2.36742403e-04
2.24351814e-01 -5.60929558e-04 2.34403772e-04
2.24708861e-01 7.05806308e-05 2.38860472e-04
2.25065904e-01 -2.34100018e-05 2.37280657e-04
2.25422943e-01 1.71344612e-04 2.36262564e-04
2.25779978e-01 -1.45398606e-04 2.39863715e-04
2.26137010e-01 3.82871181e-05 2.38029823e-04
2.26494038e-01 1.32307892e-04 2.32994877e-04
2.26851063e-01 1.21485054e-04 2.35260783e-04
2.27208083e-01 -3.32077752e-05 2.32804349e-04
2.27565100e-01 -4.98139420e-04 2.32466228e-04
2.27922114e-01 6.37338217e-05 2.29703163e-04
2.28279123e-01 2.76324633e-04 2.35402130e-04
2.28636129e-01 -1.46487781e-04 2.35016569e-04
2.28993131e-01 -1.42139980e-05 2.31471842e-04
2.29350129e-01 -4.96214584e-04 2.32781411e-04
2.29707124e-01 -4.10909669e-04 2.32763883e-04
2.30064115e-01 -1.14785804e-04 2.36675327e-04
2.30421102e-01 -1.56816037e-04 2.31933510e-04
2.30778085e-01 1.80153551e-04 2.33600887e-04
2.31135064e-01 -4.34732836e-04 2.28766049e-04
2.31492040e-01 -2.47640281e-04 2.33202437e-04
2.31849012e-01 -3.69654984e-04 2.33587631e-04
2.32205980e-01 -2.11412885e-05 2.28358605e-04
2.32562944e-01 2.13816519e-04 2.31007956e-04
2.32919905e-01 2.01171863e-04 2.31840152e-04
2.33276862e-01 -5.57307289e-05 2.29777466e-04
2.33633814e-01 1.71234128e-04 2.33655077e-04
2.33990763e-01 1.04719225e-04 2.28740356e-04
2.34347709e-01 -3.12985886e-04 2.30173464e-04
2.34704650e-01 -4.14037382e-05 2.27265676e-04
2.35061588e-01 1.05594856e-04 2.32167471e-04
2.35418521e-01 3.32754299e-04 2.32404876e-04
2.35775451e-01 -3.13284847e-04 2.24936262e-04
2.36132377e-01 -3.72945207e-04 2.25917176e-04
2.36489299e-01 4.04495324e-05 2.29475404e-04
2.36846218e-01 2.73429360e-04 2.28632482e-04
2.37203132e-01 -1.67274204e-04 2.30776415e-04
2.37560042e-01 -1.23982326e-04 2.26226791e-04
2.37916949e-01 -6.28729770e-05 2.19687097e-04
2.38273852e-01 -2.61290954e-05 2.25608654e-04
2.38630751e-01 -6.47534495e-05 2.25013694e-04
2.38987645e-01 -3.86621095e-04 2.22383486e-04
2.39344537e-01 -2.46532422e-04 2.25930826e-04
2.39701424e-01 -1.37300159e-04 2.23121378e-04
2.40058307e-01 -1.29712726e-04 2.22130646e-04
2.40415186e-01 -3.95334067e-04 2.21896164e-04
2.40772061e-01 5.02991139e-05 2.22422010e-04
2.41128933e-01 -1.41444333e-04 2.26181105e-04
2.41485800e-01 -1.21946262e-04 2.20845390e-04
2.41842664e-01 -1.57675086e-04 2.25137899e-04
2.42199523e-01 -1.53618845e-04 2.21490673e-04
2.42556379e-01 -9.48714490e-05 2.21196452e-04
2.42913230e-01 -1.64022185e-04 2.20178232e-04
2.43270078e-01 1.16604913e-04 2.20128156e-04
2.43626922e-01 1.40520033e-04 2.18142866e-04
2.43983761e-01 -3.98048177e-04 2.20706537e-04
2.44340597e-01 1.83363693e-05 2.24863424e-04
2.44697429e-01 -2.97233870e-04 2.22812065e-04
2.45054256e-01 -1.81285515e-04 2.24600070e-04
2.45411080e-01 -1.59255598e-04 2.21131905e-04
2.45767900e-01 -2.54358890e-04 2.20496838e-04
2.46124715e-01 -1.82382321e-05 2.19788406e-04
2.46481527e-01 -1.17572286e-04 2.17934927e-04
2.46838334e-01 8.24952728e-05 2.18882054e-04
2.47195138e-01 1.66492227e-04 2.16843552e-04
2.47551938e-01 -2.18674617e-04 2.13936394e-04
2.47908733e-01 -5.75242137e-05 2.17046410e-04
2.48265524e-01 -1.28210802e-04 2.17255552e-04
2.48622312e-01 -1.42486457e-04 2.15341367e-04
2.48979095e-01 3.21733394e-05 2.16309328e-04
2.49335874e-01 6.30597941e-05 2.22179561e-04
2.49692649e-01 -1.64398426e-04 2.17340245e-04
2.50049420e-01 3.26083050e-05 2.11578606e-04
2.50406187e-01 -8.73260714e-06 2.12539018e-04
2.50762950e-01 -3.34966866e-05 2.12630563e-04
2.51119709e-01 -1.86368484e-04 2.13406188e-04
2.51476464e-01 1.86260349e-04 2.13456260e-04
2.51833214e-01 7.77350485e-05 2.16654166e-04
2.52189961e-01 -3.85508102e-04 2.17464332e-04
2.52546703e-01 -1.30197775e-04 2.13787892e-04
2.52903441e-01 3.79066427e-05 2.17359118e-04
2.53260175e-01 -2.90646989e-04 2.17451038e-04
2.53616905e-01 -4.88419173e-04 2.10561822e-04
2.53973631e-01 -4.29466635e-05 2.14245215e-04
2.54330352e-01 2.79135431e-05 2.11418189e-04
2.54687070e-01 -6.89704738e-05 2.10174672e-04
2.55043783e-01 -2.62207753e-04 2.12980080e-04
2.55400492e-01 -3.88149231e-04 2.10498115e-04
2.55757197e-01 6.15054824e-05 2.14743421e-04
2.56113898e-01 -1.35938606e-04 2.12254065e-04
2.56470595e-01 2.09840616e-04 2.09786519e-04
2.56827287e-01 -5.74645357e-04 2.10759061e-04
2.57183975e-01 8.33972493e-05 2.14217208e-04
2.57540659e-01 1.89242469e-05 2.14952858e-04
2.57897339e-01 -2.19524424e-04 2.14686426e-04
2.58254014e-01 -3.05862852e-04 2.11828142e-04
2.58610686e-01 -3.73753904e-04 2.15718686e-04
2.58967353e-01 -1.80502072e-04 2.16410750e-04
2.59324016e-01 -3.47366158e-04 2.12474876e-04
2.59680674e-01 -6.44472901e-05 2.15407884e-04
2.60037329e-01 -1.74011659e-04 2.15913128e-04
2.60393979e-01 1.60792665e-04 2.15718528e-04
2.60750625e-01 3.71380369e-04 2.13552896e-04
2.61107266e-01 -2.06881884e-04 2.15194044e-04
2.61463904e-01 -2.89963252e-04 2.16726862e-04
2.61820537e-01 -2.98374316e-04 2.13430479e-04
2.62177166e-01 -3.43181177e-04 2.15217053e-04
2.62533790e-01 2.28801302e-04 2.14193309e-04
2.62890410e-01 -3.80120189e-05 2.14190040e-04
2.63247026e-01 -1.76534298e-04 2.11158971e-04
2.63603638e-01 -6.10709580e-05 2.11895557e-04
2.63960245e-01 2.17672719e-04 2.10167473e-04
2.64316848e-01 1.94981147e-04 2.14969129e-04
2.64673447e-01 -1.21259689e-04 2.13765557e-04
2.65030042e-01 -1.45483912e-04 2.15298502e-04
2.65386632e-01 -1.49641793e-04 2.13354920e-04
2.65743217e-01 1.07532952e-04 2.13406794e-04
2.66099799e-01 1.91914395e-04 2.14268679e-04
2.66456376e-01 -1.99614873e-04 2.08941993e-04
2.66812948e-01 1.14707596e-04 2.10927637e-04
2.67169517e-01 -1.02947505e-04 2.15805758e-04
2.67526081e-01 -3.15617659e-04 2.19152742e-04
2.67882640e-01 -5.65123762e-05 2.17090188e-04
2.68239195e-01 -1.57680111e-04 2.12163454e-04
2.68595746e-01 1.28954626e-04 2.17997031e-04
2.68952293e-01 -8.92820789e-05 2.12470187e-04
2.69308835e-01 -3.19904449e-04 2.15083753e-04
2.69665372e-01 2.64764373e-04 2.18138100e-04
2.70021906e-01 -1.09709390e-04 2.22645056e-04
2.70378435e-01 -1.10405275e-04 2.21165558e-04
2.70734959e-01 -1.52516626e-04 2.16551172e-04
2.71091479e-01 9.44849288e-05 2.21997417e-04
2.71447995e-01 2.97721788e-04 2.21399318e-04
2.71804506e-01 -1.81752892e-04 2.23645469e-04
2.72161012e-01 -2.59747927e-05 2.21552284e-04
2.72517515e-01 -6.85202102e-05 2.28356994e-04
2.72874012e-01 -3.56408733e-04 2.28550169e-04
