1.54026655e-02 1.46359140e-03 1.62793229e-03
1.57608633e-02 5.89178136e-04 1.66569462e-03
1.61190608e-02 -1.77838543e-03 1.61522955e-03
1.64772580e-02 3.67171282e-04 1.47125198e-03
1.68354550e-02 -2.41978933e-03 1.34870197e-03
1.71936517e-02 1.45440607e-03 1.31967490e-03
1.75518481e-02 7.76113369e-04 1.32502758e-03
1.79100442e-02 -2.18198982e-04 1.27523525e-03
1.82682400e-02 -1.65036028e-03 1.26432318e-03
1.86264355e-02 7.51967475e-05 1.16237715e-03
1.89846308e-02 8.25398810e-04 1.19811829e-03
1.93428257e-02 -1.47804467e-03 1.18954678e-03
1.97010202e-02 -1.24591166e-03 1.11023188e-03
2.00592145e-02 -3.54498884e-04 1.08559335e-03
2.04174084e-02 6.87279434e-05 1.09264170e-03
2.07756020e-02 -4.20099537e-05 1.02668958e-03
2.11337953e-02 2.74350745e-04 1.04305020e-03
2.14919882e-02 -1.60414362e-03 9.62587110e-04
2.18501808e-02 1.86082115e-04 9.44986260e-04
2.22083729e-02 9.11131551e-04 9.95308600e-04
2.25665648e-02 -3.79177113e-04 1.00558317e-03
2.29247562e-02 6.86404102e-04 9.70619906e-04
2.32829473e-02 -5.21482217e-04 9.61401118e-04
2.36411380e-02 6.45321465e-04 9.96521142e-04
2.39993283e-02 3.70269494e-05 9.15086615e-04
2.43575182e-02 1.51742444e-04 9.45404180e-04
2.47157077e-02 5.87591080e-04 8.44057496e-04
2.50738968e-02 -1.15255900e-03 8.58737444e-04
2.54320855e-02 -2.18793129e-04 9.05621582e-04
2.57902738e-02 -4.56646366e-04 8.66512833e-04
2.61484617e-02 8.55239102e-04 8.68737407e-04
2.65066491e-02 5.79278802e-04 8.69099812e-04
2.68648361e-02 6.50957614e-04 8.37329143e-04
2.72230226e-02 -6.54651576e-04 7.92024890e-04
2.75812087e-02 -7.96060850e-04 8.01408088e-04
2.79393943e-02 1.16586943e-03 8.20918122e-04
2.82975795e-02 -1.17470153e-04 7.78754876e-04
2.86557642e-02 -1.65387433e-03 8.45929204e-04
2.90139485e-02 -4.01385351e-04 7.87207059e-04
2.93721323e-02 -1.17723979e-03 8.41184326e-04
2.97303155e-02 -3.01310651e-04 8.54216100e-04
3.00884983e-02 5.52821925e-05 8.47542163e-04
3.04466806e-02 -9.23134426e-04 8.15317309e-04
3.08048624e-02 -9.06790223e-04 8.26285294e-04
3.11630437e-02 -9.68436073e-04 8.00177381e-04
3.15212245e-02 -7.29421091e-04 8.53666291e-04
3.18794048e-02 -2.74042860e-04 8.28509459e-04
3.22375845e-02 -1.00057761e-04 7.72818039e-04
3.25957637e-02 -3.73787137e-04 7.92480605e-04
3.29539424e-02 -1.25262425e-03 7.92754762e-04
3.33121205e-02 -9.84710752e-04 7.85043110e-04
3.36702981e-02 -3.15226602e-04 7.83662633e-04
3.40284751e-02 9.28473521e-04 8.22616935e-04
3.43866516e-02 2.68243953e-04 7.77032974e-04
3.47448275e-02 -1.25970223e-03 7.50886896e-04
3.51030028e-02 1.07713301e-04 7.60596172e-04
3.54611775e-02 -8.82789001e-04 7.75518551e-04
3.58193517e-02 4.56045803e-06 7.62819039e-04
3.61775253e-02 -6.81001685e-04 7.20619778e-04
3.65356983e-02 1.30731162e-04 7.43184811e-04
3.68938706e-02 8.19062721e-05 6.63884783e-04
3.72520424e-02 8.20998330e-04 6.96262238e-04
3.76102136e-02 1.87529644e-04 7.17271214e-04
3.79683841e-02 1.40170356e-04 6.84537816e-04
3.83265540e-02 -8.00796202e-04 6.82105349e-04
3.86847233e-02 -2.65246369e-04 6.73034307e-04
3.90428920e-02 3.04553379e-04 6.67057204e-04
3.94010600e-02 1.21862098e-03 6.90270104e-04
3.97592273e-02 4.00514610e-04 6.62457878e-04
4.01173941e-02 -9.85683032e-04 6.37085845e-04
4.04755601e-02 -3.36102247e-04 6.74307760e-04
4.08337255e-02 6.48439349e-04 6.54224953e-04
4.11918902e-02 3.46552207e-05 6.21561673e-04
4.15500542e-02 4.82110008e-04 6.51534925e-04
4.19082176e-02 1.22227875e-04 6.61871221e-04
4.22663802e-02 2.79189385e-04 6.39731502e-04
4.26245422e-02 -4.01711077e-04 6.27054511e-04
4.29827034e-02 2.76192600e-05 6.61827309e-04
4.33408640e-02 -1.92296457e-03 6.41169166e-04
4.36990238e-02 3.33668007e-05 6.62471317e-04
4.40571830e-02 1.44447694e-04 6.64156932e-04
4.44153414e-02 -8.88220037e-04 6.44050141e-04
4.47734990e-02 2.10496034e-04 6.59630732e-04
4.51316560e-02 -5.22568562e-04 6.52194710e-04
4.54898122e-02 -7.19638578e-04 6.37020936e-04
4.58479676e-02 9.86964279e-07 6.29350754e-04
4.62061223e-02 -4.33477268e-04 6.26884414e-04
4.65642762e-02 3.68380821e-04 6.50197437e-04
4.69224294e-02 5.63619996e-04 6.30506611e-04
4.72805818e-02 1.22397448e-04 6.52040331e-04
4.76387334e-02 -1.16318724e-03 6.41028705e-04
4.79968842e-02 -7.37562769e-04 6.16473560e-04
4.83550342e-02 8.14488806e-04 6.41487646e-04
4.87131835e-02 2.82319139e-04 6.43157323e-04
4.90713319e-02 -4.36805761e-04 6.22669651e-04
4.94294795e-02 -5.45405002e-04 5.91184190e-04
4.97876264e-02 -3.83851534e-05 6.08539923e-04
5.01457724e-02 4.93657736e-04 6.04755339e-04
5.05039175e-02 -4.04410013e-04 6.01349607e-04
5.08620619e-02 -2.16880673e-04 5.84656776e-04
5.12202054e-02 -1.57113086e-03 5.80426607e-04
5.15783481e-02 4.32489699e-04 5.93876359e-04
5.19364899e-02 -5.09752337e-04 5.67984121e-04
5.22946308e-02 -7.64995609e-04 5.55676990e-04
5.26527709e-02 -1.86007571e-04 5.70296049e-04
5.30109102e-02 -6.58203111e-04 5.60615490e-04
5.33690485e-02 -2.09552501e-05 5.53524220e-04
5.37271860e-02 -1.05212070e-04 5.67877321e-04
5.40853226e-02 -1.28096987e-03 5.61601011e-04
5.44434583e-02 -1.65159659e-04 5.72997841e-04
5.48015932e-02 -4.39314464e-04 5.52070697e-04
5.51597271e-02 -7.94127032e-05 5.62099457e-04
5.55178601e-02 -7.01282940e-05 5.77510525e-04
5.58759922e-02 5.35088057e-04 5.54863034e-04
5.62341234e-02 -1.08578800e-03 5.40071159e-04
5.65922536e-02 2.80853991e-04 5.56345884e-04
5.69503829e-02 4.36579142e-05 5.37379267e-04
5.73085113e-02 3.06841809e-04 5.43475009e-04
5.76666388e-02 8.16996353e-04 5.58660542e-04
5.80247653e-02 5.38750487e-05 5.49164804e-04
5.83828908e-02 2.16512884e-04 5.24380323e-04
5.87410154e-02 9.69789815e-04 5.49516468e-04
5.90991390e-02 4.86852693e-04 5.20911844e-04
5.94572616e-02 2.35922962e-04 5.12302767e-04
5.98153833e-02 -7.78836194e-05 5.28090026e-04
6.01735040e-02 6.25797907e-05 5.17542448e-04
6.05316237e-02 -9.36698580e-04 5.18696239e-04
6.08897424e-02 2.55694794e-04 5.00197637e-04
6.12478600e-02 6.78621658e-04 5.36105298e-04
6.16059767e-02 -1.53999487e-04 5.27256328e-04
6.19640924e-02 -6.68058786e-05 5.13395292e-04
6.23222071e-02 5.72081384e-04 5.19610931e-04
6.26803207e-02 2.30333216e-04 5.13961660e-04
6.30384333e-02 2.79497821e-04 5.14451215e-04
6.33965448e-02 1.95960089e-04 5.07829216e-04
6.37546554e-02 -2.18354218e-04 5.04187890e-04
6.41127648e-02 -7.84647165e-04 4.97424294e-04
6.44708732e-02 7.99240283e-04 5.04197349e-04
6.48289806e-02 2.01651588e-04 4.98954276e-04
6.51870869e-02 5.38838565e-04 5.16734240e-04
6.55451921e-02 1.03384556e-03 5.08112106e-04
6.59032962e-02 -4.30928199e-04 4.91674300e-04
6.62613993e-02 1.26656306e-05 4.92076661e-04
6.66195012e-02 -1.42865801e-04 4.80939839e-04
6.69776021e-02 5.52238602e-04 5.14971467e-04
6.73357019e-02 3.02370842e-04 4.93858514e-04
6.76938005e-02 6.31794251e-04 4.93237063e-04
6.80518981e-02 -1.08591609e-04 4.67822426e-04
6.84099945e-02 -4.10979365e-04 4.71366124e-04
6.87680898e-02 2.80152958e-04 4.84974515e-04
6.91261840e-02 2.10883334e-04 4.73507791e-04
6.94842770e-02 7.19334650e-05 4.67306802e-04
6.98423689e-02 6.28673228e-04 4.72312320e-04
7.02004596e-02 -4.39726364e-04 4.61845171e-04
7.05585492e-02 -2.65184123e-04 4.68816916e-04
7.09166377e-02 -5.92236388e-04 4.70095242e-04
7.12747249e-02 1.43399784e-04 4.60695753e-04
7.16328110e-02 -4.81011577e-04 4.72270556e-04
7.19908959e-02 -1.87586031e-04 4.61186128e-04
7.23489796e-02 7.74101383e-04 4.62313903e-04
7.27070622e-02 3.81897924e-04 4.80122854e-04
7.30651435e-02 -2.35476730e-04 4.67895815e-04
7.34232237e-02 -5.05951730e-04 4.61251001e-04
7.37813026e-02 -5.05238329e-04 4.81218704e-04
7.41393803e-02 7.23783902e-05 4.72732104e-04
7.44974568e-02 -3.15577439e-04 4.57858678e-04
7.48555321e-02 2.82615956e-04 4.59858942e-04
7.52136061e-02 9.25330766e-05 4.56099589e-04
7.55716789e-02 2.79117172e-04 4.59033344e-04
7.59297505e-02 -6.10736201e-04 4.38603637e-04
7.62878208e-02 -3.90625781e-04 4.66971051e-04
7.66458899e-02 2.31972782e-04 4.61868261e-04
7.70039577e-02 -8.44601505e-04 4.44109957e-04
7.73620242e-02 1.35833462e-04 4.60188709e-04
7.77200895e-02 -3.62258138e-04 4.53377307e-04
7.80781535e-02 6.64150495e-04 4.59456071e-04
7.84362162e-02 1.03014828e-04 4.36803065e-04
7.87942776e-02 9.79806879e-05 4.53991608e-04
7.91523377e-02 2.27510698e-04 4.43995675e-04
7.95103965e-02 -5.07016906e-04 4.46749115e-04
7.98684540e-02 -3.73265187e-04 4.42263482e-04
8.02265102e-02 -6.22178574e-04 4.47486801e-04
8.05845651e-02 -6.46165733e-04 4.28443873e-04
8.09426186e-02 -1.64514576e-04 4.40023203e-04
8.13006709e-02 -4.24488583e-04 4.47669332e-04
8.16587217e-02 -8.43904928e-04 4.35801651e-04
8.20167713e-02 -4.74876983e-04 4.34259282e-04
8.23748195e-02 -3.61690488e-04 4.43802294e-04
8.27328663e-02 -8.07361534e-04 4.35826147e-04
8.30909118e-02 -5.86105762e-06 4.45583822e-04
8.34489559e-02 3.49910087e-04 4.25777622e-04
8.38069986e-02 5.94425169e-04 4.46251667e-04
8.41650400e-02 2.59094503e-04 4.24015796e-04
8.45230800e-02 3.18784107e-04 4.31619566e-04
8.48811185e-02 7.04704428e-04 4.37104061e-04
8.52391557e-02 -1.13411349e-04 4.41380905e-04
8.55971915e-02 -1.97663368e-05 4.24708388e-04
8.59552259e-02 -2.16160614e-04 4.23883091e-04
8.63132589e-02 2.78429229e-05 4.52090804e-04
8.66712904e-02 -4.98531763e-05 4.37536167e-04
8.70293205e-02 -2.80952443e-04 4.42068491e-04
8.73873492e-02 9.74840236e-05 4.17705053e-04
8.77453765e-02 -1.59267143e-04 4.30082974e-04
8.81034023e-02 -2.89010249e-04 4.27435342e-04
8.84614267e-02 -5.12549625e-04 4.23682479e-04
8.88194496e-02 2.82162432e-04 4.34439808e-04
8.91774710e-02 4.13833255e-04 4.30280941e-04
8.95354910e-02 -2.78237999e-04 4.41094208e-04
8.98935095e-02 -7.74154522e-04 4.15578498e-04
9.02515266e-02 -2.80346301e-04 4.23099784e-04
9.06095421e-02 -6.66758907e-04 4.18358914e-04
9.09675562e-02 2.86468434e-04 4.24344462e-04
9.13255687e-02 7.17545516e-05 4.40701253e-04
9.16835798e-02 3.77357496e-04 4.33294999e-04
9.20415894e-02 -4.09803274e-04 4.28553408e-04
9.23995974e-02 2.88481617e-04 4.27873074e-04
9.27576039e-02 -1.88557398e-04 4.16819710e-04
9.31156089e-02 1.00480607e-04 4.14573339e-04
9.34736124e-02 2.11168633e-05 4.25338512e-04
9.38316143e-02 2.36227410e-05 4.18596352e-04
9.41896147e-02 2.89062101e-05 4.10906751e-04
9.45476136e-02 -1.08349982e-04 4.18954334e-04
9.49056108e-02 -3.15675792e-07 4.11471819e-04
9.52636066e-02 -2.72210366e-04 4.22550593e-04
9.56216007e-02 4.09763445e-04 4.09282559e-04
9.59795933e-02 8.47813625e-05 4.18597550e-04
9.63375843e-02 1.21305678e-04 4.10113550e-04
9.66955738e-02 -4.00932099e-04 4.04402362e-04
9.70535616e-02 2.34431947e-04 4.06634332e-04
9.74115478e-02 8.16129466e-04 3.98780559e-04
9.77695325e-02 4.61366215e-04 4.03762006e-04
9.81275155e-02 9.61648570e-05 3.96428635e-04
9.84854969e-02 -4.86017100e-04 4.04603536e-04
9.88434768e-02 -2.01515948e-04 4.06989548e-04
9.92014549e-02 2.64750643e-04 3.92131954e-04
9.95594315e-02 -4.16349776e-04 4.02791336e-04
9.99174064e-02 -7.87200491e-05 3.95037190e-04
1.00275380e-01 -4.95446789e-04 3.91386441e-04
1.00633351e-01 -4.48674745e-04 4.01250097e-04
1.00991321e-01 1.50507372e-04 3.94028008e-04
1.01349290e-01 -3.07064665e-04 3.83082369e-04
1.01707256e-01 6.59059174e-04 3.84549904e-04
1.02065221e-01 1.75296187e-04 3.92416495e-04
1.02423184e-01 -3.13783541e-04 3.90455693e-04
1.02781146e-01 -5.76241313e-04 3.88435049e-04
1.03139106e-01 1.17191952e-04 3.92880373e-04
1.03497064e-01 -4.56413612e-04 3.92078668e-04
1.03855021e-01 7.60289427e-04 3.93016283e-04
1.04212976e-01 -1.88380176e-04 3.89838019e-04
1.04570929e-01 -6.41091084e-04 3.85382950e-04
1.04928880e-01 2.48232896e-04 3.94432809e-04
1.05286830e-01 2.29604168e-04 3.88911876e-04
1.05644778e-01 5.57837890e-04 3.97484663e-04
1.06002724e-01 4.40191235e-04 3.99178299e-04
1.06360668e-01 1.56082760e-04 3.91852889e-04
1.06718611e-01 -4.73815816e-05 3.95152567e-04
1.07076552e-01 5.31133984e-04 4.15259246e-04
1.07434491e-01 5.42076514e-04 4.02429393e-04
1.07792429e-01 -1.54190767e-04 3.85735657e-04
1.08150364e-01 1.25313798e-04 3.87812139e-04
1.08508298e-01 -3.77858514e-04 3.87386672e-04
1.08866230e-01 -6.23081453e-05 4.05287349e-04
1.09224160e-01 1.21705425e-04 4.00950412e-04
1.09582089e-01 4.11911456e-04 3.88068244e-04
1.09940016e-01 -2.44301338e-04 4.02189803e-04
1.10297941e-01 4.73862893e-04 3.98174482e-04
1.10655864e-01 -1.80998090e-04 3.75110403e-04
1.11013785e-01 -5.70598678e-04 3.76628744e-04
1.11371704e-01 6.51293142e-05 3.89312059e-04
1.11729622e-01 3.19104025e-04 3.84907486e-04
1.12087538e-01 4.58797031e-04 3.81101643e-04
1.12445452e-01 5.86507785e-05 3.86299311e-04
1.12803364e-01 -2.03452464e-05 3.73074287e-04
1.13161274e-01 -4.96305919e-04 3.89648490e-04
1.13519182e-01 -5.62583603e-06 3.81965388e-04
1.13877089e-01 -7.81625517e-05 3.67016692e-04
1.14234994e-01 -5.52564859e-04 3.68689311e-04
1.14592896e-01 -6.87732059e-04 3.75714334e-04
1.14950797e-01 -3.28669076e-04 3.71071618e-04
1.15308696e-01 -2.31828731e-05 3.61939579e-04
1.15666593e-01 1.23271970e-04 3.71139518e-04
1.16024488e-01 3.15411154e-04 3.73479823e-04
1.16382382e-01 -6.37546761e-04 3.70704017e-04
1.16740273e-01 1.36222796e-04 3.50992267e-04
1.17098163e-01 5.59046467e-04 3.73353469e-04
1.17456050e-01 1.68763242e-04 3.64430574e-04
1.17813936e-01 -5.19992347e-04 3.82743992e-04
1.18171819e-01 1.03082025e-04 3.73765530e-04
1.18529701e-01 3.69427389e-04 3.76159115e-04
1.18887581e-01 8.10133931e-05 3.77261345e-04
1.19245459e-01 3.22804499e-05 3.80253628e-04
1.19603335e-01 1.88536558e-04 3.74141634e-04
1.19961208e-01 2.44300374e-04 3.72957524e-04
1.20319080e-01 2.82181743e-04 3.74265105e-04
1.20676950e-01 3.98179433e-05 3.64875960e-04
1.21034818e-01 4.16616342e-04 3.75652014e-04
1.21392684e-01 -1.39624687e-04 3.70401907e-04
1.21750548e-01 -1.29836181e-04 3.82566128e-04
1.22108410e-01 -2.30958274e-04 3.75233283e-04
1.22466270e-01 -5.20692897e-06 3.84759342e-04
1.22824128e-01 8.30109741e-05 3.81742950e-04
1.23181984e-01 -1.90757102e-04 3.78511383e-04
1.23539838e-01 -4.79206187e-04 3.71482979e-04
1.23897690e-01 -4.53716804e-04 3.63763153e-04
1.24255540e-01 3.33568235e-04 3.59372144e-04
1.24613388e-01 -7.39072269e-04 3.62013418e-04
1.24971233e-01 -5.48598769e-05 3.60318766e-04
1.25329077e-01 -4.50682148e-05 3.56920932e-04
1.25686919e-01 -1.70146100e-04 3.61542522e-04
1.26044758e-01 -1.93460623e-04 3.61986270e-04
1.26402596e-01 1.35503343e-04 3.55685516e-04
1.26760431e-01 -1.75097134e-04 3.53996248e-04
1.27118265e-01 -4.80490759e-05 3.59483322e-04
1.27476096e-01 1.77281380e-04 3.65150259e-04
1.27833925e-01 -2.77047938e-04 3.61594381e-04
1.28191752e-01 -5.12298857e-05 3.58448291e-04
1.28549577e-01 -2.56651333e-04 3.52476834e-04
1.28907400e-01 3.39300481e-04 3.48517289e-04
1.29265221e-01 2.89126784e-04 3.49564001e-04
1.29623040e-01 7.08432814e-04 3.51407448e-04
1.29980856e-01 7.93759142e-04 3.52003416e-04
1.30338670e-01 3.47043014e-04 3.48191706e-04
1.30696483e-01 3.50588682e-04 3.54580519e-04
1.31054293e-01 1.65096058e-04 3.41718556e-04
1.31412101e-01 5.88335621e-04 3.50953610e-04
1.31769906e-01 3.98611042e-05 3.48642013e-04
1.32127710e-01 -4.52302768e-06 3.46959365e-04
1.32485511e-01 1.80994083e-04 3.49659019e-04
1.32843311e-01 -2.30279632e-04 3.39726506e-04
1.33201108e-01 7.09147821e-05 3.44789021e-04
1.33558903e-01 -4.12634336e-04 3.43547493e-04
1.33916695e-01 -1.69124866e-04 3.33919144e-04
1.34274486e-01 1.52878608e-05 3.43612890e-04
1.34632274e-01 -6.18531469e-05 3.38132884e-04
1.34990060e-01 -4.89316630e-04 3.40861872e-04
1.35347844e-01 -2.81896286e-04 3.31934264e-04
1.35705626e-01 -1.91798554e-04 3.39732323e-04
1.36063405e-01 -6.40332103e-05 3.32276205e-04
1.36421182e-01 3.17278989e-04 3.32685012e-04
1.36778957e-01 3.20522629e-04 3.47456084e-04
1.37136730e-01 4.00378606e-04 3.39929047e-04
1.37494500e-01 5.26449403e-04 3.34919133e-04
1.37852269e-01 -3.43142683e-04 3.35095243e-04
1.38210034e-01 -4.97939275e-05 3.28564820e-04
1.38567798e-01 -2.38279080e-04 3.30168348e-04
1.38925559e-01 -4.65626001e-04 3.23189549e-04
1.39283319e-01 3.14159491e-05 3.25469804e-04
1.39641075e-01 1.81911206e-04 3.29848561e-04
1.39998830e-01 -4.11392093e-05 3.28466977e-04
1.40356582e-01 1.40238103e-04 3.33362497e-04
1.40714332e-01 1.70575566e-04 3.32775546e-04
1.41072080e-01 5.09751200e-04 3.31343744e-04
1.41429825e-01 -2.97522190e-04 3.23080859e-04
1.41787568e-01 -1.54153627e-04 3.27904736e-04
1.42145308e-01 5.91334269e-04 3.31895712e-04
1.42503047e-01 -1.15828573e-05 3.26866457e-04
1.42860783e-01 -9.19889222e-05 3.27121842e-04
1.43218516e-01 2.68778134e-04 3.28281830e-04
1.43576247e-01 8.14771500e-04 3.31894672e-04
1.43933976e-01 -3.68496349e-04 3.33928817e-04
1.44291703e-01 -5.50234038e-04 3.23241744e-04
1.44649427e-01 -1.82709832e-04 3.18423080e-04
1.45007149e-01 -3.88014935e-05 3.24038938e-04
1.45364868e-01 -1.44728875e-04 3.21618737e-04
1.45722585e-01 -3.64968870e-04 3.15410179e-04
1.46080300e-01 5.94882583e-04 3.15756433e-04
1.46438012e-01 -2.02944276e-04 3.21428938e-04
1.46795722e-01 6.80057810e-05 3.10731593e-04
1.47153429e-01 7.30635567e-04 3.13348509e-04
1.47511134e-01 2.34176240e-04 3.18921762e-04
1.47868837e-01 -1.75610275e-04 3.08603788e-04
1.48226537e-01 5.71450599e-05 3.21457754e-04
1.48584235e-01 -4.01105875e-04 3.11392382e-04
1.48941930e-01 1.72935375e-04 3.11064752e-04
1.49299623e-01 2.71881730e-05 3.18386124e-04
1.49657313e-01 -1.62116054e-04 3.11465973e-04
1.50015001e-01 -5.74104720e-04 3.14625849e-04
1.50372687e-01 2.49504021e-04 3.12088322e-04
1.50730370e-01 5.61256432e-04 3.18778232e-04
1.51088050e-01 -5.77174517e-04 3.11355158e-04
1.51445728e-01 -2.04994536e-04 3.16044371e-04
1.51803404e-01 3.93305803e-05 3.14159157e-04
1.52161077e-01 -5.83417330e-04 3.12014021e-04
1.52518747e-01 -2.51117073e-04 3.12033913e-04
1.52876416e-01 -4.21010226e-04 3.09229953e-04
1.53234081e-01 -1.54430678e-04 3.09889178e-04
1.53591744e-01 -3.44170139e-04 3.03492905e-04
1.53949405e-01 -4.40171681e-04 3.07557229e-04
1.54307063e-01 6.23184791e-04 3.07605577e-04
1.54664718e-01 -3.05254063e-04 3.01641082e-04
1.55022371e-01 5.86801553e-04 3.13240768e-04
1.55380021e-01 -5.22662616e-04 3.13381205e-04
1.55737669e-01 -1.97974752e-04 3.09308937e-04
1.56095314e-01 1.60114570e-04 3.01087071e-04
1.56452957e-01 -1.18384064e-04 3.13412236e-04
1.56810597e-01 -1.68493926e-04 2.98646220e-04
1.57168235e-01 -3.75655447e-04 3.02435113e-04
1.57525870e-01 1.48419340e-04 3.07213656e-04
1.57883502e-01 4.64424973e-04 3.05391309e-04
1.58241132e-01 2.96609429e-04 2.96709955e-04
1.58598759e-01 2.34299470e-04 2.90706503e-04
1.58956384e-01 -3.14936787e-04 2.97741841e-04
1.59314006e-01 2.69041005e-04 3.00611687e-04
1.59671625e-01 -1.05508881e-04 3.05460472e-04
1.60029242e-01 -1.77131780e-04 2.98685824e-04
1.60386856e-01 3.78770575e-04 2.99457762e-04
1.60744468e-01 5.54557858e-04 2.99331973e-04
1.61102076e-01 -1.01781854e-04 2.97817295e-04
1.61459683e-01 1.65136382e-04 2.95689390e-04
1.61817286e-01 -2.20730818e-04 3.01061600e-04
1.62174887e-01 1.85676120e-04 3.02460156e-04
1.62532485e-01 1.22577591e-03 2.98699112e-04
1.62890081e-01 2.03286029e-04 2.98037436e-04
1.63247674e-01 -9.58545137e-05 2.93675307e-04
1.63605264e-01 3.20130132e-04 2.98991953e-04
1.63962852e-01 2.33610564e-05 2.93660504e-04
1.64320437e-01 3.62861223e-04 2.96874623e-04
1.64678019e-01 -1.20773971e-04 3.00724876e-04
1.65035598e-01 9.67578053e-05 2.98199748e-04
1.65393175e-01 2.26657847e-04 2.96532122e-04
1.65750749e-01 -4.93512232e-05 2.89934856e-04
1.66108320e-01 2.72046872e-04 2.92770257e-04
1.66465889e-01 -2.13472602e-04 2.95893044e-04
1.66823455e-01 -3.74141149e-05 2.96193561e-04
1.67181018e-01 -4.64283752e-04 2.96216786e-04
1.67538578e-01 2.72374394e-04 2.92714868e-04
1.67896136e-01 9.41379646e-06 2.93748670e-04
1.68253691e-01 -1.22886506e-04 2.85742571e-04
1.68611243e-01 1.52821362e-05 2.93676280e-04
1.68968792e-01 -8.35002917e-06 2.86994734e-04
1.69326339e-01 2.96282075e-04 2.85694400e-04
1.69683883e-01 9.75260079e-05 2.95008476e-04
1.70041424e-01 6.69828798e-05 2.87299904e-04
1.70398962e-01 -2.15981520e-04 2.84683704e-04
1.70756497e-01 3.02255518e-04 2.87668908e-04
1.71114030e-01 -3.49221190e-04 2.89114456e-04
1.71471560e-01 -2.34315404e-04 2.89370726e-04
1.71829087e-01 -1.86190803e-04 2.85262180e-04
1.72186611e-01 -2.57374014e-04 2.82601125e-04
1.72544132e-01 2.24181160e-05 2.83562733e-04
1.72901651e-01 -8.58245876e-05 2.85199905e-04
1.73259167e-01 -3.19938094e-04 2.83331629e-04
1.73616679e-01 5.31761179e-04 2.86050091e-04
1.73974189e-01 -4.73725868e-05 2.81342667e-04
1.74331697e-01 -3.47835682e-04 2.79793101e-04
1.74689201e-01 -1.45209065e-05 2.77231351e-04
1.75046702e-01 5.04073444e-05 2.75119591e-04
1.75404201e-01 -1.62554013e-04 2.81681854e-04
1.75761697e-01 -4.15608547e-04 2.75689616e-04
1.76119189e-01 -8.29693457e-06 2.81822414e-04
1.76476679e-01 -8.79106948e-05 2.80312386e-04
1.76834166e-01 4.37169652e-05 2.80450910e-04
1.77191650e-01 1.98083959e-04 2.84030287e-04
1.77549132e-01 -3.98584760e-05 2.78391993e-04
1.77906610e-01 2.88976919e-04 2.86679223e-04
1.78264085e-01 1.88911094e-04 2.77301883e-04
1.78621558e-01 -1.75042560e-04 2.79992589e-04
1.78979027e-01 4.03880556e-05 2.78538986e-04
1.79336494e-01 5.27336549e-05 2.79991527e-04
1.79693958e-01 -7.23064089e-04 2.73778239e-04
1.80051418e-01 3.98072580e-04 2.82774723e-04
1.80408876e-01 1.84716899e-05 2.75201717e-04
1.80766331e-01 -1.25717364e-04 2.78930750e-04
1.81123783e-01 1.02409786e-04 2.86551761e-04
1.81481232e-01 1.90175580e-04 2.81122321e-04
1.81838677e-01 2.99845282e-04 2.80139514e-04
1.82196120e-01 -2.97764869e-05 2.76205175e-04
1.82553560e-01 -1.18314990e-04 2.86570782e-04
1.82910997e-01 -1.39843488e-04 2.79514497e-04
1.83268431e-01 -6.53873277e-04 2.80912310e-04
1.83625862e-01 6.84133189e-04 2.84921325e-04
1.83983290e-01 -9.62641368e-05 2.79980159e-04
1.84340715e-01 -1.68263246e-04 2.83766867e-04
1.84698137e-01 1.29800753e-04 2.85249014e-04
1.85055556e-01 -3.24625441e-04 2.79236917e-04
1.85412971e-01 3.03529727e-04 2.87068823e-04
1.85770384e-01 -1.24124025e-04 2.76455413e-04
1.86127794e-01 6.51850820e-05 2.82055698e-04
1.86485200e-01 9.41869380e-05 2.75725973e-04
1.86842604e-01 2.26757550e-04 2.75773917e-04
1.87200005e-01 -4.12022728e-05 2.72858873e-04
1.87557402e-01 5.35682324e-05 2.75872935e-04
1.87914797e-01 -1.26990878e-04 2.68071503e-04
1.88272188e-01 -1.90626811e-05 2.71220245e-04
1.88629576e-01 -4.48056950e-04 2.73812266e-04
1.88986961e-01 -4.79996232e-04 2.72307649e-04
1.89344343e-01 -1.04228334e-04 2.70592028e-04
1.89701722e-01 -3.32327642e-04 2.69487440e-04
1.90059098e-01 -4.64981874e-05 2.71537540e-04
1.90416471e-01 -1.64407588e-04 2.73283092e-04
1.90773840e-01 -2.53163248e-04 2.72118871e-04
1.91131207e-01 -2.78762729e-04 2.72810753e-04
1.91488570e-01 9.46783860e-05 2.74263289e-04
1.91845930e-01 8.84311504e-05 2.73778971e-04
1.92203287e-01 -6.30499707e-05 2.71921174e-04
1.92560641e-01 6.06512877e-04 2.77119507e-04
1.92917992e-01 2.90836270e-04 2.72563863e-04
1.93275340e-01 -5.39765792e-04 2.68154980e-04
1.93632684e-01 -8.55902771e-05 2.69291098e-04
1.93990025e-01 9.27404622e-05 2.76863022e-04
1.94347363e-01 -1.20115440e-04 2.72091480e-04
1.94704698e-01 -1.29990683e-04 2.74198301e-04
1.95062030e-01 -2.95926579e-04 2.75038157e-04
1.95419358e-01 -4.86443319e-05 2.75631969e-04
1.95776684e-01 -2.13078777e-04 2.72347604e-04
1.96134006e-01 -1.20876511e-04 2.81335740e-04
1.96491324e-01 6.40107625e-06 2.67983317e-04
1.96848640e-01 -3.82876849e-04 2.66402860e-04
1.97205953e-01 3.48545603e-05 2.67911686e-04
1.97563262e-01 -2.61084524e-04 2.70554430e-04
1.97920568e-01 5.36774722e-05 2.73668623e-04
1.98277870e-01 4.77560651e-05 2.72993105e-04
1.98635170e-01 2.34895166e-04 2.77537951e-04
1.98992466e-01 -2.75489197e-04 2.74966387e-04
1.99349759e-01 5.78034113e-06 2.74810183e-04
1.99707049e-01 1.56456622e-04 2.71026546e-04
2.00064335e-01 2.22136895e-04 2.65060042e-04
2.00421618e-01 -5.31417228e-05 2.63455173e-04
2.00778898e-01 -3.01327733e-04 2.63361149e-04
2.01136174e-01 8.82451209e-05 2.55865602e-04
2.01493448e-01 -3.82400605e-04 2.57754817e-04
2.01850718e-01 -2.32567165e-04 2.51291730e-04
2.02207984e-01 1.31161536e-04 2.61520158e-04
2.02565248e-01 -1.15755180e-04 2.58717970e-04
2.02922508e-01 2.62452298e-04 2.60929022e-04
2.03279764e-01 -4.59241554e-04 2.55780244e-04
2.03637018e-01 2.91880273e-04 2.61824012e-04
2.03994268e-01 2.26627937e-05 2.58539239e-04
2.04351514e-01 -5.38699865e-05 2.56880029e-04
2.04708758e-01 6.40016999e-05 2.61205733e-04
2.05065998e-01 -3.19385125e-04 2.53477781e-04
2.05423234e-01 -2.38913480e-04 2.57508298e-04
2.05780467e-01 3.15094773e-04 2.55462037e-04
2.06137697e-01 -1.39652403e-04 2.55017866e-04
2.06494924e-01 -2.78396665e-05 2.57102812e-04
2.06852147e-01 -2.09226397e-04 2.56623781e-04
2.07209367e-01 -2.46493591e-04 2.52781958e-04
2.07566583e-01 -3.13171244e-04 2.57830166e-04
2.07923796e-01 2.13476456e-04 2.49679555e-04
2.08281005e-01 2.97531980e-04 2.52986306e-04
2.08638211e-01 4.57044108e-05 2.52474171e-04
2.08995414e-01 1.85948603e-04 2.54667545e-04
2.09352613e-01 -1.76319273e-04 2.53739909e-04
2.09709809e-01 -2.44165970e-05 2.51501889e-04
2.10067002e-01 -6.37433619e-04 2.52621813e-04
2.10424191e-01 2.09637305e-04 2.50143930e-04
2.10781376e-01 -9.09606758e-05 2.54463999e-04
2.11138558e-01 6.43982667e-04 2.57831772e-04
2.11495737e-01 -7.08463388e-05 2.50880291e-04
2.11852912e-01 1.51160170e-05 2.55042521e-04
2.12210084e-01 1.19737822e-04 2.45210683e-04
2.12567252e-01 4.68978178e-04 2.51036102e-04
2.12924416e-01 -7.72603613e-05 2.50485709e-04
2.13281578e-01 2.03672475e-04 2.51498891e-04
2.13638735e-01 2.31762800e-04 2.48056966e-04
2.13995890e-01 7.08737997e-05 2.45880724e-04
2.14353040e-01 -5.75190546e-05 2.47963414e-04
2.14710188e-01 1.59615561e-04 2.43727281e-04
2.15067331e-01 -3.29616963e-04 2.44155992e-04
2.15424471e-01 2.18501426e-04 2.48429207e-04
2.15781608e-01 1.25875793e-04 2.47165796e-04
2.16138741e-01 3.96219266e-05 2.41444192e-04
2.16495871e-01 -5.14706571e-06 2.49125081e-04
2.16852997e-01 -3.21564119e-05 2.52566645e-04
2.17210119e-01 -3.35776683e-05 2.47434907e-04
2.17567238e-01 -1.73533894e-04 2.45019899e-04
2.17924354e-01 1.86250695e-04 2.41956485e-04
2.18281465e-01 -2.28077594e-04 2.45417046e-04
2.18638574e-01 1.51294256e-04 2.43544462e-04
2.18995678e-01 -4.73138412e-04 2.42214932e-04
2.19352779e-01 -1.82930090e-04 2.39987726e-04
2.19709877e-01 1.85767659e-04 2.40361970e-04
2.20066971e-01 -4.80552411e-06 2.43189463e-04
2.20424061e-01 1.61607980e-04 2.45688164e-04
2.20781147e-01 2.51103808e-04 2.35611393e-04
2.21138230e-01 -1.17460927e-05 2.36253462e-04
2.21495310e-01 6.08743999e-05 2.40663016e-04
2.21852386e-01 2.35132514e-04 2.40485235e-04
2.22209458e-01 2.80168557e-04 2.41760034e-04
2.22566526e-01 1.95452499e-04 2.40436994e-04
2.22923591e-01 2.85422316e-04 2.36630389e-04
2.23280652e-01 -1.99102871e-05 2.34102800e-04
2.23637710e-01 -1.12181843e-04 2.31162214e-04
2.23994764e-01 1.84731059e-04 2.35583781e-04
2.24351814e-01 1.61918982e-04 2.39898632e-04
2.24708861e-01 1.72187616e-04 2.43166703e-04
2.25065904e-01 -1.50259405e-04 2.38308589e-04
2.25422943e-01 -1.26715590e-04 2.38546034e-04
2.25779978e-01 -1.69670276e-04 2.39843147e-04
2.26137010e-01 2.35300120e-05 2.38518654e-04
2.26494038e-01 2.56294318e-04 2.42325634e-04
2.26851063e-01 3.26316811e-04 2.37774606e-04
2.27208083e-01 -1.42238883e-04 2.36881629e-04
2.27565100e-01 1.21061893e-04 2.32773978e-04
2.27922114e-01 3.16022326e-05 2.32442874e-04
2.28279123e-01 4.28866268e-04 2.40328631e-04
2.28636129e-01 -1.70295228e-05 2.33376762e-04
2.28993131e-01 -3.64228902e-04 2.37821631e-04
2.29350129e-01 9.35888417e-05 2.33365156e-04
2.29707124e-01 1.38195613e-04 2.34346205e-04
2.30064115e-01 2.25808302e-04 2.29651314e-04
2.30421102e-01 -1.17447012e-04 2.33794906e-04
2.30778085e-01 -2.69161909e-04 2.29201930e-04
2.31135064e-01 -2.93174769e-04 2.33428280e-04
2.31492040e-01 -2.73755447e-06 2.33507506e-04
2.31849012e-01 4.82023404e-05 2.31029930e-04
2.32205980e-01 -3.88154508e-04 2.22775515e-04
2.32562944e-01 -1.80401252e-04 2.28998869e-04
2.32919905e-01 -1.99436738e-04 2.27257950e-04
2.33276862e-01 -1.61619788e-04 2.31094487e-04
2.33633814e-01 -2.66667845e-04 2.30891334e-04
2.33990763e-01 2.01241825e-04 2.29047206e-04
2.34347709e-01 -1.95268298e-04 2.29075167e-04
2.34704650e-01 -1.84397221e-04 2.22189938e-04
2.35061588e-01 1.40005897e-04 2.25584305e-04
2.35418521e-01 2.11411833e-04 2.31201206e-04
2.35775451e-01 -1.16219875e-04 2.29017969e-04
2.36132377e-01 2.38428060e-05 2.27031592e-04
2.36489299e-01 1.33367392e-04 2.25293907e-04
2.36846218e-01 -2.64621531e-04 2.26310347e-04
2.37203132e-01 1.63302865e-04 2.21178067e-04
2.37560042e-01 -3.54620674e-04 2.26935825e-04
2.37916949e-01 4.95937491e-05 2.25033624e-04
2.38273852e-01 -4.74099311e-05 2.25056540e-04
2.38630751e-01 4.18238251e-04 2.27046911e-04
2.38987645e-01 3.89294437e-04 2.25700772e-04
2.39344537e-01 -1.66582411e-06 2.21952342e-04
2.39701424e-01 -1.22535844e-04 2.27171507e-04
2.40058307e-01 -2.19576765e-04 2.26313261e-04
2.40415186e-01 1.05466839e-04 2.24881214e-04
2.40772061e-01 -1.41162505e-04 2.21074879e-04
2.41128933e-01 2.75795708e-04 2.23856391e-04
2.41485800e-01 2.58851341e-04 2.24795567e-04
2.41842664e-01 -3.32066263e-04 2.21047607e-04
2.42199523e-01 4.97869138e-05 2.20033914e-04
2.42556379e-01 3.49684305e-04 2.22812149e-04
2.42913230e-01 3.82417152e-05 2.25625866e-04
2.43270078e-01 -1.33528753e-05 2.23365738e-04
2.43626922e-01 8.05769087e-05 2.23368529e-04
2.43983761e-01 2.42778714e-04 2.20062333e-04
2.44340597e-01 2.03898166e-04 2.21524626e-04
2.44697429e-01 1.48425570e-04 2.21332365e-04
2.45054256e-01 -4.34991159e-04 2.16839759e-04
2.45411080e-01 1.34493821e-04 2.19054488e-04
2.45767900e-01 3.32910897e-04 2.20570063e-04
2.46124715e-01 2.07174583e-04 2.19542756e-04
2.46481527e-01 1.33305117e-04 2.18657233e-04
2.46838334e-01 7.99576365e-05 2.18163158e-04
2.47195138e-01 2.23889850e-04 2.16873995e-04
2.47551938e-01 2.87744008e-04 2.19798978e-04
2.47908733e-01 -4.85073382e-05 2.21536014e-04
2.48265524e-01 -1.32846088e-04 2.14424474e-04
2.48622312e-01 -2.62198883e-04 2.15021757e-04
2.48979095e-01 -1.94247826e-04 2.17195582e-04
2.49335874e-01 -1.91609151e-04 2.15826886e-04
2.49692649e-01 -1.25860595e-05 2.13572661e-04
2.50049420e-01 1.02540423e-04 2.13172103e-04
2.50406187e-01 1.34594693e-04 2.12535569e-04
2.50762950e-01 -3.20837772e-04 2.17784509e-04
2.51119709e-01 -5.94212098e-05 2.15781292e-04
2.51476464e-01 1.00554017e-04 2.16561405e-04
2.51833214e-01 1.75609814e-04 2.16600567e-04
2.52189961e-01 -7.67114624e-05 2.17661272e-04
2.52546703e-01 3.97030358e-04 2.19701372e-04
2.52903441e-01 2.62150172e-05 2.10441149e-04
2.53260175e-01 1.15489889e-04 2.12508874e-04
2.53616905e-01 4.46898616e-05 2.13017975e-04
2.53973631e-01 2.45821090e-04 2.16206427e-04
2.54330352e-01 2.34154320e-05 2.12902170e-04
2.54687070e-01 -8.57871371e-05 2.09973838e-04
2.55043783e-01 -4.45728142e-06 2.11882205e-04
2.55400492e-01 -3.64185456e-04 2.07857077e-04
2.55757197e-01 2.50142634e-04 2.09081854e-04
2.56113898e-01 7.39647900e-05 2.13849122e-04
2.56470595e-01 -1.14183124e-05 2.12797191e-04
2.56827287e-01 -2.24123797e-04 2.15228844e-04
2.57183975e-01 -3.58101419e-04 2.15751904e-04
2.57540659e-01 2.47415537e-04 2.13604239e-04
2.57897339e-01 -5.30819409e-04 2.14007297e-04
2.58254014e-01 -2.78867724e-04 2.14985434e-04
2.58610686e-01 -4.10423750e-04 2.15982332e-04
2.58967353e-01 2.70651170e-04 2.13369507e-04
2.59324016e-01 -2.16830942e-04 2.10994806e-04
2.59680674e-01 2.41799474e-04 2.13372137e-04
2.60037329e-01 2.33205148e-04 2.18721999e-04
2.60393979e-01 -2.21436597e-04 2.15821989e-04
2.60750625e-01 -2.28964959e-04 2.14933258e-04
2.61107266e-01 1.53808394e-04 2.15202233e-04
2.61463904e-01 -2.75487663e-04 2.12939187e-04
2.61820537e-01 3.44820734e-04 2.12026621e-04
2.62177166e-01 1.60566180e-04 2.18516808e-04
2.62533790e-01 1.37173741e-04 2.12771188e-04
2.62890410e-01 2.23159107e-06 2.14982668e-04
2.63247026e-01 -2.81449468e-04 2.11564282e-04
2.63603638e-01 9.05237258e-05 2.15953926e-04
2.63960245e-01 -7.28948746e-05 2.11814129e-04
2.64316848e-01 -2.29692446e-04 2.16140657e-04
2.64673447e-01 4.46597468e-05 2.14116637e-04
2.65030042e-01 2.57551768e-04 2.13535531e-04
2.65386632e-01 1.96199331e-04 2.09817806e-04
2.65743217e-01 -2.22237470e-04 2.11525524e-04
2.66099799e-01 -3.58489113e-04 2.11338285e-04
2.66456376e-01 7.22993449e-06 2.14537490e-04
2.66812948e-01 2.48965594e-04 2.15696396e-04
2.67169517e-01 -3.63384048e-05 2.16190580e-04
2.67526081e-01 -3.32177181e-04 2.16312663e-04
2.67882640e-01 2.64647202e-05 2.17158758e-04
2.68239195e-01 3.17689344e-05 2.17068472e-04
2.68595746e-01 -2.76157458e-04 2.12077521e-04
2.68952293e-01 2.59101762e-04 2.14107620e-04
2.69308835e-01 2.80398048e-04 2.21537141e-04
2.69665372e-01 -3.39081053e-04 2.20549534e-04
2.70021906e-01 -3.33623222e-04 2.17335344e-04
2.70378435e-01 -1.75712611e-04 2.23754002e-04
2.70734959e-01 -1.96579557e-04 2.21565608e-04
2.71091479e-01 1.60399604e-04 2.21272181e-04
2.71447995e-01 1.57796789e-04 2.22901800e-04
2.71804506e-01 3.87609389e-05 2.18400929e-04
2.72161012e-01 -1.72407910e-04 2.15713275e-04
2.72517515e-01 1.26582185e-04 2.19702635e-04
2.72874012e-01 -2.85969855e-04 2.23775894e-04
