1.54026655e-02 5.22145553e-02 1.99674905e-03
1.57608633e-02 5.39877988e-02 1.88450483e-03
1.61190608e-02 5.60761073e-02 1.75970504e-03
1.64772580e-02 5.26116922e-02 1.70956254e-03
1.68354550e-02 5.19069201e-02 1.58803394e-03
1.71936517e-02 5.28378850e-02 1.63459559e-03
1.75518481e-02 5.19898477e-02 1.57887830e-03
1.79100442e-02 5.47192878e-02 1.55617196e-03
1.82682400e-02 5.24483323e-02 1.53691527e-03
1.86264355e-02 4.97053500e-02 1.39891078e-03
1.89846308e-02 5.50916431e-02 1.48873878e-03
1.93428257e-02 5.31469190e-02 1.39830845e-03
1.97010202e-02 5.21164179e-02 1.42632539e-03
2.00592145e-02 5.04680080e-02 1.33352138e-03
2.04174084e-02 5.11150289e-02 1.31191474e-03
2.07756020e-02 5.20578820e-02 1.31304268e-03
2.11337953e-02 5.13503495e-02 1.32909394e-03
2.14919882e-02 4.95599914e-02 1.19439899e-03
2.18501808e-02 5.08587308e-02 1.26697377e-03
2.22083729e-02 5.11360157e-02 1.21100920e-03
2.25665648e-02 5.17568714e-02 1.23727321e-03
2.29247562e-02 4.89297838e-02 1.20819226e-03
2.32829473e-02 4.82747989e-02 1.17028683e-03
2.36411380e-02 4.86960215e-02 1.18903221e-03
2.39993283e-02 4.89058546e-02 1.10640706e-03
2.43575182e-02 4.80897116e-02 1.10631029e-03
2.47157077e-02 4.68856117e-02 1.10374797e-03
2.50738968e-02 4.93029058e-02 1.07318482e-03
2.54320855e-02 4.55962906e-02 1.05618038e-03
2.57902738e-02 4.66973754e-02 1.10559648e-03
2.61484617e-02 4.46040071e-02 1.08598280e-03
2.65066491e-02 4.33315515e-02 1.05459555e-03
2.68648361e-02 4.67713428e-02 1.09994160e-03
2.72230226e-02 4.40576756e-02 1.00605715e-03
2.75812087e-02 4.41818900e-02 1.00210438e-03
2.79393943e-02 4.49488623e-02 1.01605052e-03
2.82975795e-02 4.41642928e-02 1.03745542e-03
2.86557642e-02 4.44595492e-02 1.00789355e-03
2.90139485e-02 4.48824634e-02 1.00414092e-03
2.93721323e-02 4.15711877e-02 9.99179638e-04
2.97303155e-02 4.05765346e-02 9.79034564e-04
3.00884983e-02 4.09899243e-02 1.02204648e-03
3.04466806e-02 4.10072466e-02 1.04665288e-03
3.08048624e-02 4.11600600e-02 1.00685265e-03
3.11630437e-02 4.02692836e-02 1.00120310e-03
3.15212245e-02 4.16824278e-02 9.83855185e-04
3.18794048e-02 3.74604252e-02 1.00198780e-03
3.22375845e-02 3.94762517e-02 9.67754277e-04
3.25957637e-02 3.91571723e-02 1.02392353e-03
3.29539424e-02 3.99336215e-02 1.00418793e-03
3.33121205e-02 3.90150922e-02 9.76892685e-04
3.36702981e-02 3.85844213e-02 9.63959465e-04
3.40284751e-02 3.70717029e-02 9.59742426e-04
3.43866516e-02 3.73231929e-02 9.30698489e-04
3.47448275e-02 3.68775188e-02 9.49898133e-04
3.51030028e-02 3.51641927e-02 9.41029641e-04
3.54611775e-02 3.71166995e-02 9.00493968e-04
3.58193517e-02 3.47354513e-02 8.74804678e-04
3.61775253e-02 3.45959925e-02 8.28013158e-04
3.65356983e-02 3.35558150e-02 8.56379998e-04
3.68938706e-02 3.48921597e-02 9.01847494e-04
3.72520424e-02 3.22090864e-02 8.66661079e-04
3.76102136e-02 3.37793333e-02 8.14229872e-04
3.79683841e-02 3.36295532e-02 8.35319588e-04
3.83265540e-02 3.26350660e-02 8.23890593e-04
3.86847233e-02 3.18914625e-02 8.10139923e-04
3.90428920e-02 3.37443746e-02 8.25588226e-04
3.94010600e-02 3.17418714e-02 8.31379883e-04
3.97592273e-02 3.20157103e-02 8.23996463e-04
4.01173941e-02 3.08754564e-02 8.22580552e-04
4.04755601e-02 2.90764534e-02 8.01001083e-04
4.08337255e-02 3.01451031e-02 7.31908779e-04
4.11918902e-02 3.05093907e-02 7.62675265e-04
4.15500542e-02 2.90384664e-02 7.66252607e-04
4.19082176e-02 2.96036344e-02 7.88189255e-04
4.22663802e-02 2.82531550e-02 7.81971653e-04
4.26245422e-02 2.74926109e-02 7.54489994e-04
4.29827034e-02 2.74592894e-02 7.61111723e-04
4.33408640e-02 2.84240173e-02 8.06366890e-04
4.36990238e-02 2.73358352e-02 7.62877250e-04
4.40571830e-02 2.67035108e-02 7.76403446e-04
4.44153414e-02 2.64883456e-02 7.44800064e-04
4.47734990e-02 2.62787743e-02 7.59404138e-04
4.51316560e-02 2.51498888e-02 7.74737698e-04
4.54898122e-02 2.57001396e-02 7.72081106e-04
4.58479676e-02 2.44604836e-02 7.65432849e-04
4.62061223e-02 2.46736917e-02 7.70421688e-04
4.65642762e-02 2.54980170e-02 7.70982724e-04
4.69224294e-02 2.38875109e-02 7.22902477e-04
4.72805818e-02 2.32181360e-02 7.90103055e-04
4.76387334e-02 2.31182629e-02 7.47443405e-04
4.79968842e-02 2.24923217e-02 7.28194140e-04
4.83550342e-02 2.24271088e-02 7.22169936e-04
4.87131835e-02 2.17125410e-02 7.06713389e-04
4.90713319e-02 2.04352669e-02 6.95614094e-04
4.94294795e-02 2.16515728e-02 7.21952660e-04
4.97876264e-02 2.08114046e-02 6.84869000e-04
5.01457724e-02 1.99071728e-02 7.00503299e-04
5.05039175e-02 2.02397001e-02 6.81629124e-04
5.08620619e-02 1.93106756e-02 6.81486656e-04
5.12202054e-02 2.07707758e-02 6.85176185e-04
5.15783481e-02 1.87692216e-02 6.51782668e-04
5.19364899e-02 1.92086475e-02 6.70255169e-04
5.22946308e-02 1.90149390e-02 6.69293052e-04
5.26527709e-02 1.88308344e-02 6.55595453e-04
5.30109102e-02 1.79699709e-02 6.52123063e-04
5.33690485e-02 1.82882826e-02 6.49208958e-04
5.37271860e-02 1.71387384e-02 6.31411792e-04
5.40853226e-02 1.62604978e-02 6.24526046e-04
5.44434583e-02 1.72166164e-02 6.06446378e-04
5.48015932e-02 1.65881951e-02 6.23642987e-04
5.51597271e-02 1.68795689e-02 6.31005909e-04
5.55178601e-02 1.56419074e-02 6.19468957e-04
5.58759922e-02 1.56440282e-02 6.24259336e-04
5.62341234e-02 1.58714762e-02 6.19437942e-04
5.65922536e-02 1.52586994e-02 6.08045960e-04
5.69503829e-02 1.45361738e-02 6.20434610e-04
5.73085113e-02 1.48829190e-02 6.07334498e-04
5.76666388e-02 1.55913868e-02 6.02055122e-04
5.80247653e-02 1.42786493e-02 6.04648095e-04
5.83828908e-02 1.42321890e-02 5.87202970e-04
5.87410154e-02 1.31532031e-02 5.88756970e-04
5.90991390e-02 1.39316768e-02 5.78831749e-04
5.94572616e-02 1.20658725e-02 5.58098667e-04
5.98153833e-02 1.29316000e-02 5.78602793e-04
6.01735040e-02 1.30656184e-02 5.95977549e-04
6.05316237e-02 1.25507056e-02 5.74988778e-04
6.08897424e-02 1.22514692e-02 5.72562980e-04
6.12478600e-02 1.22948826e-02 5.86322871e-04
6.16059767e-02 1.21520034e-02 5.70820702e-04
6.19640924e-02 1.14258800e-02 5.64725753e-04
6.23222071e-02 1.18241372e-02 5.55140998e-04
6.26803207e-02 1.02619297e-02 5.65507340e-04
6.30384333e-02 1.14641924e-02 5.50069906e-04
6.33965448e-02 1.00933846e-02 5.57386319e-04
6.37546554e-02 1.03892841e-02 5.40026230e-04
6.41127648e-02 9.83309682e-03 5.41817417e-04
6.44708732e-02 9.97643523e-03 5.30182341e-04
6.48289806e-02 9.78474801e-03 5.53710604e-04
6.51870869e-02 9.67719163e-03 5.26205391e-04
6.55451921e-02 1.02607398e-02 5.52812221e-04
6.59032962e-02 8.44373210e-03 5.37794809e-04
6.62613993e-02 9.18573410e-03 5.32716817e-04
6.66195012e-02 9.07683483e-03 5.44937576e-04
6.69776021e-02 8.24992665e-03 5.17698103e-04
6.73357019e-02 8.40837126e-03 5.12178623e-04
6.76938005e-02 7.82653982e-03 5.19191567e-04
6.80518981e-02 8.15520118e-03 5.15398040e-04
6.84099945e-02 8.07918659e-03 5.09624281e-04
6.87680898e-02 7.73512750e-03 5.05204023e-04
6.91261840e-02 7.57602770e-03 4.87757202e-04
6.94842770e-02 7.85822645e-03 5.13118878e-04
6.98423689e-02 6.93397280e-03 4.94879689e-04
7.02004596e-02 6.16513138e-03 5.09127468e-04
7.05585492e-02 6.69073963e-03 5.05990504e-04
7.09166377e-02 6.58661619e-03 4.94728238e-04
7.12747249e-02 5.76067525e-03 4.98028698e-04
7.16328110e-02 6.13588553e-03 5.08119770e-04
7.19908959e-02 5.80209863e-03 4.98589710e-04
7.23489796e-02 7.15216166e-03 4.96434117e-04
7.27070622e-02 6.69241420e-03 5.04015905e-04
7.30651435e-02 5.92383227e-03 5.08775442e-04
7.34232237e-02 5.30971258e-03 5.03336181e-04
7.37813026e-02 5.61136952e-03 4.96071325e-04
7.41393803e-02 5.72887338e-03 4.81416973e-04
7.44974568e-02 5.35657411e-03 4.85969125e-04
7.48555321e-02 5.18986231e-03 4.84460814e-04
7.52136061e-02 4.92603907e-03 4.89374476e-04
7.55716789e-02 5.33877951e-03 4.83314359e-04
7.59297505e-02 5.03938752e-03 4.82507440e-04
7.62878208e-02 4.82314345e-03 4.83814373e-04
7.66458899e-02 5.26472307e-03 4.67954680e-04
7.70039577e-02 5.24803672e-03 4.60256032e-04
7.73620242e-02 4.80543206e-03 4.77468926e-04
7.77200895e-02 4.58367324e-03 4.55181447e-04
7.80781535e-02 4.20462098e-03 4.54621566e-04
7.84362162e-02 3.51741155e-03 4.66374699e-04
7.87942776e-02 3.68854118e-03 4.57075020e-04
7.91523377e-02 4.70060508e-03 4.53227602e-04
7.95103965e-02 4.21809352e-03 4.66015735e-04
7.98684540e-02 3.63088946e-03 4.53185956e-04
8.02265102e-02 3.61929070e-03 4.66138108e-04
8.05845651e-02 3.65487156e-03 4.60358856e-04
8.09426186e-02 4.97857020e-03 4.39843285e-04
8.13006709e-02 3.69289240e-03 4.56225115e-04
8.16587217e-02 3.40439078e-03 4.44169307e-04
8.20167713e-02 3.05158898e-03 4.58553786e-04
8.23748195e-02 3.91017843e-03 4.52628689e-04
8.27328663e-02 3.77573354e-03 4.42353227e-04
8.30909118e-02 3.10419249e-03 4.43218037e-04
8.34489559e-02 3.28635724e-03 4.52867223e-04
8.38069986e-02 2.87635948e-03 4.56684157e-04
8.41650400e-02 2.47427619e-03 4.44156249e-04
8.45230800e-02 2.93076600e-03 4.43058849e-04
8.48811185e-02 3.46674223e-03 4.52868688e-04
8.52391557e-02 2.41064037e-03 4.40922541e-04
8.55971915e-02 2.24099618e-03 4.48325681e-04
8.59552259e-02 3.08948539e-03 4.56253635e-04
8.63132589e-02 2.36182449e-03 4.43132164e-04
8.66712904e-02 2.88831661e-03 4.36348428e-04
8.70293205e-02 2.64039103e-03 4.53679169e-04
8.73873492e-02 2.42362942e-03 4.49157147e-04
8.77453765e-02 2.32211772e-03 4.36678175e-04
8.81034023e-02 3.14840717e-03 4.29675208e-04
8.84614267e-02 2.36683751e-03 4.39517833e-04
8.88194496e-02 2.44124166e-03 4.38839878e-04
8.91774710e-02 3.01354261e-03 4.32942945e-04
8.95354910e-02 2.03395927e-03 4.43357280e-04
8.98935095e-02 2.37956066e-03 4.42725409e-04
9.02515266e-02 2.10122595e-03 4.40440745e-04
9.06095421e-02 2.22693330e-03 4.26558879e-04
9.09675562e-02 2.78521058e-03 4.38881016e-04
9.13255687e-02 1.88630347e-03 4.37836347e-04
9.16835798e-02 1.51730916e-03 4.33105197e-04
9.20415894e-02 1.77800478e-03 4.30676051e-04
9.23995974e-02 1.62280822e-03 4.30003550e-04
9.27576039e-02 2.52134457e-03 4.30459607e-04
9.31156089e-02 2.47219307e-03 4.22807827e-04
9.34736124e-02 1.59737296e-03 4.33280851e-04
9.38316143e-02 1.78917985e-03 4.23287680e-04
9.41896147e-02 1.17322978e-03 4.30482362e-04
9.45476136e-02 1.14072469e-03 4.13310715e-04
9.49056108e-02 1.70749310e-03 4.31568852e-04
9.52636066e-02 1.44420151e-03 4.11472450e-04
9.56216007e-02 1.73017133e-03 4.13811979e-04
9.59795933e-02 1.47548211e-03 4.12650700e-04
9.63375843e-02 2.23089899e-03 4.08472408e-04
9.66955738e-02 1.58521103e-03 4.09551500e-04
9.70535616e-02 1.33700336e-03 4.20045191e-04
9.74115478e-02 7.76399538e-04 4.00480114e-04
9.77695325e-02 1.58109726e-03 3.93396778e-04
9.81275155e-02 1.25012216e-03 4.06449197e-04
9.84854969e-02 1.24303813e-03 4.05342924e-04
9.88434768e-02 1.32799001e-03 4.02000881e-04
9.92014549e-02 1.22076730e-03 4.06468724e-04
9.95594315e-02 1.28502871e-03 4.08910315e-04
9.99174064e-02 1.39984372e-03 3.92715462e-04
1.00275380e-01 1.79250376e-03 3.99427505e-04
1.00633351e-01 9.79723811e-04 4.04230732e-04
1.00991321e-01 1.67750307e-03 3.90509917e-04
1.01349290e-01 1.82166798e-03 3.96986721e-04
1.01707256e-01 9.68006994e-04 3.99361660e-04
1.02065221e-01 1.06514193e-03 3.89294202e-04
1.02423184e-01 1.78162950e-03 3.92101130e-04
1.02781146e-01 1.88633037e-03 4.02278118e-04
1.03139106e-01 7.85313762e-04 3.87717567e-04
1.03497064e-01 1.57296470e-03 3.88882629e-04
1.03855021e-01 1.33499354e-03 3.92388983e-04
1.04212976e-01 1.33541014e-03 3.83808591e-04
1.04570929e-01 1.64707199e-03 3.99782248e-04
1.04928880e-01 1.33733005e-03 3.92853290e-04
1.05286830e-01 1.67042790e-03 4.08558926e-04
1.05644778e-01 1.57932260e-03 4.08585009e-04
1.06002724e-01 1.24662687e-03 3.94599300e-04
1.06360668e-01 1.04173948e-03 3.99624775e-04
1.06718611e-01 8.39364419e-04 3.93807281e-04
1.07076552e-01 8.81206670e-04 3.99524237e-04
1.07434491e-01 1.09246711e-03 3.99583982e-04
1.07792429e-01 1.51646910e-03 4.08098169e-04
1.08150364e-01 1.02209621e-03 4.00370014e-04
1.08508298e-01 1.50979430e-03 4.00368930e-04
1.08866230e-01 7.10110671e-04 4.00663237e-04
1.09224160e-01 1.37836649e-03 4.06787608e-04
1.09582089e-01 1.07011714e-03 4.07184648e-04
1.09940016e-01 6.90419361e-04 3.86419927e-04
1.10297941e-01 1.53203832e-03 3.96711259e-04
1.10655864e-01 1.33870923e-03 4.03569972e-04
1.11013785e-01 8.62454039e-04 3.90875486e-04
1.11371704e-01 1.28125291e-04 3.81624153e-04
1.11729622e-01 6.82878363e-04 3.96964892e-04
1.12087538e-01 1.36522950e-03 3.74346204e-04
1.12445452e-01 1.37857054e-03 3.88672448e-04
1.12803364e-01 6.39172499e-04 3.92087424e-04
1.13161274e-01 1.13354261e-03 3.85046895e-04
1.13519182e-01 1.12109379e-03 3.90140711e-04
1.13877089e-01 7.85533368e-04 3.78393465e-04
1.14234994e-01 5.82237801e-04 3.66578062e-04
1.14592896e-01 1.45513629e-03 3.74612946e-04
1.14950797e-01 9.15402147e-04 3.86654779e-04
1.15308696e-01 1.39212058e-03 3.71234030e-04
1.15666593e-01 8.28576673e-04 3.67404400e-04
1.16024488e-01 1.32639753e-03 3.63862664e-04
1.16382382e-01 4.50834350e-04 3.62502395e-04
1.16740273e-01 1.22068713e-03 3.57425585e-04
1.17098163e-01 7.25820185e-04 3.66995646e-04
1.17456050e-01 1.40447150e-03 3.68701390e-04
1.17813936e-01 1.11169732e-03 3.82140905e-04
1.18171819e-01 1.32669427e-03 3.66955494e-04
1.18529701e-01 3.30745220e-04 3.79117365e-04
1.18887581e-01 8.72617355e-04 3.68859670e-04
1.19245459e-01 1.13865647e-03 3.80887427e-04
1.19603335e-01 4.40109049e-04 3.70513243e-04
1.19961208e-01 8.94637400e-04 3.70543980e-04
1.20319080e-01 7.51312178e-04 3.73467718e-04
1.20676950e-01 1.20377773e-03 3.68753984e-04
1.21034818e-01 7.93286602e-04 3.83351778e-04
1.21392684e-01 7.07191932e-04 3.81228896e-04
1.21750548e-01 1.50696788e-03 3.79603544e-04
1.22108410e-01 9.98517631e-04 3.73458212e-04
1.22466270e-01 1.15000651e-03 3.75131714e-04
1.22824128e-01 8.83012187e-04 3.85138240e-04
1.23181984e-01 5.13742650e-04 3.80153260e-04
1.23539838e-01 8.70985388e-04 3.75038450e-04
1.23897690e-01 6.23515041e-04 3.70463812e-04
1.24255540e-01 1.01431864e-03 3.76407824e-04
1.24613388e-01 1.01766594e-03 3.67433740e-04
1.24971233e-01 7.20295081e-04 3.65120077e-04
1.25329077e-01 1.42679635e-03 3.73979942e-04
1.25686919e-01 1.04208102e-03 3.61328073e-04
1.26044758e-01 3.76291260e-05 3.60971280e-04
1.26402596e-01 6.44229209e-04 3.69313075e-04
1.26760431e-01 6.27925864e-04 3.55575939e-04
1.27118265e-01 1.12570796e-03 3.63725438e-04
1.27476096e-01 6.29739235e-04 3.70352274e-04
1.27833925e-01 1.74237324e-04 3.56585456e-04
1.28191752e-01 6.71150301e-04 3.57062199e-04
1.28549577e-01 9.99982889e-04 3.55214771e-04
1.28907400e-01 5.35964711e-04 3.43119617e-04
1.29265221e-01 5.47854381e-04 3.44089745e-04
1.29623040e-01 6.52904503e-04 3.50094123e-04
1.29980856e-01 1.54387679e-03 3.57828017e-04
1.30338670e-01 8.83915652e-04 3.48079521e-04
1.30696483e-01 4.30425888e-04 3.44965101e-04
1.31054293e-01 5.66342063e-04 3.47347375e-04
1.31412101e-01 1.12965000e-03 3.42046185e-04
1.31769906e-01 9.24618179e-04 3.46175617e-04
1.32127710e-01 7.62368789e-04 3.32885012e-04
1.32485511e-01 5.19823144e-04 3.46249576e-04
1.32843311e-01 3.28062246e-04 3.50840036e-04
1.33201108e-01 5.55469323e-04 3.57889243e-04
1.33558903e-01 7.07918894e-04 3.53406092e-04
1.33916695e-01 1.24602496e-03 3.49180909e-04
1.34274486e-01 6.58959667e-04 3.38931950e-04
1.34632274e-01 1.16708726e-03 3.50894367e-04
1.34990060e-01 1.62773497e-03 3.47051972e-04
1.35347844e-01 4.44790785e-04 3.34791692e-04
1.35705626e-01 1.21545309e-03 3.37032007e-04
1.36063405e-01 5.95249666e-04 3.44596568e-04
1.36421182e-01 3.34162753e-04 3.36081411e-04
1.36778957e-01 3.66847999e-04 3.34697998e-04
1.37136730e-01 1.13925999e-03 3.40093529e-04
1.37494500e-01 1.01063510e-03 3.28135772e-04
1.37852269e-01 2.94083975e-04 3.29102452e-04
1.38210034e-01 -1.75861220e-04 3.26578919e-04
1.38567798e-01 1.10564864e-03 3.30791053e-04
1.38925559e-01 8.29085818e-04 3.30482702e-04
1.39283319e-01 4.00559191e-04 3.27564398e-04
1.39641075e-01 3.06037987e-05 3.36719369e-04
1.39998830e-01 -3.06665223e-04 3.37535010e-04
1.40356582e-01 1.94104469e-04 3.25969908e-04
1.40714332e-01 7.72051345e-04 3.30045307e-04
1.41072080e-01 6.04292014e-04 3.27536460e-04
1.41429825e-01 2.19692788e-04 3.26961669e-04
1.41787568e-01 2.19393029e-04 3.28364889e-04
1.42145308e-01 4.54828169e-04 3.33470598e-04
1.42503047e-01 2.12446321e-04 3.29633490e-04
1.42860783e-01 7.57112940e-04 3.27719846e-04
1.43218516e-01 3.93043820e-05 3.30614668e-04
1.43576247e-01 2.69820898e-04 3.30334279e-04
1.43933976e-01 5.30932118e-05 3.23820676e-04
1.44291703e-01 4.93827928e-04 3.24624833e-04
1.44649427e-01 8.87029846e-06 3.22933176e-04
1.45007149e-01 1.82269377e-04 3.18288596e-04
1.45364868e-01 5.76853408e-04 3.25021350e-04
1.45722585e-01 7.24640478e-04 3.20231590e-04
1.46080300e-01 4.39686185e-04 3.07623263e-04
1.46438012e-01 6.64590265e-04 3.19552766e-04
1.46795722e-01 5.05789874e-05 3.14089043e-04
1.47153429e-01 5.97291981e-04 3.19619714e-04
1.47511134e-01 4.04595814e-04 3.17259004e-04
1.47868837e-01 2.37580057e-04 3.09966606e-04
1.48226537e-01 5.09167979e-04 3.15613588e-04
1.48584235e-01 5.35467150e-04 3.22908534e-04
1.48941930e-01 1.56831415e-04 3.16117323e-04
1.49299623e-01 1.12946026e-03 3.16544927e-04
1.49657313e-01 4.39983561e-05 3.07632357e-04
1.50015001e-01 5.81219202e-04 3.20153494e-04
1.50372687e-01 7.63118332e-04 3.16675342e-04
1.50730370e-01 4.65308237e-05 3.09005587e-04
1.51088050e-01 4.22213814e-04 3.15033604e-04
1.51445728e-01 3.41292716e-04 3.19153528e-04
1.51803404e-01 4.85652480e-04 3.17589119e-04
1.52161077e-01 6.66847956e-04 3.19623512e-04
1.52518747e-01 3.50771390e-04 3.12791590e-04
1.52876416e-01 1.82090422e-04 3.10500030e-04
1.53234081e-01 1.45234957e-04 3.14249724e-04
1.53591744e-01 5.87222639e-04 3.05706493e-04
1.53949405e-01 7.00436100e-04 3.07827399e-04
1.54307063e-01 3.38589551e-04 3.03960090e-04
1.54664718e-01 6.50823977e-05 3.06873643e-04
1.55022371e-01 7.83310160e-04 3.07057988e-04
1.55380021e-01 6.14913165e-04 3.11398504e-04
1.55737669e-01 6.17229862e-04 3.09641512e-04
1.56095314e-01 3.92906101e-04 3.10962090e-04
1.56452957e-01 7.04016958e-04 3.11339633e-04
1.56810597e-01 7.18479010e-04 3.09331593e-04
1.57168235e-01 4.89204541e-04 3.08530045e-04
1.57525870e-01 2.99325997e-04 3.05993794e-04
1.57883502e-01 4.77520481e-04 3.00602782e-04
1.58241132e-01 -9.63835694e-05 3.05911270e-04
1.58598759e-01 -9.69168811e-05 2.97519746e-04
1.58956384e-01 5.69596893e-04 2.97947729e-04
1.59314006e-01 5.02496074e-04 3.06293116e-04
1.59671625e-01 5.57090815e-04 3.04389287e-04
1.60029242e-01 4.47272470e-04 3.03347774e-04
1.60386856e-01 7.66577300e-04 3.03465407e-04
1.60744468e-01 1.69651995e-04 2.98226484e-04
1.61102076e-01 4.00281809e-04 2.96179772e-04
1.61459683e-01 2.11473507e-04 2.92661465e-04
1.61817286e-01 2.29046175e-04 2.88638174e-04
1.62174887e-01 9.19858852e-04 2.97489870e-04
1.62532485e-01 -7.35975966e-06 3.01116740e-04
1.62890081e-01 -2.28644435e-04 2.96059535e-04
1.63247674e-01 -2.27158660e-05 2.94241818e-04
1.63605264e-01 -1.54397183e-04 2.96850786e-04
1.63962852e-01 1.85765611e-04 3.01992061e-04
1.64320437e-01 3.21111896e-04 2.90645991e-04
1.64678019e-01 3.11941890e-04 2.95675962e-04
1.65035598e-01 3.32725968e-04 2.99315789e-04
1.65393175e-01 2.87096399e-04 2.87660096e-04
1.65750749e-01 7.22215597e-04 2.96581994e-04
1.66108320e-01 2.22574921e-04 2.93108286e-04
1.66465889e-01 2.24979217e-04 2.98811134e-04
1.66823455e-01 -5.63633201e-05 2.96388798e-04
1.67181018e-01 -2.02543230e-04 2.88349849e-04
1.67538578e-01 -2.94425810e-05 2.93341764e-04
1.67896136e-01 1.58573520e-04 2.97750439e-04
1.68253691e-01 3.57979829e-04 2.92444828e-04
1.68611243e-01 2.15269540e-04 2.90385061e-04
1.68968792e-01 -3.85926452e-05 2.87748988e-04
1.69326339e-01 -4.85680140e-04 2.89510968e-04
1.69683883e-01 1.57268549e-04 2.91257302e-04
1.70041424e-01 1.84707133e-04 2.90394637e-04
1.70398962e-01 -1.29086004e-04 2.86104330e-04
1.70756497e-01 2.63410904e-04 2.89298776e-04
1.71114030e-01 2.04061808e-04 2.90117785e-04
1.71471560e-01 3.33155195e-04 2.84837760e-04
1.71829087e-01 2.92220391e-04 2.86752392e-04
1.72186611e-01 2.45191071e-04 2.86150891e-04
1.72544132e-01 3.63758595e-04 2.87600908e-04
1.72901651e-01 4.40042548e-04 2.80400902e-04
1.73259167e-01 6.43974107e-04 2.85753952e-04
1.73616679e-01 3.34266849e-04 2.82629215e-04
1.73974189e-01 -1.73744057e-04 2.84108038e-04
1.74331697e-01 -3.43231478e-04 2.85084964e-04
1.74689201e-01 6.24769396e-05 2.87954131e-04
1.75046702e-01 -1.43179588e-04 2.85437860e-04
1.75404201e-01 1.21507740e-04 2.81338921e-04
1.75761697e-01 6.24660814e-06 2.79123152e-04
1.76119189e-01 8.08823219e-04 2.80471986e-04
1.76476679e-01 6.66875709e-04 2.81952542e-04
1.76834166e-01 1.66236147e-04 2.82567108e-04
1.77191650e-01 5.76552291e-05 2.79051017e-04
1.77549132e-01 3.49010566e-04 2.75812502e-04
1.77906610e-01 3.10330387e-05 2.78220990e-04
1.78264085e-01 3.61739515e-04 2.77733508e-04
1.78621558e-01 -4.90660576e-04 2.72527453e-04
1.78979027e-01 -2.54152256e-04 2.80667870e-04
1.79336494e-01 -2.01378497e-05 2.80099052e-04
1.79693958e-01 3.57960837e-04 2.82637154e-04
1.80051418e-01 1.61290070e-04 2.82850958e-04
1.80408876e-01 -3.44270055e-05 2.78334270e-04
1.80766331e-01 -1.70260292e-05 2.91765532e-04
1.81123783e-01 -3.77956826e-04 2.80653846e-04
1.81481232e-01 1.05266698e-04 2.81294932e-04
1.81838677e-01 2.33471696e-04 2.87722699e-04
1.82196120e-01 7.67174962e-05 2.85390634e-04
1.82553560e-01 5.10891702e-05 2.84899626e-04
1.82910997e-01 1.57797067e-04 2.85049795e-04
1.83268431e-01 -4.86589092e-04 2.81926430e-04
1.83625862e-01 -2.18749809e-04 2.80383106e-04
1.83983290e-01 3.06209352e-04 2.80755183e-04
1.84340715e-01 -1.71521336e-04 2.81615371e-04
1.84698137e-01 2.85610814e-04 2.89170202e-04
1.85055556e-01 2.86662038e-04 2.87838797e-04
1.85412971e-01 2.01200741e-04 2.83855309e-04
1.85770384e-01 -1.48695717e-04 2.78758261e-04
1.86127794e-01 5.20790237e-05 2.83747157e-04
1.86485200e-01 -1.24218360e-04 2.71702831e-04
1.86842604e-01 3.06998612e-04 2.82244863e-04
1.87200005e-01 3.79454404e-04 2.75622429e-04
1.87557402e-01 6.45352396e-05 2.73616682e-04
1.87914797e-01 -1.02862717e-04 2.74007185e-04
1.88272188e-01 5.19379515e-06 2.74583704e-04
1.88629576e-01 -3.23262079e-04 2.74176242e-04
1.88986961e-01 -2.72689836e-04 2.74232652e-04
1.89344343e-01 1.68894245e-04 2.75846754e-04
1.89701722e-01 3.40012737e-04 2.75176498e-04
1.90059098e-01 -1.79836501e-04 2.71799064e-04
1.90416471e-01 -1.03132464e-04 2.72586729e-04
1.90773840e-01 4.58384320e-04 2.66296330e-04
1.91131207e-01 3.14310012e-04 2.71020812e-04
1.91488570e-01 1.89634858e-04 2.66077829e-04
1.91845930e-01 3.30497964e-04 2.77656220e-04
1.92203287e-01 2.64022554e-04 2.70486938e-04
1.92560641e-01 5.24032430e-05 2.65874370e-04
1.92917992e-01 5.10124648e-04 2.72946191e-04
1.93275340e-01 1.96822286e-04 2.67732151e-04
1.93632684e-01 2.56349918e-04 2.73342984e-04
1.93990025e-01 3.81359643e-04 2.72068090e-04
1.94347363e-01 4.16359205e-04 2.71755516e-04
1.94704698e-01 1.74259229e-04 2.68086074e-04
1.95062030e-01 1.75466904e-04 2.69972296e-04
1.95419358e-01 -4.02750529e-04 2.73066327e-04
1.95776684e-01 -1.02195745e-04 2.66903051e-04
1.96134006e-01 1.48271120e-04 2.70184596e-04
1.96491324e-01 1.57167543e-04 2.72663441e-04
1.96848640e-01 7.21781963e-04 2.79950241e-04
1.97205953e-01 -1.08746844e-04 2.70554965e-04
1.97563262e-01 2.73352870e-04 2.73367108e-04
1.97920568e-01 5.63345047e-05 2.76218477e-04
1.98277870e-01 1.47805659e-04 2.71006314e-04
1.98635170e-01 1.28265886e-04 2.71684012e-04
1.98992466e-01 -1.36271620e-04 2.73922936e-04
1.99349759e-01 -8.00986824e-05 2.68737842e-04
1.99707049e-01 1.74135137e-04 2.72433031e-04
2.00064335e-01 1.54437425e-04 2.68711151e-04
2.00421618e-01 -1.94551208e-04 2.62410678e-04
2.00778898e-01 9.25003266e-05 2.59709843e-04
2.01136174e-01 5.89959864e-04 2.65511857e-04
2.01493448e-01 -3.20108140e-04 2.58495107e-04
2.01850718e-01 2.88263271e-04 2.62903913e-04
2.02207984e-01 1.22638421e-04 2.68699009e-04
2.02565248e-01 -2.33956631e-04 2.63336700e-04
2.02922508e-01 -1.75966171e-04 2.64231672e-04
2.03279764e-01 6.01598119e-05 2.61164544e-04
2.03637018e-01 3.78913427e-06 2.58425643e-04
2.03994268e-01 3.81388257e-04 2.62483927e-04
2.04351514e-01 3.09716314e-04 2.59726176e-04
2.04708758e-01 -8.39571601e-05 2.57744831e-04
2.05065998e-01 1.66359527e-04 2.57374076e-04
2.05423234e-01 2.12415496e-04 2.62673072e-04
2.05780467e-01 4.82575733e-04 2.58711971e-04
2.06137697e-01 5.24063720e-05 2.55238761e-04
2.06494924e-01 -1.69016349e-04 2.56981221e-04
2.06852147e-01 6.53532902e-04 2.56085772e-04
2.07209367e-01 2.47627553e-04 2.54752737e-04
2.07566583e-01 3.54841758e-05 2.54204297e-04
2.07923796e-01 -2.28256965e-04 2.56106518e-04
2.08281005e-01 -2.86788809e-04 2.54063577e-04
2.08638211e-01 -1.25365972e-04 2.48863947e-04
2.08995414e-01 3.32916778e-05 2.53862674e-04
2.09352613e-01 3.65913451e-04 2.53748982e-04
2.09709809e-01 2.49837499e-05 2.56149014e-04
2.10067002e-01 3.97005259e-04 2.49799373e-04
2.10424191e-01 -1.63432799e-04 2.51015907e-04
2.10781376e-01 3.93863790e-04 2.57649737e-04
2.11138558e-01 2.03318494e-04 2.57224174e-04
2.11495737e-01 -5.28231230e-06 2.52766283e-04
2.11852912e-01 2.93874172e-04 2.49327656e-04
2.12210084e-01 2.52893547e-04 2.52529898e-04
2.12567252e-01 1.78731279e-05 2.54640524e-04
2.12924416e-01 8.78865556e-05 2.47858333e-04
2.13281578e-01 3.25809910e-04 2.49317144e-04
2.13638735e-01 1.72170575e-04 2.51515494e-04
2.13995890e-01 -2.75277458e-04 2.48525296e-04
2.14353040e-01 2.30255207e-04 2.46692935e-04
2.14710188e-01 3.35707899e-04 2.49165799e-04
2.15067331e-01 1.29296927e-04 2.47354381e-04
2.15424471e-01 -7.70192504e-05 2.49115198e-04
2.15781608e-01 -3.33611914e-04 2.47774369e-04
2.16138741e-01 4.96371299e-04 2.45577769e-04
2.16495871e-01 1.87193223e-04 2.49852416e-04
2.16852997e-01 5.23250047e-04 2.51176943e-04
2.17210119e-01 6.51599938e-05 2.44441406e-04
2.17567238e-01 3.41718119e-04 2.49567950e-04
2.17924354e-01 -1.80276767e-04 2.44784533e-04
2.18281465e-01 -1.93295887e-04 2.42233155e-04
2.18638574e-01 3.49613499e-04 2.46064942e-04
2.18995678e-01 -5.80945901e-06 2.43303850e-04
2.19352779e-01 3.18561777e-04 2.44325681e-04
2.19709877e-01 -3.33103903e-04 2.38143682e-04
2.20066971e-01 1.41148322e-04 2.40930593e-04
2.20424061e-01 1.08617950e-04 2.44870929e-04
2.20781147e-01 9.81793005e-05 2.42461132e-04
2.21138230e-01 2.17686497e-04 2.39747921e-04
2.21495310e-01 -1.87826636e-04 2.35488027e-04
2.21852386e-01 2.04514508e-04 2.40178390e-04
2.22209458e-01 3.13739850e-05 2.39691640e-04
2.22566526e-01 4.54503086e-06 2.37223664e-04
2.22923591e-01 -1.47324356e-04 2.37145733e-04
2.23280652e-01 4.80566506e-05 2.34570479e-04
2.23637710e-01 2.27803025e-04 2.37073026e-04
2.23994764e-01 2.20866303e-04 2.38971476e-04
2.24351814e-01 5.48363133e-04 2.38457547e-04
2.24708861e-01 2.92745831e-04 2.41560991e-04
2.25065904e-01 5.38055283e-04 2.44272958e-04
2.25422943e-01 2.47852574e-04 2.38859932e-04
2.25779978e-01 -3.36853124e-04 2.33938190e-04
2.26137010e-01 3.37444951e-04 2.40598124e-04
2.26494038e-01 5.98837810e-06 2.40026915e-04
2.26851063e-01 6.09028528e-05 2.37996709e-04
2.27208083e-01 4.94043158e-04 2.38827702e-04
2.27565100e-01 -3.29318672e-05 2.32914288e-04
2.27922114e-01 1.73432302e-04 2.36070043e-04
2.28279123e-01 -1.26391429e-04 2.34609668e-04
2.28636129e-01 5.32537533e-05 2.36660469e-04
2.28993131e-01 2.89448209e-04 2.32301152e-04
2.29350129e-01 -2.60504273e-05 2.30295781e-04
2.29707124e-01 -1.99436536e-04 2.29902027e-04
2.30064115e-01 5.49132177e-05 2.34705486e-04
2.30421102e-01 1.83433891e-04 2.34501925e-04
2.30778085e-01 5.25091457e-04 2.37682115e-04
2.31135064e-01 8.59698706e-05 2.36121419e-04
2.31492040e-01 6.93690756e-05 2.30305094e-04
2.31849012e-01 2.74561770e-04 2.31701518e-04
2.32205980e-01 -7.83083630e-05 2.29847060e-04
2.32562944e-01 -5.41145294e-05 2.26202404e-04
2.32919905e-01 1.57977652e-04 2.32891653e-04
2.33276862e-01 1.21747407e-04 2.34424972e-04
2.33633814e-01 -2.87123746e-04 2.33010163e-04
2.33990763e-01 -1.18590022e-05 2.25365090e-04
2.34347709e-01 6.08666909e-05 2.28484776e-04
2.34704650e-01 1.82072563e-04 2.27457775e-04
2.35061588e-01 1.02322784e-05 2.27152094e-04
2.35418521e-01 1.06862608e-04 2.31451373e-04
2.35775451e-01 -9.87993892e-05 2.25996778e-04
2.36132377e-01 -4.56673672e-05 2.26087620e-04
2.36489299e-01 -2.70308689e-04 2.22172108e-04
2.36846218e-01 1.73744519e-04 2.28431480e-04
2.37203132e-01 1.14349439e-04 2.28636672e-04
2.37560042e-01 -1.85340990e-04 2.31099199e-04
2.37916949e-01 6.28003822e-05 2.23424716e-04
2.38273852e-01 1.00412659e-04 2.25988072e-04
2.38630751e-01 3.87839995e-04 2.29365705e-04
2.38987645e-01 -1.83026138e-04 2.25795465e-04
2.39344537e-01 2.52639415e-04 2.24796692e-04
2.39701424e-01 2.91611149e-04 2.20868581e-04
2.40058307e-01 6.16868151e-05 2.21480490e-04
2.40415186e-01 8.81158726e-05 2.21941966e-04
2.40772061e-01 4.45245460e-05 2.24909458e-04
2.41128933e-01 8.52851307e-05 2.22789329e-04
2.41485800e-01 4.92080025e-05 2.24340902e-04
2.41842664e-01 2.56291826e-06 2.20694485e-04
2.42199523e-01 7.79633193e-05 2.25548605e-04
2.42556379e-01 -1.11970204e-04 2.18688436e-04
2.42913230e-01 6.60629485e-06 2.22225605e-04
2.43270078e-01 4.82540814e-05 2.19638249e-04
2.43626922e-01 -8.06542747e-05 2.19236415e-04
2.43983761e-01 -4.17266884e-05 2.24250974e-04
2.44340597e-01 9.73823716e-05 2.22380610e-04
2.44697429e-01 3.35691860e-05 2.24077333e-04
2.45054256e-01 6.77739321e-05 2.16788938e-04
2.45411080e-01 -2.64140817e-04 2.16625119e-04
2.45767900e-01 5.88129224e-05 2.17738142e-04
2.46124715e-01 2.79102988e-04 2.20085294e-04
2.46481527e-01 -1.38809609e-04 2.15669701e-04
2.46838334e-01 -5.02528084e-04 2.12918374e-04
2.47195138e-01 6.27582762e-05 2.21794779e-04
2.47551938e-01 -2.87746668e-04 2.12806988e-04
2.47908733e-01 -1.03686645e-04 2.20903092e-04
2.48265524e-01 -4.00838170e-05 2.17549028e-04
2.48622312e-01 1.76089098e-04 2.20231296e-04
2.48979095e-01 9.42323243e-05 2.14927879e-04
2.49335874e-01 -8.64520509e-05 2.18744576e-04
2.49692649e-01 1.09778753e-04 2.12812284e-04
2.50049420e-01 8.92375631e-05 2.16411492e-04
2.50406187e-01 1.85448224e-04 2.13471177e-04
2.50762950e-01 2.56931766e-04 2.15454162e-04
2.51119709e-01 3.60212202e-04 2.17314971e-04
2.51476464e-01 1.85586761e-04 2.15824289e-04
2.51833214e-01 4.50102916e-05 2.15409026e-04
2.52189961e-01 2.04288487e-04 2.14078030e-04
2.52546703e-01 2.00805306e-05 2.14428498e-04
2.52903441e-01 -4.69298628e-04 2.08876715e-04
2.53260175e-01 -1.02812360e-05 2.14467031e-04
2.53616905e-01 -3.09288950e-05 2.12931595e-04
2.53973631e-01 -1.49286434e-04 2.15533346e-04
2.54330352e-01 2.80520146e-04 2.12578805e-04
2.54687070e-01 -1.32633917e-05 2.13697334e-04
2.55043783e-01 -2.87512265e-04 2.09783241e-04
2.55400492e-01 -1.82415765e-04 2.13140106e-04
2.55757197e-01 -1.42672017e-04 2.11486715e-04
2.56113898e-01 1.92048603e-04 2.09594986e-04
2.56470595e-01 2.32483417e-04 2.15026089e-04
2.56827287e-01 4.03444154e-05 2.09868543e-04
2.57183975e-01 1.27586544e-04 2.11895822e-04
2.57540659e-01 4.15892393e-04 2.15397218e-04
2.57897339e-01 1.21488257e-04 2.17845469e-04
2.58254014e-01 -2.19782766e-04 2.13763063e-04
2.58610686e-01 4.05153722e-04 2.16427413e-04
2.58967353e-01 -7.19259910e-05 2.16366741e-04
2.59324016e-01 3.53716971e-04 2.19634257e-04
2.59680674e-01 7.62304805e-05 2.14653694e-04
2.60037329e-01 -1.36006935e-04 2.15306995e-04
2.60393979e-01 -2.99612210e-06 2.14229286e-04
2.60750625e-01 2.60669991e-04 2.16344677e-04
2.61107266e-01 -8.84625076e-05 2.14628906e-04
2.61463904e-01 1.16937551e-04 2.20131751e-04
2.61820537e-01 -2.00912414e-04 2.14968593e-04
2.62177166e-01 4.54987843e-04 2.15730879e-04
2.62533790e-01 4.82369195e-04 2.12441384e-04
2.62890410e-01 -2.42238303e-04 2.14444380e-04
2.63247026e-01 2.09276739e-04 2.13197432e-04
2.63603638e-01 -4.48806995e-04 2.10870509e-04
2.63960245e-01 2.73497462e-05 2.10452097e-04
2.64316848e-01 -1.26211841e-04 2.13882119e-04
2.64673447e-01 -7.97040782e-05 2.10992201e-04
2.65030042e-01 -3.13222705e-05 2.13307530e-04
2.65386632e-01 2.83506125e-06 2.11847374e-04
2.65743217e-01 -1.17133807e-04 2.16100028e-04
2.66099799e-01 -4.01415810e-04 2.11248402e-04
2.66456376e-01 -1.10029379e-04 2.13260048e-04
2.66812948e-01 -1.54075714e-04 2.15264417e-04
2.67169517e-01 -1.10786154e-04 2.16150134e-04
2.67526081e-01 5.40185956e-05 2.18972613e-04
2.67882640e-01 4.27885514e-04 2.19522186e-04
2.68239195e-01 -4.58118542e-04 2.14503259e-04
2.68595746e-01 3.07481305e-05 2.16510795e-04
2.68952293e-01 -2.42153842e-04 2.15818315e-04
2.69308835e-01 2.19377037e-04 2.15938429e-04
2.69665372e-01 2.56487146e-04 2.19610773e-04
2.70021906e-01 -1.07071914e-04 2.20820422e-04
2.70378435e-01 1.21906637e-04 2.21622564e-04
2.70734959e-01 2.31281689e-04 2.26062796e-04
2.71091479e-01 2.33039681e-04 2.23141579e-04
2.71447995e-01 -5.06707957e-05 2.26877047e-04
2.71804506e-01 -3.28054909e-04 2.25956198e-04
2.72161012e-01 1.97105036e-05 2.22933663e-04
2.72517515e-01 4.38245386e-04 2.26028539e-04
2.72874012e-01 -6.27787565e-05 2.24318927e-04
