1.54026655e-02 1.18992673e-02 1.68491713e-03
1.57608633e-02 1.06677186e-02 1.65084990e-03
1.61190608e-02 1.10605355e-02 1.50795470e-03
1.64772580e-02 7.84570286e-03 1.55258789e-03
1.68354550e-02 8.08349809e-03 1.49230330e-03
1.71936517e-02 9.82682980e-03 1.34048937e-03
1.75518481e-02 9.58084075e-03 1.35853760e-03
1.79100442e-02 9.22719731e-03 1.29488488e-03
1.82682400e-02 8.87019391e-03 1.30178983e-03
1.86264355e-02 8.63195793e-03 1.23510924e-03
1.89846308e-02 6.33410463e-03 1.20589113e-03
1.93428257e-02 6.70380267e-03 1.15318170e-03
1.97010202e-02 8.23887686e-03 1.13754654e-03
2.00592145e-02 8.29613003e-03 1.13566484e-03
2.04174084e-02 8.75619337e-03 1.07052975e-03
2.07756020e-02 7.83154187e-03 1.13280510e-03
2.11337953e-02 8.95305264e-03 1.10764390e-03
2.14919882e-02 9.15660672e-03 1.05274642e-03
2.18501808e-02 6.20911668e-03 1.11029251e-03
2.22083729e-02 7.44178159e-03 1.06716879e-03
2.25665648e-02 7.38665060e-03 9.38512277e-04
2.29247562e-02 7.29502646e-03 9.70435085e-04
2.32829473e-02 8.47427661e-03 1.01213549e-03
2.36411380e-02 6.52874203e-03 9.96954419e-04
2.39993283e-02 7.53436601e-03 9.95684323e-04
2.43575182e-02 8.87768015e-03 9.43997267e-04
2.47157077e-02 6.88864966e-03 9.54955476e-04
2.50738968e-02 6.77068962e-03 9.19982551e-04
2.54320855e-02 8.08414983e-03 8.73093316e-04
2.57902738e-02 8.30352780e-03 8.60142397e-04
2.61484617e-02 8.25513276e-03 8.50422003e-04
2.65066491e-02 9.19868327e-03 8.48643522e-04
2.68648361e-02 8.01400367e-03 8.41489306e-04
2.72230226e-02 7.31497964e-03 8.80154747e-04
2.75812087e-02 6.94919596e-03 8.55103844e-04
2.79393943e-02 6.63353190e-03 8.34782418e-04
2.82975795e-02 7.77395183e-03 8.30967229e-04
2.86557642e-02 5.86104938e-03 8.60480261e-04
2.90139485e-02 6.71170937e-03 7.85512872e-04
2.93721323e-02 7.27481175e-03 8.48886291e-04
2.97303155e-02 7.71390688e-03 8.33320074e-04
3.00884983e-02 7.04766057e-03 8.53470641e-04
3.04466806e-02 7.86729939e-03 8.93283273e-04
3.08048624e-02 5.47484611e-03 8.10950090e-04
3.11630437e-02 5.89739690e-03 8.27751708e-04
3.15212245e-02 7.07451655e-03 8.57956369e-04
3.18794048e-02 6.78463640e-03 8.41457440e-04
3.22375845e-02 5.24639544e-03 8.53715451e-04
3.25957637e-02 5.95019271e-03 8.31979586e-04
3.29539424e-02 6.73574008e-03 8.47871105e-04
3.33121205e-02 6.77230345e-03 8.73703213e-04
3.36702981e-02 7.07966692e-03 7.71018696e-04
3.40284751e-02 7.47928515e-03 8.31766506e-04
3.43866516e-02 5.58624641e-03 7.36450615e-04
3.47448275e-02 6.62567478e-03 8.04115457e-04
3.51030028e-02 5.59870343e-03 7.77691724e-04
3.54611775e-02 5.29166818e-03 7.43500736e-04
3.58193517e-02 6.89884433e-03 7.71261406e-04
3.61775253e-02 7.50245740e-03 7.68582061e-04
3.65356983e-02 5.67203811e-03 7.18955484e-04
3.68938706e-02 5.67537362e-03 7.31432344e-04
3.72520424e-02 5.59879354e-03 7.63815296e-04
3.76102136e-02 5.56999007e-03 7.08747256e-04
3.79683841e-02 5.29193296e-03 7.40160022e-04
3.83265540e-02 4.64210169e-03 7.29680632e-04
3.86847233e-02 4.36375656e-03 6.73096606e-04
3.90428920e-02 5.18999623e-03 6.97187687e-04
3.94010600e-02 4.82075062e-03 7.34261560e-04
3.97592273e-02 3.60335750e-03 7.07727095e-04
4.01173941e-02 5.50117876e-03 7.00768328e-04
4.04755601e-02 5.18659948e-03 6.85200335e-04
4.08337255e-02 4.72401811e-03 6.87240936e-04
4.11918902e-02 5.49602478e-03 6.53151924e-04
4.15500542e-02 5.24285871e-03 6.48098405e-04
4.19082176e-02 5.76931026e-03 6.89023556e-04
4.22663802e-02 5.76312164e-03 6.81356908e-04
4.26245422e-02 4.89174747e-03 6.77497695e-04
4.29827034e-02 3.38505863e-03 6.58806636e-04
4.33408640e-02 4.81700702e-03 7.02226373e-04
4.36990238e-02 5.76041041e-03 6.76542635e-04
4.40571830e-02 4.61889617e-03 6.59470289e-04
4.44153414e-02 3.95411437e-03 6.72609201e-04
4.47734990e-02 5.12313557e-03 6.64935550e-04
4.51316560e-02 3.40784589e-03 6.80131766e-04
4.54898122e-02 5.60351323e-03 6.92610005e-04
4.58479676e-02 4.62745127e-03 6.70312444e-04
4.62061223e-02 4.24406058e-03 6.70273985e-04
4.65642762e-02 3.36623841e-03 6.50093506e-04
4.69224294e-02 3.65415880e-03 6.69336586e-04
4.72805818e-02 2.93300658e-03 6.59844423e-04
4.76387334e-02 4.96789790e-03 6.62026479e-04
4.79968842e-02 3.75981174e-03 6.62140112e-04
4.83550342e-02 3.80123268e-03 6.54680333e-04
4.87131835e-02 3.75648088e-03 6.27152124e-04
4.90713319e-02 3.34301416e-03 6.17207421e-04
4.94294795e-02 4.35017836e-03 6.36164538e-04
4.97876264e-02 4.02682189e-03 6.22830528e-04
5.01457724e-02 2.89620777e-03 6.24373811e-04
5.05039175e-02 3.30726191e-03 6.01936759e-04
5.08620619e-02 3.52448872e-03 6.08369153e-04
5.12202054e-02 2.71499450e-03 5.75573144e-04
5.15783481e-02 3.23576262e-03 5.92366767e-04
5.19364899e-02 2.93881296e-03 5.96480106e-04
5.22946308e-02 3.50666780e-03 5.92269464e-04
5.26527709e-02 3.12835241e-03 5.93925138e-04
5.30109102e-02 3.42451944e-03 5.67253112e-04
5.33690485e-02 2.71687133e-03 5.98294640e-04
5.37271860e-02 2.61199780e-03 5.78860009e-04
5.40853226e-02 2.85560939e-03 5.91135099e-04
5.44434583e-02 3.03623164e-03 6.01615111e-04
5.48015932e-02 3.75765152e-03 5.79277850e-04
5.51597271e-02 2.54628565e-03 5.82632187e-04
5.55178601e-02 3.49108494e-03 5.46289315e-04
5.58759922e-02 3.59453122e-03 5.75957316e-04
5.62341234e-02 3.02347700e-03 5.72308307e-04
5.65922536e-02 3.29723000e-03 5.44609086e-04
5.69503829e-02 1.85391680e-03 5.78104786e-04
5.73085113e-02 1.69244072e-03 5.50153407e-04
5.76666388e-02 2.33184574e-03 5.62204338e-04
5.80247653e-02 2.97325860e-03 5.47462045e-04
5.83828908e-02 3.45995776e-03 5.72761124e-04
5.87410154e-02 1.92911963e-03 5.35385770e-04
5.90991390e-02 1.64721123e-03 5.34759971e-04
5.94572616e-02 1.55141499e-03 5.19808683e-04
5.98153833e-02 2.89594632e-03 5.47805548e-04
6.01735040e-02 2.21706963e-03 5.27376430e-04
6.05316237e-02 1.49679366e-03 5.06968522e-04
6.08897424e-02 2.58168134e-03 5.28261935e-04
6.12478600e-02 2.45733667e-03 5.21402598e-04
6.16059767e-02 1.69902656e-03 5.19858006e-04
6.19640924e-02 1.58339708e-03 5.30965549e-04
6.23222071e-02 1.27979490e-03 5.33521725e-04
6.26803207e-02 2.85622151e-03 5.37114999e-04
6.30384333e-02 2.65737816e-03 5.12806034e-04
6.33965448e-02 1.78670134e-03 5.03388034e-04
6.37546554e-02 1.33947612e-03 5.24844874e-04
6.41127648e-02 1.70512399e-03 5.43960231e-04
6.44708732e-02 1.94880342e-03 5.26441943e-04
6.48289806e-02 9.00572315e-04 5.28470126e-04
6.51870869e-02 2.28022169e-03 5.31532596e-04
6.55451921e-02 1.57225254e-03 5.21819912e-04
6.59032962e-02 1.80146344e-03 5.13950524e-04
6.62613993e-02 7.38245949e-04 4.98798136e-04
6.66195012e-02 1.39821234e-03 5.12047310e-04
6.69776021e-02 1.34459646e-03 5.06960789e-04
6.73357019e-02 1.54734433e-03 4.94590963e-04
6.76938005e-02 1.15086771e-03 4.96497540e-04
6.80518981e-02 1.24318344e-03 4.81255953e-04
6.84099945e-02 1.82899368e-03 4.97319583e-04
6.87680898e-02 8.17269970e-04 4.87652680e-04
6.91261840e-02 1.16234332e-03 4.78737959e-04
6.94842770e-02 8.67146183e-04 4.58133680e-04
6.98423689e-02 1.30192787e-03 4.76226436e-04
7.02004596e-02 1.56171110e-03 4.91905951e-04
7.05585492e-02 1.16130455e-03 4.90515011e-04
7.09166377e-02 1.78772439e-03 4.77113976e-04
7.12747249e-02 7.44043442e-04 4.86712807e-04
7.16328110e-02 1.25941805e-03 4.81385094e-04
7.19908959e-02 8.44613422e-04 4.74877045e-04
7.23489796e-02 9.78992569e-04 4.62645709e-04
7.27070622e-02 1.04261485e-03 4.76854558e-04
7.30651435e-02 1.01770988e-03 4.69139703e-04
7.34232237e-02 1.00559828e-03 4.73837279e-04
7.37813026e-02 3.22943047e-04 4.61130002e-04
7.41393803e-02 6.03507322e-04 4.73581424e-04
7.44974568e-02 8.15001222e-04 4.61507840e-04
7.48555321e-02 6.75276060e-04 4.62772008e-04
7.52136061e-02 7.10402037e-04 4.73777847e-04
7.55716789e-02 5.66623700e-04 4.70945495e-04
7.59297505e-02 1.29109928e-03 4.67983295e-04
7.62878208e-02 5.87508806e-04 4.62636130e-04
7.66458899e-02 1.14114618e-03 4.51770305e-04
7.70039577e-02 6.77272637e-04 4.53799624e-04
7.73620242e-02 1.13057712e-03 4.67466640e-04
7.77200895e-02 2.17185287e-04 4.49152370e-04
7.80781535e-02 8.17993917e-04 4.73736187e-04
7.84362162e-02 8.92797789e-04 4.55656945e-04
7.87942776e-02 1.22378445e-04 4.40222673e-04
7.91523377e-02 5.57148988e-04 4.43471906e-04
7.95103965e-02 4.71747415e-04 4.53172969e-04
7.98684540e-02 7.11587706e-04 4.37655963e-04
8.02265102e-02 7.11911526e-04 4.55477061e-04
8.05845651e-02 1.34823414e-03 4.53451211e-04
8.09426186e-02 9.14916420e-04 4.49250945e-04
8.13006709e-02 1.26095421e-04 4.37594597e-04
8.16587217e-02 3.04239427e-04 4.40781769e-04
8.20167713e-02 8.92747026e-04 4.40877580e-04
8.23748195e-02 1.97594072e-04 4.32839450e-04
8.27328663e-02 5.86203264e-04 4.33002605e-04
8.30909118e-02 3.03101206e-04 4.25116685e-04
8.34489559e-02 5.46650492e-05 4.43467511e-04
8.38069986e-02 2.41763101e-05 4.28643364e-04
8.41650400e-02 2.54115170e-05 4.19416211e-04
8.45230800e-02 1.89590827e-04 4.31248517e-04
8.48811185e-02 7.75810608e-04 4.42915183e-04
8.52391557e-02 6.33495208e-04 4.45775498e-04
8.55971915e-02 1.10587223e-04 4.40657423e-04
8.59552259e-02 6.37460067e-04 4.39914224e-04
8.63132589e-02 3.36463976e-04 4.46574763e-04
8.66712904e-02 1.05635967e-03 4.34095029e-04
8.70293205e-02 -5.22299437e-04 4.34621553e-04
8.73873492e-02 2.23627492e-04 4.38387304e-04
8.77453765e-02 1.83678751e-04 4.17792737e-04
8.81034023e-02 2.47665021e-05 4.21321873e-04
8.84614267e-02 4.09152549e-04 4.34697937e-04
8.88194496e-02 -5.81611038e-05 4.26695182e-04
8.91774710e-02 1.27479412e-04 4.29443172e-04
8.95354910e-02 5.17306626e-04 4.31782385e-04
8.98935095e-02 -3.43567518e-06 4.29434976e-04
9.02515266e-02 5.94152097e-05 4.28704412e-04
9.06095421e-02 2.30352953e-04 4.27703294e-04
9.09675562e-02 9.28088188e-04 4.36437058e-04
9.13255687e-02 4.22441560e-04 4.38563499e-04
9.16835798e-02 9.17341049e-04 4.28832008e-04
9.20415894e-02 1.03739926e-03 4.40576529e-04
9.23995974e-02 3.19210077e-04 4.33847195e-04
9.27576039e-02 1.27082842e-03 4.32407472e-04
9.31156089e-02 4.72427061e-04 4.18726307e-04
9.34736124e-02 8.20417126e-05 4.24156668e-04
9.38316143e-02 2.55547511e-04 4.19523513e-04
9.41896147e-02 2.52218317e-04 4.15754104e-04
9.45476136e-02 -4.42751895e-05 4.16363127e-04
9.49056108e-02 2.69942264e-04 4.03237326e-04
9.52636066e-02 -4.33943438e-04 3.99823778e-04
9.56216007e-02 1.73428276e-04 3.99486415e-04
9.59795933e-02 6.22783367e-04 4.07209551e-04
9.63375843e-02 3.25706438e-04 4.11228669e-04
9.66955738e-02 4.24173679e-04 4.05794819e-04
9.70535616e-02 5.24856518e-04 3.97441367e-04
9.74115478e-02 2.51799709e-04 4.01506051e-04
9.77695325e-02 -2.97630923e-04 4.05769110e-04
9.81275155e-02 4.09538474e-04 4.16228061e-04
9.84854969e-02 1.36677243e-04 4.10226891e-04
9.88434768e-02 -1.69878323e-04 4.00253813e-04
9.92014549e-02 1.15311485e-04 3.99204131e-04
9.95594315e-02 3.93466229e-04 4.06692141e-04
9.99174064e-02 6.17885624e-05 4.03203364e-04
1.00275380e-01 3.52198128e-04 3.89087347e-04
1.00633351e-01 -1.19369918e-04 4.04118991e-04
1.00991321e-01 8.04327092e-04 3.93067120e-04
1.01349290e-01 -2.06552928e-04 3.95415245e-04
1.01707256e-01 -1.70859185e-04 3.89100642e-04
1.02065221e-01 7.55376100e-07 3.89516192e-04
1.02423184e-01 8.89838110e-04 3.84672306e-04
1.02781146e-01 2.01070642e-04 3.86741066e-04
1.03139106e-01 -8.20593351e-04 3.80445495e-04
1.03497064e-01 -1.35200721e-04 3.79537111e-04
1.03855021e-01 1.98810952e-04 3.83594096e-04
1.04212976e-01 6.76905202e-04 3.86196587e-04
1.04570929e-01 5.86845285e-04 3.89734998e-04
1.04928880e-01 -3.62230166e-04 3.89430376e-04
1.05286830e-01 -6.39209344e-04 3.90779049e-04
1.05644778e-01 -2.99084090e-05 3.94871477e-04
1.06002724e-01 6.07504721e-04 4.02300901e-04
1.06360668e-01 -1.09613825e-04 4.15824153e-04
1.06718611e-01 -1.35623210e-04 4.10053053e-04
1.07076552e-01 2.55692082e-04 3.90613236e-04
1.07434491e-01 8.77848232e-04 3.88144411e-04
1.07792429e-01 -2.98374647e-04 4.05614073e-04
1.08150364e-01 3.22572351e-04 4.05540424e-04
1.08508298e-01 1.38796693e-04 3.96485918e-04
1.08866230e-01 4.43846558e-04 3.95589021e-04
1.09224160e-01 -1.21096703e-04 3.90981159e-04
1.09582089e-01 1.00126760e-03 3.94681005e-04
1.09940016e-01 2.93445088e-04 3.95871182e-04
1.10297941e-01 3.09034551e-04 3.89467353e-04
1.10655864e-01 -4.26560190e-04 3.86544056e-04
1.11013785e-01 -3.39998446e-04 3.86114348e-04
1.11371704e-01 5.48985056e-04 3.78638876e-04
1.11729622e-01 6.58604508e-04 3.89659984e-04
1.12087538e-01 7.93972195e-05 3.73029056e-04
1.12445452e-01 -1.87562220e-04 3.87477905e-04
1.12803364e-01 5.18175715e-04 3.88042852e-04
1.13161274e-01 1.27758444e-04 3.86495421e-04
1.13519182e-01 3.93308668e-04 3.74417054e-04
1.13877089e-01 -4.45512864e-04 3.80236811e-04
1.14234994e-01 1.58710995e-04 3.67622546e-04
1.14592896e-01 7.38140494e-05 3.76221754e-04
1.14950797e-01 1.26449767e-04 3.72829448e-04
1.15308696e-01 7.74234675e-04 3.78332489e-04
1.15666593e-01 -1.83908344e-04 3.75373554e-04
1.16024488e-01 -2.34841374e-04 3.70361860e-04
1.16382382e-01 -1.99424266e-04 3.61657855e-04
1.16740273e-01 1.64863558e-04 3.65272878e-04
1.17098163e-01 -7.25968068e-05 3.65354696e-04
1.17456050e-01 2.71990567e-04 3.68806696e-04
1.17813936e-01 1.33426624e-04 3.73128101e-04
1.18171819e-01 6.13384563e-04 3.72926479e-04
1.18529701e-01 1.69579017e-05 3.72434747e-04
1.18887581e-01 6.46887556e-04 3.78066539e-04
1.19245459e-01 2.13174818e-04 3.77965277e-04
1.19603335e-01 2.80773036e-04 3.77157711e-04
1.19961208e-01 2.78892394e-04 3.78985116e-04
1.20319080e-01 -3.96873786e-04 3.70126371e-04
1.20676950e-01 -1.52187473e-04 3.69829749e-04
1.21034818e-01 -1.99479217e-04 3.81509502e-04
1.21392684e-01 8.93000755e-05 3.77599868e-04
1.21750548e-01 1.04852409e-04 3.85195405e-04
1.22108410e-01 -9.04331284e-05 3.86482586e-04
1.22466270e-01 3.67272942e-04 3.72231377e-04
1.22824128e-01 9.18231890e-04 3.78831605e-04
1.23181984e-01 6.45587366e-04 3.67188592e-04
1.23539838e-01 1.43378829e-04 3.76957188e-04
1.23897690e-01 7.65376324e-05 3.76163309e-04
1.24255540e-01 -4.28662792e-04 3.62887117e-04
1.24613388e-01 2.03677650e-04 3.72681556e-04
1.24971233e-01 2.94109315e-04 3.65816624e-04
1.25329077e-01 1.33824845e-04 3.62733099e-04
1.25686919e-01 5.53498579e-04 3.61577046e-04
1.26044758e-01 4.18298399e-04 3.69804066e-04
1.26402596e-01 -3.77564944e-06 3.69152149e-04
1.26760431e-01 4.98877019e-04 3.65043018e-04
1.27118265e-01 -2.97856449e-04 3.58847230e-04
1.27476096e-01 3.69658406e-04 3.56413489e-04
1.27833925e-01 2.66540170e-05 3.51730186e-04
1.28191752e-01 -1.78486515e-04 3.49519271e-04
1.28549577e-01 -1.46710600e-04 3.53544492e-04
1.28907400e-01 1.94000756e-04 3.52743431e-04
1.29265221e-01 2.24886575e-04 3.52828937e-04
1.29623040e-01 4.38657981e-04 3.48761012e-04
1.29980856e-01 -8.85025271e-05 3.51245854e-04
1.30338670e-01 2.10770524e-05 3.46432513e-04
1.30696483e-01 5.36433944e-04 3.39717696e-04
1.31054293e-01 1.25242926e-04 3.47005710e-04
1.31412101e-01 9.57563627e-05 3.46716056e-04
1.31769906e-01 -3.57687906e-04 3.48420761e-04
1.32127710e-01 5.59265072e-04 3.42260091e-04
1.32485511e-01 6.38862328e-04 3.48997803e-04
1.32843311e-01 -3.31885707e-04 3.49382605e-04
1.33201108e-01 1.93504018e-04 3.47531983e-04
1.33558903e-01 5.19074010e-04 3.47849232e-04
1.33916695e-01 -4.74564781e-05 3.40787060e-04
1.34274486e-01 2.84794175e-04 3.41829173e-04
1.34632274e-01 2.75037431e-04 3.40772957e-04
1.34990060e-01 2.45345899e-04 3.31623728e-04
1.35347844e-01 1.36130511e-04 3.30979873e-04
1.35705626e-01 -4.73539587e-05 3.31954356e-04
1.36063405e-01 8.55571126e-06 3.33023173e-04
1.36421182e-01 -2.93429864e-04 3.31220207e-04
1.36778957e-01 -1.36006716e-04 3.29551206e-04
1.37136730e-01 2.62825920e-04 3.33122318e-04
1.37494500e-01 -4.28874610e-04 3.25540382e-04
1.37852269e-01 -2.94385751e-04 3.38838271e-04
1.38210034e-01 6.08382245e-04 3.38477054e-04
1.38567798e-01 2.09994472e-04 3.31130390e-04
1.38925559e-01 1.99137239e-04 3.30867691e-04
1.39283319e-01 -3.91635325e-04 3.33530514e-04
1.39641075e-01 6.95932368e-04 3.26382161e-04
1.39998830e-01 -1.09316201e-04 3.34172902e-04
1.40356582e-01 -2.07813052e-04 3.19509080e-04
1.40714332e-01 8.13625892e-04 3.29000356e-04
1.41072080e-01 1.42097298e-04 3.32185685e-04
1.41429825e-01 2.59111030e-04 3.33131518e-04
1.41787568e-01 6.34329824e-04 3.36061722e-04
1.42145308e-01 2.67379386e-04 3.28531499e-04
1.42503047e-01 3.30154327e-04 3.27661008e-04
1.42860783e-01 4.51655173e-04 3.29319563e-04
1.43218516e-01 -1.99966027e-04 3.20948159e-04
1.43576247e-01 2.20751301e-04 3.30521868e-04
1.43933976e-01 -1.56458656e-04 3.21242509e-04
1.44291703e-01 -2.58386502e-04 3.26529579e-04
1.44649427e-01 4.07159465e-04 3.22450540e-04
1.45007149e-01 -4.26035240e-04 3.19686465e-04
1.45364868e-01 -1.13542353e-04 3.17985672e-04
1.45722585e-01 -1.99111227e-04 3.15276810e-04
1.46080300e-01 -1.42678356e-04 3.19723413e-04
1.46438012e-01 1.89058018e-04 3.21947058e-04
1.46795722e-01 3.13611051e-04 3.22836821e-04
1.47153429e-01 -2.89871476e-04 3.17913489e-04
1.47511134e-01 -2.66343848e-04 3.10859106e-04
1.47868837e-01 -1.94678413e-04 3.25839492e-04
1.48226537e-01 2.09379460e-04 3.13652185e-04
1.48584235e-01 2.31340162e-05 3.12498411e-04
1.48941930e-01 -3.58521713e-04 3.10100237e-04
1.49299623e-01 6.99400700e-04 3.17801957e-04
1.49657313e-01 4.78467353e-04 3.18579740e-04
1.50015001e-01 -3.70951789e-04 3.11878405e-04
1.50372687e-01 2.59098135e-04 3.17398669e-04
1.50730370e-01 -5.39335585e-05 3.07950877e-04
1.51088050e-01 2.26891656e-04 3.15552038e-04
1.51445728e-01 2.60794343e-04 3.16967900e-04
1.51803404e-01 -3.60092846e-04 3.11768835e-04
1.52161077e-01 -3.90257512e-05 3.07657145e-04
1.52518747e-01 1.87748978e-04 3.03329969e-04
1.52876416e-01 1.53332086e-04 3.07476394e-04
1.53234081e-01 -2.17573418e-05 3.02068640e-04
1.53591744e-01 -1.88342702e-04 3.01341691e-04
1.53949405e-01 1.89632217e-04 3.01715727e-04
1.54307063e-01 8.40278463e-07 3.12210709e-04
1.54664718e-01 -1.64214850e-05 3.08863417e-04
1.55022371e-01 -4.27424402e-04 3.05106208e-04
1.55380021e-01 1.06411681e-03 3.09415816e-04
1.55737669e-01 5.60159892e-04 3.02091964e-04
1.56095314e-01 3.05308994e-04 3.11711248e-04
1.56452957e-01 -3.64282876e-04 3.08856202e-04
1.56810597e-01 4.21468065e-04 3.11187401e-04
1.57168235e-01 6.40880871e-05 3.05970096e-04
1.57525870e-01 3.37160743e-04 3.11024321e-04
1.57883502e-01 3.81489439e-05 3.00301592e-04
1.58241132e-01 4.46206795e-04 3.10610680e-04
1.58598759e-01 6.55711351e-04 3.03097616e-04
1.58956384e-01 2.33855877e-05 3.00547023e-04
1.59314006e-01 -1.47400789e-04 3.04481502e-04
1.59671625e-01 -1.03364736e-04 2.95323218e-04
1.60029242e-01 -4.00075820e-04 2.94286652e-04
1.60386856e-01 -3.88638341e-04 2.98118892e-04
1.60744468e-01 -6.24995290e-05 2.97516375e-04
1.61102076e-01 1.12348399e-04 2.96892977e-04
1.61459683e-01 3.17756194e-04 3.03237510e-04
1.61817286e-01 3.59410382e-04 2.97565098e-04
1.62174887e-01 6.87686043e-06 2.95482828e-04
1.62532485e-01 -2.56811245e-05 3.01783586e-04
1.62890081e-01 8.05642342e-05 2.96955466e-04
1.63247674e-01 4.26172260e-04 2.98638776e-04
1.63605264e-01 -2.06463172e-04 3.03218016e-04
1.63962852e-01 -2.51283025e-04 2.94321999e-04
1.64320437e-01 -5.55795706e-04 2.92508011e-04
1.64678019e-01 1.36323365e-04 2.92198846e-04
1.65035598e-01 -9.23592407e-05 2.97263877e-04
1.65393175e-01 6.55547357e-05 2.95784321e-04
1.65750749e-01 -1.58933018e-04 2.95533937e-04
1.66108320e-01 -7.28096917e-06 2.91476071e-04
1.66465889e-01 2.67365926e-04 2.95687222e-04
1.66823455e-01 1.41076334e-07 2.87074963e-04
1.67181018e-01 1.87326854e-04 2.93729755e-04
1.67538578e-01 7.72329757e-05 3.01042807e-04
1.67896136e-01 -4.46547030e-04 2.88211525e-04
1.68253691e-01 -5.72857469e-04 2.86522806e-04
1.68611243e-01 4.59626779e-04 2.90799985e-04
1.68968792e-01 2.38939038e-04 2.88288577e-04
1.69326339e-01 -3.03601026e-06 2.87260056e-04
1.69683883e-01 1.87897631e-04 2.80951319e-04
1.70041424e-01 -7.97075987e-05 2.87223187e-04
1.70398962e-01 -4.34996070e-05 2.84921850e-04
1.70756497e-01 1.84527653e-04 2.88616193e-04
1.71114030e-01 2.25414402e-04 2.86271441e-04
1.71471560e-01 4.04707284e-04 2.87710035e-04
1.71829087e-01 -1.42441065e-04 2.89157446e-04
1.72186611e-01 -3.99307630e-05 2.87879876e-04
1.72544132e-01 -4.03819795e-04 2.92321998e-04
1.72901651e-01 5.78907883e-05 2.83225800e-04
1.73259167e-01 2.58705740e-04 2.85752990e-04
1.73616679e-01 -2.18293901e-04 2.85982572e-04
1.73974189e-01 4.48113100e-05 2.85738225e-04
1.74331697e-01 4.14257810e-04 2.84102808e-04
1.74689201e-01 -2.26876546e-04 2.79131486e-04
1.75046702e-01 8.10925304e-04 2.79777119e-04
1.75404201e-01 -5.41981860e-05 2.84084346e-04
1.75761697e-01 3.17981787e-04 2.76682786e-04
1.76119189e-01 -4.44001732e-04 2.81461414e-04
1.76476679e-01 -2.41964991e-04 2.81943193e-04
1.76834166e-01 1.99008112e-04 2.80001050e-04
1.77191650e-01 -1.38599471e-04 2.78550419e-04
1.77549132e-01 -1.88146815e-04 2.75024513e-04
1.77906610e-01 1.86807399e-04 2.78669772e-04
1.78264085e-01 3.89653035e-05 2.79009736e-04
1.78621558e-01 -6.55374675e-05 2.80035364e-04
1.78979027e-01 3.50479842e-04 2.78601231e-04
1.79336494e-01 -2.26563189e-05 2.83610380e-04
1.79693958e-01 2.60240283e-04 2.68614798e-04
1.80051418e-01 2.27107316e-04 2.74909754e-04
1.80408876e-01 -1.50016732e-04 2.79011342e-04
1.80766331e-01 9.28313348e-05 2.81151159e-04
1.81123783e-01 9.50147242e-06 2.80759107e-04
1.81481232e-01 3.13088513e-04 2.81787303e-04
1.81838677e-01 2.87612609e-04 2.82434377e-04
1.82196120e-01 3.09879727e-04 2.81661137e-04
1.82553560e-01 -5.17438848e-04 2.84101424e-04
1.82910997e-01 -2.91781978e-05 2.83593518e-04
1.83268431e-01 -3.71829791e-05 2.81173038e-04
1.83625862e-01 1.90378820e-04 2.86607950e-04
1.83983290e-01 -5.80468678e-04 2.80973338e-04
1.84340715e-01 2.30487096e-04 2.76431564e-04
1.84698137e-01 1.64877218e-04 2.85585535e-04
1.85055556e-01 -3.47996587e-05 2.81749911e-04
1.85412971e-01 4.25465985e-04 2.81054071e-04
1.85770384e-01 1.90138294e-05 2.84112547e-04
1.86127794e-01 5.86016317e-04 2.86099553e-04
1.86485200e-01 -1.51316108e-04 2.77363887e-04
1.86842604e-01 1.64462981e-04 2.75375684e-04
1.87200005e-01 -1.42263679e-05 2.79836625e-04
1.87557402e-01 -1.46892445e-04 2.79482762e-04
1.87914797e-01 2.16884656e-04 2.77078739e-04
1.88272188e-01 1.40311470e-05 2.73493619e-04
1.88629576e-01 -1.01016942e-04 2.73215392e-04
1.88986961e-01 -8.18693399e-05 2.77672356e-04
1.89344343e-01 -4.32711241e-04 2.75764343e-04
1.89701722e-01 -2.92970581e-05 2.70909343e-04
1.90059098e-01 -2.59209351e-04 2.70398051e-04
1.90416471e-01 -5.01109483e-05 2.75652674e-04
1.90773840e-01 -1.16509310e-04 2.70247412e-04
1.91131207e-01 -2.23176179e-04 2.69405766e-04
1.91488570e-01 -3.91117363e-04 2.68751410e-04
1.91845930e-01 -9.70078889e-05 2.76465486e-04
1.92203287e-01 2.95310320e-04 2.70974276e-04
1.92560641e-01 -2.81798206e-04 2.71520808e-04
1.92917992e-01 2.93994449e-04 2.70133891e-04
1.93275340e-01 3.89861249e-05 2.68513107e-04
1.93632684e-01 2.11516009e-04 2.68973780e-04
1.93990025e-01 7.50755952e-05 2.69252975e-04
1.94347363e-01 5.23891625e-05 2.72367399e-04
1.94704698e-01 2.27393073e-04 2.74820694e-04
1.95062030e-01 2.71526257e-04 2.74564729e-04
1.95419358e-01 -5.74366261e-04 2.77200405e-04
1.95776684e-01 -7.45858237e-06 2.65910784e-04
1.96134006e-01 -1.95144254e-04 2.75770391e-04
1.96491324e-01 8.18264320e-05 2.73926786e-04
1.96848640e-01 4.67103708e-05 2.68845310e-04
1.97205953e-01 -1.45137569e-04 2.71506826e-04
1.97563262e-01 4.21043226e-05 2.65823996e-04
1.97920568e-01 -4.42859048e-05 2.76933868e-04
1.98277870e-01 -1.39556819e-04 2.71318923e-04
1.98635170e-01 1.70377841e-04 2.78491387e-04
1.98992466e-01 5.23253642e-04 2.76293547e-04
1.99349759e-01 8.08520709e-05 2.74941866e-04
1.99707049e-01 2.93797956e-05 2.67960250e-04
2.00064335e-01 -3.48583740e-04 2.73586614e-04
2.00421618e-01 1.29958149e-04 2.68053747e-04
2.00778898e-01 3.04450227e-04 2.65106032e-04
2.01136174e-01 -8.74836603e-05 2.63115500e-04
2.01493448e-01 -5.71776401e-05 2.65990241e-04
2.01850718e-01 -1.84958374e-04 2.67002390e-04
2.02207984e-01 6.83285045e-05 2.61664729e-04
2.02565248e-01 -4.49096865e-05 2.62853868e-04
2.02922508e-01 -1.43061569e-04 2.64634900e-04
2.03279764e-01 1.37295589e-04 2.57324982e-04
2.03637018e-01 -8.12392398e-05 2.58780059e-04
2.03994268e-01 2.43082170e-04 2.58842154e-04
2.04351514e-01 9.90837731e-05 2.57494257e-04
2.04708758e-01 -2.58744448e-04 2.57319653e-04
2.05065998e-01 -4.88068561e-04 2.53073312e-04
2.05423234e-01 3.76254725e-04 2.60097785e-04
2.05780467e-01 4.41531268e-05 2.51717209e-04
2.06137697e-01 -3.41586893e-04 2.50817112e-04
2.06494924e-01 -3.84170869e-04 2.60695656e-04
2.06852147e-01 -6.84636790e-05 2.55818592e-04
2.07209367e-01 2.83913972e-04 2.59879113e-04
2.07566583e-01 -2.72476869e-04 2.51734046e-04
2.07923796e-01 -5.36488863e-05 2.55145113e-04
2.08281005e-01 -2.57379671e-04 2.51966092e-04
2.08638211e-01 -2.27140228e-04 2.49462892e-04
2.08995414e-01 -1.13064845e-05 2.54361135e-04
2.09352613e-01 -3.28144664e-04 2.54642820e-04
2.09709809e-01 -3.38244828e-04 2.53710108e-04
2.10067002e-01 2.51181034e-04 2.51823987e-04
2.10424191e-01 3.22810638e-04 2.46790027e-04
2.10781376e-01 1.62261769e-04 2.53053451e-04
2.11138558e-01 5.68853572e-05 2.50655844e-04
2.11495737e-01 5.13802235e-05 2.52575000e-04
2.11852912e-01 -2.21495758e-04 2.53883878e-04
2.12210084e-01 -1.87126349e-04 2.49879770e-04
2.12567252e-01 8.06718667e-05 2.54156458e-04
2.12924416e-01 5.03861426e-04 2.50481445e-04
2.13281578e-01 2.32436793e-04 2.55527938e-04
2.13638735e-01 -1.43576614e-05 2.52124219e-04
2.13995890e-01 1.86879230e-04 2.47278071e-04
2.14353040e-01 2.96115090e-04 2.47626763e-04
2.14710188e-01 1.17238700e-04 2.48194724e-04
2.15067331e-01 -3.60496708e-04 2.49673692e-04
2.15424471e-01 -3.90959197e-04 2.49305282e-04
2.15781608e-01 -3.02950908e-04 2.55054518e-04
2.16138741e-01 -2.28740389e-04 2.50361281e-04
2.16495871e-01 -2.40566118e-04 2.42403217e-04
2.16852997e-01 -1.63517983e-04 2.40093531e-04
2.17210119e-01 4.90980813e-05 2.44384812e-04
2.17567238e-01 1.74539455e-04 2.42084888e-04
2.17924354e-01 -9.19815588e-05 2.41495676e-04
2.18281465e-01 -1.53039580e-04 2.41317528e-04
2.18638574e-01 3.50858717e-04 2.45498508e-04
2.18995678e-01 -2.43074169e-04 2.40669690e-04
2.19352779e-01 -2.15128355e-04 2.44928399e-04
2.19709877e-01 4.59001771e-04 2.44088184e-04
2.20066971e-01 -1.61791613e-04 2.43284690e-04
2.20424061e-01 1.17080696e-04 2.44022445e-04
2.20781147e-01 3.78714028e-04 2.42282351e-04
2.21138230e-01 4.75598732e-04 2.35916408e-04
2.21495310e-01 -5.37229488e-05 2.40846899e-04
2.21852386e-01 -1.12208736e-04 2.38461957e-04
2.22209458e-01 3.53729171e-04 2.40932857e-04
2.22566526e-01 2.26635154e-06 2.38392624e-04
2.22923591e-01 -9.84668733e-05 2.41428733e-04
2.23280652e-01 3.39591618e-05 2.34204661e-04
2.23637710e-01 -1.68427918e-04 2.35702172e-04
2.23994764e-01 2.10342051e-04 2.38116810e-04
2.24351814e-01 2.62066062e-04 2.38087639e-04
2.24708861e-01 -1.95757749e-04 2.36321167e-04
2.25065904e-01 -1.70007698e-04 2.39853498e-04
2.25422943e-01 -1.60387559e-04 2.35964397e-04
2.25779978e-01 -1.06875113e-04 2.34191127e-04
2.26137010e-01 -1.48326362e-04 2.33647220e-04
2.26494038e-01 -7.99298538e-05 2.31185404e-04
2.26851063e-01 -2.96682221e-04 2.35261659e-04
2.27208083e-01 7.13682703e-04 2.37578158e-04
2.27565100e-01 -2.44636798e-04 2.31957877e-04
2.27922114e-01 -6.78763499e-05 2.31235851e-04
2.28279123e-01 -1.78534550e-04 2.37084811e-04
2.28636129e-01 1.03106735e-04 2.33080762e-04
2.28993131e-01 -1.14554842e-04 2.34448440e-04
2.29350129e-01 -4.13421863e-04 2.33820837e-04
2.29707124e-01 -1.93467182e-04 2.34691793e-04
2.30064115e-01 4.51771242e-04 2.35775643e-04
2.30421102e-01 -1.20688252e-04 2.33100703e-04
2.30778085e-01 1.16192680e-04 2.31887228e-04
2.31135064e-01 6.33113711e-04 2.34010664e-04
2.31492040e-01 -2.81431976e-04 2.34083887e-04
2.31849012e-01 -1.14564333e-04 2.29362345e-04
2.32205980e-01 2.08151963e-05 2.31648045e-04
2.32562944e-01 2.30948919e-04 2.31821952e-04
2.32919905e-01 -2.05929849e-04 2.33851558e-04
2.33276862e-01 4.15981107e-05 2.32487115e-04
2.33633814e-01 -2.09941201e-04 2.28350739e-04
2.33990763e-01 -1.49246607e-05 2.28298948e-04
2.34347709e-01 1.06333588e-04 2.26804195e-04
2.34704650e-01 3.79300615e-04 2.28441149e-04
2.35061588e-01 -5.96045230e-05 2.34894295e-04
2.35418521e-01 -2.63484212e-04 2.30302416e-04
2.35775451e-01 4.39341213e-05 2.27009655e-04
2.36132377e-01 5.83829971e-05 2.31037894e-04
2.36489299e-01 -1.06181937e-04 2.24570279e-04
2.36846218e-01 2.48683669e-04 2.26003066e-04
2.37203132e-01 -1.13661733e-04 2.25533710e-04
2.37560042e-01 2.77974274e-04 2.26451040e-04
2.37916949e-01 4.57228083e-05 2.25136931e-04
2.38273852e-01 6.48129583e-05 2.22982025e-04
2.38630751e-01 -3.04400809e-04 2.25259979e-04
2.38987645e-01 -2.31767600e-04 2.20769758e-04
2.39344537e-01 1.20404660e-04 2.21707372e-04
2.39701424e-01 3.02014855e-04 2.27090741e-04
2.40058307e-01 4.91011771e-04 2.27314049e-04
2.40415186e-01 -5.28013459e-04 2.23410983e-04
2.40772061e-01 -4.01524644e-04 2.21886983e-04
2.41128933e-01 -2.30783629e-04 2.27740086e-04
2.41485800e-01 -4.92063795e-04 2.25408229e-04
2.41842664e-01 -2.38533499e-04 2.22431644e-04
2.42199523e-01 4.58529478e-05 2.23418566e-04
2.42556379e-01 1.14562252e-04 2.25171185e-04
2.42913230e-01 1.92754755e-04 2.22831533e-04
2.43270078e-01 1.16822847e-04 2.20144373e-04
2.43626922e-01 -9.75311512e-05 2.21861992e-04
2.43983761e-01 5.82136305e-05 2.22221882e-04
2.44340597e-01 8.50974348e-05 2.20294780e-04
2.44697429e-01 -1.28326965e-04 2.20393062e-04
2.45054256e-01 -2.81101843e-04 2.15305797e-04
2.45411080e-01 1.59091167e-04 2.21506379e-04
2.45767900e-01 -1.35952297e-05 2.18920252e-04
2.46124715e-01 4.81519924e-05 2.20101674e-04
2.46481527e-01 -3.03980731e-05 2.18695359e-04
2.46838334e-01 1.83697692e-04 2.16488543e-04
2.47195138e-01 -1.86099208e-04 2.16373378e-04
2.47551938e-01 -2.87174690e-04 2.16626786e-04
2.47908733e-01 -2.52030502e-05 2.15017745e-04
2.48265524e-01 -5.20635340e-05 2.19696166e-04
2.48622312e-01 -4.74417086e-05 2.14723155e-04
2.48979095e-01 -2.52966752e-04 2.14121311e-04
2.49335874e-01 1.08997237e-04 2.11897283e-04
2.49692649e-01 9.77418074e-05 2.16520693e-04
2.50049420e-01 -1.12238813e-04 2.14846313e-04
2.50406187e-01 -8.40948081e-05 2.15609112e-04
2.50762950e-01 -7.77665470e-05 2.16834528e-04
2.51119709e-01 -1.79362244e-04 2.11047316e-04
2.51476464e-01 -1.60590586e-04 2.12202687e-04
2.51833214e-01 -1.40849446e-04 2.12703840e-04
2.52189961e-01 2.72071831e-05 2.11902792e-04
2.52546703e-01 7.56030679e-05 2.15818108e-04
2.52903441e-01 3.51361112e-05 2.11638294e-04
2.53260175e-01 6.35382543e-05 2.10069587e-04
2.53616905e-01 -3.74145135e-05 2.11769952e-04
2.53973631e-01 -7.67935166e-05 2.12363329e-04
2.54330352e-01 1.39793976e-04 2.15699361e-04
2.54687070e-01 -3.98470320e-04 2.11916141e-04
2.55043783e-01 2.88384870e-04 2.15265926e-04
2.55400492e-01 9.49596762e-05 2.13325569e-04
2.55757197e-01 -2.45437706e-04 2.11251677e-04
2.56113898e-01 -3.55982675e-05 2.15824122e-04
2.56470595e-01 -4.51819393e-05 2.11819942e-04
2.56827287e-01 -2.22108925e-04 2.14639406e-04
2.57183975e-01 9.97482874e-05 2.13059914e-04
2.57540659e-01 -2.20041035e-04 2.17548336e-04
2.57897339e-01 -7.39950887e-05 2.16905274e-04
2.58254014e-01 1.86351596e-05 2.18019967e-04
2.58610686e-01 -7.33112567e-05 2.13548961e-04
2.58967353e-01 4.37168206e-04 2.16815485e-04
2.59324016e-01 2.52483072e-04 2.14091403e-04
2.59680674e-01 6.99861238e-05 2.13639990e-04
2.60037329e-01 -1.44624020e-04 2.16112195e-04
2.60393979e-01 -2.59790610e-04 2.14980248e-04
2.60750625e-01 4.56302583e-04 2.16837183e-04
2.61107266e-01 1.13441968e-04 2.12732743e-04
2.61463904e-01 3.95888161e-04 2.17361267e-04
2.61820537e-01 -9.05773075e-06 2.18433339e-04
2.62177166e-01 1.28673822e-04 2.18188567e-04
2.62533790e-01 2.30916098e-04 2.20851674e-04
2.62890410e-01 -3.80746143e-06 2.14453716e-04
2.63247026e-01 -6.07233452e-05 2.14315750e-04
2.63603638e-01 2.71704839e-04 2.15699174e-04
2.63960245e-01 3.21872717e-04 2.14043750e-04
2.64316848e-01 1.32704642e-04 2.14780913e-04
2.64673447e-01 -1.20754927e-04 2.10031560e-04
2.65030042e-01 1.09780095e-04 2.09384405e-04
2.65386632e-01 -8.90554297e-05 2.14948221e-04
2.65743217e-01 -1.77173085e-04 2.11369029e-04
2.66099799e-01 -3.85548368e-04 2.13668993e-04
2.66456376e-01 4.48734692e-05 2.12313388e-04
2.66812948e-01 -5.51567169e-04 2.12465802e-04
2.67169517e-01 -7.69560977e-05 2.15404622e-04
2.67526081e-01 1.88428537e-05 2.14573524e-04
2.67882640e-01 -2.47252243e-04 2.22187122e-04
2.68239195e-01 -2.78201310e-04 2.17971813e-04
2.68595746e-01 1.95046642e-04 2.20463912e-04
2.68952293e-01 -5.73016003e-05 2.18862554e-04
2.69308835e-01 2.50804616e-04 2.20537304e-04
2.69665372e-01 6.30651121e-04 2.20936408e-04
2.70021906e-01 -8.59443755e-05 2.23111824e-04
2.70378435e-01 -1.64457350e-04 2.21987666e-04
2.70734959e-01 -2.21166299e-04 2.23782090e-04
2.71091479e-01 7.18056246e-05 2.21445781e-04
2.71447995e-01 2.01297917e-04 2.23772170e-04
2.71804506e-01 -3.98665919e-05 2.21439621e-04
2.72161012e-01 -2.41906370e-04 2.25934070e-04
2.72517515e-01 -2.85440505e-04 2.28173340e-04
2.72874012e-01 -8.45237141e-05 2.21113231e-04
