1.54026655e-02 2.75191409e-03 1.73736028e-03
1.57608633e-02 2.17603281e-03 1.60813830e-03
1.61190608e-02 8.36126565e-04 1.52576190e-03
1.64772580e-02 2.47112317e-03 1.57788086e-03
1.68354550e-02 3.75825265e-03 1.40985858e-03
1.71936517e-02 2.98373458e-03 1.30491244e-03
1.75518481e-02 2.61642051e-03 1.30568258e-03
1.79100442e-02 3.01654690e-03 1.24709303e-03
1.82682400e-02 1.47142255e-03 1.22362991e-03
1.86264355e-02 4.51420344e-03 1.27652921e-03
1.89846308e-02 4.62927860e-03 1.18858016e-03
1.93428257e-02 5.10626480e-03 1.15160989e-03
1.97010202e-02 3.52676635e-03 1.12081030e-03
2.00592145e-02 4.26777879e-03 1.06430046e-03
2.04174084e-02 3.96795353e-03 1.06000242e-03
2.07756020e-02 2.68265106e-03 1.03652000e-03
2.11337953e-02 2.55145930e-03 9.95891278e-04
2.14919882e-02 2.89619861e-03 1.03125802e-03
2.18501808e-02 3.82819745e-03 1.04772250e-03
2.22083729e-02 2.62242991e-03 1.04911520e-03
2.25665648e-02 4.36232451e-03 1.05291101e-03
2.29247562e-02 3.06250230e-03 9.81298551e-04
2.32829473e-02 3.74047575e-03 9.90538147e-04
2.36411380e-02 4.11688892e-03 9.52527000e-04
2.39993283e-02 3.13256760e-03 9.68433416e-04
2.43575182e-02 4.22519290e-03 9.25936441e-04
2.47157077e-02 2.36946922e-03 9.16175930e-04
2.50738968e-02 4.57526099e-03 9.06811931e-04
2.54320855e-02 3.77149913e-03 9.23770593e-04
2.57902738e-02 6.00226494e-03 9.11907216e-04
2.61484617e-02 5.57045360e-03 9.11545102e-04
2.65066491e-02 4.25873905e-03 8.81968075e-04
2.68648361e-02 4.08880744e-03 8.64852560e-04
2.72230226e-02 4.94560970e-03 8.21957030e-04
2.75812087e-02 5.06163941e-03 8.35830151e-04
2.79393943e-02 4.13963444e-03 8.23436382e-04
2.82975795e-02 3.74580477e-03 8.10118843e-04
2.86557642e-02 4.27467887e-03 8.82877548e-04
2.90139485e-02 5.37048145e-03 8.44869259e-04
2.93721323e-02 4.45531159e-03 8.86818539e-04
2.97303155e-02 3.46742700e-03 8.39115174e-04
3.00884983e-02 4.24268158e-03 8.33841652e-04
3.04466806e-02 3.52788801e-03 8.30440658e-04
3.08048624e-02 4.36355112e-03 8.31434727e-04
3.11630437e-02 4.94105632e-03 8.03619200e-04
3.15212245e-02 4.84801861e-03 8.24778434e-04
3.18794048e-02 3.98582178e-03 8.12983077e-04
3.22375845e-02 3.17550013e-03 8.77917527e-04
3.25957637e-02 4.62829821e-03 8.43318826e-04
3.29539424e-02 4.29613960e-03 8.13940594e-04
3.33121205e-02 2.39499200e-03 8.01720592e-04
3.36702981e-02 3.31666262e-03 8.34842812e-04
3.40284751e-02 5.94329817e-03 8.31025680e-04
3.43866516e-02 3.69031544e-03 8.23775950e-04
3.47448275e-02 3.88431773e-03 7.74064211e-04
3.51030028e-02 3.77149422e-03 7.50739049e-04
3.54611775e-02 4.87915567e-03 7.77150728e-04
3.58193517e-02 5.00362072e-03 8.01377264e-04
3.61775253e-02 4.83557253e-03 7.35173742e-04
3.65356983e-02 5.02625104e-03 7.56539136e-04
3.68938706e-02 3.25392965e-03 7.31784944e-04
3.72520424e-02 3.72326362e-03 7.03037968e-04
3.76102136e-02 3.81567390e-03 7.62125602e-04
3.79683841e-02 3.14514783e-03 7.21851178e-04
3.83265540e-02 2.67154792e-03 6.96104534e-04
3.86847233e-02 3.84962746e-03 7.25951127e-04
3.90428920e-02 3.81142742e-03 7.20550649e-04
3.94010600e-02 4.09404196e-03 6.81428762e-04
3.97592273e-02 2.72666099e-03 6.84759164e-04
4.01173941e-02 4.05771305e-03 6.63310090e-04
4.04755601e-02 3.90895364e-03 7.08893370e-04
4.08337255e-02 4.00234551e-03 6.78366956e-04
4.11918902e-02 4.24210201e-03 6.59194757e-04
4.15500542e-02 3.65005146e-03 6.49209300e-04
4.19082176e-02 2.45434852e-03 6.77200841e-04
4.22663802e-02 4.10023860e-03 6.46828615e-04
4.26245422e-02 4.54840328e-03 6.83844713e-04
4.29827034e-02 3.18362916e-03 6.76023833e-04
4.33408640e-02 3.90989145e-03 6.73491969e-04
4.36990238e-02 3.51822867e-03 6.71790641e-04
4.40571830e-02 4.48832118e-03 6.96019877e-04
4.44153414e-02 4.71982799e-03 7.31438271e-04
4.47734990e-02 4.46331070e-03 6.50404185e-04
4.51316560e-02 4.49293853e-03 6.72552748e-04
4.54898122e-02 3.73160653e-03 6.62162116e-04
4.58479676e-02 4.73968282e-03 6.65913695e-04
4.62061223e-02 4.07144926e-03 6.85025742e-04
4.65642762e-02 4.14273498e-03 6.64835297e-04
4.69224294e-02 2.60479616e-03 6.60527127e-04
4.72805818e-02 3.19885027e-03 6.76434898e-04
4.76387334e-02 3.35159743e-03 6.78241819e-04
4.79968842e-02 4.53182864e-03 6.55251938e-04
4.83550342e-02 3.90380275e-03 6.37717416e-04
4.87131835e-02 4.15776930e-03 6.22682124e-04
4.90713319e-02 3.15337169e-03 6.38523891e-04
4.94294795e-02 4.14030243e-03 5.99175671e-04
4.97876264e-02 2.95995295e-03 6.36857254e-04
5.01457724e-02 3.43706474e-03 6.08812746e-04
5.05039175e-02 3.67934979e-03 6.47986537e-04
5.08620619e-02 3.02236609e-03 5.80913917e-04
5.12202054e-02 2.68241921e-03 5.93956498e-04
5.15783481e-02 3.84566551e-03 6.06765877e-04
5.19364899e-02 3.70977615e-03 6.26570496e-04
5.22946308e-02 3.72131084e-03 5.82271159e-04
5.26527709e-02 3.88999679e-03 5.87524414e-04
5.30109102e-02 3.80997324e-03 5.90852634e-04
5.33690485e-02 3.61159484e-03 5.73953352e-04
5.37271860e-02 3.20747185e-03 5.68574642e-04
5.40853226e-02 2.35285013e-03 5.50253377e-04
5.44434583e-02 2.74408700e-03 5.58878741e-04
5.48015932e-02 3.74996531e-03 5.92668223e-04
5.51597271e-02 2.02564908e-03 5.98419275e-04
5.55178601e-02 3.44415870e-03 5.93083888e-04
5.58759922e-02 3.11524740e-03 5.68496253e-04
5.62341234e-02 2.18777047e-03 5.34330921e-04
5.65922536e-02 3.27223406e-03 5.60428008e-04
5.69503829e-02 2.47189902e-03 5.73354450e-04
5.73085113e-02 3.53134549e-03 5.58087261e-04
5.76666388e-02 3.03561720e-03 5.78047851e-04
5.80247653e-02 3.15711423e-03 5.50327516e-04
5.83828908e-02 3.18386895e-03 5.49889365e-04
5.87410154e-02 2.78899696e-03 5.43940593e-04
5.90991390e-02 1.74454584e-03 5.53954601e-04
5.94572616e-02 1.80042848e-03 5.40690168e-04
5.98153833e-02 2.25523476e-03 5.31071063e-04
6.01735040e-02 3.01656885e-03 5.46668574e-04
6.05316237e-02 2.69155143e-03 5.09070233e-04
6.08897424e-02 2.23026936e-03 5.35801378e-04
6.12478600e-02 3.22091885e-03 5.22538337e-04
6.16059767e-02 2.29159151e-03 5.29786225e-04
6.19640924e-02 2.29894146e-03 5.35166722e-04
6.23222071e-02 2.54946225e-03 5.36661077e-04
6.26803207e-02 2.26476818e-03 5.29305565e-04
6.30384333e-02 2.72045683e-03 5.21211848e-04
6.33965448e-02 3.01007071e-03 5.14081329e-04
6.37546554e-02 1.80834458e-03 5.09324817e-04
6.41127648e-02 2.42563018e-03 5.19220542e-04
6.44708732e-02 2.50607132e-03 5.23481807e-04
6.48289806e-02 2.43564464e-03 5.10648310e-04
6.51870869e-02 1.73621608e-03 5.14926187e-04
6.55451921e-02 2.99797031e-03 5.08006028e-04
6.59032962e-02 2.61959557e-03 5.11381936e-04
6.62613993e-02 2.37940898e-03 5.19940351e-04
6.66195012e-02 1.90125432e-03 5.18070763e-04
6.69776021e-02 1.71254342e-03 4.88376815e-04
6.73357019e-02 2.07490265e-03 5.06670078e-04
6.76938005e-02 2.06021362e-03 4.87937134e-04
6.80518981e-02 1.68602449e-03 4.90799974e-04
6.84099945e-02 1.72312883e-03 4.90977237e-04
6.87680898e-02 1.96600424e-03 4.88128538e-04
6.91261840e-02 2.96296885e-03 4.70777527e-04
6.94842770e-02 2.14923214e-03 4.77637266e-04
6.98423689e-02 2.00871788e-03 4.94906857e-04
7.02004596e-02 1.50483800e-03 4.75145003e-04
7.05585492e-02 2.86670730e-03 4.89704098e-04
7.09166377e-02 1.50131297e-03 4.90289932e-04
7.12747249e-02 1.77244432e-03 4.72525283e-04
7.16328110e-02 1.90799278e-03 4.67410823e-04
7.19908959e-02 1.88878534e-03 4.65479513e-04
7.23489796e-02 2.13156591e-03 4.71752843e-04
7.27070622e-02 1.20665028e-03 4.74754763e-04
7.30651435e-02 9.13911718e-04 4.71692208e-04
7.34232237e-02 1.62842554e-03 4.71312310e-04
7.37813026e-02 1.53498253e-03 4.65542544e-04
7.41393803e-02 2.96280990e-03 4.89346462e-04
7.44974568e-02 1.96788209e-03 4.72650169e-04
7.48555321e-02 1.06359012e-03 4.78572887e-04
7.52136061e-02 1.43279266e-03 4.75183601e-04
7.55716789e-02 1.68758069e-03 4.79019054e-04
7.59297505e-02 1.63797387e-03 4.56917205e-04
7.62878208e-02 1.36721129e-03 4.62361555e-04
7.66458899e-02 1.12334830e-03 4.54133146e-04
7.70039577e-02 1.52260503e-03 4.54706333e-04
7.73620242e-02 1.85625163e-03 4.54865413e-04
7.77200895e-02 1.09771255e-03 4.56246727e-04
7.80781535e-02 1.34018722e-03 4.67768798e-04
7.84362162e-02 1.65616932e-03 4.45589102e-04
7.87942776e-02 1.15756631e-03 4.49663724e-04
7.91523377e-02 1.20312851e-03 4.46283320e-04
7.95103965e-02 1.28673729e-03 4.39663811e-04
7.98684540e-02 2.21742076e-03 4.54952735e-04
8.02265102e-02 1.00586486e-03 4.50076337e-04
8.05845651e-02 1.77663610e-03 4.61475036e-04
8.09426186e-02 2.29211120e-03 4.37551751e-04
8.13006709e-02 1.98787267e-03 4.40800852e-04
8.16587217e-02 2.05732927e-03 4.60340173e-04
8.20167713e-02 1.14974130e-03 4.42481242e-04
8.23748195e-02 1.73629472e-03 4.54037649e-04
8.27328663e-02 1.28411893e-03 4.26497606e-04
8.30909118e-02 1.21738688e-03 4.38153694e-04
8.34489559e-02 2.27068060e-03 4.43068305e-04
8.38069986e-02 9.55393824e-04 4.56689828e-04
8.41650400e-02 1.51961723e-03 4.55388705e-04
8.45230800e-02 1.48922962e-03 4.26695035e-04
8.48811185e-02 3.62553711e-04 4.35185233e-04
8.52391557e-02 6.43084735e-04 4.40257083e-04
8.55971915e-02 1.12507767e-03 4.45676491e-04
8.59552259e-02 7.66828191e-04 4.43682870e-04
8.63132589e-02 5.51395678e-04 4.36593745e-04
8.66712904e-02 1.27557309e-03 4.36802242e-04
8.70293205e-02 1.18001505e-03 4.36806269e-04
8.73873492e-02 1.58126077e-03 4.31063012e-04
8.77453765e-02 8.60072811e-04 4.44171285e-04
8.81034023e-02 1.27167701e-03 4.34638685e-04
8.84614267e-02 8.06893695e-04 4.49067413e-04
8.88194496e-02 1.32559784e-03 4.35465935e-04
8.91774710e-02 9.70873482e-04 4.20255521e-04
8.95354910e-02 9.53833387e-04 4.27471384e-04
8.98935095e-02 1.12584532e-03 4.27197101e-04
9.02515266e-02 1.29201993e-03 4.29213751e-04
9.06095421e-02 1.00526223e-03 4.25497695e-04
9.09675562e-02 3.04388224e-04 4.29457676e-04
9.13255687e-02 1.00734869e-03 4.36497719e-04
9.16835798e-02 6.29302464e-04 4.26697563e-04
9.20415894e-02 1.60181081e-03 4.30240961e-04
9.23995974e-02 1.38593412e-03 4.26856301e-04
9.27576039e-02 9.89320553e-04 4.22998913e-04
9.31156089e-02 5.34803027e-04 4.24806325e-04
9.34736124e-02 1.49899031e-03 4.16255425e-04
9.38316143e-02 1.93141376e-03 4.27025924e-04
9.41896147e-02 1.01012088e-03 4.30954664e-04
9.45476136e-02 3.68093167e-04 4.27356559e-04
9.49056108e-02 8.57491851e-04 4.07902460e-04
9.52636066e-02 7.82855088e-04 4.22470500e-04
9.56216007e-02 5.32473993e-04 4.16656103e-04
9.59795933e-02 1.51191971e-04 4.10547019e-04
9.63375843e-02 1.11494169e-03 4.19481805e-04
9.66955738e-02 9.94097775e-04 4.05183290e-04
9.70535616e-02 6.66599705e-04 3.91471249e-04
9.74115478e-02 9.66995486e-04 4.09053386e-04
9.77695325e-02 8.80569352e-04 4.14041275e-04
9.81275155e-02 8.07920368e-04 3.95679617e-04
9.84854969e-02 1.37520885e-03 4.14464168e-04
9.88434768e-02 4.40019042e-04 4.00581322e-04
9.92014549e-02 6.09283963e-04 3.94966275e-04
9.95594315e-02 1.02689185e-03 4.06281264e-04
9.99174064e-02 7.33813734e-04 4.09127532e-04
1.00275380e-01 5.57321730e-04 3.99686083e-04
1.00633351e-01 7.31682499e-04 3.93488794e-04
1.00991321e-01 8.23413203e-04 3.88348514e-04
1.01349290e-01 6.39809620e-04 4.02198042e-04
1.01707256e-01 5.43713824e-04 3.87353630e-04
1.02065221e-01 6.06813465e-04 3.82257321e-04
1.02423184e-01 7.47380883e-04 3.81139528e-04
1.02781146e-01 3.70697180e-04 3.85273925e-04
1.03139106e-01 7.37078290e-04 3.95813087e-04
1.03497064e-01 3.98899103e-04 3.85895303e-04
1.03855021e-01 7.54386404e-04 3.82491017e-04
1.04212976e-01 9.71904414e-04 3.87010621e-04
1.04570929e-01 6.03091531e-04 3.93350336e-04
1.04928880e-01 4.95351805e-04 3.97313548e-04
1.05286830e-01 1.22187475e-03 4.00000878e-04
1.05644778e-01 7.54034495e-04 3.98565703e-04
1.06002724e-01 9.20394635e-04 4.10004428e-04
1.06360668e-01 2.63527814e-04 3.94471731e-04
1.06718611e-01 3.71268127e-04 3.96082587e-04
1.07076552e-01 6.22584000e-04 4.01715818e-04
1.07434491e-01 5.22997769e-04 3.97401225e-04
1.07792429e-01 4.82236034e-04 4.02158954e-04
1.08150364e-01 6.14223175e-04 3.98333775e-04
1.08508298e-01 6.38370242e-04 3.98935054e-04
1.08866230e-01 8.87476599e-04 3.98488617e-04
1.09224160e-01 1.52658251e-05 3.99674466e-04
1.09582089e-01 7.11162491e-04 3.97499744e-04
1.09940016e-01 7.26050398e-04 4.09821596e-04
1.10297941e-01 6.15626234e-04 3.92556225e-04
1.10655864e-01 8.07135866e-04 3.90082919e-04
1.11013785e-01 9.74278185e-04 3.81436766e-04
1.11371704e-01 -2.24717594e-04 3.83523760e-04
1.11729622e-01 1.17863871e-03 3.99113561e-04
1.12087538e-01 5.92936228e-04 3.78866586e-04
1.12445452e-01 2.83231028e-04 3.82943906e-04
1.12803364e-01 1.88109577e-04 3.86227800e-04
1.13161274e-01 1.76994342e-04 3.85745898e-04
1.13519182e-01 1.02592266e-03 3.78511452e-04
1.13877089e-01 5.48658480e-04 3.72624751e-04
1.14234994e-01 3.56273929e-04 3.85343069e-04
1.14592896e-01 2.61695854e-04 3.75016830e-04
1.14950797e-01 -1.80404399e-04 3.72115710e-04
1.15308696e-01 4.32277856e-04 3.73889832e-04
1.15666593e-01 9.96823565e-04 3.76975141e-04
1.16024488e-01 4.95657059e-04 3.75659186e-04
1.16382382e-01 7.70297334e-04 3.77893116e-04
1.16740273e-01 -1.47225361e-04 3.65170856e-04
1.17098163e-01 3.89260341e-04 3.67368975e-04
1.17456050e-01 7.47622284e-04 3.76971449e-04
1.17813936e-01 3.05911420e-04 3.63234122e-04
1.18171819e-01 7.51296394e-04 3.77946335e-04
1.18529701e-01 2.17385283e-04 3.78403933e-04
1.18887581e-01 2.53393144e-04 3.80926185e-04
1.19245459e-01 3.99176150e-04 3.79203233e-04
1.19603335e-01 2.43344446e-04 3.74869779e-04
1.19961208e-01 1.22959840e-03 3.67752215e-04
1.20319080e-01 1.24357494e-03 3.73943486e-04
1.20676950e-01 3.70931310e-04 3.68869345e-04
1.21034818e-01 2.02312659e-04 3.84219539e-04
1.21392684e-01 -4.26813901e-04 3.73511612e-04
1.21750548e-01 -7.25821944e-05 3.85959157e-04
1.22108410e-01 8.18944659e-04 3.87726180e-04
1.22466270e-01 1.20249076e-04 3.76801624e-04
1.22824128e-01 7.15338746e-04 3.87135257e-04
1.23181984e-01 5.75775693e-04 3.77445206e-04
1.23539838e-01 3.42852928e-04 3.72559554e-04
1.23897690e-01 2.38709902e-04 3.63616218e-04
1.24255540e-01 3.84918478e-04 3.66074622e-04
1.24613388e-01 4.62130865e-04 3.65209707e-04
1.24971233e-01 1.07313283e-04 3.67666249e-04
1.25329077e-01 1.09223180e-03 3.53117131e-04
1.25686919e-01 8.80661647e-04 3.65135871e-04
1.26044758e-01 5.12846338e-04 3.64935792e-04
1.26402596e-01 4.91270161e-04 3.68960999e-04
1.26760431e-01 4.33831055e-05 3.55776580e-04
1.27118265e-01 3.90435952e-04 3.62786927e-04
1.27476096e-01 3.49621696e-04 3.56806864e-04
1.27833925e-01 6.95894452e-04 3.50886346e-04
1.28191752e-01 5.39877934e-04 3.63497153e-04
1.28549577e-01 1.93099064e-04 3.54163308e-04
1.28907400e-01 2.35216315e-04 3.59303495e-04
1.29265221e-01 2.23742986e-04 3.49152047e-04
1.29623040e-01 8.37828846e-04 3.57526723e-04
1.29980856e-01 4.20792568e-04 3.52043012e-04
1.30338670e-01 1.04654728e-04 3.48536855e-04
1.30696483e-01 4.72562302e-04 3.52160162e-04
1.31054293e-01 4.29937173e-04 3.43786728e-04
1.31412101e-01 3.71231489e-04 3.43367595e-04
1.31769906e-01 3.97730141e-04 3.42988384e-04
1.32127710e-01 9.38558654e-04 3.54627870e-04
1.32485511e-01 1.29279735e-03 3.58852369e-04
1.32843311e-01 1.72860673e-04 3.43448016e-04
1.33201108e-01 3.63147487e-04 3.43589058e-04
1.33558903e-01 -2.00172603e-06 3.37988138e-04
1.33916695e-01 -1.39750307e-05 3.37567300e-04
1.34274486e-01 2.44460453e-05 3.44653365e-04
1.34632274e-01 4.66672869e-04 3.43642242e-04
1.34990060e-01 4.20972556e-04 3.40656364e-04
1.35347844e-01 2.96402565e-04 3.40770654e-04
1.35705626e-01 1.26650757e-04 3.32219020e-04
1.36063405e-01 3.06459469e-05 3.40152467e-04
1.36421182e-01 8.85237258e-04 3.34965268e-04
1.36778957e-01 -4.93216198e-06 3.27836824e-04
1.37136730e-01 4.73618188e-04 3.22233067e-04
1.37494500e-01 5.11443060e-05 3.42364605e-04
1.37852269e-01 -7.21472965e-05 3.27664297e-04
1.38210034e-01 5.73002173e-05 3.38349929e-04
1.38567798e-01 4.67268248e-04 3.32533565e-04
1.38925559e-01 5.95203942e-05 3.24547824e-04
1.39283319e-01 6.79268148e-04 3.33652006e-04
1.39641075e-01 -5.22357593e-05 3.33121762e-04
1.39998830e-01 3.32516113e-05 3.24380067e-04
1.40356582e-01 4.65077598e-04 3.39685523e-04
1.40714332e-01 4.57988185e-04 3.37169570e-04
1.41072080e-01 3.48373331e-04 3.27426365e-04
1.41429825e-01 3.42089612e-04 3.26704050e-04
1.41787568e-01 5.25068043e-04 3.28065283e-04
1.42145308e-01 9.66932951e-05 3.26771550e-04
1.42503047e-01 -2.27131458e-04 3.20038735e-04
1.42860783e-01 -1.68686996e-04 3.30748832e-04
1.43218516e-01 -4.57636458e-04 3.21509126e-04
1.43576247e-01 -3.89003308e-04 3.25303809e-04
1.43933976e-01 2.59109766e-04 3.28491019e-04
1.44291703e-01 5.35218750e-06 3.23106364e-04
1.44649427e-01 2.06800503e-04 3.25572313e-04
1.45007149e-01 -1.34456132e-04 3.18272424e-04
1.45364868e-01 -1.97022369e-04 3.15825905e-04
1.45722585e-01 -4.02430520e-04 3.19092204e-04
1.46080300e-01 -9.60766201e-05 3.22320861e-04
1.46438012e-01 4.50877096e-05 3.16445820e-04
1.46795722e-01 1.12383227e-03 3.24882663e-04
1.47153429e-01 1.93637251e-04 3.14160206e-04
1.47511134e-01 8.57324397e-04 3.11934373e-04
1.47868837e-01 4.81285931e-04 3.18533226e-04
1.48226537e-01 -9.23189326e-05 3.09697100e-04
1.48584235e-01 2.79280769e-04 3.19911961e-04
1.48941930e-01 -2.04897114e-04 3.19173159e-04
1.49299623e-01 -1.59393484e-04 3.12458058e-04
1.49657313e-01 -3.22369281e-04 3.12362981e-04
1.50015001e-01 -9.20012453e-05 3.09728065e-04
1.50372687e-01 2.74592620e-04 3.11227163e-04
1.50730370e-01 1.41386277e-04 3.10008808e-04
1.51088050e-01 2.92696511e-05 3.08225826e-04
1.51445728e-01 4.36419233e-04 3.18777824e-04
1.51803404e-01 6.57896993e-04 3.18524155e-04
1.52161077e-01 -8.98606789e-05 3.13644969e-04
1.52518747e-01 -6.16337657e-04 3.16071173e-04
1.52876416e-01 1.07659459e-04 3.14289181e-04
1.53234081e-01 2.18940720e-04 3.13180491e-04
1.53591744e-01 -4.27927771e-04 3.05310958e-04
1.53949405e-01 4.77376106e-04 3.09696190e-04
1.54307063e-01 -5.67949255e-04 3.10036699e-04
1.54664718e-01 -2.03718759e-04 3.04756469e-04
1.55022371e-01 4.69390751e-04 3.06337021e-04
1.55380021e-01 3.98151554e-04 3.13020988e-04
1.55737669e-01 -3.92268358e-04 3.08428605e-04
1.56095314e-01 -3.47271158e-04 3.03860530e-04
1.56452957e-01 5.17891171e-04 3.05469538e-04
1.56810597e-01 -1.01962668e-04 3.01257307e-04
1.57168235e-01 6.23862407e-04 3.06979273e-04
1.57525870e-01 3.96523636e-04 3.05699614e-04
1.57883502e-01 2.47924783e-04 3.09388507e-04
1.58241132e-01 5.04997257e-05 2.95791666e-04
1.58598759e-01 -2.62311009e-04 3.07678307e-04
1.58956384e-01 -2.64980793e-04 3.02347352e-04
1.59314006e-01 4.55148726e-04 2.95483229e-04
1.59671625e-01 -1.65446195e-04 3.03191510e-04
1.60029242e-01 -2.19266673e-04 3.01246697e-04
1.60386856e-01 3.53062932e-08 2.98181574e-04
1.60744468e-01 6.56733887e-04 3.04401762e-04
1.61102076e-01 1.01331651e-04 2.92840340e-04
1.61459683e-01 2.58660615e-04 3.03708093e-04
1.61817286e-01 4.15302104e-04 3.03232872e-04
1.62174887e-01 3.11413284e-04 3.03894512e-04
1.62532485e-01 4.50674830e-04 2.95915732e-04
1.62890081e-01 5.21870362e-04 2.98822059e-04
1.63247674e-01 -7.08916637e-04 2.93089143e-04
1.63605264e-01 9.66470396e-05 2.97715098e-04
1.63962852e-01 4.64419075e-04 2.93771387e-04
1.64320437e-01 1.80638241e-04 3.01285834e-04
1.64678019e-01 4.94054879e-04 3.02368058e-04
1.65035598e-01 -1.09129460e-04 2.89026070e-04
1.65393175e-01 2.52258688e-04 2.96760705e-04
1.65750749e-01 -1.43520981e-04 2.98718247e-04
1.66108320e-01 -1.72302898e-04 2.90629022e-04
1.66465889e-01 -2.45214432e-05 2.90030739e-04
1.66823455e-01 2.84638774e-05 2.94735906e-04
1.67181018e-01 1.00688959e-05 2.93271271e-04
1.67538578e-01 4.11509862e-04 3.05818141e-04
1.67896136e-01 1.19364805e-04 2.99026962e-04
1.68253691e-01 -1.40033106e-04 2.89448166e-04
1.68611243e-01 8.00135436e-05 2.89308428e-04
1.68968792e-01 3.47120558e-04 2.90009429e-04
1.69326339e-01 6.20798169e-04 2.91517549e-04
1.69683883e-01 1.38147984e-05 2.89534584e-04
1.70041424e-01 3.34823359e-04 2.86301871e-04
1.70398962e-01 3.22632611e-04 2.88133337e-04
1.70756497e-01 2.50361128e-04 2.83411368e-04
1.71114030e-01 3.54853323e-05 2.89097647e-04
1.71471560e-01 2.05545832e-04 2.83312905e-04
1.71829087e-01 1.74816764e-04 2.85332007e-04
1.72186611e-01 -1.30188635e-04 2.82344100e-04
1.72544132e-01 3.93603471e-04 2.82973137e-04
1.72901651e-01 2.62514359e-04 2.92193944e-04
1.73259167e-01 6.61836647e-04 2.91828748e-04
1.73616679e-01 2.43941941e-04 2.83403092e-04
1.73974189e-01 1.50844622e-04 2.84438265e-04
1.74331697e-01 -5.57646423e-05 2.83876004e-04
1.74689201e-01 -1.30484683e-04 2.80274744e-04
1.75046702e-01 -4.07456883e-05 2.79120458e-04
1.75404201e-01 -6.88653405e-05 2.78972429e-04
1.75761697e-01 1.72434149e-04 2.79886788e-04
1.76119189e-01 2.77509989e-04 2.79276734e-04
1.76476679e-01 1.21619825e-04 2.85541338e-04
1.76834166e-01 -2.39217315e-04 2.78605562e-04
1.77191650e-01 2.85330122e-04 2.73387299e-04
1.77549132e-01 9.39268280e-05 2.78168415e-04
1.77906610e-01 1.62154140e-04 2.82161743e-04
1.78264085e-01 3.36504542e-04 2.78006245e-04
1.78621558e-01 -9.13501041e-05 2.77021638e-04
1.78979027e-01 -1.67947907e-04 2.74593694e-04
1.79336494e-01 -3.74500191e-04 2.71731541e-04
1.79693958e-01 9.38016168e-05 2.75224251e-04
1.80051418e-01 2.68474083e-04 2.78470836e-04
1.80408876e-01 4.39635118e-04 2.78294715e-04
1.80766331e-01 3.07499199e-04 2.72635356e-04
1.81123783e-01 3.41550843e-04 2.80629126e-04
1.81481232e-01 -1.32650850e-04 2.80256666e-04
1.81838677e-01 1.96923320e-04 2.82294804e-04
1.82196120e-01 2.16443959e-04 2.75833835e-04
1.82553560e-01 5.04188745e-04 2.87298553e-04
1.82910997e-01 1.51263112e-04 2.81283082e-04
1.83268431e-01 3.59889689e-04 2.83213572e-04
1.83625862e-01 8.27986774e-04 2.80519504e-04
1.83983290e-01 -2.61027492e-04 2.89580989e-04
1.84340715e-01 -1.15766065e-04 2.80294170e-04
1.84698137e-01 2.22095863e-07 2.84647669e-04
1.85055556e-01 1.62558320e-04 2.90120837e-04
1.85412971e-01 2.77428150e-04 2.86830234e-04
1.85770384e-01 -2.71049004e-05 2.81964151e-04
1.86127794e-01 1.36953120e-04 2.79127479e-04
1.86485200e-01 -2.80671946e-04 2.80965861e-04
1.86842604e-01 2.77326852e-05 2.80104900e-04
1.87200005e-01 2.72282635e-04 2.79962133e-04
1.87557402e-01 -7.91435299e-05 2.76042778e-04
1.87914797e-01 -4.58538006e-06 2.76112107e-04
1.88272188e-01 9.77934036e-05 2.75207426e-04
1.88629576e-01 1.28467528e-04 2.71115058e-04
1.88986961e-01 -1.42050589e-04 2.72084191e-04
1.89344343e-01 -2.33868488e-04 2.74828319e-04
1.89701722e-01 1.67546148e-05 2.74939023e-04
1.90059098e-01 2.69187652e-04 2.79004341e-04
1.90416471e-01 1.14421026e-04 2.74198781e-04
1.90773840e-01 -3.93172284e-05 2.67417060e-04
1.91131207e-01 -2.14161799e-06 2.70095595e-04
1.91488570e-01 -1.02522686e-05 2.69719730e-04
1.91845930e-01 5.18747794e-04 2.76630707e-04
1.92203287e-01 8.36872869e-05 2.77104568e-04
1.92560641e-01 1.03163986e-04 2.70808455e-04
1.92917992e-01 -2.69893113e-04 2.66762224e-04
1.93275340e-01 5.63479042e-04 2.73241365e-04
1.93632684e-01 -1.62401323e-04 2.72056808e-04
1.93990025e-01 -3.58382993e-06 2.69271683e-04
1.94347363e-01 -1.25093038e-04 2.70986874e-04
1.94704698e-01 -1.74291888e-04 2.72664862e-04
1.95062030e-01 -1.67269780e-04 2.69890781e-04
1.95419358e-01 -2.13791677e-04 2.72424798e-04
1.95776684e-01 1.92952858e-04 2.77173274e-04
1.96134006e-01 5.24769742e-04 2.73028719e-04
1.96491324e-01 3.89549655e-04 2.68829755e-04
1.96848640e-01 2.06984650e-04 2.72915687e-04
1.97205953e-01 2.54135295e-04 2.76202245e-04
1.97563262e-01 3.67688049e-04 2.69874419e-04
1.97920568e-01 -7.97377096e-05 2.69338118e-04
1.98277870e-01 3.06136170e-04 2.70861787e-04
1.98635170e-01 4.10812283e-04 2.72405740e-04
1.98992466e-01 -2.99595850e-04 2.74911344e-04
1.99349759e-01 -2.15870430e-04 2.70230962e-04
1.99707049e-01 -6.78788384e-05 2.68189689e-04
2.00064335e-01 -7.11917388e-05 2.68936511e-04
2.00421618e-01 -2.81081433e-04 2.68764181e-04
2.00778898e-01 -9.08298674e-05 2.72272405e-04
2.01136174e-01 -1.87269027e-04 2.65147159e-04
2.01493448e-01 1.69136099e-04 2.66995071e-04
2.01850718e-01 -2.36327853e-04 2.58493692e-04
2.02207984e-01 1.47711421e-04 2.65685402e-04
2.02565248e-01 7.21490866e-05 2.59882820e-04
2.02922508e-01 1.88572832e-04 2.63050811e-04
2.03279764e-01 2.12542531e-05 2.62362104e-04
2.03637018e-01 2.34549579e-04 2.59135071e-04
2.03994268e-01 -1.06313291e-04 2.55914891e-04
2.04351514e-01 -1.04542430e-04 2.58587927e-04
2.04708758e-01 -4.70784621e-04 2.58657479e-04
2.05065998e-01 3.44399630e-05 2.58399000e-04
2.05423234e-01 8.45040162e-05 2.55421450e-04
2.05780467e-01 -3.26820548e-04 2.55588154e-04
2.06137697e-01 5.78022448e-05 2.53303278e-04
2.06494924e-01 3.32152844e-04 2.61310171e-04
2.06852147e-01 2.63662325e-05 2.57792147e-04
2.07209367e-01 3.84490010e-04 2.56297627e-04
2.07566583e-01 -2.55576501e-04 2.55991532e-04
2.07923796e-01 1.10330258e-04 2.54682934e-04
2.08281005e-01 3.75349614e-04 2.59782061e-04
2.08638211e-01 -3.20714546e-06 2.52565154e-04
2.08995414e-01 1.42627752e-04 2.53989949e-04
2.09352613e-01 -1.45020394e-04 2.58671041e-04
2.09709809e-01 -3.15672779e-04 2.52707645e-04
2.10067002e-01 3.96792524e-04 2.55095048e-04
2.10424191e-01 -8.45910020e-05 2.48455834e-04
2.10781376e-01 4.41412145e-04 2.54794408e-04
2.11138558e-01 9.78520142e-05 2.55688846e-04
2.11495737e-01 -1.73618020e-04 2.45152243e-04
2.11852912e-01 3.27316701e-04 2.51957718e-04
2.12210084e-01 1.91215515e-04 2.48960066e-04
2.12567252e-01 3.31362278e-04 2.50953518e-04
2.12924416e-01 6.88233579e-05 2.52900640e-04
2.13281578e-01 1.61318280e-04 2.49203166e-04
2.13638735e-01 -1.65082288e-04 2.49097846e-04
2.13995890e-01 -3.59315682e-04 2.49542680e-04
2.14353040e-01 -2.86944582e-04 2.49564610e-04
2.14710188e-01 -2.18562167e-04 2.51055543e-04
2.15067331e-01 -1.30568588e-04 2.44609448e-04
2.15424471e-01 5.73793905e-05 2.46601296e-04
2.15781608e-01 9.22095968e-05 2.46213240e-04
2.16138741e-01 -1.51234148e-04 2.44294615e-04
2.16495871e-01 2.85977728e-04 2.46675109e-04
2.16852997e-01 -9.10470531e-05 2.48972530e-04
2.17210119e-01 2.25006589e-04 2.44327445e-04
2.17567238e-01 4.44085474e-05 2.48072164e-04
2.17924354e-01 -1.96651854e-04 2.49409799e-04
2.18281465e-01 -1.86019671e-04 2.45610519e-04
2.18638574e-01 -2.00836131e-04 2.46649805e-04
2.18995678e-01 -3.59408688e-05 2.44225821e-04
2.19352779e-01 2.84154808e-04 2.44742172e-04
2.19709877e-01 2.95716821e-04 2.39767779e-04
2.20066971e-01 -1.70962505e-04 2.44381348e-04
2.20424061e-01 1.46858850e-04 2.43177551e-04
2.20781147e-01 8.25440079e-05 2.39461039e-04
2.21138230e-01 -7.10255159e-05 2.41142529e-04
2.21495310e-01 -2.35014346e-04 2.41093118e-04
2.21852386e-01 2.59749985e-04 2.39234819e-04
2.22209458e-01 -1.84868213e-04 2.44803251e-04
2.22566526e-01 3.44178346e-04 2.40370659e-04
2.22923591e-01 3.22141544e-04 2.38015619e-04
2.23280652e-01 -9.76495051e-05 2.39332881e-04
2.23637710e-01 4.24899974e-05 2.38974867e-04
2.23994764e-01 -3.64128419e-04 2.39194292e-04
2.24351814e-01 -1.07482830e-04 2.38040723e-04
2.24708861e-01 -8.90089614e-05 2.37385971e-04
2.25065904e-01 2.43536731e-04 2.38155392e-04
2.25422943e-01 5.67903146e-04 2.34177067e-04
2.25779978e-01 -1.49462719e-04 2.35234279e-04
2.26137010e-01 4.76985091e-04 2.36588121e-04
2.26494038e-01 8.29379324e-06 2.38566261e-04
2.26851063e-01 -9.41216997e-05 2.32731342e-04
2.27208083e-01 2.76942962e-04 2.37840269e-04
2.27565100e-01 8.58387961e-06 2.36682232e-04
2.27922114e-01 -1.03849080e-04 2.38185408e-04
2.28279123e-01 -5.96288141e-05 2.33239727e-04
2.28636129e-01 1.07590250e-04 2.32882941e-04
2.28993131e-01 -2.10359816e-04 2.35992492e-04
2.29350129e-01 3.83141613e-04 2.32787199e-04
2.29707124e-01 4.42795797e-05 2.32853262e-04
2.30064115e-01 1.96043439e-04 2.37949715e-04
2.30421102e-01 -9.23628601e-05 2.27516513e-04
2.30778085e-01 1.98660193e-04 2.30379634e-04
2.31135064e-01 2.57504366e-04 2.30872998e-04
2.31492040e-01 -2.54477075e-04 2.33313758e-04
2.31849012e-01 1.14010571e-04 2.28168894e-04
2.32205980e-01 -1.01972542e-04 2.31083027e-04
2.32562944e-01 6.60683386e-07 2.25664722e-04
2.32919905e-01 1.05191733e-04 2.33921392e-04
2.33276862e-01 4.16457489e-05 2.30526959e-04
2.33633814e-01 1.29818398e-05 2.31988420e-04
2.33990763e-01 7.57416560e-05 2.32313876e-04
2.34347709e-01 6.80369801e-05 2.29476289e-04
2.34704650e-01 -5.53858773e-05 2.30628411e-04
2.35061588e-01 3.13887280e-04 2.31322039e-04
2.35418521e-01 -3.02722927e-05 2.28142580e-04
2.35775451e-01 1.22670133e-04 2.26859520e-04
2.36132377e-01 -2.21164767e-04 2.28359743e-04
2.36489299e-01 1.16141095e-04 2.24576266e-04
2.36846218e-01 3.89876585e-05 2.26436069e-04
2.37203132e-01 4.34250677e-04 2.31490101e-04
2.37560042e-01 -1.24688416e-04 2.30451065e-04
2.37916949e-01 -2.16121069e-04 2.22971738e-04
2.38273852e-01 1.30691865e-04 2.27122914e-04
2.38630751e-01 -6.64875526e-05 2.27169384e-04
2.38987645e-01 -4.57584276e-04 2.22078522e-04
2.39344537e-01 1.81799200e-04 2.24161257e-04
2.39701424e-01 -1.11451773e-04 2.23574931e-04
2.40058307e-01 3.95489877e-04 2.24588734e-04
2.40415186e-01 -1.62717553e-04 2.20851158e-04
2.40772061e-01 1.15826522e-04 2.26596240e-04
2.41128933e-01 2.90460199e-04 2.31200017e-04
2.41485800e-01 -4.94888214e-05 2.19891828e-04
2.41842664e-01 1.56499721e-04 2.25856842e-04
2.42199523e-01 1.09857337e-04 2.23013907e-04
2.42556379e-01 2.01511168e-04 2.27459320e-04
2.42913230e-01 4.22129069e-04 2.26279500e-04
2.43270078e-01 2.18628611e-04 2.24094642e-04
2.43626922e-01 -9.13705191e-05 2.25855057e-04
2.43983761e-01 -3.86499917e-05 2.20736745e-04
2.44340597e-01 -4.96303951e-05 2.22934448e-04
2.44697429e-01 -4.68177854e-05 2.21909348e-04
2.45054256e-01 8.38492183e-05 2.24566007e-04
2.45411080e-01 2.17363102e-05 2.22273271e-04
2.45767900e-01 1.10009770e-04 2.18260285e-04
2.46124715e-01 2.33202697e-04 2.19860895e-04
2.46481527e-01 2.67588195e-04 2.20860303e-04
2.46838334e-01 -5.50590225e-04 2.24926733e-04
2.47195138e-01 -6.54839143e-05 2.17084714e-04
2.47551938e-01 2.29906422e-04 2.17219050e-04
2.47908733e-01 3.78065566e-04 2.18252907e-04
2.48265524e-01 1.39602933e-04 2.11940189e-04
2.48622312e-01 8.54486629e-05 2.14478868e-04
2.48979095e-01 -1.07869897e-04 2.17001364e-04
2.49335874e-01 4.86102053e-06 2.12514446e-04
2.49692649e-01 -7.55079025e-05 2.18981584e-04
2.50049420e-01 2.99753558e-04 2.17799135e-04
2.50406187e-01 -2.27715362e-04 2.15304687e-04
2.50762950e-01 -9.61509371e-05 2.17436440e-04
2.51119709e-01 2.01313445e-04 2.12426608e-04
2.51476464e-01 7.02324787e-05 2.17782867e-04
2.51833214e-01 -5.31266136e-05 2.12571372e-04
2.52189961e-01 3.29555581e-04 2.14857337e-04
2.52546703e-01 1.15797372e-04 2.16610805e-04
2.52903441e-01 3.33806570e-04 2.14572916e-04
2.53260175e-01 1.03709700e-04 2.15083978e-04
2.53616905e-01 9.38257363e-05 2.13026262e-04
2.53973631e-01 5.56383874e-05 2.11382476e-04
2.54330352e-01 4.53922934e-04 2.13249147e-04
2.54687070e-01 4.87962445e-05 2.12152273e-04
2.55043783e-01 -9.39355507e-05 2.12699414e-04
2.55400492e-01 1.81852047e-04 2.10816945e-04
2.55757197e-01 -3.18491938e-05 2.09889305e-04
2.56113898e-01 1.74512831e-04 2.14321116e-04
2.56470595e-01 5.66898099e-04 2.12590991e-04
2.56827287e-01 2.79927984e-05 2.17387500e-04
2.57183975e-01 1.23892513e-05 2.12752657e-04
2.57540659e-01 -5.10232458e-05 2.14242890e-04
2.57897339e-01 2.69125408e-04 2.16500592e-04
2.58254014e-01 -2.72497582e-04 2.19169385e-04
2.58610686e-01 1.44399215e-05 2.15561675e-04
2.58967353e-01 3.75008986e-04 2.20238695e-04
2.59324016e-01 -1.29749988e-04 2.18356027e-04
2.59680674e-01 7.03435152e-05 2.17837937e-04
2.60037329e-01 2.75775855e-04 2.16928536e-04
2.60393979e-01 -5.10743601e-05 2.11864952e-04
2.60750625e-01 -2.11356542e-04 2.15751821e-04
2.61107266e-01 9.10893595e-06 2.18791141e-04
2.61463904e-01 -9.69889210e-05 2.17065662e-04
2.61820537e-01 -1.45724807e-04 2.12744977e-04
2.62177166e-01 1.90766681e-04 2.13211662e-04
2.62533790e-01 1.71514375e-04 2.14092859e-04
2.62890410e-01 3.28126942e-04 2.16076282e-04
2.63247026e-01 1.17148031e-04 2.17758738e-04
2.63603638e-01 2.12078805e-04 2.15275570e-04
2.63960245e-01 1.99250193e-04 2.12689419e-04
2.64316848e-01 -1.04836833e-04 2.11198698e-04
2.64673447e-01 -1.79143284e-04 2.10046521e-04
2.65030042e-01 3.05027895e-04 2.13838970e-04
2.65386632e-01 -2.22540645e-04 2.10969336e-04
2.65743217e-01 -3.27294212e-04 2.13354707e-04
2.66099799e-01 5.66849113e-04 2.13545346e-04
2.66456376e-01 4.26361847e-04 2.16261590e-04
2.66812948e-01 5.46357521e-04 2.14231849e-04
2.67169517e-01 1.96121841e-04 2.17076233e-04
2.67526081e-01 -6.74462844e-05 2.14241287e-04
2.67882640e-01 1.00888694e-04 2.16055812e-04
2.68239195e-01 -2.60952221e-04 2.14138837e-04
2.68595746e-01 1.55754426e-04 2.20830542e-04
2.68952293e-01 -4.12259529e-06 2.12472669e-04
2.69308835e-01 3.11339986e-04 2.20340960e-04
2.69665372e-01 -7.82797985e-05 2.21021456e-04
2.70021906e-01 2.13562116e-05 2.19078514e-04
2.70378435e-01 8.65350778e-06 2.22564687e-04
2.70734959e-01 -8.95886759e-05 2.21222650e-04
2.71091479e-01 2.00879227e-04 2.20720814e-04
2.71447995e-01 -1.84654295e-05 2.22637932e-04
2.71804506e-01 4.10956103e-04 2.21588453e-04
2.72161012e-01 8.57776594e-05 2.24185308e-04
2.72517515e-01 8.00682023e-05 2.23106847e-04
2.72874012e-01 -2.78217393e-05 2.25835018e-04
