1.54026655e-02 2.59873031e-02 1.71667762e-03
1.57608633e-02 2.62625081e-02 1.83592171e-03
1.61190608e-02 2.50883215e-02 1.62331054e-03
1.64772580e-02 2.58316824e-02 1.56694786e-03
1.68354550e-02 2.72287573e-02 1.48653282e-03
1.71936517e-02 2.59087887e-02 1.44817266e-03
1.75518481e-02 2.21412942e-02 1.49592580e-03
1.79100442e-02 2.60198730e-02 1.45938238e-03
1.82682400e-02 2.55401086e-02 1.41694046e-03
1.86264355e-02 2.50055040e-02 1.31648446e-03
1.89846308e-02 2.37799075e-02 1.24556939e-03
1.93428257e-02 2.65138899e-02 1.19692044e-03
1.97010202e-02 2.62757340e-02 1.24601524e-03
2.00592145e-02 2.47606661e-02 1.22092477e-03
2.04174084e-02 2.63845472e-02 1.15596354e-03
2.07756020e-02 2.72742585e-02 1.23244180e-03
2.11337953e-02 2.48961444e-02 1.11492949e-03
2.14919882e-02 2.58561956e-02 1.21323994e-03
2.18501808e-02 2.63751073e-02 1.14332544e-03
2.22083729e-02 2.55581844e-02 1.05482377e-03
2.25665648e-02 2.38488024e-02 1.05117658e-03
2.29247562e-02 2.62156982e-02 1.11673828e-03
2.32829473e-02 2.57181585e-02 1.06302597e-03
2.36411380e-02 2.55044628e-02 1.03360063e-03
2.39993283e-02 2.81538024e-02 1.02203019e-03
2.43575182e-02 2.48329269e-02 9.54675921e-04
2.47157077e-02 2.52575968e-02 1.00476788e-03
2.50738968e-02 2.53927326e-02 9.85651151e-04
2.54320855e-02 2.64238010e-02 1.02278768e-03
2.57902738e-02 2.63065221e-02 9.86574296e-04
2.61484617e-02 2.51249135e-02 1.00104198e-03
2.65066491e-02 2.42809502e-02 9.60655512e-04
2.68648361e-02 2.45358584e-02 9.54411257e-04
2.72230226e-02 2.61288336e-02 9.47940975e-04
2.75812087e-02 2.66373580e-02 8.96172661e-04
2.79393943e-02 2.52418187e-02 8.69452405e-04
2.82975795e-02 2.59357526e-02 8.69144015e-04
2.86557642e-02 2.41680256e-02 9.27405836e-04
2.90139485e-02 2.45296512e-02 9.48132314e-04
2.93721323e-02 2.62090475e-02 9.10639567e-04
2.97303155e-02 2.34969108e-02 9.30403982e-04
3.00884983e-02 2.39778509e-02 9.61182149e-04
3.04466806e-02 2.44137016e-02 9.62355691e-04
3.08048624e-02 2.49462710e-02 9.50160129e-04
3.11630437e-02 2.48286972e-02 9.67314251e-04
3.15212245e-02 2.36453881e-02 8.85895928e-04
3.18794048e-02 2.43059890e-02 9.07320872e-04
3.22375845e-02 2.39896161e-02 8.97901061e-04
3.25957637e-02 2.35353456e-02 8.64123866e-04
3.29539424e-02 2.47367411e-02 9.21563957e-04
3.33121205e-02 2.24294668e-02 8.97021575e-04
3.36702981e-02 2.37582223e-02 9.27661646e-04
3.40284751e-02 2.28652191e-02 9.04444176e-04
3.43866516e-02 2.38954777e-02 8.97116732e-04
3.47448275e-02 2.41735601e-02 8.67212742e-04
3.51030028e-02 2.25121921e-02 8.52894820e-04
3.54611775e-02 2.34669298e-02 8.08661821e-04
3.58193517e-02 2.20838172e-02 8.21527913e-04
3.61775253e-02 2.41076084e-02 8.16545839e-04
3.65356983e-02 2.42721414e-02 8.49116285e-04
3.68938706e-02 2.28330790e-02 8.02661965e-04
3.72520424e-02 2.12652880e-02 8.30406734e-04
3.76102136e-02 2.22388593e-02 8.35233880e-04
3.79683841e-02 2.21007845e-02 7.72239928e-04
3.83265540e-02 2.22769270e-02 7.89892871e-04
3.86847233e-02 2.22087640e-02 7.88891474e-04
3.90428920e-02 2.27990233e-02 7.94694048e-04
3.94010600e-02 2.13147273e-02 7.80312169e-04
3.97592273e-02 2.15178763e-02 7.78567372e-04
4.01173941e-02 2.27317407e-02 7.57487937e-04
4.04755601e-02 2.13895059e-02 7.63816976e-04
4.08337255e-02 2.09173770e-02 7.32769384e-04
4.11918902e-02 1.99122785e-02 7.52136548e-04
4.15500542e-02 2.16319934e-02 7.39089125e-04
4.19082176e-02 2.00009782e-02 7.46144469e-04
4.22663802e-02 2.02888048e-02 7.30857549e-04
4.26245422e-02 2.16641710e-02 7.64667385e-04
4.29827034e-02 2.17741695e-02 7.50569312e-04
4.33408640e-02 2.19266868e-02 7.17166180e-04
4.36990238e-02 2.18669043e-02 7.31998958e-04
4.40571830e-02 1.97479377e-02 7.40046108e-04
4.44153414e-02 2.07122477e-02 7.55821940e-04
4.47734990e-02 2.10733535e-02 7.55478279e-04
4.51316560e-02 2.01220203e-02 7.24897955e-04
4.54898122e-02 2.01113746e-02 7.39874083e-04
4.58479676e-02 2.07992532e-02 7.62394557e-04
4.62061223e-02 1.98714778e-02 7.20987725e-04
4.65642762e-02 1.97936357e-02 7.57216728e-04
4.69224294e-02 1.99234009e-02 7.34782120e-04
4.72805818e-02 1.89744285e-02 7.10858658e-04
4.76387334e-02 1.90265587e-02 7.67940546e-04
4.79968842e-02 2.01427965e-02 7.16683954e-04
4.83550342e-02 1.88347766e-02 6.89438320e-04
4.87131835e-02 1.97939201e-02 6.70176133e-04
4.90713319e-02 1.95878180e-02 6.90763521e-04
4.94294795e-02 1.74001631e-02 6.58955759e-04
4.97876264e-02 1.86018998e-02 7.15244957e-04
5.01457724e-02 1.77742887e-02 6.57239835e-04
5.05039175e-02 1.86698797e-02 6.61156892e-04
5.08620619e-02 1.92840524e-02 6.63931055e-04
5.12202054e-02 1.74031673e-02 6.65316708e-04
5.15783481e-02 1.83040997e-02 6.66826896e-04
5.19364899e-02 1.79893142e-02 6.78731933e-04
5.22946308e-02 1.84020170e-02 6.65420533e-04
5.26527709e-02 1.73998091e-02 6.68314836e-04
5.30109102e-02 1.78341740e-02 6.34497977e-04
5.33690485e-02 1.67988472e-02 6.44580042e-04
5.37271860e-02 1.70983855e-02 6.19170873e-04
5.40853226e-02 1.67239568e-02 6.42594743e-04
5.44434583e-02 1.65326079e-02 6.57535752e-04
5.48015932e-02 1.71789655e-02 6.54458131e-04
5.51597271e-02 1.80442961e-02 6.23203431e-04
5.55178601e-02 1.69552577e-02 6.39628121e-04
5.58759922e-02 1.60308387e-02 6.35284529e-04
5.62341234e-02 1.47723497e-02 6.23190100e-04
5.65922536e-02 1.63697704e-02 6.03212992e-04
5.69503829e-02 1.70173636e-02 6.12054167e-04
5.73085113e-02 1.57260663e-02 6.07749231e-04
5.76666388e-02 1.54922093e-02 6.08234881e-04
5.80247653e-02 1.52082950e-02 5.78445787e-04
5.83828908e-02 1.58273269e-02 6.16123386e-04
5.87410154e-02 1.55729911e-02 6.20257002e-04
5.90991390e-02 1.56718416e-02 6.04271057e-04
5.94572616e-02 1.49446181e-02 6.18404895e-04
5.98153833e-02 1.55205305e-02 6.01111006e-04
6.01735040e-02 1.57699191e-02 5.76059088e-04
6.05316237e-02 1.38881847e-02 6.15520742e-04
6.08897424e-02 1.49191383e-02 5.93789427e-04
6.12478600e-02 1.38034011e-02 5.61739516e-04
6.16059767e-02 1.41533032e-02 5.99833881e-04
6.19640924e-02 1.41560657e-02 5.78478442e-04
6.23222071e-02 1.41891900e-02 5.58326344e-04
6.26803207e-02 1.44995920e-02 5.50632349e-04
6.30384333e-02 1.40608401e-02 5.57423026e-04
6.33965448e-02 1.34963611e-02 5.49135083e-04
6.37546554e-02 1.36604824e-02 5.59617417e-04
6.41127648e-02 1.38428433e-02 5.67692702e-04
6.44708732e-02 1.47301119e-02 5.57814206e-04
6.48289806e-02 1.29151045e-02 5.79722126e-04
6.51870869e-02 1.39368263e-02 5.52858933e-04
6.55451921e-02 1.32430108e-02 5.45740235e-04
6.59032962e-02 1.28592186e-02 5.52085432e-04
6.62613993e-02 1.32541095e-02 5.53711716e-04
6.66195012e-02 1.20127571e-02 5.25953159e-04
6.69776021e-02 1.28095692e-02 5.35995472e-04
6.73357019e-02 1.24791069e-02 5.45153499e-04
6.76938005e-02 1.15682575e-02 5.48057481e-04
6.80518981e-02 1.23064364e-02 5.34093940e-04
6.84099945e-02 1.26071471e-02 5.27446503e-04
6.87680898e-02 1.24905892e-02 5.11623840e-04
6.91261840e-02 1.14890554e-02 5.31029201e-04
6.94842770e-02 1.12777683e-02 5.14782348e-04
6.98423689e-02 1.11841116e-02 5.05692516e-04
7.02004596e-02 1.12806560e-02 5.11988410e-04
7.05585492e-02 1.11827880e-02 5.30296987e-04
7.09166377e-02 1.10259604e-02 5.31836307e-04
7.12747249e-02 1.10589994e-02 5.19375425e-04
7.16328110e-02 1.18251800e-02 5.20011211e-04
7.19908959e-02 1.11101571e-02 5.15937443e-04
7.23489796e-02 1.06310897e-02 5.12780385e-04
7.27070622e-02 1.04380505e-02 5.12530491e-04
7.30651435e-02 1.05884752e-02 5.06325636e-04
7.34232237e-02 1.05366126e-02 5.00105516e-04
7.37813026e-02 1.11709801e-02 5.15925126e-04
7.41393803e-02 1.01606931e-02 5.08512914e-04
7.44974568e-02 8.97181602e-03 4.99589161e-04
7.48555321e-02 9.43133775e-03 4.87225506e-04
7.52136061e-02 1.06046918e-02 5.10976817e-04
7.55716789e-02 1.00203549e-02 4.77769615e-04
7.59297505e-02 1.02353738e-02 4.95017409e-04
7.62878208e-02 9.37930110e-03 4.84744286e-04
7.66458899e-02 1.02972338e-02 4.80332479e-04
7.70039577e-02 9.95598591e-03 4.94356525e-04
7.73620242e-02 9.30092560e-03 4.83598122e-04
7.77200895e-02 9.49653311e-03 4.85449170e-04
7.80781535e-02 9.49262546e-03 4.70315536e-04
7.84362162e-02 8.82357948e-03 4.68201657e-04
7.87942776e-02 8.85204729e-03 4.76926509e-04
7.91523377e-02 8.50286283e-03 4.78273096e-04
7.95103965e-02 9.64984845e-03 4.82324077e-04
7.98684540e-02 8.86769873e-03 4.86184217e-04
8.02265102e-02 8.56895928e-03 4.71936386e-04
8.05845651e-02 8.36185992e-03 4.63152038e-04
8.09426186e-02 8.01834425e-03 4.82315238e-04
8.13006709e-02 7.77303655e-03 4.72476625e-04
8.16587217e-02 8.40996732e-03 4.71285104e-04
8.20167713e-02 7.96759845e-03 4.67457500e-04
8.23748195e-02 7.82563635e-03 4.65159974e-04
8.27328663e-02 7.63914645e-03 4.56607848e-04
8.30909118e-02 7.51280819e-03 4.58386109e-04
8.34489559e-02 7.71865369e-03 4.53936987e-04
8.38069986e-02 7.62774003e-03 4.62013837e-04
8.41650400e-02 7.26603408e-03 4.61215604e-04
8.45230800e-02 7.20337825e-03 4.51937408e-04
8.48811185e-02 8.02660674e-03 4.65609089e-04
8.52391557e-02 8.00133092e-03 4.71540157e-04
8.55971915e-02 7.67853804e-03 4.66505288e-04
8.59552259e-02 6.67167089e-03 4.67940167e-04
8.63132589e-02 7.55088539e-03 4.53840537e-04
8.66712904e-02 6.81423722e-03 4.55858083e-04
8.70293205e-02 7.93869690e-03 4.74589679e-04
8.73873492e-02 7.04626021e-03 4.48781712e-04
8.77453765e-02 6.44556346e-03 4.40297244e-04
8.81034023e-02 7.05580423e-03 4.46480232e-04
8.84614267e-02 7.53329197e-03 4.63425336e-04
8.88194496e-02 6.87434887e-03 4.46767921e-04
8.91774710e-02 6.96787215e-03 4.65701196e-04
8.95354910e-02 6.85609766e-03 4.45623963e-04
8.98935095e-02 6.45072443e-03 4.53800722e-04
9.02515266e-02 6.37959160e-03 4.38213930e-04
9.06095421e-02 6.43353228e-03 4.53201449e-04
9.09675562e-02 6.40895745e-03 4.48770981e-04
9.13255687e-02 7.02546768e-03 4.60175283e-04
9.16835798e-02 6.04668326e-03 4.52275646e-04
9.20415894e-02 6.09627921e-03 4.56983101e-04
9.23995974e-02 6.64903285e-03 4.61318196e-04
9.27576039e-02 6.01164828e-03 4.47304610e-04
9.31156089e-02 5.63458801e-03 4.38749157e-04
9.34736124e-02 5.72364470e-03 4.50290226e-04
9.38316143e-02 5.42027639e-03 4.28481173e-04
9.41896147e-02 5.80894240e-03 4.39646986e-04
9.45476136e-02 5.19487573e-03 4.12591803e-04
9.49056108e-02 5.09040082e-03 4.34708897e-04
9.52636066e-02 5.59042466e-03 4.32232777e-04
9.56216007e-02 5.22684723e-03 4.21004326e-04
9.59795933e-02 5.00062582e-03 4.29214096e-04
9.63375843e-02 5.59806038e-03 4.21724515e-04
9.66955738e-02 4.41037168e-03 4.18021782e-04
9.70535616e-02 4.54990464e-03 4.07047390e-04
9.74115478e-02 5.19565310e-03 4.35703705e-04
9.77695325e-02 4.88353865e-03 4.17018221e-04
9.81275155e-02 4.37151280e-03 4.19068206e-04
9.84854969e-02 5.46658540e-03 4.18920296e-04
9.88434768e-02 4.91397440e-03 4.21099833e-04
9.92014549e-02 5.57935507e-03 4.23087436e-04
9.95594315e-02 4.40374421e-03 4.06032720e-04
9.99174064e-02 4.62541419e-03 4.20622426e-04
1.00275380e-01 4.90864626e-03 4.20844148e-04
1.00633351e-01 4.85781417e-03 4.13655219e-04
1.00991321e-01 4.54481388e-03 4.19123066e-04
1.01349290e-01 3.84298214e-03 4.18743876e-04
1.01707256e-01 3.74069693e-03 4.17659568e-04
1.02065221e-01 3.61005436e-03 4.10325223e-04
1.02423184e-01 3.95302647e-03 4.06200185e-04
1.02781146e-01 3.80596805e-03 3.86638108e-04
1.03139106e-01 4.85372729e-03 3.90525466e-04
1.03497064e-01 3.76616108e-03 4.07197265e-04
1.03855021e-01 4.05340914e-03 4.12004515e-04
1.04212976e-01 4.01017188e-03 4.06925909e-04
1.04570929e-01 3.74328321e-03 4.02239175e-04
1.04928880e-01 3.77521704e-03 3.99371016e-04
1.05286830e-01 3.53532670e-03 4.18528345e-04
1.05644778e-01 3.98872563e-03 4.04957415e-04
1.06002724e-01 4.14273337e-03 4.07245522e-04
1.06360668e-01 3.43029010e-03 4.04584389e-04
1.06718611e-01 3.23124868e-03 4.03938873e-04
1.07076552e-01 3.73418900e-03 4.10368802e-04
1.07434491e-01 4.02127884e-03 4.19097611e-04
1.07792429e-01 2.26660109e-03 4.03748510e-04
1.08150364e-01 3.01801297e-03 4.13846835e-04
1.08508298e-01 3.99916992e-03 4.05927719e-04
1.08866230e-01 3.27913073e-03 3.99958390e-04
1.09224160e-01 3.64246302e-03 4.11245687e-04
1.09582089e-01 3.10531187e-03 4.18511534e-04
1.09940016e-01 3.95388228e-03 4.04770669e-04
1.10297941e-01 3.03398736e-03 3.88595896e-04
1.10655864e-01 3.42677024e-03 4.10078385e-04
1.11013785e-01 3.34451890e-03 4.01237772e-04
1.11371704e-01 2.64097177e-03 3.97627110e-04
1.11729622e-01 3.65462848e-03 4.07589197e-04
1.12087538e-01 2.64296092e-03 3.92563213e-04
1.12445452e-01 2.95920073e-03 3.85418629e-04
1.12803364e-01 2.97336456e-03 3.85658704e-04
1.13161274e-01 2.15151799e-03 3.86834867e-04
1.13519182e-01 2.56856690e-03 3.89165176e-04
1.13877089e-01 3.18399462e-03 3.87800995e-04
1.14234994e-01 2.42690508e-03 3.86022830e-04
1.14592896e-01 2.61116694e-03 3.73701353e-04
1.14950797e-01 2.30900250e-03 3.71632007e-04
1.15308696e-01 2.26034166e-03 3.86677867e-04
1.15666593e-01 2.90520522e-03 3.80864716e-04
1.16024488e-01 2.81606052e-03 3.83190730e-04
1.16382382e-01 3.14048875e-03 3.80071212e-04
1.16740273e-01 3.07528752e-03 3.81080320e-04
1.17098163e-01 1.96471880e-03 3.77402603e-04
1.17456050e-01 2.67817523e-03 3.81360381e-04
1.17813936e-01 2.62822921e-03 3.87404065e-04
1.18171819e-01 2.91843878e-03 3.88637010e-04
1.18529701e-01 2.10238397e-03 3.88363967e-04
1.18887581e-01 1.93182482e-03 3.84642358e-04
1.19245459e-01 2.57963092e-03 3.86440993e-04
1.19603335e-01 2.32040267e-03 3.78845953e-04
1.19961208e-01 2.41433576e-03 3.88430070e-04
1.20319080e-01 2.12278843e-03 3.80559656e-04
1.20676950e-01 1.82531370e-03 3.96463854e-04
1.21034818e-01 1.75085964e-03 3.79174095e-04
1.21392684e-01 2.96714089e-03 3.79562184e-04
1.21750548e-01 1.82633431e-03 3.79975234e-04
1.22108410e-01 1.91596053e-03 3.92235445e-04
1.22466270e-01 1.82946812e-03 3.85680097e-04
1.22824128e-01 2.04250663e-03 3.86381253e-04
1.23181984e-01 2.28188874e-03 3.85248000e-04
1.23539838e-01 1.57335519e-03 3.86822367e-04
1.23897690e-01 2.37348635e-03 3.69545403e-04
1.24255540e-01 1.70403688e-03 3.68077431e-04
1.24613388e-01 1.97001554e-03 3.77503759e-04
1.24971233e-01 1.44586545e-03 3.68547381e-04
1.25329077e-01 2.04540948e-03 3.72087591e-04
1.25686919e-01 1.72712986e-03 3.66321478e-04
1.26044758e-01 2.01744371e-03 3.55522305e-04
1.26402596e-01 1.87269485e-03 3.67487936e-04
1.26760431e-01 1.21719253e-03 3.56504596e-04
1.27118265e-01 2.10151042e-03 3.52253728e-04
1.27476096e-01 1.34505030e-03 3.64114095e-04
1.27833925e-01 1.63045154e-03 3.55304331e-04
1.28191752e-01 1.27608227e-03 3.62650396e-04
1.28549577e-01 2.15500232e-03 3.60999762e-04
1.28907400e-01 1.61434659e-03 3.58078587e-04
1.29265221e-01 2.10087641e-03 3.64067369e-04
1.29623040e-01 1.59347911e-03 3.63139997e-04
1.29980856e-01 1.43639331e-03 3.63478229e-04
1.30338670e-01 2.14997875e-03 3.49225074e-04
1.30696483e-01 1.63605888e-03 3.52866786e-04
1.31054293e-01 1.67495752e-03 3.53801852e-04
1.31412101e-01 1.35249263e-03 3.47495480e-04
1.31769906e-01 1.19023154e-03 3.45450965e-04
1.32127710e-01 1.31389084e-03 3.46832043e-04
1.32485511e-01 1.58077358e-03 3.51041456e-04
1.32843311e-01 1.23206019e-03 3.50825844e-04
1.33201108e-01 1.78172608e-03 3.45879644e-04
1.33558903e-01 1.17685918e-03 3.38908033e-04
1.33916695e-01 8.60564798e-04 3.42554116e-04
1.34274486e-01 1.87535953e-03 3.47462832e-04
1.34632274e-01 1.12417887e-03 3.43286307e-04
1.34990060e-01 1.04113227e-03 3.40271876e-04
1.35347844e-01 1.72874535e-03 3.38864017e-04
1.35705626e-01 1.14410442e-03 3.42644728e-04
1.36063405e-01 1.72643950e-03 3.35391545e-04
1.36421182e-01 1.08864945e-03 3.34020409e-04
1.36778957e-01 1.24573321e-03 3.33930813e-04
1.37136730e-01 1.66005513e-03 3.42560086e-04
1.37494500e-01 1.36641739e-03 3.31077229e-04
1.37852269e-01 1.01073704e-03 3.30616893e-04
1.38210034e-01 1.05693502e-03 3.34580542e-04
1.38567798e-01 1.59844562e-03 3.34487386e-04
1.38925559e-01 1.11544926e-03 3.31548505e-04
1.39283319e-01 9.91783664e-04 3.42978094e-04
1.39641075e-01 1.33820767e-03 3.40760866e-04
1.39998830e-01 6.82800205e-04 3.30506269e-04
1.40356582e-01 1.71212187e-03 3.39913699e-04
1.40714332e-01 1.71102497e-03 3.38296743e-04
1.41072080e-01 1.28519192e-03 3.32700523e-04
1.41429825e-01 1.20967782e-03 3.31178342e-04
1.41787568e-01 9.84007595e-04 3.27906058e-04
1.42145308e-01 6.53914649e-04 3.29203510e-04
1.42503047e-01 6.39167200e-04 3.25492615e-04
1.42860783e-01 1.11159852e-03 3.27888935e-04
1.43218516e-01 1.13052444e-03 3.25604758e-04
1.43576247e-01 1.35338557e-03 3.24875266e-04
1.43933976e-01 1.22165084e-03 3.36454554e-04
1.44291703e-01 1.10209971e-03 3.30407536e-04
1.44649427e-01 1.04187280e-03 3.20321844e-04
1.45007149e-01 1.26253615e-03 3.14779468e-04
1.45364868e-01 8.50135258e-04 3.21168581e-04
1.45722585e-01 7.54540163e-04 3.16658095e-04
1.46080300e-01 1.39332249e-03 3.22001830e-04
1.46438012e-01 6.41018385e-04 3.23603020e-04
1.46795722e-01 1.51158648e-03 3.27341155e-04
1.47153429e-01 7.32231495e-04 3.30388418e-04
1.47511134e-01 9.33607562e-04 3.17462723e-04
1.47868837e-01 1.16737114e-03 3.23758950e-04
1.48226537e-01 8.86701388e-04 3.18545525e-04
1.48584235e-01 1.05090813e-03 3.23231924e-04
1.48941930e-01 1.12668474e-03 3.25530795e-04
1.49299623e-01 1.42328960e-03 3.15087304e-04
1.49657313e-01 3.66206460e-04 3.13780394e-04
1.50015001e-01 9.79850537e-04 3.14101352e-04
1.50372687e-01 8.54933471e-04 3.18272529e-04
1.50730370e-01 1.16280692e-03 3.13767592e-04
1.51088050e-01 8.21533353e-04 3.07995030e-04
1.51445728e-01 9.47735379e-04 3.19811030e-04
1.51803404e-01 1.07247442e-03 3.14414669e-04
1.52161077e-01 1.79817958e-03 3.19293439e-04
1.52518747e-01 1.29501776e-03 3.08214254e-04
1.52876416e-01 1.05900417e-03 3.09547659e-04
1.53234081e-01 5.50592812e-04 3.16438855e-04
1.53591744e-01 7.66305154e-04 3.15297314e-04
1.53949405e-01 9.09794097e-04 3.11752683e-04
1.54307063e-01 6.17866449e-04 3.11231230e-04
1.54664718e-01 5.44014473e-04 3.06288702e-04
1.55022371e-01 8.42877790e-04 3.08032939e-04
1.55380021e-01 6.41633087e-04 3.16786495e-04
1.55737669e-01 1.01327497e-03 3.08679575e-04
1.56095314e-01 8.71364257e-04 3.06348370e-04
1.56452957e-01 5.35045330e-04 3.07621178e-04
1.56810597e-01 7.34245835e-04 3.07640915e-04
1.57168235e-01 8.61197415e-04 3.08330840e-04
1.57525870e-01 3.01895520e-04 3.03670194e-04
1.57883502e-01 8.13406766e-04 3.01587665e-04
1.58241132e-01 1.28842599e-03 3.00766591e-04
1.58598759e-01 1.10295910e-03 3.02559287e-04
1.58956384e-01 6.07544525e-04 3.07543526e-04
1.59314006e-01 1.06654340e-03 2.98682216e-04
1.59671625e-01 1.08418230e-03 3.03718443e-04
1.60029242e-01 6.37626663e-04 3.07934920e-04
1.60386856e-01 4.86938888e-04 2.96956524e-04
1.60744468e-01 -2.48187182e-04 2.96794687e-04
1.61102076e-01 8.40952876e-04 2.97355816e-04
1.61459683e-01 4.02702132e-04 2.92597956e-04
1.61817286e-01 5.07375379e-04 2.99216176e-04
1.62174887e-01 5.37713797e-04 2.96959129e-04
1.62532485e-01 8.20171307e-04 2.95520347e-04
1.62890081e-01 7.18132087e-04 2.95034795e-04
1.63247674e-01 4.88454943e-04 2.96063089e-04
1.63605264e-01 1.96229284e-04 2.96177274e-04
1.63962852e-01 7.44044400e-04 2.92720540e-04
1.64320437e-01 8.75568485e-04 3.00892779e-04
1.64678019e-01 3.95733096e-04 2.99285727e-04
1.65035598e-01 1.88082299e-04 2.95907681e-04
1.65393175e-01 9.05167144e-04 3.02898770e-04
1.65750749e-01 2.81050380e-04 2.99415911e-04
1.66108320e-01 1.03076438e-03 2.91739356e-04
1.66465889e-01 4.84970090e-04 2.91195742e-04
1.66823455e-01 5.48244157e-04 2.99120172e-04
1.67181018e-01 5.86422146e-04 2.97355952e-04
1.67538578e-01 2.22508425e-04 2.90461273e-04
1.67896136e-01 5.57618824e-04 2.84482951e-04
1.68253691e-01 3.39922003e-04 2.84077570e-04
1.68611243e-01 1.14734143e-04 2.91454047e-04
1.68968792e-01 5.74813212e-04 2.86943732e-04
1.69326339e-01 1.33078767e-04 2.94287640e-04
1.69683883e-01 7.80025647e-04 2.87435301e-04
1.70041424e-01 7.07987912e-04 2.87899488e-04
1.70398962e-01 3.60471912e-04 2.91489473e-04
1.70756497e-01 5.52616199e-04 2.91024998e-04
1.71114030e-01 3.99676654e-04 2.82568727e-04
1.71471560e-01 -1.19848078e-04 2.85196656e-04
1.71829087e-01 5.30223914e-04 2.90754256e-04
1.72186611e-01 6.55638443e-04 2.91585853e-04
1.72544132e-01 3.63299151e-04 2.83342248e-04
1.72901651e-01 7.81448339e-04 2.83567928e-04
1.73259167e-01 6.28460237e-04 2.85208254e-04
1.73616679e-01 -2.43374451e-04 2.85113077e-04
1.73974189e-01 6.36900507e-04 2.92457888e-04
1.74331697e-01 5.34191385e-04 2.83031634e-04
1.74689201e-01 7.05952616e-04 2.81239380e-04
1.75046702e-01 7.93564548e-04 2.86963954e-04
1.75404201e-01 6.10940822e-04 2.86658159e-04
1.75761697e-01 6.06621331e-04 2.81633889e-04
1.76119189e-01 4.73625749e-04 2.81609431e-04
1.76476679e-01 7.67520958e-04 2.80816442e-04
1.76834166e-01 2.76047789e-04 2.81786474e-04
1.77191650e-01 3.23985845e-04 2.83224480e-04
1.77549132e-01 1.10320803e-04 2.80600219e-04
1.77906610e-01 8.89297368e-05 2.82373453e-04
1.78264085e-01 -2.12326602e-04 2.82370684e-04
1.78621558e-01 4.70371035e-04 2.77456303e-04
1.78979027e-01 -1.02168863e-04 2.75855137e-04
1.79336494e-01 -9.05876201e-05 2.73671713e-04
1.79693958e-01 5.14005298e-04 2.76755389e-04
1.80051418e-01 5.27179974e-04 2.78894749e-04
1.80408876e-01 1.77209378e-04 2.75636123e-04
1.80766331e-01 1.67558343e-04 2.78052172e-04
1.81123783e-01 1.85805700e-05 2.80777644e-04
1.81481232e-01 -2.15740832e-04 2.77312383e-04
1.81838677e-01 3.75866733e-04 2.84214711e-04
1.82196120e-01 2.30833477e-04 2.82036007e-04
1.82553560e-01 2.26979892e-04 2.84794542e-04
1.82910997e-01 1.26291161e-04 2.87928830e-04
1.83268431e-01 4.41271594e-04 2.86896544e-04
1.83625862e-01 9.47717004e-04 2.82089778e-04
1.83983290e-01 2.48045141e-04 2.87790879e-04
1.84340715e-01 2.79716034e-04 2.81053947e-04
1.84698137e-01 4.96734457e-04 2.88060166e-04
1.85055556e-01 4.86004521e-04 2.91178616e-04
1.85412971e-01 4.16183857e-04 2.88080013e-04
1.85770384e-01 5.10487146e-04 2.80908656e-04
1.86127794e-01 -3.86253590e-05 2.83813670e-04
1.86485200e-01 5.07352918e-04 2.74111606e-04
1.86842604e-01 4.58307678e-04 2.84250405e-04
1.87200005e-01 5.91976726e-04 2.81035727e-04
1.87557402e-01 4.36499465e-04 2.76647714e-04
1.87914797e-01 2.33089824e-04 2.76442844e-04
1.88272188e-01 4.58000107e-05 2.76493868e-04
1.88629576e-01 3.18002372e-04 2.72762708e-04
1.88986961e-01 1.95621474e-04 2.74350912e-04
1.89344343e-01 1.54539411e-04 2.77113212e-04
1.89701722e-01 5.67089172e-04 2.73842808e-04
1.90059098e-01 4.52132391e-04 2.74374027e-04
1.90416471e-01 4.19314050e-04 2.77669922e-04
1.90773840e-01 3.95165100e-04 2.69383602e-04
1.91131207e-01 2.58682769e-04 2.71930819e-04
1.91488570e-01 4.59261130e-04 2.70419686e-04
1.91845930e-01 1.70756934e-06 2.67416815e-04
1.92203287e-01 6.80879731e-04 2.77808914e-04
1.92560641e-01 5.12213929e-04 2.74777725e-04
1.92917992e-01 3.46239976e-05 2.66979795e-04
1.93275340e-01 4.85414429e-04 2.60837839e-04
1.93632684e-01 1.83175837e-04 2.69961110e-04
1.93990025e-01 -4.56804608e-05 2.72953717e-04
1.94347363e-01 2.94164607e-05 2.73145783e-04
1.94704698e-01 1.82762122e-04 2.70896886e-04
1.95062030e-01 5.46821712e-04 2.71386182e-04
1.95419358e-01 6.06059225e-04 2.72727842e-04
1.95776684e-01 5.33576003e-04 2.74300199e-04
1.96134006e-01 5.91079784e-04 2.72611132e-04
1.96491324e-01 2.62989764e-04 2.71509001e-04
1.96848640e-01 4.37120009e-04 2.74188251e-04
1.97205953e-01 4.48468042e-04 2.72440747e-04
1.97563262e-01 1.94791579e-04 2.70730217e-04
1.97920568e-01 1.23668842e-04 2.72000619e-04
1.98277870e-01 -8.97837969e-05 2.75083665e-04
1.98635170e-01 1.67702248e-04 2.80663215e-04
1.98992466e-01 2.16969442e-04 2.70619362e-04
1.99349759e-01 -1.65900599e-04 2.67062991e-04
1.99707049e-01 4.87466882e-04 2.72837637e-04
2.00064335e-01 9.06113132e-04 2.70542076e-04
2.00421618e-01 3.47630317e-04 2.64196706e-04
2.00778898e-01 6.28981068e-05 2.63296747e-04
2.01136174e-01 1.45616288e-04 2.64505709e-04
2.01493448e-01 4.41266090e-04 2.71071635e-04
2.01850718e-01 4.05290456e-04 2.65737356e-04
2.02207984e-01 5.46253257e-04 2.66167149e-04
2.02565248e-01 3.91764280e-05 2.61109113e-04
2.02922508e-01 1.87064021e-04 2.64921452e-04
2.03279764e-01 -5.82486618e-05 2.60575600e-04
2.03637018e-01 1.93118824e-04 2.58154599e-04
2.03994268e-01 2.53852780e-04 2.55439215e-04
2.04351514e-01 -6.98634119e-05 2.56856985e-04
2.04708758e-01 2.81356457e-04 2.55398056e-04
2.05065998e-01 3.93368554e-04 2.57601245e-04
2.05423234e-01 4.11554975e-04 2.60693428e-04
2.05780467e-01 3.33977493e-04 2.57327275e-04
2.06137697e-01 4.97097844e-04 2.57823289e-04
2.06494924e-01 6.54266202e-04 2.62125966e-04
2.06852147e-01 3.15024548e-04 2.59377826e-04
2.07209367e-01 5.22089078e-04 2.61110689e-04
2.07566583e-01 2.60397106e-04 2.57684635e-04
2.07923796e-01 4.77617377e-04 2.54723053e-04
2.08281005e-01 2.15133924e-04 2.54541840e-04
2.08638211e-01 -3.52114036e-05 2.57567057e-04
2.08995414e-01 5.24061082e-04 2.61065632e-04
2.09352613e-01 4.57140140e-04 2.56846175e-04
2.09709809e-01 -6.89342539e-05 2.48554967e-04
2.10067002e-01 3.77048769e-04 2.54786472e-04
2.10424191e-01 -2.61664098e-05 2.57403792e-04
2.10781376e-01 3.28546608e-04 2.52512539e-04
2.11138558e-01 1.11489437e-04 2.49665084e-04
2.11495737e-01 4.10579196e-04 2.49548552e-04
2.11852912e-01 -1.60183334e-05 2.55074475e-04
2.12210084e-01 3.99777923e-04 2.51112037e-04
2.12567252e-01 4.24907163e-04 2.53157190e-04
2.12924416e-01 3.26191537e-05 2.48946429e-04
2.13281578e-01 7.03691192e-05 2.48320927e-04
2.13638735e-01 4.14989165e-04 2.46355417e-04
2.13995890e-01 -1.86304410e-04 2.49940394e-04
2.14353040e-01 -2.13987473e-05 2.43637832e-04
2.14710188e-01 6.84697754e-05 2.46970175e-04
2.15067331e-01 3.51564793e-04 2.52952043e-04
2.15424471e-01 8.98048056e-05 2.50858593e-04
2.15781608e-01 -1.70893184e-04 2.42912102e-04
2.16138741e-01 3.36910019e-04 2.45695880e-04
2.16495871e-01 6.35415909e-05 2.50326544e-04
2.16852997e-01 2.65446369e-04 2.46528368e-04
2.17210119e-01 4.61544233e-04 2.49090673e-04
2.17567238e-01 4.91678421e-04 2.49623215e-04
2.17924354e-01 8.43681236e-04 2.49250159e-04
2.18281465e-01 6.11057611e-04 2.47211870e-04
2.18638574e-01 2.82729843e-04 2.45068249e-04
2.18995678e-01 2.66683696e-04 2.44385216e-04
2.19352779e-01 3.43229804e-04 2.45676560e-04
2.19709877e-01 2.34197334e-04 2.48620820e-04
2.20066971e-01 4.86198883e-04 2.42534772e-04
2.20424061e-01 3.23902987e-04 2.43000431e-04
2.20781147e-01 6.04572945e-05 2.44750490e-04
2.21138230e-01 8.13315034e-04 2.34162182e-04
2.21495310e-01 7.71952469e-04 2.41138544e-04
2.21852386e-01 4.72645630e-04 2.44377731e-04
2.22209458e-01 -6.31260944e-05 2.40793648e-04
2.22566526e-01 7.29054955e-04 2.41304371e-04
2.22923591e-01 1.13098558e-04 2.37337018e-04
2.23280652e-01 -2.16828960e-04 2.38832534e-04
2.23637710e-01 3.27983283e-04 2.37569850e-04
2.23994764e-01 -5.58363977e-05 2.37394531e-04
2.24351814e-01 3.06070098e-04 2.40552186e-04
2.24708861e-01 5.94511154e-04 2.40037777e-04
2.25065904e-01 1.09672310e-04 2.37844709e-04
2.25422943e-01 7.25994275e-04 2.40698889e-04
2.25779978e-01 3.03781955e-04 2.43146052e-04
2.26137010e-01 3.25279258e-04 2.38062884e-04
2.26494038e-01 2.43888148e-04 2.38768919e-04
2.26851063e-01 9.18995351e-05 2.35765097e-04
2.27208083e-01 4.67497315e-04 2.34810400e-04
2.27565100e-01 4.86653588e-04 2.33299991e-04
2.27922114e-01 6.32324146e-04 2.36795277e-04
2.28279123e-01 2.51055421e-04 2.36762122e-04
2.28636129e-01 2.82164335e-04 2.39786398e-04
2.28993131e-01 4.10387369e-04 2.41631905e-04
2.29350129e-01 6.55221134e-04 2.33677026e-04
2.29707124e-01 6.77762665e-04 2.32892290e-04
2.30064115e-01 2.76524116e-04 2.34822346e-04
2.30421102e-01 2.76952982e-04 2.34462018e-04
2.30778085e-01 3.67339723e-04 2.33652397e-04
2.31135064e-01 4.82734851e-04 2.31259677e-04
2.31492040e-01 1.14445055e-04 2.32854544e-04
2.31849012e-01 3.30568478e-04 2.29543710e-04
2.32205980e-01 -3.12564597e-05 2.29828617e-04
2.32562944e-01 -2.89003945e-05 2.31629821e-04
2.32919905e-01 -2.69716219e-04 2.30401298e-04
2.33276862e-01 5.20953958e-05 2.30782323e-04
2.33633814e-01 5.48329041e-04 2.32187973e-04
2.33990763e-01 4.60106139e-04 2.33419009e-04
2.34347709e-01 3.50995361e-04 2.29081829e-04
2.34704650e-01 3.71032413e-04 2.27460526e-04
2.35061588e-01 7.65237605e-04 2.32447472e-04
2.35418521e-01 8.29674445e-04 2.29785983e-04
2.35775451e-01 2.08499937e-05 2.30039699e-04
2.36132377e-01 2.48497622e-05 2.25686422e-04
2.36489299e-01 3.87948543e-04 2.29188891e-04
2.36846218e-01 1.84294146e-04 2.30053117e-04
2.37203132e-01 5.16166839e-04 2.27818875e-04
2.37560042e-01 4.16456456e-04 2.28135582e-04
2.37916949e-01 4.29396846e-04 2.28018824e-04
2.38273852e-01 3.80578073e-04 2.24600110e-04
2.38630751e-01 3.67528829e-04 2.27948627e-04
2.38987645e-01 4.36263266e-05 2.24128227e-04
2.39344537e-01 8.34392404e-04 2.27035419e-04
2.39701424e-01 1.86060618e-04 2.23749851e-04
2.40058307e-01 7.30703621e-06 2.24019910e-04
2.40415186e-01 3.21209668e-04 2.28858674e-04
2.40772061e-01 1.73273740e-04 2.23179173e-04
2.41128933e-01 2.28636553e-04 2.26199522e-04
2.41485800e-01 6.19336475e-04 2.29126481e-04
2.41842664e-01 5.25783891e-04 2.21577887e-04
2.42199523e-01 3.32596836e-04 2.24954538e-04
2.42556379e-01 2.16416168e-04 2.22994747e-04
2.42913230e-01 3.15277482e-04 2.22244313e-04
2.43270078e-01 2.35743834e-04 2.22913384e-04
2.43626922e-01 -2.12239645e-04 2.19159258e-04
2.43983761e-01 -2.16554206e-05 2.18946156e-04
2.44340597e-01 -1.87181394e-04 2.21652007e-04
2.44697429e-01 4.78813909e-04 2.19634047e-04
2.45054256e-01 2.23658629e-04 2.18439244e-04
2.45411080e-01 4.04511638e-04 2.20288566e-04
2.45767900e-01 1.14679559e-05 2.19175414e-04
2.46124715e-01 4.33029744e-04 2.23686194e-04
2.46481527e-01 8.65000329e-05 2.20249324e-04
2.46838334e-01 2.62984539e-04 2.20026839e-04
2.47195138e-01 3.55350592e-04 2.18386959e-04
2.47551938e-01 3.86723400e-04 2.17475497e-04
2.47908733e-01 3.46684243e-04 2.16863708e-04
2.48265524e-01 4.09690587e-04 2.19316814e-04
2.48622312e-01 -1.54692688e-06 2.15257436e-04
2.48979095e-01 9.36202764e-05 2.16335419e-04
2.49335874e-01 1.40277648e-04 2.20125086e-04
2.49692649e-01 1.79317415e-04 2.11039580e-04
2.50049420e-01 6.48685884e-04 2.19202298e-04
2.50406187e-01 -1.05568198e-04 2.16479009e-04
2.50762950e-01 5.20266944e-04 2.16632475e-04
2.51119709e-01 -1.20544551e-04 2.14156843e-04
2.51476464e-01 3.64518333e-04 2.15882819e-04
2.51833214e-01 3.05052797e-04 2.16838523e-04
2.52189961e-01 2.28726914e-04 2.13497692e-04
2.52546703e-01 3.07783387e-05 2.12390460e-04
2.52903441e-01 1.10675802e-04 2.14443414e-04
2.53260175e-01 7.17354619e-04 2.16133670e-04
2.53616905e-01 6.85170305e-05 2.13029246e-04
2.53973631e-01 -3.98528830e-05 2.13631309e-04
2.54330352e-01 7.24477645e-04 2.13993430e-04
2.54687070e-01 1.39415658e-04 2.14370340e-04
2.55043783e-01 2.94241050e-04 2.15300722e-04
2.55400492e-01 5.70648821e-04 2.08439973e-04
2.55757197e-01 1.84553579e-04 2.10545219e-04
2.56113898e-01 3.34816941e-04 2.14084629e-04
2.56470595e-01 2.72593117e-04 2.13321294e-04
2.56827287e-01 1.95817111e-04 2.18374869e-04
2.57183975e-01 9.14906013e-05 2.14946249e-04
2.57540659e-01 4.77586224e-04 2.17712512e-04
2.57897339e-01 2.01576137e-04 2.15092703e-04
2.58254014e-01 3.81661165e-04 2.18319984e-04
2.58610686e-01 9.52825150e-05 2.13502646e-04
2.58967353e-01 2.41422890e-04 2.16048151e-04
2.59324016e-01 5.61598962e-05 2.12558017e-04
2.59680674e-01 3.36372938e-04 2.14975799e-04
2.60037329e-01 4.30952989e-04 2.13355688e-04
2.60393979e-01 3.22855543e-04 2.16474573e-04
2.60750625e-01 2.13201366e-04 2.14983282e-04
2.61107266e-01 7.32107296e-05 2.14596815e-04
2.61463904e-01 3.94554363e-04 2.19792493e-04
2.61820537e-01 7.84123654e-05 2.15980445e-04
2.62177166e-01 7.15982329e-05 2.15360349e-04
2.62533790e-01 1.22917811e-04 2.13877520e-04
2.62890410e-01 4.79985054e-04 2.16694856e-04
2.63247026e-01 6.34821516e-04 2.17695257e-04
2.63603638e-01 6.07454928e-04 2.16165863e-04
2.63960245e-01 4.88408738e-04 2.17225139e-04
2.64316848e-01 5.68648602e-05 2.13186961e-04
2.64673447e-01 1.63944833e-04 2.15962348e-04
2.65030042e-01 3.59072418e-04 2.12667408e-04
2.65386632e-01 4.19537541e-04 2.14191880e-04
2.65743217e-01 6.64250899e-04 2.17641278e-04
2.66099799e-01 -1.17492703e-04 2.10203012e-04
2.66456376e-01 5.24822282e-04 2.12934972e-04
2.66812948e-01 4.35896684e-04 2.18665045e-04
2.67169517e-01 6.21484473e-05 2.17121886e-04
2.67526081e-01 5.03925275e-04 2.15402993e-04
2.67882640e-01 4.45534892e-04 2.17152628e-04
2.68239195e-01 5.09677699e-04 2.16951394e-04
2.68595746e-01 6.26617987e-04 2.23668353e-04
2.68952293e-01 6.07612590e-04 2.20238647e-04
2.69308835e-01 3.29042562e-04 2.19404194e-04
2.69665372e-01 7.56721704e-05 2.19520726e-04
2.70021906e-01 3.08095924e-04 2.19262242e-04
2.70378435e-01 3.07914011e-04 2.23958436e-04
2.70734959e-01 2.24507636e-04 2.26367206e-04
2.71091479e-01 -3.96229205e-05 2.22433077e-04
2.71447995e-01 5.37923849e-04 2.25743664e-04
2.71804506e-01 5.07580982e-05 2.23163482e-04
2.72161012e-01 2.77528173e-04 2.25148532e-04
2.72517515e-01 2.59550584e-04 2.24381209e-04
2.72874012e-01 5.22986703e-05 2.27263685e-04
