1.54026655e-02 4.41009461e-03 1.62198991e-03
1.57608633e-02 3.20993999e-03 1.71245643e-03
1.61190608e-02 7.50334884e-04 1.54030145e-03
1.64772580e-02 3.02549675e-03 1.56243372e-03
1.68354550e-02 3.37836496e-03 1.42642490e-03
1.71936517e-02 3.45564769e-03 1.33283927e-03
1.75518481e-02 5.13435757e-03 1.34703128e-03
1.79100442e-02 4.91610079e-03 1.35987055e-03
1.82682400e-02 5.20000255e-03 1.31599979e-03
1.86264355e-02 5.35834409e-03 1.23867836e-03
1.89846308e-02 3.93422999e-03 1.20037925e-03
1.93428257e-02 5.58010069e-03 1.14110960e-03
1.97010202e-02 3.48994529e-03 1.05422012e-03
2.00592145e-02 3.73465709e-03 1.12765550e-03
2.04174084e-02 4.42406540e-03 1.07047468e-03
2.07756020e-02 5.38622047e-03 1.13008976e-03
2.11337953e-02 4.88565245e-03 1.05057966e-03
2.14919882e-02 3.04761425e-03 1.00627580e-03
2.18501808e-02 5.35357365e-03 1.03299929e-03
2.22083729e-02 4.62239912e-03 1.04035843e-03
2.25665648e-02 6.45083499e-03 1.00882068e-03
2.29247562e-02 4.29232385e-03 1.05744689e-03
2.32829473e-02 5.56117486e-03 1.00934484e-03
2.36411380e-02 4.19911720e-03 9.48655432e-04
2.39993283e-02 4.55284737e-03 9.09564966e-04
2.43575182e-02 4.77760537e-03 9.03886304e-04
2.47157077e-02 4.52165548e-03 9.15041157e-04
2.50738968e-02 6.20088054e-03 9.28768915e-04
2.54320855e-02 6.05378908e-03 8.73584923e-04
2.57902738e-02 4.72212188e-03 8.52892627e-04
2.61484617e-02 5.42277387e-03 9.17923964e-04
2.65066491e-02 6.52243086e-03 8.59843943e-04
2.68648361e-02 3.31393064e-03 8.61384952e-04
2.72230226e-02 4.71718399e-03 8.55665133e-04
2.75812087e-02 3.24218130e-03 7.62619953e-04
2.79393943e-02 4.25713495e-03 7.83888617e-04
2.82975795e-02 5.12012600e-03 8.01080824e-04
2.86557642e-02 5.06351361e-03 8.38820532e-04
2.90139485e-02 6.22578033e-03 8.37504752e-04
2.93721323e-02 4.83140450e-03 8.89417691e-04
2.97303155e-02 5.68358598e-03 8.29284987e-04
3.00884983e-02 5.48960471e-03 8.89788729e-04
3.04466806e-02 5.74632067e-03 8.44131588e-04
3.08048624e-02 5.56912430e-03 8.13628832e-04
3.11630437e-02 5.63026162e-03 8.93221457e-04
3.15212245e-02 4.78415428e-03 8.43424761e-04
3.18794048e-02 6.84169340e-03 8.27214819e-04
3.22375845e-02 5.27581788e-03 8.61568151e-04
3.25957637e-02 3.47572294e-03 8.18513237e-04
3.29539424e-02 5.73834302e-03 8.28241945e-04
3.33121205e-02 4.27194531e-03 8.19369528e-04
3.36702981e-02 4.30609682e-03 8.09551061e-04
3.40284751e-02 4.26975721e-03 8.03592383e-04
3.43866516e-02 4.14078815e-03 7.94862943e-04
3.47448275e-02 5.21257153e-03 7.87937155e-04
3.51030028e-02 4.93281344e-03 7.76132673e-04
3.54611775e-02 4.99875929e-03 7.73617521e-04
3.58193517e-02 6.24454684e-03 7.21406240e-04
3.61775253e-02 5.53372019e-03 7.11232745e-04
3.65356983e-02 5.20173800e-03 7.59949803e-04
3.68938706e-02 4.39751701e-03 7.30598729e-04
3.72520424e-02 5.56438245e-03 7.76108351e-04
3.76102136e-02 4.89601268e-03 7.24942585e-04
3.79683841e-02 4.66827747e-03 6.93384324e-04
3.83265540e-02 5.16010224e-03 6.90080329e-04
3.86847233e-02 4.58950993e-03 7.29390173e-04
3.90428920e-02 4.94220617e-03 7.08165025e-04
3.94010600e-02 4.25556995e-03 6.87110185e-04
3.97592273e-02 4.01180757e-03 6.94925498e-04
4.01173941e-02 4.95311817e-03 6.99507315e-04
4.04755601e-02 5.82794045e-03 6.96536861e-04
4.08337255e-02 5.38971095e-03 6.74010264e-04
4.11918902e-02 4.38973797e-03 6.71168091e-04
4.15500542e-02 5.64399534e-03 6.44085430e-04
4.19082176e-02 4.48874505e-03 6.48098621e-04
4.22663802e-02 5.62773684e-03 6.59842362e-04
4.26245422e-02 4.45106116e-03 6.93038851e-04
4.29827034e-02 5.25558433e-03 6.84416895e-04
4.33408640e-02 4.55583144e-03 6.85688262e-04
4.36990238e-02 4.68863434e-03 6.60984450e-04
4.40571830e-02 5.32292762e-03 6.88101840e-04
4.44153414e-02 3.74502857e-03 6.66546303e-04
4.47734990e-02 3.07157880e-03 6.35017262e-04
4.51316560e-02 3.87326396e-03 6.85501670e-04
4.54898122e-02 4.07891119e-03 6.74437320e-04
4.58479676e-02 3.99787680e-03 6.73773901e-04
4.62061223e-02 4.66191032e-03 6.64258783e-04
4.65642762e-02 4.49509100e-03 6.50377149e-04
4.69224294e-02 4.60938877e-03 6.91500121e-04
4.72805818e-02 4.64355030e-03 6.72954615e-04
4.76387334e-02 4.91688552e-03 6.92679753e-04
4.79968842e-02 4.63838115e-03 6.71779832e-04
4.83550342e-02 4.50999290e-03 6.56700062e-04
4.87131835e-02 4.64245141e-03 6.29280022e-04
4.90713319e-02 4.81405974e-03 6.28627324e-04
4.94294795e-02 3.99969794e-03 6.35097896e-04
4.97876264e-02 3.59223511e-03 6.37315086e-04
5.01457724e-02 3.26449780e-03 6.47114818e-04
5.05039175e-02 4.78175767e-03 6.33749344e-04
5.08620619e-02 5.59579656e-03 6.22797394e-04
5.12202054e-02 4.70490455e-03 6.24160677e-04
5.15783481e-02 3.78053305e-03 5.72343355e-04
5.19364899e-02 4.08762364e-03 6.24325175e-04
5.22946308e-02 4.53229937e-03 6.12006715e-04
5.26527709e-02 4.67546366e-03 6.08369276e-04
5.30109102e-02 4.48302586e-03 5.84093023e-04
5.33690485e-02 3.55629318e-03 5.71145206e-04
5.37271860e-02 3.50740616e-03 5.79189482e-04
5.40853226e-02 3.87266358e-03 5.99367355e-04
5.44434583e-02 3.61854290e-03 5.66644314e-04
5.48015932e-02 3.95012310e-03 6.05348301e-04
5.51597271e-02 4.24177851e-03 5.81374618e-04
5.55178601e-02 3.16111221e-03 5.79768061e-04
5.58759922e-02 4.21119584e-03 5.86698301e-04
5.62341234e-02 4.75022919e-03 5.67670916e-04
5.65922536e-02 3.42992974e-03 5.47231925e-04
5.69503829e-02 3.89511828e-03 5.62755328e-04
5.73085113e-02 3.99143428e-03 5.72547253e-04
5.76666388e-02 3.29555345e-03 5.56159207e-04
5.80247653e-02 4.10903404e-03 5.67221565e-04
5.83828908e-02 3.96785078e-03 5.53440145e-04
5.87410154e-02 2.95310353e-03 5.40347062e-04
5.90991390e-02 2.89845086e-03 5.70685639e-04
5.94572616e-02 3.25067498e-03 5.40505913e-04
5.98153833e-02 3.39172185e-03 5.50081855e-04
6.01735040e-02 3.78401225e-03 5.63283476e-04
6.05316237e-02 4.55412286e-03 5.52882596e-04
6.08897424e-02 2.07836675e-03 5.24612908e-04
6.12478600e-02 3.44180583e-03 5.32214841e-04
6.16059767e-02 3.69171938e-03 5.25594456e-04
6.19640924e-02 2.08800822e-03 5.15324057e-04
6.23222071e-02 2.49713149e-03 5.23701403e-04
6.26803207e-02 3.08750911e-03 5.30617078e-04
6.30384333e-02 2.01625864e-03 5.18139852e-04
6.33965448e-02 4.20051721e-03 5.18367038e-04
6.37546554e-02 2.78408694e-03 5.25028910e-04
6.41127648e-02 3.80617384e-03 5.29599842e-04
6.44708732e-02 2.64688165e-03 4.94486792e-04
6.48289806e-02 3.26246521e-03 5.46447502e-04
6.51870869e-02 3.47005329e-03 5.18720718e-04
6.55451921e-02 2.65786394e-03 5.24142186e-04
6.59032962e-02 2.93530025e-03 5.05401047e-04
6.62613993e-02 2.72711000e-03 5.19824487e-04
6.66195012e-02 3.48267365e-03 5.16242186e-04
6.69776021e-02 4.03596864e-03 5.15856731e-04
6.73357019e-02 3.45799557e-03 5.17972137e-04
6.76938005e-02 2.68542579e-03 5.03999208e-04
6.80518981e-02 3.95512011e-03 4.82672462e-04
6.84099945e-02 3.66415488e-03 4.85422043e-04
6.87680898e-02 3.02053782e-03 4.76918271e-04
6.91261840e-02 2.60534444e-03 4.99682338e-04
6.94842770e-02 2.33409442e-03 4.93962801e-04
6.98423689e-02 2.83581850e-03 4.84095671e-04
7.02004596e-02 2.72221169e-03 4.68538571e-04
7.05585492e-02 3.03630810e-03 4.83367599e-04
7.09166377e-02 1.82308283e-03 4.89416054e-04
7.12747249e-02 1.88432232e-03 4.76306609e-04
7.16328110e-02 2.22299063e-03 4.89735502e-04
7.19908959e-02 2.91416487e-03 4.82138088e-04
7.23489796e-02 2.84746649e-03 4.78720533e-04
7.27070622e-02 3.06468730e-03 4.87514181e-04
7.30651435e-02 2.78415678e-03 4.82995990e-04
7.34232237e-02 2.01926871e-03 4.84682074e-04
7.37813026e-02 2.11437072e-03 4.67242380e-04
7.41393803e-02 2.69562988e-03 4.60017546e-04
7.44974568e-02 1.93065108e-03 4.74723657e-04
7.48555321e-02 2.58552682e-03 4.62489201e-04
7.52136061e-02 2.50870943e-03 4.76047916e-04
7.55716789e-02 2.50428866e-03 4.52161834e-04
7.59297505e-02 1.67859105e-03 4.57713968e-04
7.62878208e-02 1.67616699e-03 4.69203644e-04
7.66458899e-02 2.04900448e-03 4.64545616e-04
7.70039577e-02 2.36003771e-03 4.60493800e-04
7.73620242e-02 2.83799235e-03 4.59411131e-04
7.77200895e-02 2.36366013e-03 4.52559516e-04
7.80781535e-02 2.52909386e-03 4.63599560e-04
7.84362162e-02 2.19803878e-03 4.68094103e-04
7.87942776e-02 2.96427567e-03 4.71908619e-04
7.91523377e-02 2.45559261e-03 4.80266367e-04
7.95103965e-02 1.44191681e-03 4.55659768e-04
7.98684540e-02 1.89113306e-03 4.53960972e-04
8.02265102e-02 1.88408448e-03 4.50209008e-04
8.05845651e-02 2.23043523e-03 4.43606342e-04
8.09426186e-02 2.73547086e-03 4.65401619e-04
8.13006709e-02 2.60949208e-03 4.60512688e-04
8.16587217e-02 1.38173802e-03 4.52201457e-04
8.20167713e-02 1.78951066e-03 4.49169483e-04
8.23748195e-02 1.79478694e-03 4.52950671e-04
8.27328663e-02 2.09248250e-03 4.25451089e-04
8.30909118e-02 1.88720135e-03 4.40862175e-04
8.34489559e-02 1.54328143e-03 4.31614013e-04
8.38069986e-02 9.58975175e-04 4.35129602e-04
8.41650400e-02 1.55585988e-03 4.47662120e-04
8.45230800e-02 1.23558429e-03 4.30415515e-04
8.48811185e-02 1.59100165e-03 4.53592836e-04
8.52391557e-02 9.36087969e-04 4.41429774e-04
8.55971915e-02 2.05061419e-03 4.39971399e-04
8.59552259e-02 1.26081174e-03 4.29835415e-04
8.63132589e-02 1.72590979e-03 4.38063032e-04
8.66712904e-02 2.06610352e-03 4.62400792e-04
8.70293205e-02 2.24154226e-03 4.44817093e-04
8.73873492e-02 1.66873706e-03 4.33218581e-04
8.77453765e-02 1.11790863e-03 4.31045646e-04
8.81034023e-02 1.23747000e-03 4.31587078e-04
8.84614267e-02 6.91012760e-04 4.22870269e-04
8.88194496e-02 8.67692540e-04 4.20061001e-04
8.91774710e-02 1.16986119e-03 4.31126228e-04
8.95354910e-02 1.28326154e-03 4.24289129e-04
8.98935095e-02 9.65794423e-04 4.41328288e-04
9.02515266e-02 1.68929215e-03 4.36455362e-04
9.06095421e-02 1.32332259e-03 4.17087233e-04
9.09675562e-02 1.64606253e-03 4.40172510e-04
9.13255687e-02 1.92087868e-03 4.37613740e-04
9.16835798e-02 1.50888736e-03 4.41986475e-04
9.20415894e-02 1.59856523e-03 4.35678576e-04
9.23995974e-02 1.74476949e-03 4.32338262e-04
9.27576039e-02 9.28194569e-04 4.15394874e-04
9.31156089e-02 7.00017731e-04 4.09443377e-04
9.34736124e-02 1.64285226e-03 4.14327934e-04
9.38316143e-02 1.29900443e-03 4.10809388e-04
9.41896147e-02 1.67565259e-03 4.31514354e-04
9.45476136e-02 7.55083948e-04 4.20433602e-04
9.49056108e-02 8.18684416e-04 4.08834372e-04
9.52636066e-02 1.16202780e-03 4.04260245e-04
9.56216007e-02 1.28019413e-03 4.05889402e-04
9.59795933e-02 1.83829339e-03 4.11462393e-04
9.63375843e-02 4.37052717e-04 4.14967945e-04
9.66955738e-02 9.81135307e-04 4.10467214e-04
9.70535616e-02 1.28773441e-03 4.02640023e-04
9.74115478e-02 9.64585989e-04 4.10042327e-04
9.77695325e-02 9.52529992e-04 4.06191789e-04
9.81275155e-02 1.01719847e-03 4.14012681e-04
9.84854969e-02 1.08533359e-03 4.09390460e-04
9.88434768e-02 1.36018744e-03 3.97638514e-04
9.92014549e-02 9.17928371e-04 4.07857829e-04
9.95594315e-02 4.59198778e-04 4.03883204e-04
9.99174064e-02 1.37371953e-03 4.00516834e-04
1.00275380e-01 8.87218155e-04 3.94976733e-04
1.00633351e-01 1.08132694e-03 3.98119081e-04
1.00991321e-01 3.55582904e-05 3.98677629e-04
1.01349290e-01 7.20794066e-04 4.03952468e-04
1.01707256e-01 1.35026604e-03 3.98383591e-04
1.02065221e-01 1.22369914e-03 3.94869681e-04
1.02423184e-01 1.58187762e-03 3.96004647e-04
1.02781146e-01 1.20164070e-03 3.89644670e-04
1.03139106e-01 9.41259901e-04 3.87690315e-04
1.03497064e-01 1.36944688e-03 3.90238791e-04
1.03855021e-01 1.34318247e-03 3.90656843e-04
1.04212976e-01 1.01369061e-03 3.87740188e-04
1.04570929e-01 1.28681519e-03 3.92059855e-04
1.04928880e-01 7.90645837e-04 3.96709256e-04
1.05286830e-01 8.87179662e-04 4.02927816e-04
1.05644778e-01 5.12971684e-04 3.98870209e-04
1.06002724e-01 4.35493303e-04 3.89014197e-04
1.06360668e-01 3.49766361e-04 3.97533409e-04
1.06718611e-01 9.24286611e-04 4.10072025e-04
1.07076552e-01 3.83197377e-04 3.90731021e-04
1.07434491e-01 1.36351581e-03 3.93451353e-04
1.07792429e-01 1.10365919e-03 3.92231214e-04
1.08150364e-01 6.93061590e-04 4.01997311e-04
1.08508298e-01 8.95777210e-04 4.05559345e-04
1.08866230e-01 8.77675912e-04 3.93859531e-04
1.09224160e-01 4.64000174e-04 4.02466030e-04
1.09582089e-01 6.61692389e-04 4.02332700e-04
1.09940016e-01 6.68592807e-04 3.98648842e-04
1.10297941e-01 6.84526029e-04 3.99818778e-04
1.10655864e-01 5.51028505e-04 3.81999756e-04
1.11013785e-01 5.93593674e-04 3.91061538e-04
1.11371704e-01 1.00837907e-03 3.94710240e-04
1.11729622e-01 1.87753047e-04 3.73757756e-04
1.12087538e-01 1.92769754e-04 3.89081769e-04
1.12445452e-01 2.99714695e-05 3.88547851e-04
1.12803364e-01 2.07133149e-05 3.77718853e-04
1.13161274e-01 3.85608739e-04 3.77685725e-04
1.13519182e-01 1.04846660e-03 3.83622473e-04
1.13877089e-01 6.43504102e-04 3.86781112e-04
1.14234994e-01 6.82536282e-04 3.81685115e-04
1.14592896e-01 2.16258824e-04 3.72766590e-04
1.14950797e-01 7.77914638e-04 3.62453559e-04
1.15308696e-01 8.75725903e-04 3.73670566e-04
1.15666593e-01 8.27363041e-04 3.71660252e-04
1.16024488e-01 5.51989702e-04 3.73916081e-04
1.16382382e-01 1.20950502e-03 3.80379417e-04
1.16740273e-01 1.26421741e-03 3.77178753e-04
1.17098163e-01 5.76841763e-04 3.68378360e-04
1.17456050e-01 5.71823628e-04 3.73209555e-04
1.17813936e-01 7.01979385e-04 3.77146293e-04
1.18171819e-01 6.48398246e-04 3.82347057e-04
1.18529701e-01 3.36235798e-04 3.69833950e-04
1.18887581e-01 6.72440576e-05 3.74930701e-04
1.19245459e-01 6.47220211e-04 3.76890388e-04
1.19603335e-01 4.33653786e-04 3.81808465e-04
1.19961208e-01 2.37396301e-04 3.77414839e-04
1.20319080e-01 9.55719722e-04 3.73378527e-04
1.20676950e-01 2.44279969e-04 3.75892044e-04
1.21034818e-01 1.02862758e-03 3.77873465e-04
1.21392684e-01 -2.27045527e-04 3.81425362e-04
1.21750548e-01 3.51425691e-04 3.74359299e-04
1.22108410e-01 7.20403905e-04 3.81283448e-04
1.22466270e-01 9.64383314e-04 3.79391521e-04
1.22824128e-01 4.21135472e-04 3.80254688e-04
1.23181984e-01 4.94933346e-04 3.74017151e-04
1.23539838e-01 1.02998410e-03 3.75255939e-04
1.23897690e-01 1.30268543e-04 3.74019298e-04
1.24255540e-01 6.16711399e-04 3.69020404e-04
1.24613388e-01 4.40146579e-04 3.70681457e-04
1.24971233e-01 4.33176628e-04 3.63543026e-04
1.25329077e-01 5.70271939e-04 3.59849674e-04
1.25686919e-01 -4.55548446e-04 3.69937216e-04
1.26044758e-01 9.72712274e-05 3.65414593e-04
1.26402596e-01 1.37387652e-04 3.62314780e-04
1.26760431e-01 -1.55233761e-04 3.62997656e-04
1.27118265e-01 4.42274862e-04 3.64118971e-04
1.27476096e-01 5.72543937e-04 3.50466043e-04
1.27833925e-01 3.12823043e-04 3.57761477e-04
1.28191752e-01 5.47578697e-05 3.47592985e-04
1.28549577e-01 5.91803068e-04 3.44802903e-04
1.28907400e-01 6.00349806e-04 3.55135535e-04
1.29265221e-01 1.09580952e-04 3.49651943e-04
1.29623040e-01 5.78054440e-05 3.49791456e-04
1.29980856e-01 2.34261812e-04 3.45235749e-04
1.30338670e-01 5.53910150e-04 3.48452512e-04
1.30696483e-01 5.84603861e-04 3.44969726e-04
1.31054293e-01 6.96834172e-04 3.42730287e-04
1.31412101e-01 5.04092796e-04 3.49672348e-04
1.31769906e-01 3.49303469e-04 3.34743409e-04
1.32127710e-01 3.42662000e-04 3.40028478e-04
1.32485511e-01 3.03914816e-04 3.40577936e-04
1.32843311e-01 5.21399490e-04 3.50643351e-04
1.33201108e-01 -1.24196141e-04 3.48553878e-04
1.33558903e-01 4.23924002e-04 3.43372213e-04
1.33916695e-01 8.20611671e-04 3.45754246e-04
1.34274486e-01 -7.23517361e-05 3.40559171e-04
1.34632274e-01 4.92446921e-04 3.39349352e-04
1.34990060e-01 2.49048320e-04 3.42745241e-04
1.35347844e-01 5.81319739e-04 3.38922571e-04
1.35705626e-01 3.65678080e-04 3.41839076e-04
1.36063405e-01 -8.73990732e-05 3.40206598e-04
1.36421182e-01 6.52304645e-04 3.42891558e-04
1.36778957e-01 5.98843674e-04 3.34532806e-04
1.37136730e-01 4.53730435e-04 3.35722251e-04
1.37494500e-01 3.85460934e-04 3.33843410e-04
1.37852269e-01 8.38447367e-04 3.34443351e-04
1.38210034e-01 -1.61455636e-04 3.37270073e-04
1.38567798e-01 3.75663470e-04 3.31055212e-04
1.38925559e-01 3.58188278e-04 3.35339625e-04
1.39283319e-01 2.40935836e-04 3.33123966e-04
1.39641075e-01 -2.15960496e-04 3.31754796e-04
1.39998830e-01 4.25146618e-04 3.21251698e-04
1.40356582e-01 2.23948267e-04 3.29315530e-04
1.40714332e-01 2.37051944e-04 3.38299735e-04
1.41072080e-01 -4.47417069e-05 3.25187810e-04
1.41429825e-01 2.26543355e-04 3.28211880e-04
1.41787568e-01 -3.29868694e-05 3.31771526e-04
1.42145308e-01 4.29657770e-04 3.20568877e-04
1.42503047e-01 4.66764158e-04 3.30368152e-04
1.42860783e-01 2.60436815e-04 3.27607797e-04
1.43218516e-01 1.24091359e-04 3.20294307e-04
1.43576247e-01 5.37966095e-05 3.21718948e-04
1.43933976e-01 4.00832142e-04 3.24640335e-04
1.44291703e-01 2.73499418e-05 3.27020303e-04
1.44649427e-01 -4.87785311e-05 3.25135684e-04
1.45007149e-01 -9.63769004e-05 3.19654347e-04
1.45364868e-01 1.60967672e-04 3.16551929e-04
1.45722585e-01 4.07500345e-04 3.18697808e-04
1.46080300e-01 -3.18434828e-05 3.21651822e-04
1.46438012e-01 7.17743355e-05 3.20306562e-04
1.46795722e-01 2.22711603e-04 3.14552798e-04
1.47153429e-01 7.77635100e-04 3.26312194e-04
1.47511134e-01 1.94051350e-04 3.15982879e-04
1.47868837e-01 1.41017933e-05 3.16191924e-04
1.48226537e-01 5.61273327e-04 3.24823383e-04
1.48584235e-01 -4.48796083e-05 3.08036314e-04
1.48941930e-01 1.30066843e-04 3.12367427e-04
1.49299623e-01 1.62573776e-05 3.13644489e-04
1.49657313e-01 -2.89999529e-05 3.11565510e-04
1.50015001e-01 6.94869211e-04 3.21348186e-04
1.50372687e-01 8.19832890e-04 3.18509873e-04
1.50730370e-01 3.59134038e-04 3.16187834e-04
1.51088050e-01 4.48723493e-04 3.16242754e-04
1.51445728e-01 2.85267604e-04 3.16056347e-04
1.51803404e-01 1.56533994e-05 3.21818581e-04
1.52161077e-01 -1.21116311e-04 3.13616088e-04
1.52518747e-01 1.12880981e-04 3.03448014e-04
1.52876416e-01 5.61092934e-04 3.10473807e-04
1.53234081e-01 4.49421393e-04 3.06981128e-04
1.53591744e-01 4.93538860e-04 3.05104106e-04
1.53949405e-01 4.03764433e-04 3.06536140e-04
1.54307063e-01 1.22081908e-04 3.11414317e-04
1.54664718e-01 1.68046037e-04 3.13256368e-04
1.55022371e-01 3.36486954e-04 3.12388277e-04
1.55380021e-01 6.66518130e-04 3.11188091e-04
1.55737669e-01 2.01620033e-04 3.04588416e-04
1.56095314e-01 5.39420080e-04 3.10944119e-04
1.56452957e-01 1.77795104e-04 3.02109348e-04
1.56810597e-01 3.25501366e-04 3.04371825e-04
1.57168235e-01 1.02879615e-04 3.07119263e-04
1.57525870e-01 3.42166119e-04 3.05966999e-04
1.57883502e-01 7.96262918e-06 2.95692865e-04
1.58241132e-01 3.08116118e-04 3.05008421e-04
1.58598759e-01 1.91543381e-04 2.95925708e-04
1.58956384e-01 2.16646080e-05 2.99453997e-04
1.59314006e-01 2.81465738e-04 3.01370961e-04
1.59671625e-01 1.26434065e-04 3.03188675e-04
1.60029242e-01 3.64056608e-05 3.01313295e-04
1.60386856e-01 -1.77983556e-04 3.02099560e-04
1.60744468e-01 2.31238728e-04 3.06782012e-04
1.61102076e-01 1.17203220e-04 2.97840215e-04
1.61459683e-01 -1.37141698e-04 2.98692718e-04
1.61817286e-01 2.47994560e-05 2.93663932e-04
1.62174887e-01 1.61930028e-04 3.05451094e-04
1.62532485e-01 -3.04419236e-04 3.00944536e-04
1.62890081e-01 2.98875136e-04 2.95520147e-04
1.63247674e-01 9.71033140e-05 2.92899141e-04
1.63605264e-01 1.52145840e-04 3.00954267e-04
1.63962852e-01 -1.62044385e-04 2.95736434e-04
1.64320437e-01 3.22311168e-05 2.97591310e-04
1.64678019e-01 1.66836766e-04 2.93733302e-04
1.65035598e-01 -4.46786078e-04 2.92697145e-04
1.65393175e-01 1.02386413e-04 2.92855161e-04
1.65750749e-01 -4.34749433e-05 2.94691631e-04
1.66108320e-01 9.14832229e-05 2.96542389e-04
1.66465889e-01 2.78471683e-04 2.93463322e-04
1.66823455e-01 -5.36218182e-05 2.91798283e-04
1.67181018e-01 -2.30997294e-06 2.91031204e-04
1.67538578e-01 1.52836202e-04 2.87270160e-04
1.67896136e-01 4.63825474e-04 2.94732951e-04
1.68253691e-01 -3.46730901e-04 2.91593309e-04
1.68611243e-01 -2.00931403e-04 2.89211073e-04
1.68968792e-01 -4.87341058e-04 2.88263882e-04
1.69326339e-01 2.71015447e-04 2.90509477e-04
1.69683883e-01 -2.28663702e-04 2.82589668e-04
1.70041424e-01 5.72889930e-04 2.89201932e-04
1.70398962e-01 -3.72592021e-04 2.84481796e-04
1.70756497e-01 2.04320748e-04 2.89354812e-04
1.71114030e-01 1.58132725e-04 2.96379167e-04
1.71471560e-01 2.11427452e-04 2.88985714e-04
1.71829087e-01 1.85484857e-04 2.89910041e-04
1.72186611e-01 3.10752697e-04 2.89119391e-04
1.72544132e-01 4.86123161e-04 2.90396050e-04
1.72901651e-01 -2.96794330e-05 2.85164101e-04
1.73259167e-01 2.10406628e-04 2.90567481e-04
1.73616679e-01 4.02496399e-04 2.91505639e-04
1.73974189e-01 1.53430697e-04 2.84796966e-04
1.74331697e-01 2.86568318e-04 2.79484907e-04
1.74689201e-01 -2.07324364e-04 2.84932942e-04
1.75046702e-01 -2.23837510e-04 2.81679842e-04
1.75404201e-01 2.94175940e-06 2.85312412e-04
1.75761697e-01 9.25250376e-05 2.84426710e-04
1.76119189e-01 -7.65610880e-05 2.76962912e-04
1.76476679e-01 -5.70974040e-05 2.79601349e-04
1.76834166e-01 3.51822127e-04 2.85022020e-04
1.77191650e-01 -1.29908551e-05 2.79817062e-04
1.77549132e-01 2.34855161e-04 2.79594829e-04
1.77906610e-01 5.48264063e-05 2.77477999e-04
1.78264085e-01 -1.59789852e-04 2.82546970e-04
1.78621558e-01 -1.14924027e-04 2.80174231e-04
1.78979027e-01 2.28540228e-04 2.71856082e-04
1.79336494e-01 -8.91553565e-07 2.72093686e-04
1.79693958e-01 -2.11791419e-04 2.72418419e-04
1.80051418e-01 -2.63572097e-04 2.78429947e-04
1.80408876e-01 -1.91726947e-06 2.80774999e-04
1.80766331e-01 -2.13971902e-05 2.87452890e-04
1.81123783e-01 -7.80418256e-05 2.77574055e-04
1.81481232e-01 4.34282839e-04 2.84775595e-04
1.81838677e-01 -4.13213383e-04 2.82090816e-04
1.82196120e-01 5.55536041e-05 2.87489956e-04
1.82553560e-01 -2.06649844e-04 2.82648974e-04
1.82910997e-01 2.75219311e-04 2.81405580e-04
1.83268431e-01 -3.10148853e-04 2.78490319e-04
1.83625862e-01 -1.12552811e-04 2.80304321e-04
1.83983290e-01 3.99285940e-04 2.88579040e-04
1.84340715e-01 4.99212975e-05 2.89131953e-04
1.84698137e-01 1.05440374e-04 2.85735083e-04
1.85055556e-01 -2.70299026e-04 2.82568726e-04
1.85412971e-01 6.74552509e-05 2.82248270e-04
1.85770384e-01 -1.65955659e-04 2.82733202e-04
1.86127794e-01 -7.83641415e-05 2.85188723e-04
1.86485200e-01 2.70150736e-04 2.83406751e-04
1.86842604e-01 3.61931583e-04 2.77189044e-04
1.87200005e-01 3.12328199e-04 2.81520323e-04
1.87557402e-01 4.57232154e-05 2.76451390e-04
1.87914797e-01 2.12632526e-04 2.81215705e-04
1.88272188e-01 -4.04886939e-04 2.79280487e-04
1.88629576e-01 3.07277914e-04 2.76957238e-04
1.88986961e-01 1.99185815e-04 2.78475678e-04
1.89344343e-01 -5.12590261e-06 2.72772495e-04
1.89701722e-01 -9.46101396e-05 2.72417120e-04
1.90059098e-01 -1.93712929e-04 2.68664592e-04
1.90416471e-01 -5.14490894e-05 2.72090051e-04
1.90773840e-01 -1.16416762e-04 2.77522464e-04
1.91131207e-01 -1.31309564e-04 2.74386588e-04
1.91488570e-01 1.79666245e-05 2.70474797e-04
1.91845930e-01 1.44597560e-04 2.70370891e-04
1.92203287e-01 2.40805738e-04 2.73910801e-04
1.92560641e-01 2.22367802e-04 2.74286696e-04
1.92917992e-01 -2.32193395e-05 2.71917062e-04
1.93275340e-01 -1.78985886e-04 2.68880860e-04
1.93632684e-01 6.61492322e-05 2.71421264e-04
1.93990025e-01 -2.90854916e-04 2.67322153e-04
1.94347363e-01 1.15318394e-04 2.71114528e-04
1.94704698e-01 -3.13866658e-04 2.71840337e-04
1.95062030e-01 -5.40137719e-04 2.71406218e-04
1.95419358e-01 4.84073722e-05 2.72359479e-04
1.95776684e-01 4.13038500e-04 2.62715256e-04
1.96134006e-01 3.05642648e-05 2.62546160e-04
1.96491324e-01 -3.69069415e-05 2.75203015e-04
1.96848640e-01 3.54247597e-04 2.71734613e-04
1.97205953e-01 2.01700174e-04 2.75349127e-04
1.97563262e-01 3.64170862e-05 2.74280599e-04
1.97920568e-01 1.68374001e-04 2.67435190e-04
1.98277870e-01 1.10060488e-04 2.72189140e-04
1.98635170e-01 1.86452774e-04 2.72134509e-04
1.98992466e-01 1.84652590e-04 2.68343902e-04
1.99349759e-01 -4.01004266e-04 2.68912305e-04
1.99707049e-01 9.96789528e-05 2.66063368e-04
2.00064335e-01 -3.99263161e-04 2.65999436e-04
2.00421618e-01 -4.86354740e-04 2.64506775e-04
2.00778898e-01 -3.72271049e-04 2.66382207e-04
2.01136174e-01 -2.76313138e-04 2.65369671e-04
2.01493448e-01 -6.14251583e-04 2.62473387e-04
2.01850718e-01 -5.56955106e-04 2.64085029e-04
2.02207984e-01 1.06765475e-04 2.64224857e-04
2.02565248e-01 5.56224932e-05 2.60143163e-04
2.02922508e-01 -1.44292703e-04 2.64250166e-04
2.03279764e-01 -1.71425920e-04 2.58253559e-04
2.03637018e-01 -2.75167778e-04 2.59970049e-04
2.03994268e-01 -9.89775219e-05 2.58647283e-04
2.04351514e-01 1.60382415e-04 2.50577164e-04
2.04708758e-01 3.30154883e-04 2.53134463e-04
2.05065998e-01 2.57403618e-04 2.59759909e-04
2.05423234e-01 2.14605962e-04 2.61777739e-04
2.05780467e-01 -2.27430385e-04 2.53309460e-04
2.06137697e-01 5.07489884e-05 2.51167177e-04
2.06494924e-01 1.79171732e-04 2.59186305e-04
2.06852147e-01 -8.67209752e-05 2.54238210e-04
2.07209367e-01 -2.05601085e-04 2.60631417e-04
2.07566583e-01 1.13876475e-05 2.62512248e-04
2.07923796e-01 -1.51577342e-04 2.50303739e-04
2.08281005e-01 1.55851102e-05 2.54926150e-04
2.08638211e-01 -5.04770903e-04 2.56508954e-04
2.08995414e-01 -1.48661223e-04 2.56307779e-04
2.09352613e-01 -1.61041406e-04 2.52627227e-04
2.09709809e-01 6.46279454e-05 2.53543800e-04
2.10067002e-01 2.17878036e-04 2.51633668e-04
2.10424191e-01 -1.35553626e-04 2.52893423e-04
2.10781376e-01 -9.57271503e-05 2.50004035e-04
2.11138558e-01 -1.85490984e-05 2.53859571e-04
2.11495737e-01 1.99230901e-05 2.52310374e-04
2.11852912e-01 -5.51139078e-05 2.51537249e-04
2.12210084e-01 2.69238977e-04 2.53729797e-04
2.12567252e-01 9.09455982e-05 2.52340816e-04
2.12924416e-01 -1.58031706e-05 2.45587732e-04
2.13281578e-01 -2.05509227e-04 2.45968136e-04
2.13638735e-01 -6.42025660e-05 2.45124375e-04
2.13995890e-01 -3.90904711e-04 2.44435916e-04
2.14353040e-01 3.52328548e-04 2.52735488e-04
2.14710188e-01 4.58542905e-05 2.44360151e-04
2.15067331e-01 2.49370448e-04 2.51911986e-04
2.15424471e-01 -6.95352570e-05 2.47659143e-04
2.15781608e-01 6.75097844e-05 2.52338657e-04
2.16138741e-01 2.37599012e-04 2.44743041e-04
2.16495871e-01 7.05776313e-05 2.47475076e-04
2.16852997e-01 -1.38714845e-04 2.43326876e-04
2.17210119e-01 1.42598841e-04 2.48243982e-04
2.17567238e-01 -2.59121773e-04 2.39855664e-04
2.17924354e-01 9.12891446e-05 2.43269323e-04
2.18281465e-01 -5.00631162e-05 2.43238723e-04
2.18638574e-01 -2.79941527e-04 2.40740367e-04
2.18995678e-01 2.03567981e-04 2.43107548e-04
2.19352779e-01 2.81117466e-04 2.41398598e-04
2.19709877e-01 4.68937280e-04 2.42581733e-04
2.20066971e-01 -9.03693455e-05 2.45072174e-04
2.20424061e-01 2.45139796e-04 2.45031170e-04
2.20781147e-01 -9.39888878e-06 2.46764253e-04
2.21138230e-01 -2.52120674e-04 2.37755905e-04
2.21495310e-01 -1.66055219e-04 2.38841644e-04
2.21852386e-01 3.25602218e-04 2.42627079e-04
2.22209458e-01 2.02970279e-04 2.42356043e-04
2.22566526e-01 1.29272921e-06 2.38786327e-04
2.22923591e-01 3.86820947e-05 2.39062959e-04
2.23280652e-01 -1.93403405e-04 2.38002664e-04
2.23637710e-01 -2.84186303e-04 2.41809193e-04
2.23994764e-01 1.77356797e-04 2.38169079e-04
2.24351814e-01 9.41556196e-05 2.38258160e-04
2.24708861e-01 1.21446953e-04 2.41633126e-04
2.25065904e-01 -8.06325346e-06 2.38924727e-04
2.25422943e-01 -4.39139138e-04 2.38853470e-04
2.25779978e-01 -5.70117821e-04 2.35615926e-04
2.26137010e-01 5.96705804e-05 2.33669228e-04
2.26494038e-01 -2.11658978e-04 2.39675293e-04
2.26851063e-01 1.15101568e-04 2.36663696e-04
2.27208083e-01 -5.88167926e-04 2.34232393e-04
2.27565100e-01 3.35813985e-04 2.34847296e-04
2.27922114e-01 -1.09661668e-04 2.30720476e-04
2.28279123e-01 -8.30239461e-05 2.33146933e-04
2.28636129e-01 -9.95831547e-05 2.32367746e-04
2.28993131e-01 -4.09737547e-04 2.33131716e-04
2.29350129e-01 2.92452650e-04 2.30213578e-04
2.29707124e-01 4.42354701e-04 2.26949409e-04
2.30064115e-01 2.50890679e-04 2.35026085e-04
2.30421102e-01 1.21044355e-04 2.30291771e-04
2.30778085e-01 -1.96329119e-05 2.34735828e-04
2.31135064e-01 -1.43587476e-04 2.32150516e-04
2.31492040e-01 7.44747520e-05 2.31107271e-04
2.31849012e-01 -2.82413358e-04 2.28499282e-04
2.32205980e-01 1.16474083e-04 2.32996679e-04
2.32562944e-01 -4.79248738e-05 2.30962893e-04
2.32919905e-01 -1.83004665e-04 2.29271674e-04
2.33276862e-01 -3.52551140e-05 2.32302645e-04
2.33633814e-01 -1.95004009e-04 2.33035879e-04
2.33990763e-01 -6.77298220e-04 2.24794059e-04
2.34347709e-01 2.89418708e-04 2.26611258e-04
2.34704650e-01 4.45884275e-05 2.31038944e-04
2.35061588e-01 -6.50317508e-05 2.30584205e-04
2.35418521e-01 1.26529763e-04 2.28942361e-04
2.35775451e-01 -9.70221375e-05 2.24864369e-04
2.36132377e-01 1.26622263e-04 2.25485091e-04
2.36489299e-01 2.97464001e-04 2.27948029e-04
2.36846218e-01 2.73398618e-04 2.25961344e-04
2.37203132e-01 -1.55565471e-04 2.21431154e-04
2.37560042e-01 -2.44878335e-04 2.26012331e-04
2.37916949e-01 2.43707176e-04 2.25975832e-04
2.38273852e-01 3.61801290e-04 2.26125161e-04
2.38630751e-01 -1.18607127e-04 2.21854193e-04
2.38987645e-01 -6.09207484e-05 2.24894054e-04
2.39344537e-01 1.98551995e-04 2.27489334e-04
2.39701424e-01 5.69045862e-04 2.26682876e-04
2.40058307e-01 -1.93797611e-05 2.24095457e-04
2.40415186e-01 -1.89440259e-04 2.23891614e-04
2.40772061e-01 -2.27435875e-04 2.24372518e-04
2.41128933e-01 2.55732757e-04 2.26372442e-04
2.41485800e-01 6.43123678e-06 2.26326049e-04
2.41842664e-01 -1.63054452e-05 2.26257426e-04
2.42199523e-01 -1.60296816e-04 2.20465449e-04
2.42556379e-01 5.50193239e-05 2.21135669e-04
2.42913230e-01 2.39702972e-04 2.21067592e-04
2.43270078e-01 5.79165433e-06 2.20047917e-04
2.43626922e-01 1.96009191e-04 2.24136768e-04
2.43983761e-01 2.59369520e-04 2.19807008e-04
2.44340597e-01 1.89209357e-04 2.21302709e-04
2.44697429e-01 -2.94818314e-04 2.18710737e-04
2.45054256e-01 -1.42339636e-04 2.23409806e-04
2.45411080e-01 -2.46323161e-04 2.15097196e-04
2.45767900e-01 -1.00136988e-04 2.17304991e-04
2.46124715e-01 9.74876832e-05 2.19542536e-04
2.46481527e-01 2.23667574e-04 2.15313154e-04
2.46838334e-01 -3.09779117e-04 2.19214500e-04
2.47195138e-01 -4.47790630e-05 2.16284428e-04
2.47551938e-01 -1.95683202e-04 2.15321155e-04
2.47908733e-01 -4.94296791e-06 2.15041419e-04
2.48265524e-01 -1.78670651e-04 2.18335225e-04
2.48622312e-01 9.94973937e-05 2.19975046e-04
2.48979095e-01 2.33421929e-04 2.17108850e-04
2.49335874e-01 2.48603676e-04 2.15529038e-04
2.49692649e-01 3.75652064e-04 2.19905426e-04
2.50049420e-01 5.21528822e-05 2.16411746e-04
2.50406187e-01 -7.13222683e-05 2.14440923e-04
2.50762950e-01 2.07695221e-04 2.16047236e-04
2.51119709e-01 1.67278031e-04 2.16100301e-04
2.51476464e-01 -1.15556602e-04 2.15098808e-04
2.51833214e-01 -4.02730517e-04 2.12926822e-04
2.52189961e-01 -2.13854331e-05 2.18873362e-04
2.52546703e-01 2.05374237e-04 2.16593797e-04
2.52903441e-01 -4.56149325e-04 2.09513244e-04
2.53260175e-01 -3.67057611e-04 2.13293883e-04
2.53616905e-01 -2.63357814e-04 2.11798286e-04
2.53973631e-01 -2.28518319e-04 2.11233320e-04
2.54330352e-01 8.85923841e-06 2.13297670e-04
2.54687070e-01 -2.40193095e-04 2.10989257e-04
2.55043783e-01 -3.36743235e-04 2.12097663e-04
2.55400492e-01 2.34610404e-04 2.13546615e-04
2.55757197e-01 -8.55522055e-05 2.12739566e-04
2.56113898e-01 7.61764200e-05 2.18852471e-04
2.56470595e-01 -5.63636941e-05 2.13946529e-04
2.56827287e-01 1.10909777e-04 2.12033919e-04
2.57183975e-01 -2.24424221e-04 2.14376436e-04
2.57540659e-01 -2.46256899e-04 2.18239937e-04
2.57897339e-01 1.56929380e-04 2.14021905e-04
2.58254014e-01 4.01188114e-05 2.17889039e-04
2.58610686e-01 -4.33783845e-05 2.16746580e-04
2.58967353e-01 2.32510934e-04 2.16203055e-04
2.59324016e-01 4.27857594e-04 2.17035931e-04
2.59680674e-01 -1.65628170e-04 2.15452005e-04
2.60037329e-01 4.47257339e-04 2.11418184e-04
2.60393979e-01 1.25749028e-04 2.15352420e-04
2.60750625e-01 3.24361455e-04 2.18560456e-04
2.61107266e-01 2.65044861e-04 2.18272582e-04
2.61463904e-01 -3.64797337e-04 2.17533748e-04
2.61820537e-01 1.22049088e-04 2.14209371e-04
2.62177166e-01 1.83056963e-04 2.18058353e-04
2.62533790e-01 8.26009319e-05 2.18747742e-04
2.62890410e-01 -1.79615207e-04 2.14643544e-04
2.63247026e-01 1.18009400e-04 2.12700824e-04
2.63603638e-01 3.45999955e-04 2.14987757e-04
2.63960245e-01 1.43167246e-04 2.15242524e-04
2.64316848e-01 -1.05741009e-04 2.12652473e-04
2.64673447e-01 3.55336367e-05 2.16312650e-04
2.65030042e-01 1.81621980e-04 2.11298184e-04
2.65386632e-01 1.25591675e-05 2.12488444e-04
2.65743217e-01 8.83267770e-05 2.14426278e-04
2.66099799e-01 -1.67567962e-04 2.13371890e-04
2.66456376e-01 1.66762847e-04 2.13915201e-04
2.66812948e-01 3.20762030e-04 2.18874807e-04
2.67169517e-01 -2.25316737e-05 2.13747110e-04
2.67526081e-01 1.04895883e-04 2.17487782e-04
2.67882640e-01 6.10247492e-05 2.15763728e-04
2.68239195e-01 -1.55451169e-04 2.12821106e-04
2.68595746e-01 -8.63313686e-05 2.17439865e-04
2.68952293e-01 -1.49447630e-04 2.16466819e-04
2.69308835e-01 3.23709455e-04 2.21115849e-04
2.69665372e-01 1.25029951e-04 2.18133286e-04
2.70021906e-01 -6.24178971e-05 2.23159121e-04
2.70378435e-01 3.51109498e-04 2.19038277e-04
2.70734959e-01 3.25274375e-04 2.20586493e-04
2.71091479e-01 2.13468626e-05 2.24093909e-04
2.71447995e-01 -1.29439030e-04 2.24174149e-04
2.71804506e-01 -9.66091720e-05 2.25303125e-04
2.72161012e-01 -2.07745942e-04 2.22535387e-04
2.72517515e-01 4.66610418e-05 2.27535540e-04
2.72874012e-01 4.96827446e-04 2.29767932e-04
