1.54026655e-02 -1.40403945e-03 1.62982138e-03
1.57608633e-02 -8.08575361e-04 1.69917247e-03
1.61190608e-02 5.91442565e-04 1.41022961e-03
1.64772580e-02 -1.78280818e-03 1.40523407e-03
1.68354550e-02 -1.54317454e-03 1.31032368e-03
1.71936517e-02 -1.91702190e-03 1.36112111e-03
1.75518481e-02 -1.88485939e-03 1.35110200e-03
1.79100442e-02 6.85684078e-04 1.28450767e-03
1.82682400e-02 -9.74850205e-04 1.20630462e-03
1.86264355e-02 -2.84239376e-03 1.12204365e-03
1.89846308e-02 -2.54068738e-03 1.17188388e-03
1.93428257e-02 -6.94552097e-04 1.10438339e-03
1.97010202e-02 1.75782369e-04 1.11496411e-03
2.00592145e-02 -5.64032614e-04 1.17404379e-03
2.04174084e-02 -4.27434426e-05 1.07972176e-03
2.07756020e-02 -9.51552600e-04 1.01999654e-03
2.11337953e-02 6.41151976e-04 1.04368436e-03
2.14919882e-02 -1.09303300e-03 1.04196034e-03
2.18501808e-02 -2.74173857e-04 1.02913392e-03
2.22083729e-02 -1.01906733e-03 1.02714991e-03
2.25665648e-02 -1.04374722e-03 1.02028964e-03
2.29247562e-02 -1.79063864e-03 8.90437191e-04
2.32829473e-02 1.02124223e-04 9.41131735e-04
2.36411380e-02 9.41708197e-04 9.36101473e-04
2.39993283e-02 1.36071031e-03 9.23240490e-04
2.43575182e-02 -1.62313224e-03 9.19392502e-04
2.47157077e-02 1.02520958e-04 8.62339620e-04
2.50738968e-02 -2.29519674e-05 8.63182623e-04
2.54320855e-02 2.41430450e-04 8.66217765e-04
2.57902738e-02 -6.95920581e-04 8.67874430e-04
2.61484617e-02 3.95385949e-04 8.65016306e-04
2.65066491e-02 2.66557043e-04 8.29344025e-04
2.68648361e-02 1.82916041e-03 8.26218245e-04
2.72230226e-02 9.40320192e-04 8.16824102e-04
2.75812087e-02 -1.44965131e-03 8.49622809e-04
2.79393943e-02 -6.39643642e-04 7.95557292e-04
2.82975795e-02 -6.62516840e-04 8.08635687e-04
2.86557642e-02 3.62798395e-04 8.10775113e-04
2.90139485e-02 7.32963136e-04 8.14886499e-04
2.93721323e-02 4.17352906e-04 8.14890886e-04
2.97303155e-02 -1.83068570e-03 8.06167490e-04
3.00884983e-02 -7.86249554e-04 8.05157644e-04
3.04466806e-02 -2.21823549e-04 8.09919284e-04
3.08048624e-02 6.97344309e-04 8.24040113e-04
3.11630437e-02 6.80793694e-04 8.10822841e-04
3.15212245e-02 -4.24255593e-04 7.69207851e-04
3.18794048e-02 8.79717311e-04 7.72517573e-04
3.22375845e-02 -8.96996345e-04 7.98837038e-04
3.25957637e-02 6.93740717e-04 8.17359252e-04
3.29539424e-02 1.70341301e-03 7.83941366e-04
3.33121205e-02 -7.75198380e-04 7.92920443e-04
3.36702981e-02 1.57421982e-03 8.19124310e-04
3.40284751e-02 -3.62025194e-04 7.65342427e-04
3.43866516e-02 1.21731699e-03 8.31609135e-04
3.47448275e-02 -6.43146078e-04 7.53103106e-04
3.51030028e-02 1.27930590e-04 7.05417069e-04
3.54611775e-02 -1.18115670e-03 7.42497162e-04
3.58193517e-02 -1.69632786e-03 6.97469534e-04
3.61775253e-02 -1.31125370e-03 7.03598522e-04
3.65356983e-02 8.14808856e-04 7.18720423e-04
3.68938706e-02 -1.36340110e-03 7.01883235e-04
3.72520424e-02 -1.15145586e-03 7.09494243e-04
3.76102136e-02 -3.56319163e-04 7.10744347e-04
3.79683841e-02 1.40545029e-05 7.16110287e-04
3.83265540e-02 -2.55794311e-04 6.77712787e-04
3.86847233e-02 -8.23538383e-05 6.73006069e-04
3.90428920e-02 2.21200174e-03 7.09163950e-04
3.94010600e-02 5.50617337e-04 6.67841953e-04
3.97592273e-02 1.59373906e-05 6.88489522e-04
4.01173941e-02 1.20668453e-04 6.47962261e-04
4.04755601e-02 -2.50102448e-04 6.55739600e-04
4.08337255e-02 -2.89285346e-04 6.61914725e-04
4.11918902e-02 -8.53165543e-04 6.33721774e-04
4.15500542e-02 1.02381407e-04 6.37600387e-04
4.19082176e-02 -2.48029781e-04 6.47427874e-04
4.22663802e-02 -2.50139878e-04 6.76974100e-04
4.26245422e-02 8.52675065e-04 6.43040818e-04
4.29827034e-02 -1.57472102e-04 6.75947255e-04
4.33408640e-02 5.25289852e-04 6.81182296e-04
4.36990238e-02 7.38565327e-05 6.74518201e-04
4.40571830e-02 -4.57504690e-04 6.75216710e-04
4.44153414e-02 -6.10515615e-04 6.52967387e-04
4.47734990e-02 -6.63943534e-04 6.41404460e-04
4.51316560e-02 3.37430695e-04 6.63425407e-04
4.54898122e-02 -4.87639457e-04 6.55007150e-04
4.58479676e-02 1.21005623e-03 6.60874854e-04
4.62061223e-02 -9.26612609e-04 6.27616185e-04
4.65642762e-02 2.70452290e-04 6.60279203e-04
4.69224294e-02 8.22138904e-04 6.76344646e-04
4.72805818e-02 -1.08778119e-03 6.41258603e-04
4.76387334e-02 -3.33268139e-04 6.39544103e-04
4.79968842e-02 2.95153952e-04 6.43188459e-04
4.83550342e-02 -8.44501317e-04 6.37902664e-04
4.87131835e-02 -4.78993170e-04 6.26989782e-04
4.90713319e-02 7.44964880e-04 6.20046537e-04
4.94294795e-02 -7.22322433e-04 5.94470216e-04
4.97876264e-02 -7.79692918e-04 5.81842324e-04
5.01457724e-02 -6.67821465e-04 5.99856078e-04
5.05039175e-02 1.28549971e-03 5.85021148e-04
5.08620619e-02 7.78363244e-04 5.68106796e-04
5.12202054e-02 1.12468628e-04 6.07697862e-04
5.15783481e-02 -3.77686634e-05 6.02192053e-04
5.19364899e-02 1.49311268e-05 5.59917895e-04
5.22946308e-02 -1.03842424e-04 5.68245777e-04
5.26527709e-02 -7.42632964e-05 6.00449798e-04
5.30109102e-02 -1.09975592e-05 5.64973921e-04
5.33690485e-02 -2.42194987e-04 5.51510032e-04
5.37271860e-02 5.68246344e-04 5.47933374e-04
5.40853226e-02 1.60054570e-04 5.57347172e-04
5.44434583e-02 9.29666127e-04 5.54835523e-04
5.48015932e-02 5.12904931e-04 5.47772459e-04
5.51597271e-02 8.14354075e-04 5.65519504e-04
5.55178601e-02 2.08245781e-04 5.51399679e-04
5.58759922e-02 -1.92366331e-05 5.69225243e-04
5.62341234e-02 -3.75132140e-04 5.65954786e-04
5.65922536e-02 3.54181719e-04 5.62697868e-04
5.69503829e-02 -8.27403838e-04 5.42604651e-04
5.73085113e-02 -2.08099896e-04 5.54828596e-04
5.76666388e-02 -4.63218761e-04 5.28933398e-04
5.80247653e-02 7.52789826e-04 5.51293552e-04
5.83828908e-02 5.50197131e-04 5.49708921e-04
5.87410154e-02 -6.91561086e-05 5.38588519e-04
5.90991390e-02 1.29476231e-04 5.24073800e-04
5.94572616e-02 7.92987600e-05 5.27470394e-04
5.98153833e-02 2.45753633e-04 5.03004583e-04
6.01735040e-02 8.82202181e-05 5.38030993e-04
6.05316237e-02 3.60647208e-04 5.47959896e-04
6.08897424e-02 1.10264866e-03 5.23554225e-04
6.12478600e-02 -3.12035013e-04 5.29667314e-04
6.16059767e-02 2.62210182e-04 5.22270304e-04
6.19640924e-02 -8.22761077e-04 5.18889912e-04
6.23222071e-02 2.46044228e-04 5.23767628e-04
6.26803207e-02 1.35729351e-04 5.15558256e-04
6.30384333e-02 -2.91531624e-04 5.25613766e-04
6.33965448e-02 -3.63454122e-04 4.92600431e-04
6.37546554e-02 -6.42612073e-04 5.07581850e-04
6.41127648e-02 -1.12443385e-04 4.84715036e-04
6.44708732e-02 8.71313373e-04 5.02766297e-04
6.48289806e-02 -4.69231384e-04 5.13205665e-04
6.51870869e-02 5.43367595e-05 5.14828001e-04
6.55451921e-02 -2.83645882e-04 5.03714256e-04
6.59032962e-02 6.64990623e-04 5.10056377e-04
6.62613993e-02 -4.73645781e-04 4.87823848e-04
6.66195012e-02 -3.03512937e-04 4.82624840e-04
6.69776021e-02 1.06258979e-04 5.00512765e-04
6.73357019e-02 8.56988345e-04 4.83723536e-04
6.76938005e-02 -7.14082077e-04 4.89783837e-04
6.80518981e-02 -5.55838574e-04 4.82917883e-04
6.84099945e-02 1.45349893e-04 4.96492860e-04
6.87680898e-02 -3.66974595e-04 4.98068082e-04
6.91261840e-02 -3.00236053e-05 4.76548827e-04
6.94842770e-02 -3.19260674e-04 4.77526013e-04
6.98423689e-02 -9.47811227e-06 4.76025488e-04
7.02004596e-02 -4.83737487e-04 4.70899690e-04
7.05585492e-02 -2.02146033e-04 4.77252111e-04
7.09166377e-02 -2.72576348e-04 4.72512227e-04
7.12747249e-02 -9.52251300e-04 4.84167984e-04
7.16328110e-02 -3.89381846e-04 4.62024885e-04
7.19908959e-02 2.25554355e-04 4.84325630e-04
7.23489796e-02 1.02262052e-04 4.80861706e-04
7.27070622e-02 5.77021630e-04 4.70804770e-04
7.30651435e-02 -3.93855802e-04 4.77047115e-04
7.34232237e-02 -1.44080550e-04 4.83290970e-04
7.37813026e-02 -2.69380146e-04 4.63314734e-04
7.41393803e-02 1.14151920e-04 4.53063071e-04
7.44974568e-02 1.62687864e-04 4.54167600e-04
7.48555321e-02 -3.75029138e-04 4.43895448e-04
7.52136061e-02 1.68611828e-04 4.71264604e-04
7.55716789e-02 2.47389000e-04 4.67947267e-04
7.59297505e-02 3.15161635e-04 4.60516615e-04
7.62878208e-02 1.76848096e-04 4.48198406e-04
7.66458899e-02 4.83007104e-04 4.56906320e-04
7.70039577e-02 -6.00969568e-04 4.44092351e-04
7.73620242e-02 -1.24345943e-04 4.44087860e-04
7.77200895e-02 -7.60174189e-05 4.35730418e-04
7.80781535e-02 -6.38579906e-04 4.37425899e-04
7.84362162e-02 7.27477668e-04 4.34172278e-04
7.87942776e-02 4.25457216e-04 4.50866522e-04
7.91523377e-02 3.48558313e-04 4.50050450e-04
7.95103965e-02 -3.18234001e-04 4.50103952e-04
7.98684540e-02 1.05927941e-04 4.48849030e-04
8.02265102e-02 -5.29469331e-04 4.40540813e-04
8.05845651e-02 9.59688161e-05 4.42692510e-04
8.09426186e-02 5.58128899e-04 4.48972530e-04
8.13006709e-02 -4.96919229e-04 4.43438398e-04
8.16587217e-02 3.68488088e-04 4.50658439e-04
8.20167713e-02 4.73728601e-04 4.45940628e-04
8.23748195e-02 -8.43019918e-05 4.44253700e-04
8.27328663e-02 6.36629521e-04 4.35482635e-04
8.30909118e-02 3.27408891e-04 4.38749906e-04
8.34489559e-02 4.18814286e-04 4.32030748e-04
8.38069986e-02 -1.87778583e-04 4.24544838e-04
8.41650400e-02 -3.88133351e-04 4.23399735e-04
8.45230800e-02 -6.17184098e-04 4.18176306e-04
8.48811185e-02 2.47615358e-05 4.38225042e-04
8.52391557e-02 -2.99998417e-04 4.41645729e-04
8.55971915e-02 -9.07962354e-04 4.44888777e-04
8.59552259e-02 -2.52849235e-04 4.39721153e-04
8.63132589e-02 6.10651025e-04 4.46694331e-04
8.66712904e-02 5.47056512e-04 4.42771869e-04
8.70293205e-02 2.80819239e-04 4.37409818e-04
8.73873492e-02 -1.77918528e-04 4.28132368e-04
8.77453765e-02 -6.97071096e-05 4.29559236e-04
8.81034023e-02 -5.53190944e-04 4.34347431e-04
8.84614267e-02 -5.99913622e-04 4.26460705e-04
8.88194496e-02 6.50798683e-04 4.36407122e-04
8.91774710e-02 -4.91666520e-04 4.20442741e-04
8.95354910e-02 6.74006489e-04 4.31369253e-04
8.98935095e-02 9.87991093e-04 4.31337974e-04
9.02515266e-02 2.63151023e-04 4.14097861e-04
9.06095421e-02 3.53305167e-04 4.34635524e-04
9.09675562e-02 6.80012767e-04 4.35968158e-04
9.13255687e-02 8.48524763e-06 4.20009736e-04
9.16835798e-02 -4.06802482e-04 4.37132936e-04
9.20415894e-02 3.29561502e-04 4.26606113e-04
9.23995974e-02 4.24796297e-04 4.32669795e-04
9.27576039e-02 -2.08978932e-04 3.96590521e-04
9.31156089e-02 -4.79018566e-04 4.21730248e-04
9.34736124e-02 2.11752512e-04 4.16673933e-04
9.38316143e-02 1.21692952e-04 4.19463688e-04
9.41896147e-02 2.34003537e-04 4.20499298e-04
9.45476136e-02 4.31906188e-05 4.12282380e-04
9.49056108e-02 5.47910443e-04 4.22252983e-04
9.52636066e-02 -3.11797592e-04 4.07566955e-04
9.56216007e-02 3.37464617e-04 4.01815683e-04
9.59795933e-02 -4.49166058e-04 4.07984899e-04
9.63375843e-02 4.53783585e-04 4.08902315e-04
9.66955738e-02 3.79295714e-04 3.91474178e-04
9.70535616e-02 -2.74135001e-04 3.97109169e-04
9.74115478e-02 -2.98408587e-04 3.94832660e-04
9.77695325e-02 -1.49781271e-05 4.10385059e-04
9.81275155e-02 6.75524863e-04 4.03178641e-04
9.84854969e-02 -1.89046460e-04 3.98787277e-04
9.88434768e-02 5.03463296e-04 4.07279300e-04
9.92014549e-02 3.30248229e-04 4.06755611e-04
9.95594315e-02 -1.02919224e-03 4.11135023e-04
9.99174064e-02 -1.50991764e-04 4.06913656e-04
1.00275380e-01 -1.77864565e-04 3.98777884e-04
1.00633351e-01 4.45472213e-04 3.93131166e-04
1.00991321e-01 2.86015185e-04 4.00547715e-04
1.01349290e-01 -4.92000296e-04 3.86814154e-04
1.01707256e-01 2.16750763e-05 3.96323218e-04
1.02065221e-01 -4.81572223e-05 3.92481539e-04
1.02423184e-01 3.75890312e-04 3.74628473e-04
1.02781146e-01 -2.35285840e-05 3.80480110e-04
1.03139106e-01 -2.51440505e-04 3.93975415e-04
1.03497064e-01 6.52495302e-05 3.94951118e-04
1.03855021e-01 -6.46165128e-04 3.88564720e-04
1.04212976e-01 5.01057426e-04 3.91746303e-04
1.04570929e-01 -2.80003802e-04 3.86268988e-04
1.04928880e-01 2.51881303e-04 3.95467027e-04
1.05286830e-01 -6.05367440e-05 3.94565300e-04
1.05644778e-01 -4.12760998e-04 3.97520125e-04
1.06002724e-01 1.41606681e-04 3.88585922e-04
1.06360668e-01 7.24542097e-05 3.94431230e-04
1.06718611e-01 8.45485238e-04 3.85369311e-04
1.07076552e-01 1.10938961e-03 3.91310672e-04
1.07434491e-01 -1.19257162e-04 3.98374045e-04
1.07792429e-01 -2.00490778e-04 3.96163768e-04
1.08150364e-01 -2.59892658e-04 3.97519103e-04
1.08508298e-01 -9.40956246e-04 3.90072579e-04
1.08866230e-01 1.97509110e-04 3.97803966e-04
1.09224160e-01 5.09786712e-04 4.07150103e-04
1.09582089e-01 4.26670914e-04 3.92635393e-04
1.09940016e-01 -4.18363172e-04 4.02690985e-04
1.10297941e-01 2.88530150e-04 4.01327651e-04
1.10655864e-01 -1.95385833e-04 3.86883799e-04
1.11013785e-01 -4.68300901e-04 3.86611069e-04
1.11371704e-01 1.54819299e-05 3.86881451e-04
1.11729622e-01 -1.04154345e-04 3.90380344e-04
1.12087538e-01 -5.95795657e-04 3.91500422e-04
1.12445452e-01 2.37315855e-04 3.80120213e-04
1.12803364e-01 3.84872502e-05 3.70519537e-04
1.13161274e-01 1.37062579e-04 3.72594664e-04
1.13519182e-01 8.15445001e-04 3.76731308e-04
1.13877089e-01 2.70019994e-04 3.68585650e-04
1.14234994e-01 2.04029388e-04 3.77467048e-04
1.14592896e-01 3.59821191e-04 3.70562540e-04
1.14950797e-01 -3.76416960e-04 3.70315070e-04
1.15308696e-01 -1.56140743e-04 3.70670236e-04
1.15666593e-01 -2.71217593e-04 3.74828046e-04
1.16024488e-01 -6.17824512e-04 3.73390490e-04
1.16382382e-01 -3.59128057e-04 3.74318279e-04
1.16740273e-01 -3.06692716e-04 3.70746451e-04
1.17098163e-01 -1.50674913e-04 3.65484997e-04
1.17456050e-01 1.08147766e-04 3.60388270e-04
1.17813936e-01 -2.73689535e-05 3.78900427e-04
1.18171819e-01 1.75057091e-05 3.73430687e-04
1.18529701e-01 -3.15038713e-04 3.73025639e-04
1.18887581e-01 -3.03577839e-04 3.81198325e-04
1.19245459e-01 1.47425204e-04 3.72559763e-04
1.19603335e-01 -1.09997784e-03 3.62140565e-04
1.19961208e-01 -2.18423087e-04 3.75360535e-04
1.20319080e-01 3.44323354e-04 3.74932114e-04
1.20676950e-01 -2.53221686e-04 3.79159520e-04
1.21034818e-01 -9.28235954e-05 3.77758424e-04
1.21392684e-01 -3.53486324e-04 3.68035476e-04
1.21750548e-01 3.42416101e-04 3.77972627e-04
1.22108410e-01 -1.74319057e-04 3.66681630e-04
1.22466270e-01 -6.71766310e-04 3.74721225e-04
1.22824128e-01 -4.48364244e-05 3.80902329e-04
1.23181984e-01 -1.56590964e-04 3.75991894e-04
1.23539838e-01 1.54062971e-04 3.74220010e-04
1.23897690e-01 -2.08178540e-04 3.65402873e-04
1.24255540e-01 8.04148319e-05 3.64232313e-04
1.24613388e-01 -6.86156881e-05 3.64556856e-04
1.24971233e-01 -5.53556424e-04 3.67034899e-04
1.25329077e-01 -1.41091052e-04 3.64576125e-04
1.25686919e-01 -4.67779320e-04 3.62647639e-04
1.26044758e-01 8.54590887e-05 3.60520263e-04
1.26402596e-01 -7.14102898e-04 3.56696405e-04
1.26760431e-01 1.56943294e-04 3.55632561e-04
1.27118265e-01 2.67572113e-04 3.63349798e-04
1.27476096e-01 -2.73634871e-04 3.50716960e-04
1.27833925e-01 6.30087619e-04 3.65481538e-04
1.28191752e-01 2.63853636e-04 3.53899474e-04
1.28549577e-01 3.51071479e-04 3.56998185e-04
1.28907400e-01 4.51717335e-04 3.57191831e-04
1.29265221e-01 5.60463615e-05 3.62699276e-04
1.29623040e-01 -1.90751498e-04 3.51606016e-04
1.29980856e-01 3.14432430e-04 3.50603021e-04
1.30338670e-01 1.55262363e-04 3.55934321e-04
1.30696483e-01 8.74709206e-05 3.50378836e-04
1.31054293e-01 -5.35675834e-04 3.45437446e-04
1.31412101e-01 1.82720236e-04 3.44627882e-04
1.31769906e-01 -2.60596689e-04 3.41774690e-04
1.32127710e-01 5.91490681e-04 3.42795716e-04
1.32485511e-01 5.33933736e-04 3.44404056e-04
1.32843311e-01 4.41976632e-06 3.49472230e-04
1.33201108e-01 3.09725039e-04 3.41574588e-04
1.33558903e-01 -1.28424683e-04 3.44992194e-04
1.33916695e-01 -4.66138577e-04 3.36683325e-04
1.34274486e-01 4.62541100e-04 3.44065421e-04
1.34632274e-01 5.88159291e-04 3.38348408e-04
1.34990060e-01 -2.55333595e-04 3.39138958e-04
1.35347844e-01 -1.66368078e-04 3.31797907e-04
1.35705626e-01 -7.23743640e-05 3.38392047e-04
1.36063405e-01 -7.12658298e-04 3.31190580e-04
1.36421182e-01 -3.03027327e-04 3.30723446e-04
1.36778957e-01 -2.18532646e-04 3.44564945e-04
1.37136730e-01 4.32806975e-04 3.35735236e-04
1.37494500e-01 2.80885309e-04 3.38864909e-04
1.37852269e-01 2.97169019e-04 3.37960909e-04
1.38210034e-01 -3.12950321e-04 3.29203169e-04
1.38567798e-01 -4.43550674e-05 3.28630838e-04
1.38925559e-01 4.07449294e-04 3.29842316e-04
1.39283319e-01 4.32641231e-04 3.31543790e-04
1.39641075e-01 -3.92411943e-05 3.27119582e-04
1.39998830e-01 4.53571276e-04 3.35628211e-04
1.40356582e-01 3.00480836e-04 3.28658294e-04
1.40714332e-01 1.88762889e-04 3.31143336e-04
1.41072080e-01 1.78653041e-04 3.29817187e-04
1.41429825e-01 4.76352546e-04 3.27708538e-04
1.41787568e-01 -6.05849171e-04 3.27388113e-04
1.42145308e-01 9.41224156e-05 3.19525821e-04
1.42503047e-01 5.26275381e-04 3.24032420e-04
1.42860783e-01 4.84679417e-04 3.28648048e-04
1.43218516e-01 -3.21577881e-05 3.18451834e-04
1.43576247e-01 4.07676832e-04 3.34501438e-04
1.43933976e-01 -9.77517375e-05 3.30053501e-04
1.44291703e-01 -3.08335168e-04 3.25032420e-04
1.44649427e-01 5.27161822e-04 3.26676220e-04
1.45007149e-01 -2.99400785e-04 3.22969840e-04
1.45364868e-01 -5.17114219e-04 3.21562871e-04
1.45722585e-01 -5.33580590e-04 3.16543770e-04
1.46080300e-01 -7.70617802e-05 3.16956548e-04
1.46438012e-01 -6.18151071e-04 3.14453303e-04
1.46795722e-01 -1.79749894e-04 3.11263511e-04
1.47153429e-01 -2.30679059e-04 3.18226125e-04
1.47511134e-01 4.76444210e-05 3.14528832e-04
1.47868837e-01 5.47669396e-04 3.19424969e-04
1.48226537e-01 -1.81071360e-04 3.15937030e-04
1.48584235e-01 7.51085800e-06 3.08900949e-04
1.48941930e-01 -1.01146054e-04 3.15620124e-04
1.49299623e-01 8.59729540e-05 3.18467033e-04
1.49657313e-01 5.98695035e-04 3.20526855e-04
1.50015001e-01 -5.49658872e-05 3.11009366e-04
1.50372687e-01 -1.53703469e-04 3.10087801e-04
1.50730370e-01 6.93583336e-05 3.09816434e-04
1.51088050e-01 1.90556748e-04 3.11161646e-04
1.51445728e-01 -1.92622120e-04 3.11222054e-04
1.51803404e-01 -4.37173794e-04 3.11189820e-04
1.52161077e-01 -1.28879240e-04 3.05729171e-04
1.52518747e-01 5.07337096e-04 3.07513888e-04
1.52876416e-01 -9.47328773e-05 3.13277447e-04
1.53234081e-01 -4.77538205e-05 3.01545903e-04
1.53591744e-01 -8.77858037e-05 3.04307206e-04
1.53949405e-01 -2.41885831e-04 3.00433782e-04
1.54307063e-01 9.72347682e-05 3.07472734e-04
1.54664718e-01 -2.74780880e-04 3.06499159e-04
1.55022371e-01 -1.20412364e-04 3.02979343e-04
1.55380021e-01 -2.12515602e-04 3.08201595e-04
1.55737669e-01 4.32630336e-04 3.07853357e-04
1.56095314e-01 9.36119145e-05 3.10519677e-04
1.56452957e-01 1.08630984e-04 3.11228267e-04
1.56810597e-01 8.97430964e-05 3.04571309e-04
1.57168235e-01 -1.88721434e-04 3.00867762e-04
1.57525870e-01 -2.67041041e-04 3.04542910e-04
1.57883502e-01 -1.74539145e-04 3.04836583e-04
1.58241132e-01 1.85153968e-04 3.03102063e-04
1.58598759e-01 -5.43625804e-04 2.98018486e-04
1.58956384e-01 2.73991823e-04 3.04118662e-04
1.59314006e-01 2.31892685e-04 2.93534205e-04
1.59671625e-01 -1.12804310e-04 2.97306433e-04
1.60029242e-01 3.68169802e-05 2.96896741e-04
1.60386856e-01 5.00579798e-05 3.01201906e-04
1.60744468e-01 2.39037802e-04 3.02817182e-04
1.61102076e-01 -3.57147994e-04 2.91310482e-04
1.61459683e-01 -1.93046793e-04 2.98874289e-04
1.61817286e-01 2.91526647e-04 2.95750609e-04
1.62174887e-01 4.55538995e-04 2.94082105e-04
1.62532485e-01 2.38483946e-04 3.00067851e-04
1.62890081e-01 -1.57715758e-05 2.94374736e-04
1.63247674e-01 -5.88818749e-04 2.90031206e-04
1.63605264e-01 -4.06041884e-05 2.88880841e-04
1.63962852e-01 4.02431781e-04 2.96495298e-04
1.64320437e-01 -2.86119318e-04 2.99240931e-04
1.64678019e-01 1.61997383e-05 2.89414467e-04
1.65035598e-01 3.58619114e-04 2.94712901e-04
1.65393175e-01 6.08924159e-05 2.92645314e-04
1.65750749e-01 -4.13646518e-04 2.94030127e-04
1.66108320e-01 5.39660439e-04 2.92168310e-04
1.66465889e-01 -4.84785218e-05 2.92435809e-04
1.66823455e-01 5.17169391e-04 2.92403707e-04
1.67181018e-01 -1.22938959e-04 2.91804424e-04
1.67538578e-01 3.02532539e-04 2.86664253e-04
1.67896136e-01 -7.94302896e-05 2.88413174e-04
1.68253691e-01 -9.02602992e-05 2.89052115e-04
1.68611243e-01 -3.73313418e-04 2.94961886e-04
1.68968792e-01 -9.02704095e-05 2.90785373e-04
1.69326339e-01 1.24819605e-04 2.90068515e-04
1.69683883e-01 -1.29308622e-05 2.84607212e-04
1.70041424e-01 -5.47870121e-04 2.88048082e-04
1.70398962e-01 3.54137212e-04 2.83553970e-04
1.70756497e-01 2.06630124e-04 2.86384874e-04
1.71114030e-01 -2.34506516e-04 2.87061803e-04
1.71471560e-01 -2.46425728e-04 2.80785268e-04
1.71829087e-01 1.00097778e-04 2.85142275e-04
1.72186611e-01 3.16471402e-04 2.84078007e-04
1.72544132e-01 -2.03602410e-04 2.82123222e-04
1.72901651e-01 9.35885134e-05 2.86655019e-04
1.73259167e-01 -3.02330826e-05 2.82691588e-04
1.73616679e-01 -2.36261255e-04 2.80561898e-04
1.73974189e-01 -1.94960889e-04 2.81236193e-04
1.74331697e-01 8.72866803e-05 2.85755092e-04
1.74689201e-01 7.06470054e-05 2.81268141e-04
1.75046702e-01 -3.75289439e-04 2.79764544e-04
1.75404201e-01 -2.24113292e-04 2.82138851e-04
1.75761697e-01 -4.21697538e-04 2.80084785e-04
1.76119189e-01 -2.09731150e-04 2.77177616e-04
1.76476679e-01 3.35359500e-04 2.74429498e-04
1.76834166e-01 -6.75780216e-05 2.76991300e-04
1.77191650e-01 -1.01647000e-05 2.81572154e-04
1.77549132e-01 -3.70063399e-04 2.80721876e-04
1.77906610e-01 3.54420639e-04 2.76163585e-04
1.78264085e-01 2.05925859e-04 2.76500407e-04
1.78621558e-01 -5.05311897e-05 2.81424111e-04
1.78979027e-01 -1.23214624e-05 2.78552529e-04
1.79336494e-01 -3.41373021e-04 2.72954161e-04
1.79693958e-01 3.76314530e-05 2.77482564e-04
1.80051418e-01 -1.50566876e-04 2.80272539e-04
1.80408876e-01 2.68828769e-05 2.77298857e-04
1.80766331e-01 3.82430898e-04 2.82981963e-04
1.81123783e-01 8.74137608e-05 2.84540442e-04
1.81481232e-01 -3.38406788e-04 2.82687389e-04
1.81838677e-01 1.61421819e-04 2.83544889e-04
1.82196120e-01 -6.27538385e-05 2.82398396e-04
1.82553560e-01 7.96986148e-05 2.84986019e-04
1.82910997e-01 4.84533938e-04 2.83041466e-04
1.83268431e-01 9.56725616e-05 2.79935950e-04
1.83625862e-01 -6.04813354e-05 2.83712839e-04
1.83983290e-01 1.57087618e-05 2.83886388e-04
1.84340715e-01 7.50985692e-05 2.87094218e-04
1.84698137e-01 3.11209465e-04 2.88471715e-04
1.85055556e-01 3.67421628e-04 2.89812930e-04
1.85412971e-01 2.06777230e-04 2.85634074e-04
1.85770384e-01 -5.09803734e-04 2.82460787e-04
1.86127794e-01 -1.91674681e-05 2.85621218e-04
1.86485200e-01 -5.64315060e-05 2.76174769e-04
1.86842604e-01 3.85268603e-04 2.76473112e-04
1.87200005e-01 -2.51838169e-04 2.78043990e-04
1.87557402e-01 -5.29543574e-05 2.74807975e-04
1.87914797e-01 -1.50372487e-04 2.81803306e-04
1.88272188e-01 -2.89104094e-04 2.73097377e-04
1.88629576e-01 -1.90522756e-04 2.75610736e-04
1.88986961e-01 5.00013683e-04 2.77440514e-04
1.89344343e-01 -9.03829775e-05 2.78716133e-04
1.89701722e-01 6.61628060e-05 2.72446939e-04
1.90059098e-01 -2.65572305e-04 2.76575349e-04
1.90416471e-01 7.16892731e-05 2.71985041e-04
1.90773840e-01 -4.79052505e-04 2.75266550e-04
1.91131207e-01 1.74620103e-04 2.66267685e-04
1.91488570e-01 4.64402601e-05 2.65309260e-04
1.91845930e-01 -2.84346715e-04 2.71065902e-04
1.92203287e-01 2.30287916e-05 2.66532430e-04
1.92560641e-01 2.14167901e-05 2.72363879e-04
1.92917992e-01 -1.94153810e-04 2.67076832e-04
1.93275340e-01 5.04444506e-05 2.70767714e-04
1.93632684e-01 -1.90384952e-04 2.73870401e-04
1.93990025e-01 -5.53913424e-04 2.67116193e-04
1.94347363e-01 -2.67263608e-04 2.68940678e-04
1.94704698e-01 1.92904120e-04 2.77190649e-04
1.95062030e-01 -4.73972865e-05 2.71185869e-04
1.95419358e-01 -3.04915636e-04 2.72688693e-04
1.95776684e-01 -3.98782381e-05 2.68867185e-04
1.96134006e-01 5.69041580e-05 2.71006229e-04
1.96491324e-01 -8.18673674e-05 2.67861417e-04
1.96848640e-01 6.17359311e-05 2.68205506e-04
1.97205953e-01 9.42291957e-05 2.72365219e-04
1.97563262e-01 8.16826420e-05 2.68017113e-04
1.97920568e-01 -5.49601499e-04 2.68834865e-04
1.98277870e-01 9.84541030e-05 2.69459958e-04
1.98635170e-01 -4.30108825e-04 2.73525496e-04
1.98992466e-01 -3.69983507e-04 2.73443211e-04
1.99349759e-01 -3.18355184e-05 2.74035653e-04
1.99707049e-01 1.75014511e-05 2.68513031e-04
2.00064335e-01 3.88242658e-05 2.61442345e-04
2.00421618e-01 -1.84380588e-04 2.71242222e-04
2.00778898e-01 -7.08861127e-05 2.72281324e-04
2.01136174e-01 -4.25984813e-05 2.64177717e-04
2.01493448e-01 1.18197852e-04 2.62995987e-04
2.01850718e-01 -1.70055472e-04 2.59563762e-04
2.02207984e-01 -9.77000674e-05 2.66524965e-04
2.02565248e-01 3.69858637e-04 2.64677699e-04
2.02922508e-01 4.94862928e-04 2.64231711e-04
2.03279764e-01 -4.16885237e-05 2.58441743e-04
2.03637018e-01 2.76947322e-05 2.63103128e-04
2.03994268e-01 4.35447492e-04 2.61461200e-04
2.04351514e-01 1.00477709e-04 2.61127183e-04
2.04708758e-01 8.64425697e-06 2.54001761e-04
2.05065998e-01 -1.53421322e-04 2.55329060e-04
2.05423234e-01 -3.88069287e-04 2.58065328e-04
2.05780467e-01 3.74822843e-05 2.63422821e-04
2.06137697e-01 -5.73987582e-04 2.52967708e-04
2.06494924e-01 -1.23389345e-04 2.57956651e-04
2.06852147e-01 -5.13979584e-05 2.53867218e-04
2.07209367e-01 1.23174184e-04 2.57494997e-04
2.07566583e-01 -5.52727691e-04 2.55667718e-04
2.07923796e-01 -2.21043933e-04 2.56269132e-04
2.08281005e-01 -2.13146064e-04 2.55520125e-04
2.08638211e-01 -2.06806819e-04 2.51823957e-04
2.08995414e-01 1.57587933e-04 2.52407152e-04
2.09352613e-01 2.15602378e-05 2.52902910e-04
2.09709809e-01 1.81182887e-04 2.53757574e-04
2.10067002e-01 -2.57980833e-04 2.50120099e-04
2.10424191e-01 2.21366231e-05 2.53438273e-04
2.10781376e-01 -3.14161551e-04 2.49338716e-04
2.11138558e-01 -3.75652285e-04 2.49298678e-04
2.11495737e-01 -2.42716319e-04 2.47084444e-04
2.11852912e-01 1.91145365e-04 2.56177015e-04
2.12210084e-01 -2.72065644e-04 2.48643264e-04
2.12567252e-01 8.33910037e-05 2.50437323e-04
2.12924416e-01 -4.30492781e-04 2.45732819e-04
2.13281578e-01 3.06606200e-04 2.45360951e-04
2.13638735e-01 -1.56914445e-05 2.46837688e-04
2.13995890e-01 3.42359520e-04 2.48561122e-04
2.14353040e-01 9.88496373e-05 2.44572490e-04
2.14710188e-01 3.28069036e-04 2.51978784e-04
2.15067331e-01 -2.52014457e-04 2.49002240e-04
2.15424471e-01 -3.81482531e-04 2.45639422e-04
2.15781608e-01 1.92093890e-04 2.46845607e-04
2.16138741e-01 -1.04686807e-04 2.48394863e-04
2.16495871e-01 1.66492099e-05 2.47332959e-04
2.16852997e-01 1.64193815e-04 2.48496584e-04
2.17210119e-01 2.95847689e-04 2.50793129e-04
2.17567238e-01 -4.24715745e-05 2.45697644e-04
2.17924354e-01 -8.02431275e-05 2.42639922e-04
2.18281465e-01 1.66212714e-04 2.45270483e-04
2.18638574e-01 1.30232249e-04 2.46059810e-04
2.18995678e-01 -8.83723187e-05 2.42686088e-04
2.19352779e-01 2.65845885e-04 2.44468091e-04
2.19709877e-01 3.34576015e-04 2.42686972e-04
2.20066971e-01 2.91222682e-04 2.46178443e-04
2.20424061e-01 -2.57860645e-04 2.41221981e-04
2.20781147e-01 1.02181849e-04 2.43648753e-04
2.21138230e-01 3.52267184e-04 2.38941071e-04
2.21495310e-01 -1.72694534e-04 2.38042552e-04
2.21852386e-01 3.02611562e-04 2.40844539e-04
2.22209458e-01 4.03979590e-05 2.36552412e-04
2.22566526e-01 -2.03041834e-04 2.40071278e-04
2.22923591e-01 -4.03441486e-04 2.36421612e-04
2.23280652e-01 -4.21586085e-04 2.34917967e-04
2.23637710e-01 -3.59385902e-05 2.37063846e-04
2.23994764e-01 9.77238322e-05 2.41176442e-04
2.24351814e-01 4.66873702e-05 2.37395626e-04
2.24708861e-01 6.22442886e-05 2.39183653e-04
2.25065904e-01 3.38333275e-04 2.41129788e-04
2.25422943e-01 8.54449557e-05 2.37230618e-04
2.25779978e-01 -4.56230003e-04 2.38323031e-04
2.26137010e-01 -2.74379348e-05 2.35680419e-04
2.26494038e-01 4.05074322e-04 2.35099520e-04
2.26851063e-01 -3.51396463e-04 2.35928183e-04
2.27208083e-01 8.19819667e-05 2.37131806e-04
2.27565100e-01 -6.92779619e-05 2.38643960e-04
2.27922114e-01 -3.74339735e-04 2.31960813e-04
2.28279123e-01 1.00952512e-04 2.34124926e-04
2.28636129e-01 -9.02620794e-05 2.32517759e-04
2.28993131e-01 2.97633954e-06 2.39031232e-04
2.29350129e-01 1.36141073e-04 2.30772045e-04
2.29707124e-01 -1.74670424e-04 2.29869258e-04
2.30064115e-01 -3.37469498e-04 2.30758441e-04
2.30421102e-01 -7.93042357e-05 2.33052042e-04
2.30778085e-01 -1.30581494e-04 2.30312967e-04
2.31135064e-01 1.98580212e-04 2.30634273e-04
2.31492040e-01 3.43603643e-04 2.34869004e-04
2.31849012e-01 8.36534362e-05 2.33977770e-04
2.32205980e-01 -1.50668559e-04 2.28734978e-04
2.32562944e-01 3.79595423e-04 2.32938348e-04
2.32919905e-01 4.48973253e-04 2.33863118e-04
2.33276862e-01 1.45480587e-04 2.34062031e-04
2.33633814e-01 -1.66816132e-04 2.31130525e-04
2.33990763e-01 -4.32873704e-04 2.29222990e-04
2.34347709e-01 -1.67808477e-04 2.27118031e-04
2.34704650e-01 -1.47813099e-04 2.27201948e-04
2.35061588e-01 -1.02401536e-04 2.27371350e-04
2.35418521e-01 -8.57961368e-05 2.28394770e-04
2.35775451e-01 -1.32662234e-04 2.25772509e-04
2.36132377e-01 -3.29794005e-04 2.27088194e-04
2.36489299e-01 -2.88441672e-05 2.28248613e-04
2.36846218e-01 3.04142313e-04 2.31934930e-04
2.37203132e-01 4.05632278e-05 2.24994571e-04
2.37560042e-01 3.68447479e-05 2.26042824e-04
2.37916949e-01 -9.39655443e-05 2.29952395e-04
2.38273852e-01 2.70144941e-05 2.26439314e-04
2.38630751e-01 -4.64854201e-05 2.25810826e-04
2.38987645e-01 -5.72655082e-05 2.25824816e-04
2.39344537e-01 2.43824094e-04 2.25204974e-04
2.39701424e-01 8.60669215e-05 2.19911011e-04
2.40058307e-01 -2.66198999e-05 2.22972616e-04
2.40415186e-01 1.10992187e-04 2.23930314e-04
2.40772061e-01 2.11489695e-04 2.21627710e-04
2.41128933e-01 3.06514588e-04 2.24537797e-04
2.41485800e-01 8.72904365e-05 2.22652457e-04
2.41842664e-01 -1.73239805e-04 2.24534543e-04
2.42199523e-01 -3.03392729e-05 2.21497860e-04
2.42556379e-01 -2.17854437e-04 2.22479552e-04
2.42913230e-01 -2.60842340e-04 2.20867365e-04
2.43270078e-01 -1.91222468e-04 2.22658191e-04
2.43626922e-01 6.44801545e-05 2.23171546e-04
2.43983761e-01 -8.05463936e-05 2.24077121e-04
2.44340597e-01 4.06942740e-04 2.23111177e-04
2.44697429e-01 -2.31481078e-04 2.16838901e-04
2.45054256e-01 2.12888560e-04 2.17124282e-04
2.45411080e-01 -4.85800821e-04 2.15244881e-04
2.45767900e-01 -1.93531879e-04 2.20598745e-04
2.46124715e-01 -1.03887773e-04 2.21799190e-04
2.46481527e-01 -1.75043213e-04 2.12958116e-04
2.46838334e-01 -1.29734640e-04 2.19857864e-04
2.47195138e-01 1.31255694e-04 2.19497365e-04
2.47551938e-01 -1.84621731e-04 2.14014746e-04
2.47908733e-01 4.49659183e-05 2.17504484e-04
2.48265524e-01 4.62668381e-04 2.16240770e-04
2.48622312e-01 2.70150310e-04 2.12673153e-04
2.48979095e-01 5.25327795e-04 2.18456005e-04
2.49335874e-01 1.57717791e-04 2.17086128e-04
2.49692649e-01 7.87522319e-05 2.19007861e-04
2.50049420e-01 6.36767631e-05 2.16512720e-04
2.50406187e-01 7.19955777e-05 2.16015601e-04
2.50762950e-01 -1.10115880e-04 2.14246682e-04
2.51119709e-01 -4.61226072e-04 2.14054304e-04
2.51476464e-01 6.19984621e-05 2.12240655e-04
2.51833214e-01 1.04085644e-04 2.13921426e-04
2.52189961e-01 2.13765906e-04 2.16516493e-04
2.52546703e-01 4.52681557e-04 2.10105376e-04
2.52903441e-01 2.51882903e-04 2.09589242e-04
2.53260175e-01 -1.78965623e-04 2.09947875e-04
2.53616905e-01 3.33655917e-04 2.15022556e-04
2.53973631e-01 5.59533982e-05 2.15084996e-04
2.54330352e-01 -2.71426565e-04 2.10541302e-04
2.54687070e-01 7.39319225e-05 2.09011355e-04
2.55043783e-01 -8.01053825e-05 2.10441038e-04
2.55400492e-01 -1.93651484e-04 2.09589105e-04
2.55757197e-01 -5.75339254e-05 2.08882326e-04
2.56113898e-01 8.83935047e-05 2.12710788e-04
2.56470595e-01 1.22357094e-04 2.10476821e-04
2.56827287e-01 1.13526791e-04 2.09826623e-04
2.57183975e-01 -9.91118597e-06 2.13305042e-04
2.57540659e-01 1.22109552e-04 2.14751815e-04
2.57897339e-01 -6.12140714e-05 2.12567124e-04
2.58254014e-01 4.02085246e-05 2.13361991e-04
2.58610686e-01 -2.44542465e-04 2.14877149e-04
2.58967353e-01 -1.62459200e-04 2.15912901e-04
2.59324016e-01 -5.08397287e-04 2.11617582e-04
2.59680674e-01 1.46382359e-04 2.11919238e-04
2.60037329e-01 8.53167368e-05 2.16058029e-04
2.60393979e-01 -5.19995304e-04 2.14868013e-04
2.60750625e-01 -1.11340743e-04 2.16579128e-04
2.61107266e-01 1.08304311e-04 2.14277591e-04
2.61463904e-01 -8.84451236e-05 2.14818221e-04
2.61820537e-01 -4.76311132e-05 2.13804156e-04
2.62177166e-01 -2.18523871e-04 2.15886056e-04
2.62533790e-01 4.16909660e-05 2.17651253e-04
2.62890410e-01 1.25932816e-04 2.14098330e-04
2.63247026e-01 -2.68758097e-04 2.10598116e-04
2.63603638e-01 -1.22090286e-04 2.15357335e-04
2.63960245e-01 -1.45884673e-04 2.12760392e-04
2.64316848e-01 -1.10770041e-04 2.07479240e-04
2.64673447e-01 -1.46910595e-05 2.10861918e-04
2.65030042e-01 -1.60306710e-04 2.17571263e-04
2.65386632e-01 -6.95797770e-05 2.11738652e-04
2.65743217e-01 2.42199396e-04 2.13994558e-04
2.66099799e-01 -4.04358845e-05 2.12701908e-04
2.66456376e-01 1.18939251e-04 2.16042746e-04
2.66812948e-01 4.47971541e-05 2.17620158e-04
2.67169517e-01 -2.02027175e-04 2.15506452e-04
2.67526081e-01 2.45431373e-04 2.22231160e-04
2.67882640e-01 2.68641659e-08 2.17901022e-04
2.68239195e-01 2.65541054e-05 2.15776336e-04
2.68595746e-01 3.36933511e-05 2.16178848e-04
2.68952293e-01 -1.67442714e-05 2.15133219e-04
2.69308835e-01 -2.18528087e-04 2.16062798e-04
2.69665372e-01 9.35385971e-05 2.20036468e-04
2.70021906e-01 2.42933065e-04 2.26359966e-04
2.70378435e-01 -7.24310867e-05 2.20841056e-04
2.70734959e-01 -2.53003773e-05 2.21878824e-04
2.71091479e-01 2.30153118e-04 2.26900708e-04
2.71447995e-01 1.27902461e-04 2.28288190e-04
2.71804506e-01 2.59622423e-04 2.24046958e-04
2.72161012e-01 1.58292089e-04 2.22988753e-04
2.72517515e-01 4.19354775e-04 2.19479257e-04
2.72874012e-01 -6.69482824e-05 2.21262339e-04
