1.54026655e-02 -6.88457394e-04 1.72048093e-03
1.57608633e-02 2.94725515e-03 1.64571324e-03
1.61190608e-02 2.20883044e-03 1.37398975e-03
1.64772580e-02 1.11971373e-03 1.54257194e-03
1.68354550e-02 -1.14441948e-03 1.39715164e-03
1.71936517e-02 2.75610468e-03 1.32950929e-03
1.75518481e-02 3.71751490e-03 1.33437460e-03
1.79100442e-02 1.43197934e-03 1.25207994e-03
1.82682400e-02 1.37724022e-03 1.26725922e-03
1.86264355e-02 2.83985792e-03 1.20528268e-03
1.89846308e-02 1.42520930e-03 1.12660956e-03
1.93428257e-02 3.41278818e-03 1.11142391e-03
1.97010202e-02 5.56250633e-04 1.13210754e-03
2.00592145e-02 1.87942202e-03 1.13571942e-03
2.04174084e-02 1.68996281e-03 1.14061757e-03
2.07756020e-02 2.65918402e-03 1.01267634e-03
2.11337953e-02 4.71044677e-03 1.02265977e-03
2.14919882e-02 3.28563101e-03 1.02403531e-03
2.18501808e-02 3.38151204e-03 1.02511529e-03
2.22083729e-02 2.33273061e-04 9.76644223e-04
2.25665648e-02 2.27294604e-03 1.03282430e-03
2.29247562e-02 2.46922949e-03 1.00594824e-03
2.32829473e-02 2.07835136e-03 9.80955255e-04
2.36411380e-02 3.92913917e-03 9.53970290e-04
2.39993283e-02 1.76005071e-03 8.99950593e-04
2.43575182e-02 2.72048634e-03 9.42248036e-04
2.47157077e-02 3.30327735e-03 8.87355524e-04
2.50738968e-02 3.79631866e-03 9.07943764e-04
2.54320855e-02 1.06668553e-03 8.83770161e-04
2.57902738e-02 2.72380272e-03 8.67218044e-04
2.61484617e-02 3.12114968e-03 8.86785525e-04
2.65066491e-02 2.19288317e-03 9.17764524e-04
2.68648361e-02 1.96819470e-03 8.13635902e-04
2.72230226e-02 2.64612793e-03 7.95005347e-04
2.75812087e-02 2.34853936e-03 8.04121541e-04
2.79393943e-02 3.32272531e-03 8.39976760e-04
2.82975795e-02 2.35268270e-03 8.35178189e-04
2.86557642e-02 2.80092844e-03 8.88780471e-04
2.90139485e-02 3.70315881e-03 8.34437669e-04
2.93721323e-02 2.19042986e-03 8.16890775e-04
2.97303155e-02 4.11749772e-03 8.21788863e-04
3.00884983e-02 2.70800734e-03 8.10873151e-04
3.04466806e-02 3.35156618e-03 7.72394946e-04
3.08048624e-02 4.81411666e-03 8.15608914e-04
3.11630437e-02 2.39259735e-03 8.33302568e-04
3.15212245e-02 2.99690842e-03 8.31486112e-04
3.18794048e-02 2.68970721e-03 8.42072958e-04
3.22375845e-02 1.27470532e-03 8.43975952e-04
3.25957637e-02 2.86089115e-03 8.49328570e-04
3.29539424e-02 4.40398851e-03 7.96260498e-04
3.33121205e-02 3.65183700e-03 7.85199273e-04
3.36702981e-02 3.36998952e-03 8.14384356e-04
3.40284751e-02 3.86752860e-03 7.88793176e-04
3.43866516e-02 2.93470829e-03 7.95547282e-04
3.47448275e-02 3.37700325e-03 8.30359674e-04
3.51030028e-02 4.57474380e-03 7.45192362e-04
3.54611775e-02 2.37720685e-03 7.79072229e-04
3.58193517e-02 3.38403513e-03 8.04984298e-04
3.61775253e-02 2.24642562e-03 7.28523770e-04
3.65356983e-02 2.37959360e-03 7.52173108e-04
3.68938706e-02 2.69464996e-03 7.02140943e-04
3.72520424e-02 2.73652340e-03 7.42288884e-04
3.76102136e-02 2.48637710e-03 6.88497130e-04
3.79683841e-02 3.06941348e-03 6.97683226e-04
3.83265540e-02 2.24271241e-03 7.15923156e-04
3.86847233e-02 2.66962549e-03 7.38014000e-04
3.90428920e-02 3.68123190e-03 7.20048691e-04
3.94010600e-02 2.25506220e-03 6.88819392e-04
3.97592273e-02 3.06717714e-03 7.12631890e-04
4.01173941e-02 2.64155783e-03 7.16776454e-04
4.04755601e-02 1.84512595e-03 6.80410301e-04
4.08337255e-02 2.73364789e-03 6.74154856e-04
4.11918902e-02 2.72615468e-03 6.51789215e-04
4.15500542e-02 3.14901309e-03 6.54955896e-04
4.19082176e-02 3.23727898e-03 6.88324911e-04
4.22663802e-02 3.70074570e-03 6.77918763e-04
4.26245422e-02 3.41780127e-03 6.59153293e-04
4.29827034e-02 3.78383568e-03 6.57271981e-04
4.33408640e-02 2.10035916e-03 6.80208809e-04
4.36990238e-02 3.55254294e-03 6.75662874e-04
4.40571830e-02 3.01152328e-03 6.78365519e-04
4.44153414e-02 2.75871784e-03 6.65960342e-04
4.47734990e-02 2.44754658e-03 6.82451286e-04
4.51316560e-02 3.37410900e-03 6.76206807e-04
4.54898122e-02 2.80663192e-03 6.39956837e-04
4.58479676e-02 2.49118788e-03 6.56735971e-04
4.62061223e-02 1.37094634e-03 6.84868124e-04
4.65642762e-02 3.19400033e-03 6.35787105e-04
4.69224294e-02 2.28190448e-03 6.35546008e-04
4.72805818e-02 2.65824222e-03 6.73216145e-04
4.76387334e-02 2.54912733e-03 6.75882836e-04
4.79968842e-02 2.08285464e-03 6.60312160e-04
4.83550342e-02 3.28295784e-03 6.57150794e-04
4.87131835e-02 3.00982942e-03 6.34607182e-04
4.90713319e-02 2.02579329e-03 6.22641968e-04
4.94294795e-02 2.63897982e-03 6.11538221e-04
4.97876264e-02 2.52126289e-03 6.20295759e-04
5.01457724e-02 2.57013774e-03 6.17478779e-04
5.05039175e-02 1.78578684e-03 6.03813647e-04
5.08620619e-02 3.17805674e-03 6.03472903e-04
5.12202054e-02 2.56519172e-03 5.90026634e-04
5.15783481e-02 1.90347147e-03 5.84064677e-04
5.19364899e-02 2.95349787e-03 5.81105803e-04
5.22946308e-02 2.08051576e-03 5.89848013e-04
5.26527709e-02 2.47012560e-03 5.78175284e-04
5.30109102e-02 2.79955177e-03 5.56353650e-04
5.33690485e-02 2.77909471e-03 5.72181547e-04
5.37271860e-02 1.88267343e-03 5.88453258e-04
5.40853226e-02 1.76980437e-03 5.82217993e-04
5.44434583e-02 1.94191298e-03 5.92190147e-04
5.48015932e-02 2.70193595e-03 5.74043291e-04
5.51597271e-02 3.86055095e-03 5.73996544e-04
5.55178601e-02 3.32037828e-03 5.58042123e-04
5.58759922e-02 2.87589941e-03 5.81141227e-04
5.62341234e-02 1.96252033e-03 5.41068752e-04
5.65922536e-02 3.31559030e-03 5.63748649e-04
5.69503829e-02 1.94344758e-03 5.55766019e-04
5.73085113e-02 2.00884218e-03 5.77333855e-04
5.76666388e-02 2.25326548e-03 5.42889178e-04
5.80247653e-02 2.46027359e-03 5.37740721e-04
5.83828908e-02 2.29081977e-03 5.68402519e-04
5.87410154e-02 2.10420601e-03 5.39948675e-04
5.90991390e-02 1.75246807e-03 5.37218174e-04
5.94572616e-02 2.14320229e-03 5.39792505e-04
5.98153833e-02 4.85891375e-04 5.14359350e-04
6.01735040e-02 2.29513041e-03 5.36482323e-04
6.05316237e-02 1.28660572e-03 5.43275448e-04
6.08897424e-02 2.59868025e-03 5.35394501e-04
6.12478600e-02 2.27413891e-03 5.12032321e-04
6.16059767e-02 2.50051304e-03 5.25865669e-04
6.19640924e-02 1.94390223e-03 5.43336571e-04
6.23222071e-02 1.67734947e-03 5.19770623e-04
6.26803207e-02 1.98164030e-03 5.16719541e-04
6.30384333e-02 1.63928255e-03 5.18863050e-04
6.33965448e-02 1.84620308e-03 4.94328725e-04
6.37546554e-02 1.57479259e-03 5.27108141e-04
6.41127648e-02 2.87982351e-03 5.03665703e-04
6.44708732e-02 1.88441294e-03 4.95157191e-04
6.48289806e-02 1.81504439e-03 5.28627439e-04
6.51870869e-02 1.36414414e-03 5.04257103e-04
6.55451921e-02 1.99409139e-03 5.03427509e-04
6.59032962e-02 2.51132745e-03 5.12950400e-04
6.62613993e-02 9.03806921e-04 4.93496164e-04
6.66195012e-02 2.31437056e-03 5.03777290e-04
6.69776021e-02 1.81605341e-03 4.97235925e-04
6.73357019e-02 1.77389690e-03 5.13081915e-04
6.76938005e-02 1.75164430e-03 4.83655159e-04
6.80518981e-02 2.00063396e-03 5.01573743e-04
6.84099945e-02 1.30810981e-03 4.72474172e-04
6.87680898e-02 1.54737723e-03 4.98994797e-04
6.91261840e-02 1.20897925e-03 4.81239572e-04
6.94842770e-02 1.25777886e-03 5.04267424e-04
6.98423689e-02 1.57207496e-03 4.78176979e-04
7.02004596e-02 2.21467939e-03 4.82496265e-04
7.05585492e-02 1.21170324e-03 4.74224641e-04
7.09166377e-02 1.45196069e-03 4.86929457e-04
7.12747249e-02 1.58680262e-03 5.06952300e-04
7.16328110e-02 1.47829133e-03 4.89155258e-04
7.19908959e-02 1.98987611e-03 4.75228020e-04
7.23489796e-02 1.28620744e-03 4.90755650e-04
7.27070622e-02 1.38277947e-03 4.74047693e-04
7.30651435e-02 1.60962093e-03 4.61642084e-04
7.34232237e-02 1.70570670e-03 4.95382571e-04
7.37813026e-02 1.62634429e-03 4.66518896e-04
7.41393803e-02 1.67818217e-03 4.56630704e-04
7.44974568e-02 1.64110820e-03 4.88914797e-04
7.48555321e-02 1.41150071e-03 4.77591408e-04
7.52136061e-02 1.23857330e-03 4.68472244e-04
7.55716789e-02 1.11621753e-03 4.69478351e-04
7.59297505e-02 1.54645452e-03 4.43300005e-04
7.62878208e-02 1.38186185e-03 4.65368895e-04
7.66458899e-02 1.41049668e-03 4.61551071e-04
7.70039577e-02 1.04949951e-03 4.53126498e-04
7.73620242e-02 1.22740477e-03 4.45273946e-04
7.77200895e-02 7.43548024e-04 4.36926800e-04
7.80781535e-02 1.21806467e-03 4.50503804e-04
7.84362162e-02 1.39194460e-03 4.55437517e-04
7.87942776e-02 6.39971558e-04 4.45531592e-04
7.91523377e-02 6.06838242e-04 4.39133636e-04
7.95103965e-02 1.50688575e-03 4.44955019e-04
7.98684540e-02 1.53310453e-03 4.42684319e-04
8.02265102e-02 1.06434042e-03 4.47223373e-04
8.05845651e-02 1.64380404e-03 4.59740448e-04
8.09426186e-02 1.51678635e-03 4.39924375e-04
8.13006709e-02 9.82801827e-04 4.48085919e-04
8.16587217e-02 1.32168144e-03 4.48217551e-04
8.20167713e-02 1.16499970e-03 4.39636987e-04
8.23748195e-02 1.16930377e-03 4.41334928e-04
8.27328663e-02 1.80253337e-03 4.38757207e-04
8.30909118e-02 1.48047184e-03 4.23120004e-04
8.34489559e-02 1.30921571e-03 4.32468515e-04
8.38069986e-02 1.02570954e-03 4.35401193e-04
8.41650400e-02 5.11613439e-04 4.16296134e-04
8.45230800e-02 1.44804909e-03 4.27730842e-04
8.48811185e-02 1.13224328e-03 4.38521829e-04
8.52391557e-02 1.05000308e-03 4.39731623e-04
8.55971915e-02 1.39859843e-03 4.35062019e-04
8.59552259e-02 1.74271419e-03 4.56981507e-04
8.63132589e-02 7.90103982e-04 4.25740504e-04
8.66712904e-02 6.75041036e-04 4.29654980e-04
8.70293205e-02 1.24936040e-03 4.41489617e-04
8.73873492e-02 1.45877451e-03 4.31158211e-04
8.77453765e-02 9.14218255e-04 4.30539522e-04
8.81034023e-02 5.83446583e-04 4.33681295e-04
8.84614267e-02 9.03147736e-04 4.26503469e-04
8.88194496e-02 1.10166924e-03 4.27632676e-04
8.91774710e-02 1.21474496e-03 4.18461955e-04
8.95354910e-02 1.30474769e-03 4.17972615e-04
8.98935095e-02 2.78422824e-04 4.20390792e-04
9.02515266e-02 1.30890581e-03 4.29410880e-04
9.06095421e-02 9.42971477e-04 4.12313024e-04
9.09675562e-02 8.29742072e-04 4.32047621e-04
9.13255687e-02 1.14994880e-03 4.26637055e-04
9.16835798e-02 1.54148392e-03 4.46429105e-04
9.20415894e-02 -3.60303480e-05 4.32949378e-04
9.23995974e-02 7.09837785e-04 4.30046809e-04
9.27576039e-02 3.63473664e-04 4.27392612e-04
9.31156089e-02 8.70573997e-04 4.29411796e-04
9.34736124e-02 7.41762775e-04 4.14705988e-04
9.38316143e-02 7.09710853e-04 4.08853337e-04
9.41896147e-02 1.14709812e-03 4.05753777e-04
9.45476136e-02 8.42669886e-04 4.19800073e-04
9.49056108e-02 7.36372775e-04 4.24284056e-04
9.52636066e-02 7.68958410e-04 4.13441397e-04
9.56216007e-02 7.27075731e-04 4.10884143e-04
9.59795933e-02 5.78165725e-04 4.06518854e-04
9.63375843e-02 2.73064124e-04 4.03586122e-04
9.66955738e-02 1.07747290e-03 4.04542134e-04
9.70535616e-02 4.02321275e-04 4.09886097e-04
9.74115478e-02 8.18012411e-04 4.06185823e-04
9.77695325e-02 6.95018938e-04 4.12284997e-04
9.81275155e-02 4.14884746e-04 3.95271098e-04
9.84854969e-02 9.59053201e-04 4.04457192e-04
9.88434768e-02 1.10413553e-03 4.07800776e-04
9.92014549e-02 4.37100718e-04 3.99081649e-04
9.95594315e-02 -1.71072754e-04 3.94442476e-04
9.99174064e-02 8.61553602e-04 3.96328186e-04
1.00275380e-01 5.27433531e-04 3.85263895e-04
1.00633351e-01 8.44973994e-04 4.11748831e-04
1.00991321e-01 2.19639453e-04 3.98014160e-04
1.01349290e-01 8.61020323e-04 3.93863964e-04
1.01707256e-01 8.88509107e-04 3.92726927e-04
1.02065221e-01 3.05090865e-06 3.85201075e-04
1.02423184e-01 1.11398427e-03 3.91299399e-04
1.02781146e-01 1.67775511e-04 3.89206192e-04
1.03139106e-01 8.60651716e-04 3.97404442e-04
1.03497064e-01 9.67649534e-04 3.86822644e-04
1.03855021e-01 3.69012417e-04 3.97020706e-04
1.04212976e-01 2.86879057e-04 3.93504290e-04
1.04570929e-01 2.71771001e-04 3.87824752e-04
1.04928880e-01 7.28837139e-05 3.99497646e-04
1.05286830e-01 2.60508376e-04 4.00162374e-04
1.05644778e-01 -6.96604628e-05 4.14287109e-04
1.06002724e-01 1.55995735e-03 3.97190427e-04
1.06360668e-01 8.06271650e-04 3.92015446e-04
1.06718611e-01 9.76413350e-04 4.01896275e-04
1.07076552e-01 5.49900907e-04 4.08075776e-04
1.07434491e-01 8.67120515e-04 3.96733223e-04
1.07792429e-01 9.37396766e-04 3.93661654e-04
1.08150364e-01 2.95602497e-04 4.01425086e-04
1.08508298e-01 5.28426656e-04 3.99534465e-04
1.08866230e-01 5.58609258e-04 3.91785954e-04
1.09224160e-01 -1.38142946e-04 4.03476219e-04
1.09582089e-01 3.07658384e-04 3.92126263e-04
1.09940016e-01 2.58487643e-04 4.02291007e-04
1.10297941e-01 7.04529747e-04 3.97258554e-04
1.10655864e-01 6.43628397e-04 3.96415569e-04
1.11013785e-01 4.16234765e-04 3.84282859e-04
1.11371704e-01 8.48642514e-04 3.91430907e-04
1.11729622e-01 1.72794687e-04 3.86639198e-04
1.12087538e-01 1.21923140e-03 3.92334903e-04
1.12445452e-01 4.50439615e-04 3.89791935e-04
1.12803364e-01 2.62235601e-04 3.78749995e-04
1.13161274e-01 6.99998640e-04 3.77443380e-04
1.13519182e-01 1.39626007e-04 3.83337555e-04
1.13877089e-01 4.13251877e-04 3.65251074e-04
1.14234994e-01 1.38005169e-04 3.77210011e-04
1.14592896e-01 1.13863900e-04 3.70355549e-04
1.14950797e-01 1.85714583e-04 3.80175100e-04
1.15308696e-01 1.03593217e-03 3.80010096e-04
1.15666593e-01 2.79528881e-04 3.65937094e-04
1.16024488e-01 3.74592627e-04 3.71304222e-04
1.16382382e-01 5.11747163e-04 3.77777688e-04
1.16740273e-01 9.93648814e-04 3.69800185e-04
1.17098163e-01 1.24775698e-03 3.65339697e-04
1.17456050e-01 4.18622442e-04 3.67553566e-04
1.17813936e-01 3.01158383e-04 3.74361368e-04
1.18171819e-01 3.68429821e-04 3.77315858e-04
1.18529701e-01 -1.02353624e-04 3.69928213e-04
1.18887581e-01 -2.25199614e-04 3.68196149e-04
1.19245459e-01 3.17845048e-04 3.79947367e-04
1.19603335e-01 6.06014472e-06 3.84520237e-04
1.19961208e-01 4.72501528e-04 3.74437555e-04
1.20319080e-01 1.09729026e-04 3.80818119e-04
1.20676950e-01 3.40089950e-04 3.69916267e-04
1.21034818e-01 3.43377764e-04 3.69679244e-04
1.21392684e-01 7.72675722e-04 3.64192149e-04
1.21750548e-01 2.94666174e-04 3.78288784e-04
1.22108410e-01 3.45020044e-04 3.87478501e-04
1.22466270e-01 -6.54945136e-05 3.71062684e-04
1.22824128e-01 -2.00238666e-04 3.71337428e-04
1.23181984e-01 3.31879458e-04 3.73254265e-04
1.23539838e-01 4.04703279e-04 3.74508811e-04
1.23897690e-01 3.17085420e-04 3.75793658e-04
1.24255540e-01 1.90153707e-04 3.65891520e-04
1.24613388e-01 -7.91677320e-06 3.69252505e-04
1.24971233e-01 5.21735940e-04 3.56973339e-04
1.25329077e-01 7.70279360e-04 3.70879931e-04
1.25686919e-01 5.95780335e-04 3.60423943e-04
1.26044758e-01 -3.56082477e-04 3.71626385e-04
1.26402596e-01 3.80260547e-05 3.63611305e-04
1.26760431e-01 -2.68866099e-04 3.49904430e-04
1.27118265e-01 5.73721921e-04 3.59703975e-04
1.27476096e-01 1.07675884e-04 3.61245441e-04
1.27833925e-01 6.37951609e-04 3.59980147e-04
1.28191752e-01 1.64787984e-04 3.63530371e-04
1.28549577e-01 5.59342502e-04 3.56111396e-04
1.28907400e-01 7.63099694e-06 3.56573850e-04
1.29265221e-01 1.30613431e-04 3.45340819e-04
1.29623040e-01 3.68051032e-04 3.59445788e-04
1.29980856e-01 -9.79702129e-05 3.46884210e-04
1.30338670e-01 -3.62880420e-04 3.49828243e-04
1.30696483e-01 1.87554226e-04 3.44160816e-04
1.31054293e-01 -1.90693597e-04 3.51388374e-04
1.31412101e-01 7.82819476e-04 3.57371492e-04
1.31769906e-01 8.58535993e-05 3.47434952e-04
1.32127710e-01 -2.80902706e-04 3.40495527e-04
1.32485511e-01 3.81580267e-04 3.50322528e-04
1.32843311e-01 8.67417348e-04 3.41561146e-04
1.33201108e-01 5.61133353e-04 3.37588547e-04
1.33558903e-01 4.78662156e-04 3.45018776e-04
1.33916695e-01 3.90180474e-05 3.42692773e-04
1.34274486e-01 1.78507286e-04 3.41220511e-04
1.34632274e-01 9.48509593e-04 3.46368119e-04
1.34990060e-01 4.52941645e-04 3.38729951e-04
1.35347844e-01 -4.33963743e-04 3.38437869e-04
1.35705626e-01 2.30095309e-04 3.45200642e-04
1.36063405e-01 4.88836823e-04 3.38374399e-04
1.36421182e-01 3.93036708e-04 3.24449823e-04
1.36778957e-01 3.20840958e-04 3.39016440e-04
1.37136730e-01 -3.22058336e-04 3.39565791e-04
1.37494500e-01 -1.93191162e-04 3.39987432e-04
1.37852269e-01 -4.98543039e-05 3.30977949e-04
1.38210034e-01 4.20176222e-04 3.32226599e-04
1.38567798e-01 4.60307500e-04 3.30652617e-04
1.38925559e-01 1.83275695e-04 3.26326086e-04
1.39283319e-01 3.42986207e-04 3.31901085e-04
1.39641075e-01 3.73156304e-04 3.30364060e-04
1.39998830e-01 7.98429898e-04 3.31818080e-04
1.40356582e-01 5.54179651e-04 3.31990672e-04
1.40714332e-01 -1.01087757e-04 3.36082062e-04
1.41072080e-01 1.18176284e-04 3.24471456e-04
1.41429825e-01 2.18953257e-04 3.35863849e-04
1.41787568e-01 1.02145140e-04 3.29457229e-04
1.42145308e-01 7.83483828e-05 3.30884394e-04
1.42503047e-01 5.53810667e-04 3.33874384e-04
1.42860783e-01 -3.22133444e-06 3.25603340e-04
1.43218516e-01 -4.36829240e-04 3.18765326e-04
1.43576247e-01 2.49173925e-04 3.28789879e-04
1.43933976e-01 -2.10999430e-06 3.16229295e-04
1.44291703e-01 3.08630543e-04 3.22324863e-04
1.44649427e-01 2.58651951e-04 3.20413474e-04
1.45007149e-01 1.33229455e-04 3.15184823e-04
1.45364868e-01 1.73363909e-04 3.26850274e-04
1.45722585e-01 -2.10796528e-04 3.13832291e-04
1.46080300e-01 2.37294623e-04 3.20316832e-04
1.46438012e-01 -2.09456411e-04 3.16921370e-04
1.46795722e-01 2.73371766e-04 3.19594162e-04
1.47153429e-01 -9.90210306e-05 3.23743751e-04
1.47511134e-01 -3.76621301e-04 3.22056615e-04
1.47868837e-01 3.92547062e-05 3.13406412e-04
1.48226537e-01 -1.88060172e-05 3.12659246e-04
1.48584235e-01 -5.05830288e-04 3.17996663e-04
1.48941930e-01 -6.76758048e-05 3.15028357e-04
1.49299623e-01 2.54870490e-05 3.18607077e-04
1.49657313e-01 -3.04111153e-05 3.18014642e-04
1.50015001e-01 3.33724224e-04 3.14558276e-04
1.50372687e-01 1.20424290e-04 3.16141391e-04
1.50730370e-01 -3.92861011e-04 3.14750530e-04
1.51088050e-01 8.63358570e-05 3.13195377e-04
1.51445728e-01 3.79464642e-04 3.20049471e-04
1.51803404e-01 3.58624198e-05 3.17629931e-04
1.52161077e-01 1.43432211e-04 3.09467858e-04
1.52518747e-01 6.39585023e-04 3.12372257e-04
1.52876416e-01 6.40673360e-04 3.09126703e-04
1.53234081e-01 6.34423979e-04 3.14998509e-04
1.53591744e-01 -2.26333413e-04 3.09011783e-04
1.53949405e-01 4.31437434e-04 3.05308352e-04
1.54307063e-01 -2.50583057e-04 3.00260750e-04
1.54664718e-01 9.81249158e-05 3.10520382e-04
1.55022371e-01 1.78645315e-04 3.08144987e-04
1.55380021e-01 -3.15429962e-05 3.05657549e-04
1.55737669e-01 -2.16299321e-04 3.09287373e-04
1.56095314e-01 2.71860753e-05 3.04547926e-04
1.56452957e-01 5.59193753e-04 3.09256836e-04
1.56810597e-01 4.94768951e-04 3.07600433e-04
1.57168235e-01 3.68847810e-04 3.12235927e-04
1.57525870e-01 3.15783706e-04 3.04281760e-04
1.57883502e-01 5.66537367e-04 3.05919408e-04
1.58241132e-01 2.18802647e-06 3.07289447e-04
1.58598759e-01 4.35758922e-04 3.05391710e-04
1.58956384e-01 -9.11159480e-06 3.01074937e-04
1.59314006e-01 3.40852043e-04 2.97821183e-04
1.59671625e-01 3.21393156e-04 3.05871134e-04
1.60029242e-01 1.76600381e-04 2.97071346e-04
1.60386856e-01 4.87186229e-04 3.01352077e-04
1.60744468e-01 1.81890098e-04 2.98145896e-04
1.61102076e-01 3.36857544e-04 2.99260362e-04
1.61459683e-01 6.76444842e-04 2.95901670e-04
1.61817286e-01 2.20877812e-04 2.89562123e-04
1.62174887e-01 3.74200973e-04 2.98756325e-04
1.62532485e-01 1.64930503e-04 3.02992512e-04
1.62890081e-01 -3.12420630e-04 2.96160607e-04
1.63247674e-01 3.04937923e-04 2.98590417e-04
1.63605264e-01 1.62404940e-04 2.93158685e-04
1.63962852e-01 -6.30280477e-04 2.96716784e-04
1.64320437e-01 -3.92184697e-04 2.98207517e-04
1.64678019e-01 6.55165004e-06 2.92639237e-04
1.65035598e-01 -1.70086506e-04 2.96908135e-04
1.65393175e-01 -3.17674600e-05 2.95367699e-04
1.65750749e-01 3.07261718e-04 2.95937988e-04
1.66108320e-01 1.44790290e-04 2.87759223e-04
1.66465889e-01 -5.32339874e-04 2.87443378e-04
1.66823455e-01 -1.55588142e-04 2.88745942e-04
1.67181018e-01 -2.89288317e-04 2.93961329e-04
1.67538578e-01 6.72542888e-04 2.94386694e-04
1.67896136e-01 4.35340209e-05 2.89424939e-04
1.68253691e-01 3.75279564e-05 2.88241361e-04
1.68611243e-01 -1.09296928e-04 2.95747324e-04
1.68968792e-01 -4.21011297e-04 2.84121572e-04
1.69326339e-01 -1.54054486e-05 2.86861631e-04
1.69683883e-01 1.08399365e-04 2.91826326e-04
1.70041424e-01 -8.98980739e-05 2.95014050e-04
1.70398962e-01 -7.06118134e-05 2.90042708e-04
1.70756497e-01 -7.27477804e-05 2.87881391e-04
1.71114030e-01 1.15796897e-04 2.91572080e-04
1.71471560e-01 4.71202567e-04 2.84411232e-04
1.71829087e-01 3.55520005e-04 2.82365735e-04
1.72186611e-01 2.35190350e-04 2.95996053e-04
1.72544132e-01 8.93728853e-06 2.86396407e-04
1.72901651e-01 8.29694859e-05 2.83079891e-04
1.73259167e-01 2.34009649e-04 2.87206646e-04
1.73616679e-01 2.15613125e-04 2.85884979e-04
1.73974189e-01 2.91645063e-04 2.81909570e-04
1.74331697e-01 2.38069641e-04 2.81048616e-04
1.74689201e-01 2.37695322e-04 2.79821395e-04
1.75046702e-01 3.20357760e-04 2.80054316e-04
1.75404201e-01 -1.05955340e-04 2.79268051e-04
1.75761697e-01 1.63712439e-04 2.83047973e-04
1.76119189e-01 3.36927982e-04 2.76159585e-04
1.76476679e-01 2.10570210e-04 2.80456898e-04
1.76834166e-01 1.97507016e-04 2.85235866e-04
1.77191650e-01 2.67715427e-04 2.83982431e-04
1.77549132e-01 9.55030995e-05 2.79678312e-04
1.77906610e-01 2.26838956e-04 2.70479432e-04
1.78264085e-01 6.67157814e-04 2.82156751e-04
1.78621558e-01 6.74860064e-04 2.84485009e-04
1.78979027e-01 -1.19890760e-04 2.83344714e-04
1.79336494e-01 1.00956980e-04 2.80402248e-04
1.79693958e-01 -1.74642172e-06 2.77366980e-04
1.80051418e-01 1.77385024e-05 2.82456085e-04
1.80408876e-01 2.89165710e-05 2.78087170e-04
1.80766331e-01 -4.84030931e-04 2.77369207e-04
1.81123783e-01 -3.31358294e-04 2.81973856e-04
1.81481232e-01 2.94556395e-04 2.78819957e-04
1.81838677e-01 5.35522553e-04 2.86368482e-04
1.82196120e-01 5.24407467e-04 2.82418530e-04
1.82553560e-01 -1.00364384e-04 2.79991174e-04
1.82910997e-01 1.03717347e-04 2.82070156e-04
1.83268431e-01 -2.78760670e-04 2.85207634e-04
1.83625862e-01 1.55189131e-04 2.86564611e-04
1.83983290e-01 5.42991575e-05 2.84042228e-04
1.84340715e-01 -9.31285662e-05 2.89851832e-04
1.84698137e-01 -2.19951577e-04 2.83270198e-04
1.85055556e-01 1.35885007e-06 2.85381322e-04
1.85412971e-01 -3.82230137e-04 2.85156845e-04
1.85770384e-01 -2.75359345e-04 2.80543369e-04
1.86127794e-01 -2.74140173e-04 2.80798349e-04
1.86485200e-01 -4.49905793e-05 2.77987341e-04
1.86842604e-01 -3.25318399e-05 2.72750652e-04
1.87200005e-01 8.79275679e-05 2.72172560e-04
1.87557402e-01 2.13245274e-04 2.76703690e-04
1.87914797e-01 2.98148830e-04 2.77543376e-04
1.88272188e-01 5.39933364e-06 2.78986983e-04
1.88629576e-01 1.52309671e-06 2.75499798e-04
1.88986961e-01 -2.71335783e-05 2.76016010e-04
1.89344343e-01 6.96195890e-05 2.73381351e-04
1.89701722e-01 9.87324097e-04 2.71817549e-04
1.90059098e-01 1.31019148e-04 2.76296498e-04
1.90416471e-01 3.87373468e-05 2.71030258e-04
1.90773840e-01 5.03797938e-04 2.77468912e-04
1.91131207e-01 -3.23010871e-04 2.69228426e-04
1.91488570e-01 7.22037105e-05 2.64492862e-04
1.91845930e-01 3.44597616e-04 2.73604009e-04
1.92203287e-01 2.14086627e-06 2.65887787e-04
1.92560641e-01 -3.46941601e-04 2.63478312e-04
1.92917992e-01 1.51135527e-04 2.71015042e-04
1.93275340e-01 -6.82492876e-05 2.65471490e-04
1.93632684e-01 1.18935915e-04 2.70744690e-04
1.93990025e-01 -5.87502745e-05 2.64205268e-04
1.94347363e-01 3.75531403e-04 2.68024454e-04
1.94704698e-01 8.83680243e-05 2.77188274e-04
1.95062030e-01 1.54059220e-04 2.76608176e-04
1.95419358e-01 -6.96261917e-06 2.77033598e-04
1.95776684e-01 -4.67398619e-04 2.70339165e-04
1.96134006e-01 4.96183187e-04 2.74789916e-04
1.96491324e-01 -1.16070178e-04 2.75379505e-04
1.96848640e-01 -6.44692252e-05 2.71428510e-04
1.97205953e-01 4.41985088e-04 2.75045783e-04
1.97563262e-01 -2.11532283e-04 2.67966601e-04
1.97920568e-01 1.64411769e-04 2.77295714e-04
1.98277870e-01 -2.78627317e-04 2.74137584e-04
1.98635170e-01 -1.86779956e-04 2.68072632e-04
1.98992466e-01 9.57264015e-06 2.75635539e-04
1.99349759e-01 2.19275535e-04 2.74286563e-04
1.99707049e-01 4.27622360e-04 2.73467792e-04
2.00064335e-01 1.73111074e-04 2.68319220e-04
2.00421618e-01 -6.75895133e-05 2.66971096e-04
2.00778898e-01 6.39616341e-05 2.65901892e-04
2.01136174e-01 2.06262624e-04 2.66486058e-04
2.01493448e-01 -3.51309149e-04 2.63470976e-04
2.01850718e-01 3.35256216e-04 2.55849048e-04
2.02207984e-01 5.97604376e-05 2.67035012e-04
2.02565248e-01 -1.65904541e-04 2.57159330e-04
2.02922508e-01 5.83054563e-05 2.59942356e-04
2.03279764e-01 -5.97498848e-04 2.61529578e-04
2.03637018e-01 -4.59974653e-04 2.58564977e-04
2.03994268e-01 -2.63358741e-04 2.57887820e-04
2.04351514e-01 1.59650668e-04 2.58505365e-04
2.04708758e-01 -2.96974539e-04 2.57015806e-04
2.05065998e-01 -3.92312656e-04 2.56345030e-04
2.05423234e-01 2.77635772e-04 2.56708689e-04
2.05780467e-01 -3.44545784e-04 2.60431176e-04
2.06137697e-01 5.01815399e-04 2.56548865e-04
2.06494924e-01 -1.17769559e-04 2.56618816e-04
2.06852147e-01 3.05846328e-04 2.60938424e-04
2.07209367e-01 3.45440510e-05 2.61939179e-04
2.07566583e-01 7.90665976e-05 2.54806001e-04
2.07923796e-01 -1.43085275e-04 2.55118160e-04
2.08281005e-01 -4.34312006e-04 2.54868429e-04
2.08638211e-01 -2.87278470e-04 2.58470522e-04
2.08995414e-01 4.29964665e-04 2.54465637e-04
2.09352613e-01 1.35226996e-04 2.54747125e-04
2.09709809e-01 1.34188053e-04 2.54805936e-04
2.10067002e-01 1.41882729e-04 2.54788031e-04
2.10424191e-01 2.73604582e-04 2.53222364e-04
2.10781376e-01 1.61370831e-04 2.57968704e-04
2.11138558e-01 2.18674505e-04 2.53754910e-04
2.11495737e-01 4.00337634e-04 2.53505822e-04
2.11852912e-01 -3.32959320e-05 2.51632413e-04
2.12210084e-01 3.21580170e-04 2.47947388e-04
2.12567252e-01 3.22501326e-04 2.49480149e-04
2.12924416e-01 -4.61582408e-04 2.48490684e-04
2.13281578e-01 1.56337164e-04 2.54535932e-04
2.13638735e-01 3.64513996e-04 2.48503066e-04
2.13995890e-01 1.54518619e-04 2.44068881e-04
2.14353040e-01 -1.31179194e-04 2.44465803e-04
2.14710188e-01 -5.37369571e-04 2.48234223e-04
2.15067331e-01 -5.26878080e-05 2.47557738e-04
2.15424471e-01 -1.85524018e-04 2.48727974e-04
2.15781608e-01 3.89030756e-05 2.45970061e-04
2.16138741e-01 3.87767642e-05 2.48717325e-04
2.16495871e-01 -1.89134607e-04 2.46692958e-04
2.16852997e-01 -4.10179271e-04 2.47862441e-04
2.17210119e-01 -2.51983048e-04 2.44909937e-04
2.17567238e-01 -1.61191648e-04 2.43791613e-04
2.17924354e-01 1.29179194e-06 2.41408285e-04
2.18281465e-01 8.81648044e-05 2.41290607e-04
2.18638574e-01 -1.26620671e-04 2.41535976e-04
2.18995678e-01 4.10673696e-04 2.47286739e-04
2.19352779e-01 -2.26079685e-04 2.39670650e-04
2.19709877e-01 -3.81501939e-06 2.46703968e-04
2.20066971e-01 4.86592433e-05 2.42806421e-04
2.20424061e-01 1.52524274e-04 2.36587498e-04
2.20781147e-01 5.57125313e-05 2.43945682e-04
2.21138230e-01 6.10996109e-05 2.41591744e-04
2.21495310e-01 2.12825571e-04 2.39211214e-04
2.21852386e-01 1.00075139e-04 2.40016310e-04
2.22209458e-01 1.41038725e-04 2.37973748e-04
2.22566526e-01 -1.41105815e-04 2.41726322e-04
2.22923591e-01 1.64262291e-04 2.36845738e-04
2.23280652e-01 -6.48935047e-05 2.36866241e-04
2.23637710e-01 -3.07593493e-06 2.43998487e-04
2.23994764e-01 1.70874139e-04 2.37763484e-04
2.24351814e-01 -1.99165095e-04 2.39568730e-04
2.24708861e-01 -6.42860727e-05 2.40233463e-04
2.25065904e-01 2.93761011e-04 2.38463385e-04
2.25422943e-01 1.58368927e-04 2.41016336e-04
2.25779978e-01 3.17504415e-04 2.33435996e-04
2.26137010e-01 2.37760202e-04 2.36522884e-04
2.26494038e-01 2.74321266e-04 2.35450911e-04
2.26851063e-01 2.40015415e-04 2.37245211e-04
2.27208083e-01 -2.14219906e-04 2.33145260e-04
2.27565100e-01 2.23496055e-04 2.39579073e-04
2.27922114e-01 -2.49667374e-05 2.35863487e-04
2.28279123e-01 3.73643408e-04 2.37131739e-04
2.28636129e-01 2.12987263e-04 2.32503920e-04
2.28993131e-01 -2.54986004e-04 2.33349919e-04
2.29350129e-01 -1.47819857e-04 2.33127902e-04
2.29707124e-01 -2.62472408e-04 2.35060770e-04
2.30064115e-01 -4.84568273e-05 2.31102180e-04
2.30421102e-01 3.89205408e-04 2.39276415e-04
2.30778085e-01 -8.34411081e-04 2.27359317e-04
2.31135064e-01 2.28630262e-05 2.28677564e-04
2.31492040e-01 1.27622006e-06 2.26292755e-04
2.31849012e-01 1.48360107e-04 2.34807359e-04
2.32205980e-01 2.65644571e-04 2.34091992e-04
2.32562944e-01 -8.10419773e-05 2.27928141e-04
2.32919905e-01 -4.10438414e-05 2.31895169e-04
2.33276862e-01 -1.73608679e-04 2.26566862e-04
2.33633814e-01 2.37573162e-04 2.32443762e-04
2.33990763e-01 9.07302265e-05 2.31214388e-04
2.34347709e-01 -5.36530525e-05 2.27341309e-04
2.34704650e-01 4.04834359e-04 2.30146412e-04
2.35061588e-01 1.33025969e-04 2.31989317e-04
2.35418521e-01 -1.62292660e-04 2.25018888e-04
2.35775451e-01 -1.62150791e-04 2.30223524e-04
2.36132377e-01 3.58120269e-04 2.27137638e-04
2.36489299e-01 -5.26852836e-06 2.27448889e-04
2.36846218e-01 1.56049888e-04 2.31013918e-04
2.37203132e-01 2.42200525e-04 2.28867300e-04
2.37560042e-01 4.19184971e-04 2.30723643e-04
2.37916949e-01 1.14941064e-04 2.29388902e-04
2.38273852e-01 -2.93659189e-05 2.22989719e-04
2.38630751e-01 1.16034580e-04 2.25996054e-04
2.38987645e-01 2.41787698e-05 2.23331692e-04
2.39344537e-01 3.57653523e-05 2.27086292e-04
2.39701424e-01 -4.90169915e-05 2.19984837e-04
2.40058307e-01 2.86130883e-04 2.24931080e-04
2.40415186e-01 4.16515115e-05 2.26335853e-04
2.40772061e-01 -1.82199985e-04 2.23093892e-04
2.41128933e-01 5.58979901e-05 2.23824894e-04
2.41485800e-01 -6.68533769e-05 2.26142875e-04
2.41842664e-01 -2.20348657e-04 2.19088002e-04
2.42199523e-01 -2.38477620e-05 2.26821459e-04
2.42556379e-01 -7.37599527e-05 2.25458770e-04
2.42913230e-01 5.90540825e-04 2.24852398e-04
2.43270078e-01 -7.88205720e-05 2.21519293e-04
2.43626922e-01 -3.58827168e-04 2.22158560e-04
2.43983761e-01 -6.67698563e-06 2.18017979e-04
2.44340597e-01 9.17704557e-05 2.22676450e-04
2.44697429e-01 1.09288002e-04 2.19635514e-04
2.45054256e-01 -3.57591047e-05 2.15248762e-04
2.45411080e-01 -1.27959425e-04 2.15857618e-04
2.45767900e-01 2.48557281e-04 2.15920449e-04
2.46124715e-01 -9.15983133e-05 2.16366603e-04
2.46481527e-01 -9.97733366e-06 2.13803861e-04
2.46838334e-01 2.97324391e-04 2.18162104e-04
2.47195138e-01 2.21979312e-04 2.16661196e-04
2.47551938e-01 -1.16809256e-04 2.20393411e-04
2.47908733e-01 -1.22758503e-04 2.20169603e-04
2.48265524e-01 1.83420732e-04 2.17055673e-04
2.48622312e-01 4.84817697e-05 2.16456655e-04
2.48979095e-01 1.37352830e-04 2.14995678e-04
2.49335874e-01 1.00096096e-04 2.18738808e-04
2.49692649e-01 1.72830968e-04 2.17125277e-04
2.50049420e-01 1.79519831e-04 2.18833781e-04
2.50406187e-01 -2.82113381e-04 2.14831107e-04
2.50762950e-01 2.66557509e-04 2.14101546e-04
2.51119709e-01 2.07206391e-04 2.11049310e-04
2.51476464e-01 -1.66592397e-04 2.15189254e-04
2.51833214e-01 3.68848311e-05 2.10855200e-04
2.52189961e-01 -1.86669708e-04 2.11878669e-04
2.52546703e-01 1.27994141e-04 2.13546191e-04
2.52903441e-01 4.11582235e-04 2.12383389e-04
2.53260175e-01 3.11802592e-04 2.16610239e-04
2.53616905e-01 2.07138596e-05 2.12750748e-04
2.53973631e-01 -5.46339580e-05 2.11116530e-04
2.54330352e-01 -7.17835826e-05 2.08580290e-04
2.54687070e-01 -9.42348157e-05 2.11827180e-04
2.55043783e-01 -4.42966825e-04 2.12613442e-04
2.55400492e-01 -6.60209192e-05 2.10785771e-04
2.55757197e-01 3.30497082e-04 2.09934532e-04
2.56113898e-01 1.07184959e-04 2.14221269e-04
2.56470595e-01 1.83315666e-04 2.10969793e-04
2.56827287e-01 -1.57784561e-04 2.12976334e-04
2.57183975e-01 -4.96483564e-04 2.15774406e-04
2.57540659e-01 6.57000066e-05 2.18668041e-04
2.57897339e-01 -1.37372552e-04 2.12670228e-04
2.58254014e-01 5.89298759e-07 2.19322626e-04
2.58610686e-01 1.47686583e-04 2.11871775e-04
2.58967353e-01 4.54078531e-05 2.15129625e-04
2.59324016e-01 -7.35584893e-05 2.16958996e-04
2.59680674e-01 -3.50971999e-04 2.09015284e-04
2.60037329e-01 3.32491354e-04 2.19023650e-04
2.60393979e-01 -1.22209356e-04 2.15069070e-04
2.60750625e-01 1.09875832e-04 2.15377381e-04
2.61107266e-01 -3.76030973e-04 2.14372693e-04
2.61463904e-01 2.16078202e-04 2.15694705e-04
2.61820537e-01 -2.08000355e-04 2.15913597e-04
2.62177166e-01 3.21865214e-04 2.16289645e-04
2.62533790e-01 1.47476595e-04 2.18766770e-04
2.62890410e-01 9.66280385e-05 2.16828597e-04
2.63247026e-01 2.95637616e-04 2.15476541e-04
2.63603638e-01 -2.50443186e-04 2.18472367e-04
2.63960245e-01 -2.29880532e-04 2.15761316e-04
2.64316848e-01 -1.12474443e-04 2.12969512e-04
2.64673447e-01 -1.64512123e-05 2.12492515e-04
2.65030042e-01 -7.63764534e-05 2.08503878e-04
2.65386632e-01 -1.17906460e-04 2.12103421e-04
2.65743217e-01 4.04078826e-04 2.13990895e-04
2.66099799e-01 -7.89072461e-05 2.11374553e-04
2.66456376e-01 -1.99137624e-04 2.15305738e-04
2.66812948e-01 4.45110996e-05 2.14632586e-04
2.67169517e-01 -1.67272369e-04 2.17875206e-04
2.67526081e-01 1.14123681e-05 2.15171963e-04
2.67882640e-01 -1.84452176e-04 2.19581061e-04
2.68239195e-01 1.25892909e-04 2.19958176e-04
2.68595746e-01 4.56983324e-05 2.18597397e-04
2.68952293e-01 -8.88845064e-05 2.10623797e-04
2.69308835e-01 4.75283841e-05 2.18398612e-04
2.69665372e-01 2.85849717e-04 2.18747102e-04
2.70021906e-01 3.11893172e-04 2.23082080e-04
2.70378435e-01 3.65897211e-04 2.22148904e-04
2.70734959e-01 1.01693869e-04 2.24561870e-04
2.71091479e-01 2.20823394e-04 2.24585068e-04
2.71447995e-01 2.57866829e-04 2.24859353e-04
2.71804506e-01 -8.01979925e-05 2.25269697e-04
2.72161012e-01 2.04095476e-04 2.26361207e-04
2.72517515e-01 2.31448325e-04 2.29645865e-04
2.72874012e-01 -8.73702784e-05 2.24346983e-04
