1.54026655e-02 8.62055660e-03 1.65475116e-03
1.57608633e-02 1.00561530e-02 1.71905567e-03
1.61190608e-02 1.10113136e-02 1.52171766e-03
1.64772580e-02 8.67705431e-03 1.61733937e-03
1.68354550e-02 8.55670638e-03 1.39939368e-03
1.71936517e-02 8.69009942e-03 1.32643552e-03
1.75518481e-02 8.54684937e-03 1.39659964e-03
1.79100442e-02 1.03804652e-02 1.35688427e-03
1.82682400e-02 8.11848152e-03 1.26042977e-03
1.86264355e-02 9.59538374e-03 1.25712004e-03
1.89846308e-02 9.92973384e-03 1.21633403e-03
1.93428257e-02 8.02695762e-03 1.11579815e-03
1.97010202e-02 8.58008985e-03 1.04161399e-03
2.00592145e-02 7.86790984e-03 1.16932696e-03
2.04174084e-02 1.08617839e-02 1.13494700e-03
2.07756020e-02 9.84533339e-03 1.15204102e-03
2.11337953e-02 9.80787904e-03 1.04919980e-03
2.14919882e-02 7.86967768e-03 1.09514028e-03
2.18501808e-02 9.11111599e-03 1.09993617e-03
2.22083729e-02 7.51446795e-03 1.04381079e-03
2.25665648e-02 6.27546684e-03 9.70044166e-04
2.29247562e-02 8.15305227e-03 1.00392849e-03
2.32829473e-02 9.70667866e-03 9.61047553e-04
2.36411380e-02 8.84885108e-03 1.00693902e-03
2.39993283e-02 8.91431735e-03 9.70593336e-04
2.43575182e-02 8.54411192e-03 9.37935464e-04
2.47157077e-02 9.72202444e-03 9.91563457e-04
2.50738968e-02 7.36221589e-03 9.06507128e-04
2.54320855e-02 6.60115001e-03 8.68669235e-04
2.57902738e-02 8.73928309e-03 9.08787597e-04
2.61484617e-02 8.71246765e-03 9.07436054e-04
2.65066491e-02 8.49383593e-03 8.91998546e-04
2.68648361e-02 8.36990911e-03 9.23221298e-04
2.72230226e-02 7.84505705e-03 8.49441591e-04
2.75812087e-02 7.54170576e-03 8.80640467e-04
2.79393943e-02 8.43215882e-03 8.06370566e-04
2.82975795e-02 7.26114258e-03 8.40875582e-04
2.86557642e-02 7.15561529e-03 8.67579057e-04
2.90139485e-02 7.95014004e-03 8.26880485e-04
2.93721323e-02 8.13721253e-03 8.71578976e-04
2.97303155e-02 8.31660552e-03 8.50015747e-04
3.00884983e-02 7.83863570e-03 8.53828587e-04
3.04466806e-02 8.24392883e-03 8.74040876e-04
3.08048624e-02 8.90182029e-03 8.31379213e-04
3.11630437e-02 8.83909501e-03 8.45648420e-04
3.15212245e-02 8.05958661e-03 8.57048108e-04
3.18794048e-02 7.32734065e-03 8.41899795e-04
3.22375845e-02 7.44014017e-03 8.43824653e-04
3.25957637e-02 7.68502239e-03 8.39407555e-04
3.29539424e-02 7.83988373e-03 8.25552256e-04
3.33121205e-02 6.31737690e-03 8.56807474e-04
3.36702981e-02 5.98033312e-03 8.13068135e-04
3.40284751e-02 6.34429001e-03 8.02210547e-04
3.43866516e-02 6.83196628e-03 8.23918935e-04
3.47448275e-02 7.32230812e-03 7.62526047e-04
3.51030028e-02 7.28392683e-03 7.65993220e-04
3.54611775e-02 7.95206523e-03 7.80430704e-04
3.58193517e-02 7.62312274e-03 7.39190978e-04
3.61775253e-02 6.11115715e-03 7.33874820e-04
3.65356983e-02 6.90119006e-03 7.43060280e-04
3.68938706e-02 7.01478001e-03 7.30827861e-04
3.72520424e-02 7.13089123e-03 7.40610095e-04
3.76102136e-02 6.34806402e-03 7.22437650e-04
3.79683841e-02 7.38588492e-03 7.43241111e-04
3.83265540e-02 6.67990492e-03 7.31216956e-04
3.86847233e-02 6.02236141e-03 7.61258795e-04
3.90428920e-02 6.38046526e-03 7.33227198e-04
3.94010600e-02 6.54071572e-03 7.07546511e-04
3.97592273e-02 6.43213505e-03 6.78573956e-04
4.01173941e-02 7.43998466e-03 7.10958530e-04
4.04755601e-02 5.35020553e-03 6.66954860e-04
4.08337255e-02 5.70886037e-03 6.78883858e-04
4.11918902e-02 6.19959686e-03 6.59464211e-04
4.15500542e-02 5.31370278e-03 6.85358799e-04
4.19082176e-02 5.42354292e-03 6.75732215e-04
4.22663802e-02 4.81818299e-03 6.75106110e-04
4.26245422e-02 6.23884432e-03 6.92278941e-04
4.29827034e-02 5.31737446e-03 6.89884505e-04
4.33408640e-02 5.25200101e-03 6.95051767e-04
4.36990238e-02 4.23865830e-03 6.66530251e-04
4.40571830e-02 4.51788373e-03 6.54226806e-04
4.44153414e-02 5.51594196e-03 7.00130976e-04
4.47734990e-02 5.53373854e-03 6.85212057e-04
4.51316560e-02 6.50411175e-03 6.86342238e-04
4.54898122e-02 5.60765133e-03 6.87478649e-04
4.58479676e-02 5.20921497e-03 6.68091491e-04
4.62061223e-02 4.97349782e-03 6.57014226e-04
4.65642762e-02 5.19514134e-03 6.80807864e-04
4.69224294e-02 4.04011540e-03 6.65412997e-04
4.72805818e-02 4.97150973e-03 6.85788226e-04
4.76387334e-02 5.57536647e-03 6.82206489e-04
4.79968842e-02 4.61033564e-03 6.34454744e-04
4.83550342e-02 4.59517685e-03 6.20097259e-04
4.87131835e-02 4.51999726e-03 6.49119369e-04
4.90713319e-02 5.33735271e-03 6.15968325e-04
4.94294795e-02 4.48895095e-03 6.32981459e-04
4.97876264e-02 3.68040551e-03 6.10484806e-04
5.01457724e-02 2.80251306e-03 6.31007587e-04
5.05039175e-02 3.11838596e-03 6.14189509e-04
5.08620619e-02 4.05603991e-03 6.34730993e-04
5.12202054e-02 4.78209447e-03 6.05183986e-04
5.15783481e-02 4.49026055e-03 6.03881260e-04
5.19364899e-02 3.10127929e-03 6.16509440e-04
5.22946308e-02 4.05937924e-03 5.97109713e-04
5.26527709e-02 5.12817294e-03 6.29321445e-04
5.30109102e-02 3.83521560e-03 5.90307844e-04
5.33690485e-02 4.54074747e-03 5.75896757e-04
5.37271860e-02 4.05013766e-03 6.03250288e-04
5.40853226e-02 3.66846123e-03 5.77907057e-04
5.44434583e-02 3.72870761e-03 5.70242837e-04
5.48015932e-02 4.18570461e-03 6.02361571e-04
5.51597271e-02 3.07914960e-03 5.75918963e-04
5.55178601e-02 4.17749100e-03 5.89945357e-04
5.58759922e-02 3.30473606e-03 6.07657718e-04
5.62341234e-02 3.46235053e-03 5.67154144e-04
5.65922536e-02 3.46986812e-03 5.93012397e-04
5.69503829e-02 3.75813409e-03 5.65264491e-04
5.73085113e-02 3.19333145e-03 5.55728213e-04
5.76666388e-02 3.28054766e-03 5.60078641e-04
5.80247653e-02 3.13693486e-03 5.48329142e-04
5.83828908e-02 4.18113924e-03 5.79171727e-04
5.87410154e-02 3.14058555e-03 5.60322935e-04
5.90991390e-02 2.73529636e-03 5.38807529e-04
5.94572616e-02 3.26523249e-03 5.55970672e-04
5.98153833e-02 2.30676641e-03 5.70262001e-04
6.01735040e-02 3.02758586e-03 5.40638015e-04
6.05316237e-02 3.30468679e-03 5.27171205e-04
6.08897424e-02 3.00861169e-03 5.33771618e-04
6.12478600e-02 3.37080227e-03 5.63304667e-04
6.16059767e-02 1.84070352e-03 5.44545879e-04
6.19640924e-02 2.24931467e-03 5.17778828e-04
6.23222071e-02 2.60273255e-03 5.20136852e-04
6.26803207e-02 3.15501474e-03 5.34685438e-04
6.30384333e-02 2.87568466e-03 5.17947188e-04
6.33965448e-02 2.54464409e-03 5.23569544e-04
6.37546554e-02 2.60351714e-03 5.11183684e-04
6.41127648e-02 1.89877378e-03 5.18352420e-04
6.44708732e-02 2.47440382e-03 5.25117247e-04
6.48289806e-02 2.52332258e-03 5.13818564e-04
6.51870869e-02 2.04513014e-03 4.90415878e-04
6.55451921e-02 1.68011194e-03 5.02104004e-04
6.59032962e-02 2.52403491e-03 5.11803699e-04
6.62613993e-02 2.53528549e-03 5.14467073e-04
6.66195012e-02 2.61288970e-03 5.13729500e-04
6.69776021e-02 1.78096050e-03 5.08806549e-04
6.73357019e-02 2.25133223e-03 5.01259966e-04
6.76938005e-02 2.20524081e-03 4.97744205e-04
6.80518981e-02 2.23977426e-03 4.98126022e-04
6.84099945e-02 1.61605325e-03 4.94078949e-04
6.87680898e-02 1.82184731e-03 4.84206444e-04
6.91261840e-02 1.52413012e-03 4.87789481e-04
6.94842770e-02 1.83491290e-03 4.87000650e-04
6.98423689e-02 1.55825312e-03 4.74677797e-04
7.02004596e-02 1.75562771e-03 4.59982956e-04
7.05585492e-02 1.97310276e-03 4.82654002e-04
7.09166377e-02 1.84722450e-03 4.97723494e-04
7.12747249e-02 1.30395797e-03 4.76816144e-04
7.16328110e-02 1.52704124e-03 4.66755939e-04
7.19908959e-02 1.57715037e-03 4.86657282e-04
7.23489796e-02 1.30912750e-03 4.76353499e-04
7.27070622e-02 1.34050335e-03 4.81159282e-04
7.30651435e-02 9.71522468e-04 4.66273387e-04
7.34232237e-02 1.41609523e-03 4.59596345e-04
7.37813026e-02 1.07592453e-03 4.71229989e-04
7.41393803e-02 1.91209052e-03 4.70931701e-04
7.44974568e-02 9.26312476e-04 4.61970598e-04
7.48555321e-02 2.00584600e-03 4.77042289e-04
7.52136061e-02 1.52282310e-03 4.54215785e-04
7.55716789e-02 2.00382049e-03 4.62059879e-04
7.59297505e-02 9.87865824e-04 4.66586319e-04
7.62878208e-02 9.20114121e-04 4.69531823e-04
7.66458899e-02 7.68233875e-04 4.62403938e-04
7.70039577e-02 1.16532828e-03 4.62506294e-04
7.73620242e-02 1.14925122e-03 4.57880227e-04
7.77200895e-02 5.76256969e-04 4.52264687e-04
7.80781535e-02 1.50058895e-03 4.47997458e-04
7.84362162e-02 1.14269984e-03 4.53248445e-04
7.87942776e-02 1.49255894e-03 4.65281008e-04
7.91523377e-02 1.28897592e-03 4.55260574e-04
7.95103965e-02 1.55799277e-03 4.58658885e-04
7.98684540e-02 6.98058169e-04 4.38550046e-04
8.02265102e-02 1.28094045e-03 4.40945838e-04
8.05845651e-02 6.93517839e-04 4.63977130e-04
8.09426186e-02 7.95674848e-04 4.46503529e-04
8.13006709e-02 1.30444784e-03 4.49072262e-04
8.16587217e-02 1.36803431e-05 4.43983320e-04
8.20167713e-02 3.91880297e-04 4.45671617e-04
8.23748195e-02 1.23489123e-03 4.57860217e-04
8.27328663e-02 8.74398653e-04 4.38513088e-04
8.30909118e-02 9.01168930e-04 4.49145459e-04
8.34489559e-02 -1.84829446e-05 4.36696091e-04
8.38069986e-02 1.09605801e-03 4.47574434e-04
8.41650400e-02 6.49130466e-04 4.33968060e-04
8.45230800e-02 1.46247841e-03 4.18602666e-04
8.48811185e-02 1.09355215e-03 4.34990373e-04
8.52391557e-02 4.53083218e-04 4.42353197e-04
8.55971915e-02 9.48153692e-04 4.41115217e-04
8.59552259e-02 4.58950728e-04 4.26285651e-04
8.63132589e-02 9.00273448e-04 4.37395786e-04
8.66712904e-02 1.01847054e-03 4.42848431e-04
8.70293205e-02 5.46589470e-04 4.37346051e-04
8.73873492e-02 6.04600342e-04 4.32631726e-04
8.77453765e-02 3.91310784e-04 4.31498174e-04
8.81034023e-02 7.25930137e-05 4.30984918e-04
8.84614267e-02 -1.73290173e-04 4.38362695e-04
8.88194496e-02 1.01081752e-03 4.25219478e-04
8.91774710e-02 1.07764973e-03 4.25036272e-04
8.95354910e-02 1.73104190e-03 4.32217280e-04
8.98935095e-02 4.50925788e-04 4.19083464e-04
9.02515266e-02 -2.06137040e-04 4.26663676e-04
9.06095421e-02 2.56652385e-04 4.18596214e-04
9.09675562e-02 2.81032312e-04 4.23247398e-04
9.13255687e-02 -2.14618097e-04 4.25238981e-04
9.16835798e-02 -7.86868167e-04 4.33758710e-04
9.20415894e-02 6.81793189e-04 4.17178657e-04
9.23995974e-02 5.60629170e-04 4.26186349e-04
9.27576039e-02 3.56544278e-05 4.16597635e-04
9.31156089e-02 -2.51258841e-04 4.24678776e-04
9.34736124e-02 -1.70004295e-04 4.13623408e-04
9.38316143e-02 2.48618434e-04 4.13691977e-04
9.41896147e-02 7.95889337e-04 4.15826437e-04
9.45476136e-02 6.68105202e-05 4.25893785e-04
9.49056108e-02 2.30883079e-04 4.26560613e-04
9.52636066e-02 2.21883910e-04 4.09563607e-04
9.56216007e-02 9.56920420e-05 4.17955790e-04
9.59795933e-02 4.34722013e-04 4.07476259e-04
9.63375843e-02 -1.93128996e-04 4.07949917e-04
9.66955738e-02 8.28092242e-04 3.98797887e-04
9.70535616e-02 3.77702911e-04 4.08505402e-04
9.74115478e-02 -2.30757556e-05 4.08224764e-04
9.77695325e-02 9.78059825e-04 4.05716972e-04
9.81275155e-02 -2.02517435e-04 4.07095941e-04
9.84854969e-02 3.39809238e-04 4.12765886e-04
9.88434768e-02 1.05934458e-04 4.05086845e-04
9.92014549e-02 2.14541926e-04 3.99300481e-04
9.95594315e-02 1.78158784e-04 4.16626911e-04
9.99174064e-02 2.54602470e-04 3.98010067e-04
1.00275380e-01 -5.16248243e-04 4.08420910e-04
1.00633351e-01 -3.47053376e-05 4.00619942e-04
1.00991321e-01 -1.13400975e-05 3.87296826e-04
1.01349290e-01 1.88429245e-04 3.90105356e-04
1.01707256e-01 3.04059385e-05 3.82352090e-04
1.02065221e-01 1.36022172e-04 3.90492449e-04
1.02423184e-01 3.48454776e-05 3.94654211e-04
1.02781146e-01 2.19066553e-04 3.95629319e-04
1.03139106e-01 5.72462994e-04 3.93070811e-04
1.03497064e-01 1.10188218e-03 3.96112480e-04
1.03855021e-01 1.68543089e-04 3.90563106e-04
1.04212976e-01 8.04972056e-05 3.80283964e-04
1.04570929e-01 3.57064991e-04 3.86076778e-04
1.04928880e-01 1.14824439e-04 3.89969049e-04
1.05286830e-01 -4.76243432e-04 3.89547723e-04
1.05644778e-01 -3.36960810e-06 3.94874095e-04
1.06002724e-01 5.66352152e-04 3.93459649e-04
1.06360668e-01 5.15999317e-04 4.06862535e-04
1.06718611e-01 3.20079245e-04 4.00268772e-04
1.07076552e-01 8.81845370e-04 3.95088180e-04
1.07434491e-01 -5.59435768e-05 4.03033292e-04
1.07792429e-01 4.39076083e-04 4.04995579e-04
1.08150364e-01 2.79421859e-04 4.01659895e-04
1.08508298e-01 -1.52838749e-04 3.94143582e-04
1.08866230e-01 3.36947371e-04 4.04118821e-04
1.09224160e-01 -2.70234259e-04 3.95218213e-04
1.09582089e-01 2.86172766e-04 3.95516978e-04
1.09940016e-01 7.52235441e-04 3.95480010e-04
1.10297941e-01 4.32950273e-05 3.85812004e-04
1.10655864e-01 -3.45914431e-04 3.99142951e-04
1.11013785e-01 -2.54514480e-04 3.76379284e-04
1.11371704e-01 3.85902389e-04 3.87154646e-04
1.11729622e-01 2.41321311e-04 3.81220416e-04
1.12087538e-01 -8.37424066e-05 3.86275484e-04
1.12445452e-01 6.66836904e-04 3.91275386e-04
1.12803364e-01 3.82722504e-04 3.83777278e-04
1.13161274e-01 3.07448901e-04 3.83014896e-04
1.13519182e-01 -1.39211883e-04 3.88263869e-04
1.13877089e-01 5.49532890e-04 3.70026503e-04
1.14234994e-01 6.53790069e-04 3.75174690e-04
1.14592896e-01 3.91362732e-04 3.78338409e-04
1.14950797e-01 1.19356053e-04 3.72972150e-04
1.15308696e-01 -1.11360106e-04 3.64742953e-04
1.15666593e-01 -5.58705834e-05 3.77754406e-04
1.16024488e-01 -1.18626345e-04 3.68808817e-04
1.16382382e-01 2.41621606e-05 3.74265024e-04
1.16740273e-01 -1.30108954e-04 3.66433917e-04
1.17098163e-01 -2.58753433e-04 3.63835934e-04
1.17456050e-01 -5.24530395e-05 3.71127392e-04
1.17813936e-01 2.21442169e-04 3.65877426e-04
1.18171819e-01 -6.61553689e-05 3.71766978e-04
1.18529701e-01 3.89340762e-04 3.78081068e-04
1.18887581e-01 -1.79221906e-04 3.71807244e-04
1.19245459e-01 -2.06310031e-05 3.73715720e-04
1.19603335e-01 4.13247763e-06 3.83077043e-04
1.19961208e-01 -5.58902592e-05 3.79353147e-04
1.20319080e-01 2.80441481e-04 3.82946522e-04
1.20676950e-01 -7.72571492e-04 3.74324947e-04
1.21034818e-01 3.97102455e-04 3.73487353e-04
1.21392684e-01 5.85056841e-04 3.70468706e-04
1.21750548e-01 -1.55434696e-05 3.69142022e-04
1.22108410e-01 -5.35527214e-04 3.70102927e-04
1.22466270e-01 -2.14284927e-06 3.77083720e-04
1.22824128e-01 4.49210899e-05 3.84470453e-04
1.23181984e-01 -1.39875793e-04 3.70820897e-04
1.23539838e-01 4.29477853e-04 3.78485836e-04
1.23897690e-01 6.96310687e-04 3.68340837e-04
1.24255540e-01 6.64988027e-04 3.65534080e-04
1.24613388e-01 1.43941600e-04 3.62038345e-04
1.24971233e-01 2.01724184e-04 3.58576385e-04
1.25329077e-01 1.14955512e-04 3.79356424e-04
1.25686919e-01 3.72998709e-05 3.76834032e-04
1.26044758e-01 4.45653574e-04 3.59869586e-04
1.26402596e-01 -1.50278045e-04 3.67167433e-04
1.26760431e-01 -1.81234646e-04 3.53248868e-04
1.27118265e-01 -4.21978481e-04 3.60375185e-04
1.27476096e-01 4.80792204e-04 3.64305274e-04
1.27833925e-01 -3.15192465e-04 3.62846663e-04
1.28191752e-01 -2.14696681e-04 3.53653415e-04
1.28549577e-01 7.45271836e-05 3.48562863e-04
1.28907400e-01 2.13383963e-04 3.46540244e-04
1.29265221e-01 3.51103764e-04 3.61603350e-04
1.29623040e-01 5.52192050e-04 3.49746596e-04
1.29980856e-01 1.15982471e-04 3.56488233e-04
1.30338670e-01 6.46503049e-04 3.54568187e-04
1.30696483e-01 6.91741682e-06 3.52087778e-04
1.31054293e-01 -1.13750018e-04 3.45962309e-04
1.31412101e-01 8.38712825e-05 3.47432879e-04
1.31769906e-01 -1.18249651e-04 3.50933645e-04
1.32127710e-01 1.09463110e-04 3.42052491e-04
1.32485511e-01 -3.47278835e-04 3.41411515e-04
1.32843311e-01 1.88875233e-04 3.42531584e-04
1.33201108e-01 1.29330156e-04 3.57864816e-04
1.33558903e-01 -1.11973920e-04 3.46263581e-04
1.33916695e-01 -9.63682136e-05 3.39583020e-04
1.34274486e-01 1.69736468e-04 3.46657973e-04
1.34632274e-01 -3.45630794e-04 3.35905350e-04
1.34990060e-01 -2.75516926e-04 3.34851566e-04
1.35347844e-01 -2.46268204e-05 3.43859008e-04
1.35705626e-01 5.89371947e-04 3.45341321e-04
1.36063405e-01 3.76664579e-04 3.31093208e-04
1.36421182e-01 2.97928803e-04 3.32317828e-04
1.36778957e-01 2.59066133e-04 3.30875065e-04
1.37136730e-01 -3.15403854e-05 3.29702055e-04
1.37494500e-01 -2.40831244e-04 3.35685853e-04
1.37852269e-01 4.97564905e-04 3.36053286e-04
1.38210034e-01 8.88975040e-05 3.37558543e-04
1.38567798e-01 7.34288868e-04 3.35062000e-04
1.38925559e-01 1.25369740e-04 3.36757093e-04
1.39283319e-01 2.88304147e-05 3.30819896e-04
1.39641075e-01 1.25074608e-04 3.22252595e-04
1.39998830e-01 -2.33805201e-04 3.39973852e-04
1.40356582e-01 -5.26250603e-04 3.33063062e-04
1.40714332e-01 5.52810244e-05 3.27467289e-04
1.41072080e-01 2.62261514e-04 3.28492505e-04
1.41429825e-01 6.18520737e-04 3.22289756e-04
1.41787568e-01 1.03093931e-05 3.30130894e-04
1.42145308e-01 6.11547901e-04 3.21332687e-04
1.42503047e-01 -1.25447171e-04 3.27164692e-04
1.42860783e-01 3.58409847e-04 3.25137086e-04
1.43218516e-01 4.64469795e-04 3.28290137e-04
1.43576247e-01 4.83458737e-04 3.20422475e-04
1.43933976e-01 -2.22824436e-04 3.22027313e-04
1.44291703e-01 -3.01105372e-04 3.21422185e-04
1.44649427e-01 -4.37708697e-04 3.25597889e-04
1.45007149e-01 7.41580283e-05 3.24854894e-04
1.45364868e-01 3.76856079e-04 3.23711478e-04
1.45722585e-01 8.28613669e-05 3.24272003e-04
1.46080300e-01 3.46645708e-04 3.22739755e-04
1.46438012e-01 -1.04773328e-04 3.17130540e-04
1.46795722e-01 4.44178231e-04 3.25714223e-04
1.47153429e-01 -6.85700304e-04 3.15835366e-04
1.47511134e-01 5.05838152e-04 3.18749613e-04
1.47868837e-01 -2.25735426e-04 3.14280732e-04
1.48226537e-01 5.26064135e-04 3.17390997e-04
1.48584235e-01 2.32548711e-04 3.18687320e-04
1.48941930e-01 3.37762405e-04 3.21137363e-04
1.49299623e-01 2.98033819e-04 3.17902674e-04
1.49657313e-01 -4.75757837e-04 3.17408767e-04
1.50015001e-01 3.44564543e-04 3.23055986e-04
1.50372687e-01 2.17600939e-05 3.08030789e-04
1.50730370e-01 5.10507548e-04 3.13409987e-04
1.51088050e-01 3.80480502e-04 3.09730454e-04
1.51445728e-01 8.78182528e-05 3.20673750e-04
1.51803404e-01 4.54355609e-04 3.07717348e-04
1.52161077e-01 -4.79575969e-04 3.11741118e-04
1.52518747e-01 5.12882160e-04 3.14896765e-04
1.52876416e-01 2.08714412e-04 3.15524220e-04
1.53234081e-01 -1.83750266e-05 3.10884660e-04
1.53591744e-01 -2.31159501e-04 3.09067785e-04
1.53949405e-01 4.75031942e-04 3.16518702e-04
1.54307063e-01 2.03047632e-04 3.06779007e-04
1.54664718e-01 5.14167965e-04 3.11631850e-04
1.55022371e-01 2.81257323e-04 3.08769269e-04
1.55380021e-01 6.25291527e-04 3.15301755e-04
1.55737669e-01 -1.01681658e-05 2.99511661e-04
1.56095314e-01 4.08080594e-04 2.99092499e-04
1.56452957e-01 -7.49356992e-05 3.06647774e-04
1.56810597e-01 2.84728851e-04 3.01461777e-04
1.57168235e-01 4.06516168e-04 3.05662748e-04
1.57525870e-01 1.62309759e-04 3.08811358e-04
1.57883502e-01 -3.27125711e-05 3.03467399e-04
1.58241132e-01 1.81216633e-04 3.03041999e-04
1.58598759e-01 1.53223463e-04 2.87955744e-04
1.58956384e-01 -3.52574280e-04 3.06071985e-04
1.59314006e-01 -3.98536763e-05 3.04603623e-04
1.59671625e-01 6.54138574e-05 3.00201622e-04
1.60029242e-01 -9.76183147e-05 3.04699708e-04
1.60386856e-01 1.20900870e-05 3.01719928e-04
1.60744468e-01 -6.55983910e-05 3.00156819e-04
1.61102076e-01 1.13242104e-04 2.94497762e-04
1.61459683e-01 1.34329483e-04 2.96345766e-04
1.61817286e-01 -2.81677009e-04 2.94793683e-04
1.62174887e-01 2.21296596e-04 2.97486419e-04
1.62532485e-01 1.02707359e-04 2.94635198e-04
1.62890081e-01 3.79169405e-04 3.01254148e-04
1.63247674e-01 1.83528261e-04 3.00301179e-04
1.63605264e-01 -2.63504122e-04 2.95349259e-04
1.63962852e-01 -1.07072108e-05 2.85705340e-04
1.64320437e-01 -2.08715702e-04 2.95810455e-04
1.64678019e-01 8.91620782e-04 3.00590281e-04
1.65035598e-01 2.82846476e-04 2.96485900e-04
1.65393175e-01 3.45671515e-04 2.96968147e-04
1.65750749e-01 2.90623790e-04 2.94020107e-04
1.66108320e-01 2.69875936e-04 2.94502292e-04
1.66465889e-01 -3.17580816e-04 2.93661420e-04
1.66823455e-01 -6.77986503e-05 2.96449000e-04
1.67181018e-01 -1.49383799e-04 2.87040786e-04
1.67538578e-01 1.35846040e-04 2.96576345e-04
1.67896136e-01 -5.31329102e-04 2.92429273e-04
1.68253691e-01 -8.09915337e-05 2.92657965e-04
1.68611243e-01 1.25418695e-04 2.96266922e-04
1.68968792e-01 -8.46934051e-05 2.88673482e-04
1.69326339e-01 4.50320689e-04 2.82684992e-04
1.69683883e-01 -2.43122272e-04 2.91143509e-04
1.70041424e-01 -1.62443958e-04 2.88539734e-04
1.70398962e-01 -2.76615254e-04 2.85375532e-04
1.70756497e-01 2.74539595e-04 2.90008058e-04
1.71114030e-01 3.83238985e-04 2.93518452e-04
1.71471560e-01 1.17088134e-04 2.93855125e-04
1.71829087e-01 1.09143643e-04 2.96246605e-04
1.72186611e-01 8.50254347e-05 2.88770340e-04
1.72544132e-01 1.23123665e-04 2.84448838e-04
1.72901651e-01 1.28221464e-05 2.85584437e-04
1.73259167e-01 -2.56968294e-06 2.83748672e-04
1.73616679e-01 1.36228876e-04 2.81720992e-04
1.73974189e-01 1.61297040e-04 2.78714010e-04
1.74331697e-01 2.83926827e-05 2.84183796e-04
1.74689201e-01 4.93855215e-04 2.85281772e-04
1.75046702e-01 -2.42991446e-04 2.84458287e-04
1.75404201e-01 6.48709565e-05 2.84963360e-04
1.75761697e-01 3.81592163e-04 2.84025932e-04
1.76119189e-01 -2.53671692e-04 2.87335282e-04
1.76476679e-01 -4.14490823e-05 2.81049795e-04
1.76834166e-01 -2.43819063e-04 2.81148898e-04
1.77191650e-01 4.84767834e-05 2.83096009e-04
1.77549132e-01 5.68535349e-05 2.79165104e-04
1.77906610e-01 5.49610576e-04 2.82621769e-04
1.78264085e-01 1.17989519e-04 2.83406127e-04
1.78621558e-01 1.23890274e-04 2.78304135e-04
1.78979027e-01 1.66222415e-04 2.80976012e-04
1.79336494e-01 -1.30618333e-04 2.72499948e-04
1.79693958e-01 -2.05875638e-04 2.77893281e-04
1.80051418e-01 1.01877611e-04 2.78689947e-04
1.80408876e-01 -1.84732672e-05 2.79059562e-04
1.80766331e-01 -1.41422481e-04 2.76200061e-04
1.81123783e-01 -3.95876215e-04 2.79382926e-04
1.81481232e-01 -3.39230834e-04 2.76751182e-04
1.81838677e-01 -1.78731850e-04 2.79848773e-04
1.82196120e-01 5.22162566e-05 2.81763550e-04
1.82553560e-01 -1.07241066e-04 2.85871298e-04
1.82910997e-01 -1.15785379e-05 2.88360408e-04
1.83268431e-01 -5.39101856e-04 2.83262716e-04
1.83625862e-01 4.07411185e-04 2.87019049e-04
1.83983290e-01 -1.02818140e-04 2.81041228e-04
1.84340715e-01 -1.73627113e-04 2.80919774e-04
1.84698137e-01 1.31737128e-04 2.86766876e-04
1.85055556e-01 1.35260040e-04 2.87506880e-04
1.85412971e-01 -2.84331539e-04 2.84667470e-04
1.85770384e-01 -9.94935498e-06 2.81726449e-04
1.86127794e-01 -5.07196017e-05 2.83788228e-04
1.86485200e-01 3.50761531e-04 2.78794622e-04
1.86842604e-01 1.28785397e-04 2.80329006e-04
1.87200005e-01 -1.25096193e-04 2.75471180e-04
1.87557402e-01 3.42713546e-04 2.78084805e-04
1.87914797e-01 1.31243850e-04 2.75885931e-04
1.88272188e-01 -3.32039976e-04 2.70653372e-04
1.88629576e-01 2.01786698e-04 2.71976205e-04
1.88986961e-01 -4.37948995e-04 2.72179376e-04
1.89344343e-01 -2.69960679e-04 2.69318887e-04
1.89701722e-01 9.89149068e-05 2.78094387e-04
1.90059098e-01 8.22705625e-05 2.76753009e-04
1.90416471e-01 3.72596056e-04 2.75707982e-04
1.90773840e-01 -3.32625864e-04 2.75795246e-04
1.91131207e-01 -1.55215570e-04 2.72515826e-04
1.91488570e-01 1.53251646e-04 2.70498136e-04
1.91845930e-01 2.38267842e-04 2.74822371e-04
1.92203287e-01 1.72891445e-04 2.73637816e-04
1.92560641e-01 -3.65505412e-04 2.72107485e-04
1.92917992e-01 2.69811186e-04 2.71758242e-04
1.93275340e-01 1.55354524e-04 2.65993180e-04
1.93632684e-01 1.04446334e-04 2.67386920e-04
1.93990025e-01 1.65796710e-04 2.72840391e-04
1.94347363e-01 -2.95144249e-05 2.77278808e-04
1.94704698e-01 -2.53293999e-04 2.76768301e-04
1.95062030e-01 -2.19013515e-04 2.75523490e-04
1.95419358e-01 -1.44587136e-04 2.68471729e-04
1.95776684e-01 -5.86133649e-05 2.71480393e-04
1.96134006e-01 -3.51578797e-05 2.71519606e-04
1.96491324e-01 5.54724037e-04 2.71632759e-04
1.96848640e-01 -2.36164790e-04 2.75627282e-04
1.97205953e-01 -1.46418736e-05 2.77708959e-04
1.97563262e-01 3.55996635e-04 2.77933738e-04
1.97920568e-01 -3.52265742e-04 2.70172509e-04
1.98277870e-01 -3.80956321e-04 2.72207650e-04
1.98635170e-01 2.07977517e-04 2.73355885e-04
1.98992466e-01 9.94900641e-05 2.74398440e-04
1.99349759e-01 3.81402067e-04 2.76246865e-04
1.99707049e-01 2.10444785e-04 2.68928241e-04
2.00064335e-01 1.27532869e-04 2.73379428e-04
2.00421618e-01 -1.15748348e-05 2.70337583e-04
2.00778898e-01 -1.44127738e-04 2.62673365e-04
2.01136174e-01 -2.61292284e-04 2.65859002e-04
2.01493448e-01 -8.47534957e-06 2.65023195e-04
2.01850718e-01 2.47043645e-04 2.67810701e-04
2.02207984e-01 -1.14528753e-04 2.60690977e-04
2.02565248e-01 2.44050966e-04 2.59889507e-04
2.02922508e-01 -4.05651473e-04 2.62276423e-04
2.03279764e-01 -7.08309150e-05 2.62655206e-04
2.03637018e-01 2.74616619e-05 2.61310614e-04
2.03994268e-01 6.16015920e-05 2.59282752e-04
2.04351514e-01 -2.39686980e-04 2.60919166e-04
2.04708758e-01 -1.94702386e-04 2.55041334e-04
2.05065998e-01 -4.97365153e-04 2.57088514e-04
2.05423234e-01 -1.57893836e-04 2.51857426e-04
2.05780467e-01 -1.45314156e-04 2.58396120e-04
2.06137697e-01 2.50584909e-04 2.57063012e-04
2.06494924e-01 -1.23159836e-04 2.61450755e-04
2.06852147e-01 -4.02246229e-05 2.52407877e-04
2.07209367e-01 1.42488734e-04 2.58237098e-04
2.07566583e-01 3.52478733e-04 2.53659237e-04
2.07923796e-01 1.19937277e-04 2.60646355e-04
2.08281005e-01 -1.99229522e-04 2.52633157e-04
2.08638211e-01 7.38647624e-05 2.49478725e-04
2.08995414e-01 -2.43845635e-06 2.54078340e-04
2.09352613e-01 -1.45901080e-04 2.59809805e-04
2.09709809e-01 -1.90341472e-04 2.54249011e-04
2.10067002e-01 -4.49663998e-05 2.52795992e-04
2.10424191e-01 4.07941881e-04 2.51968837e-04
2.10781376e-01 -1.21307785e-04 2.49521229e-04
2.11138558e-01 -2.75556605e-05 2.53716577e-04
2.11495737e-01 -7.45722481e-05 2.55036906e-04
2.11852912e-01 1.48384650e-04 2.51304981e-04
2.12210084e-01 2.21390920e-04 2.49307324e-04
2.12567252e-01 -2.79724336e-04 2.46702239e-04
2.12924416e-01 -3.23902437e-04 2.44860010e-04
2.13281578e-01 1.13588569e-04 2.53736120e-04
2.13638735e-01 -1.48641691e-04 2.48165550e-04
2.13995890e-01 -5.68213818e-05 2.47459957e-04
2.14353040e-01 2.35271637e-04 2.49917923e-04
2.14710188e-01 4.19013163e-04 2.42943640e-04
2.15067331e-01 6.20912134e-04 2.51335104e-04
2.15424471e-01 -2.75294111e-04 2.46540780e-04
2.15781608e-01 1.67575748e-04 2.47878394e-04
2.16138741e-01 4.57428731e-04 2.43752221e-04
2.16495871e-01 7.06157653e-05 2.50084458e-04
2.16852997e-01 -5.27118233e-04 2.43595704e-04
2.17210119e-01 -9.70008958e-05 2.46998837e-04
2.17567238e-01 -7.24574159e-05 2.51392334e-04
2.17924354e-01 2.28941226e-07 2.43126348e-04
2.18281465e-01 -1.76190245e-04 2.45968484e-04
2.18638574e-01 -1.34969870e-04 2.43777624e-04
2.18995678e-01 -7.98017852e-05 2.40732828e-04
2.19352779e-01 4.64161824e-04 2.44351930e-04
2.19709877e-01 -3.08919813e-04 2.40924879e-04
2.20066971e-01 -1.77056126e-04 2.42042899e-04
2.20424061e-01 2.19182065e-04 2.43553155e-04
2.20781147e-01 7.11066153e-04 2.44136524e-04
2.21138230e-01 -9.86725103e-05 2.41794741e-04
2.21495310e-01 -5.03563006e-04 2.39776281e-04
2.21852386e-01 1.45837636e-04 2.42044223e-04
2.22209458e-01 -6.37964109e-05 2.42002278e-04
2.22566526e-01 2.96265530e-04 2.38870190e-04
2.22923591e-01 -1.72769968e-04 2.30366538e-04
2.23280652e-01 -3.10213651e-04 2.36268823e-04
2.23637710e-01 3.40769443e-04 2.41337731e-04
2.23994764e-01 -2.14640465e-04 2.37342882e-04
2.24351814e-01 -2.10757575e-04 2.35944790e-04
2.24708861e-01 -6.04689743e-05 2.37877284e-04
2.25065904e-01 -8.40593219e-05 2.33169160e-04
2.25422943e-01 -1.38224818e-04 2.40257785e-04
2.25779978e-01 3.02496213e-04 2.36487110e-04
2.26137010e-01 -7.33026953e-05 2.37512737e-04
2.26494038e-01 9.42141006e-05 2.42724770e-04
2.26851063e-01 -7.27272823e-07 2.42060543e-04
2.27208083e-01 -6.20889472e-05 2.36237739e-04
2.27565100e-01 1.41579179e-04 2.39069045e-04
2.27922114e-01 5.82727210e-05 2.36463784e-04
2.28279123e-01 -1.58762943e-04 2.34231258e-04
2.28636129e-01 -1.55931310e-04 2.36007366e-04
2.28993131e-01 -1.93213046e-04 2.34681351e-04
2.29350129e-01 3.57465500e-05 2.39222083e-04
2.29707124e-01 9.22326727e-05 2.33903250e-04
2.30064115e-01 -2.30343204e-06 2.32240760e-04
2.30421102e-01 -2.53108154e-04 2.33292535e-04
2.30778085e-01 6.19423425e-04 2.36379734e-04
2.31135064e-01 -3.37517805e-05 2.32042312e-04
2.31492040e-01 -3.96740448e-04 2.26675001e-04
2.31849012e-01 -5.18529890e-04 2.31112410e-04
2.32205980e-01 1.47822890e-04 2.29053694e-04
2.32562944e-01 -9.20741980e-05 2.30728313e-04
2.32919905e-01 -2.86011952e-04 2.29447015e-04
2.33276862e-01 2.89761949e-04 2.31050761e-04
2.33633814e-01 2.99172673e-04 2.33247529e-04
2.33990763e-01 -2.22375078e-04 2.30113477e-04
2.34347709e-01 8.34470121e-05 2.25402802e-04
2.34704650e-01 -5.00847073e-05 2.29451399e-04
2.35061588e-01 2.82874359e-04 2.31813341e-04
2.35418521e-01 2.47349189e-04 2.28775618e-04
2.35775451e-01 -2.77448921e-04 2.26006243e-04
2.36132377e-01 -2.33869726e-04 2.23683543e-04
2.36489299e-01 7.21399475e-05 2.27703333e-04
2.36846218e-01 -5.50068068e-05 2.25970988e-04
2.37203132e-01 3.52599121e-04 2.25122184e-04
2.37560042e-01 -2.59631460e-05 2.27476176e-04
2.37916949e-01 -2.40827415e-04 2.23597637e-04
2.38273852e-01 -1.23123876e-04 2.23285016e-04
2.38630751e-01 3.19859402e-04 2.30102642e-04
2.38987645e-01 -2.31467239e-04 2.30339248e-04
2.39344537e-01 -1.59241842e-04 2.24691051e-04
2.39701424e-01 -1.70006763e-04 2.23381066e-04
2.40058307e-01 -4.52781514e-04 2.24119046e-04
2.40415186e-01 -5.07149379e-05 2.24288598e-04
2.40772061e-01 3.65372239e-04 2.26293664e-04
2.41128933e-01 2.17524845e-04 2.24451567e-04
2.41485800e-01 -1.24091476e-04 2.23905507e-04
2.41842664e-01 -5.86816857e-05 2.18607716e-04
2.42199523e-01 1.48434245e-04 2.23616319e-04
2.42556379e-01 -1.46207683e-04 2.24620731e-04
2.42913230e-01 4.14977085e-04 2.21976262e-04
2.43270078e-01 -2.75048617e-05 2.18714418e-04
2.43626922e-01 1.28035313e-04 2.24523778e-04
2.43983761e-01 -8.95727562e-05 2.20199753e-04
2.44340597e-01 1.64112294e-04 2.20194678e-04
2.44697429e-01 -3.69672964e-07 2.16401636e-04
2.45054256e-01 1.04136871e-06 2.17705062e-04
2.45411080e-01 7.20049798e-06 2.16095495e-04
2.45767900e-01 2.45128262e-05 2.18021320e-04
2.46124715e-01 3.30807366e-04 2.21173701e-04
2.46481527e-01 5.40792799e-05 2.19936607e-04
2.46838334e-01 -2.33276077e-04 2.18411006e-04
2.47195138e-01 7.29336069e-05 2.18768406e-04
2.47551938e-01 -1.97082339e-04 2.19364167e-04
2.47908733e-01 2.30803296e-04 2.17178581e-04
2.48265524e-01 9.37456009e-05 2.15449444e-04
2.48622312e-01 1.37153934e-04 2.15065718e-04
2.48979095e-01 -7.49726782e-05 2.16943447e-04
2.49335874e-01 3.27197229e-04 2.16093994e-04
2.49692649e-01 1.07056771e-04 2.17579147e-04
2.50049420e-01 1.93745729e-04 2.16558465e-04
2.50406187e-01 6.82356053e-05 2.16356716e-04
2.50762950e-01 3.08968315e-04 2.13103728e-04
2.51119709e-01 -4.03047862e-05 2.13146103e-04
2.51476464e-01 -3.36677310e-05 2.11311942e-04
2.51833214e-01 2.14804803e-04 2.17433039e-04
2.52189961e-01 -3.63478611e-05 2.17701804e-04
2.52546703e-01 -1.18277414e-04 2.14454627e-04
2.52903441e-01 1.42531796e-04 2.16380477e-04
2.53260175e-01 -1.26097221e-04 2.17796712e-04
2.53616905e-01 2.23157949e-04 2.17177132e-04
2.53973631e-01 3.57110635e-04 2.13342351e-04
2.54330352e-01 8.16596532e-05 2.13706905e-04
2.54687070e-01 -1.17309673e-04 2.16832746e-04
2.55043783e-01 -9.87454864e-05 2.17702472e-04
2.55400492e-01 -7.96869195e-05 2.11196102e-04
2.55757197e-01 1.70278862e-04 2.07601554e-04
2.56113898e-01 -9.10744893e-06 2.09774499e-04
2.56470595e-01 1.14195307e-04 2.10823670e-04
2.56827287e-01 1.08936156e-04 2.14149219e-04
2.57183975e-01 1.12483857e-04 2.10146673e-04
2.57540659e-01 -2.69340939e-04 2.14157492e-04
2.57897339e-01 -4.48644588e-05 2.14968930e-04
2.58254014e-01 -3.82394014e-04 2.15893374e-04
2.58610686e-01 1.09513432e-05 2.17366976e-04
2.58967353e-01 -1.48690267e-04 2.17955325e-04
2.59324016e-01 2.08094320e-05 2.18664631e-04
2.59680674e-01 -9.43831849e-05 2.14676561e-04
2.60037329e-01 -4.41851773e-04 2.14179581e-04
2.60393979e-01 5.16237153e-05 2.15548220e-04
2.60750625e-01 -1.32921219e-04 2.15545686e-04
2.61107266e-01 1.77734238e-04 2.15406034e-04
2.61463904e-01 8.53080524e-05 2.14100159e-04
2.61820537e-01 8.37383324e-05 2.16787547e-04
2.62177166e-01 8.98184101e-05 2.12797415e-04
2.62533790e-01 1.85287304e-05 2.12248106e-04
2.62890410e-01 1.69202774e-04 2.18606926e-04
2.63247026e-01 -6.80913296e-05 2.14859743e-04
2.63603638e-01 1.01273222e-04 2.12290152e-04
2.63960245e-01 8.01552078e-05 2.11237196e-04
2.64316848e-01 2.80393257e-04 2.13993604e-04
2.64673447e-01 -9.84431170e-06 2.09334044e-04
2.65030042e-01 -1.70446962e-04 2.14675385e-04
2.65386632e-01 -8.56829285e-05 2.14280285e-04
2.65743217e-01 2.78982955e-04 2.12977909e-04
2.66099799e-01 2.46674572e-04 2.18254118e-04
2.66456376e-01 -3.04740768e-04 2.16775838e-04
2.66812948e-01 -3.91788046e-05 2.17295620e-04
2.67169517e-01 -2.00646102e-04 2.18308400e-04
2.67526081e-01 1.59880021e-04 2.15347383e-04
2.67882640e-01 3.19048908e-04 2.17018608e-04
2.68239195e-01 7.55647101e-05 2.21055267e-04
2.68595746e-01 2.03914899e-04 2.18592570e-04
2.68952293e-01 -3.01910182e-04 2.09261838e-04
2.69308835e-01 1.55961859e-04 2.20460379e-04
2.69665372e-01 1.63021650e-04 2.20531996e-04
2.70021906e-01 -3.99437244e-04 2.17254663e-04
2.70378435e-01 8.26785865e-04 2.23306880e-04
2.70734959e-01 3.47841264e-04 2.22537542e-04
2.71091479e-01 -7.81080032e-05 2.23888231e-04
2.71447995e-01 2.10141944e-04 2.22294435e-04
2.71804506e-01 2.28574350e-04 2.22734133e-04
2.72161012e-01 -1.59459846e-04 2.23447902e-04
2.72517515e-01 -5.12654208e-05 2.25253638e-04
2.72874012e-01 2.36349129e-04 2.28473867e-04
