1.54026655e-02 1.71054845e-02 1.66356723e-03
1.57608633e-02 1.80320327e-02 1.74020255e-03
1.61190608e-02 1.83314180e-02 1.60281240e-03
1.64772580e-02 1.72829068e-02 1.67705259e-03
1.68354550e-02 1.56259727e-02 1.52144720e-03
1.71936517e-02 1.75301342e-02 1.29908158e-03
1.75518481e-02 1.41151530e-02 1.43776775e-03
1.79100442e-02 1.75280202e-02 1.34382140e-03
1.82682400e-02 1.78778104e-02 1.26621565e-03
1.86264355e-02 1.60120872e-02 1.23141625e-03
1.89846308e-02 1.97046611e-02 1.35827732e-03
1.93428257e-02 1.80019378e-02 1.17214231e-03
1.97010202e-02 2.04098711e-02 1.24329317e-03
2.00592145e-02 1.65912827e-02 1.12990939e-03
2.04174084e-02 1.84237539e-02 1.17403498e-03
2.07756020e-02 1.72898064e-02 1.09621338e-03
2.11337953e-02 1.70600900e-02 1.18598524e-03
2.14919882e-02 1.57831319e-02 1.12843418e-03
2.18501808e-02 1.85720824e-02 1.15556822e-03
2.22083729e-02 1.98075051e-02 1.10139211e-03
2.25665648e-02 1.78026781e-02 1.07681232e-03
2.29247562e-02 1.96473989e-02 1.13175856e-03
2.32829473e-02 1.70977897e-02 1.00202857e-03
2.36411380e-02 1.64012939e-02 1.02752488e-03
2.39993283e-02 1.76015221e-02 1.05808189e-03
2.43575182e-02 1.76963126e-02 1.03985927e-03
2.47157077e-02 1.86404632e-02 9.60724386e-04
2.50738968e-02 1.70263717e-02 9.40982454e-04
2.54320855e-02 1.70867661e-02 9.82653526e-04
2.57902738e-02 1.71997821e-02 9.25646640e-04
2.61484617e-02 1.74171034e-02 9.51909729e-04
2.65066491e-02 1.70952415e-02 9.20888283e-04
2.68648361e-02 1.71350766e-02 9.59802746e-04
2.72230226e-02 1.68490542e-02 8.54026597e-04
2.75812087e-02 1.70653126e-02 8.96962704e-04
2.79393943e-02 1.59938018e-02 8.77328363e-04
2.82975795e-02 1.67275197e-02 9.05331769e-04
2.86557642e-02 1.55399598e-02 9.17813162e-04
2.90139485e-02 1.73202755e-02 8.94648235e-04
2.93721323e-02 1.67517730e-02 9.12149321e-04
2.97303155e-02 1.74548174e-02 8.76187799e-04
3.00884983e-02 1.60911404e-02 8.72369414e-04
3.04466806e-02 1.75154286e-02 9.01756524e-04
3.08048624e-02 1.61070355e-02 8.79251656e-04
3.11630437e-02 1.69109287e-02 9.44541603e-04
3.15212245e-02 1.55419533e-02 8.92539452e-04
3.18794048e-02 1.74673415e-02 8.84968109e-04
3.22375845e-02 1.70441130e-02 9.21716380e-04
3.25957637e-02 1.60320865e-02 8.92199071e-04
3.29539424e-02 1.65115510e-02 9.20393553e-04
3.33121205e-02 1.53455250e-02 8.46930628e-04
3.36702981e-02 1.74152040e-02 8.99965033e-04
3.40284751e-02 1.75385328e-02 8.94727622e-04
3.43866516e-02 1.59257979e-02 8.54578488e-04
3.47448275e-02 1.69686823e-02 8.56645430e-04
3.51030028e-02 1.54245065e-02 7.91289131e-04
3.54611775e-02 1.64988144e-02 8.15794320e-04
3.58193517e-02 1.49256605e-02 7.96777524e-04
3.61775253e-02 1.51262781e-02 8.14945445e-04
3.65356983e-02 1.64261502e-02 7.89226086e-04
3.68938706e-02 1.81979395e-02 7.87087168e-04
3.72520424e-02 1.62291924e-02 7.53060067e-04
3.76102136e-02 1.71485512e-02 8.00028043e-04
3.79683841e-02 1.66974233e-02 7.81959766e-04
3.83265540e-02 1.53227916e-02 7.49204985e-04
3.86847233e-02 1.54787543e-02 7.04303254e-04
3.90428920e-02 1.53253892e-02 7.52298364e-04
3.94010600e-02 1.44845496e-02 7.65312114e-04
3.97592273e-02 1.54083800e-02 7.45672187e-04
4.01173941e-02 1.45740103e-02 7.39028958e-04
4.04755601e-02 1.51339172e-02 7.24726665e-04
4.08337255e-02 1.47924497e-02 7.50060816e-04
4.11918902e-02 1.51302725e-02 7.32193222e-04
4.15500542e-02 1.52443804e-02 7.06270088e-04
4.19082176e-02 1.45763323e-02 6.94112456e-04
4.22663802e-02 1.45104523e-02 7.38134770e-04
4.26245422e-02 1.50193405e-02 6.86013956e-04
4.29827034e-02 1.34510511e-02 7.02151736e-04
4.33408640e-02 1.48555850e-02 7.10535992e-04
4.36990238e-02 1.53946876e-02 7.17713465e-04
4.40571830e-02 1.37708479e-02 7.04960413e-04
4.44153414e-02 1.41835965e-02 7.26577673e-04
4.47734990e-02 1.34758693e-02 7.41359174e-04
4.51316560e-02 1.43695771e-02 7.08577958e-04
4.54898122e-02 1.37652522e-02 7.24310828e-04
4.58479676e-02 1.44612805e-02 7.61657254e-04
4.62061223e-02 1.51476581e-02 7.16156259e-04
4.65642762e-02 1.36514381e-02 6.94299113e-04
4.69224294e-02 1.37270738e-02 7.08292684e-04
4.72805818e-02 1.27784986e-02 7.01908573e-04
4.76387334e-02 1.26657078e-02 6.91082329e-04
4.79968842e-02 1.43078361e-02 6.81239030e-04
4.83550342e-02 1.28191366e-02 6.71609013e-04
4.87131835e-02 1.30594164e-02 6.78567504e-04
4.90713319e-02 1.40339025e-02 6.70732176e-04
4.94294795e-02 1.34156310e-02 6.61786173e-04
4.97876264e-02 1.26218636e-02 6.67584865e-04
5.01457724e-02 1.24826003e-02 6.46056017e-04
5.05039175e-02 1.25347666e-02 6.63917070e-04
5.08620619e-02 1.31127783e-02 6.24724846e-04
5.12202054e-02 1.34078250e-02 6.59118126e-04
5.15783481e-02 1.24332029e-02 6.53220576e-04
5.19364899e-02 1.29751444e-02 6.31843909e-04
5.22946308e-02 1.40598716e-02 6.23770935e-04
5.26527709e-02 1.22101244e-02 6.11898812e-04
5.30109102e-02 1.16560178e-02 6.11494286e-04
5.33690485e-02 1.09289424e-02 6.11776423e-04
5.37271860e-02 1.09236315e-02 6.27504146e-04
5.40853226e-02 1.27755351e-02 6.22834236e-04
5.44434583e-02 1.16920433e-02 6.40782750e-04
5.48015932e-02 1.15278397e-02 6.04172173e-04
5.51597271e-02 1.24685384e-02 6.34934979e-04
5.55178601e-02 1.21219915e-02 6.30692962e-04
5.58759922e-02 1.15216746e-02 5.99579719e-04
5.62341234e-02 1.16422738e-02 6.09533059e-04
5.65922536e-02 1.17787803e-02 6.12618119e-04
5.69503829e-02 1.03851100e-02 6.05632161e-04
5.73085113e-02 1.10676112e-02 6.05351623e-04
5.76666388e-02 1.18060345e-02 5.87166637e-04
5.80247653e-02 1.03198185e-02 6.01131361e-04
5.83828908e-02 1.17265848e-02 5.98296049e-04
5.87410154e-02 1.03757635e-02 5.78493240e-04
5.90991390e-02 9.94463875e-03 5.59504357e-04
5.94572616e-02 1.12121084e-02 5.82937587e-04
5.98153833e-02 1.10899204e-02 5.69832287e-04
6.01735040e-02 1.16615066e-02 5.62982271e-04
6.05316237e-02 9.67960875e-03 5.61286365e-04
6.08897424e-02 1.07243647e-02 5.72456009e-04
6.12478600e-02 1.09888154e-02 5.51961632e-04
6.16059767e-02 1.03015522e-02 5.53290453e-04
6.19640924e-02 1.03026522e-02 5.72762624e-04
6.23222071e-02 9.43343462e-03 5.58065818e-04
6.26803207e-02 9.56764690e-03 5.56996187e-04
6.30384333e-02 9.89536389e-03 5.40501725e-04
6.33965448e-02 1.00008901e-02 5.40677964e-04
6.37546554e-02 9.44914402e-03 5.30103323e-04
6.41127648e-02 9.09834726e-03 5.41305646e-04
6.44708732e-02 9.93286685e-03 5.37862399e-04
6.48289806e-02 9.03329978e-03 5.31826794e-04
6.51870869e-02 9.96649108e-03 5.60038872e-04
6.55451921e-02 8.60365600e-03 5.39398636e-04
6.59032962e-02 8.69517545e-03 5.36743015e-04
6.62613993e-02 9.34991143e-03 5.23398964e-04
6.66195012e-02 8.74380778e-03 5.34618667e-04
6.69776021e-02 8.34845850e-03 5.19343796e-04
6.73357019e-02 1.00593524e-02 5.41262508e-04
6.76938005e-02 8.48306000e-03 5.21472508e-04
6.80518981e-02 8.76541948e-03 5.04887192e-04
6.84099945e-02 8.64272344e-03 5.19906163e-04
6.87680898e-02 8.74949771e-03 5.28450847e-04
6.91261840e-02 8.62864514e-03 5.12250881e-04
6.94842770e-02 8.30891817e-03 4.88619576e-04
6.98423689e-02 8.96391623e-03 5.16945079e-04
7.02004596e-02 8.04984265e-03 5.18556915e-04
7.05585492e-02 8.38278039e-03 5.05986216e-04
7.09166377e-02 8.51374416e-03 4.99011403e-04
7.12747249e-02 8.11747921e-03 5.12436551e-04
7.16328110e-02 7.22057963e-03 5.11492227e-04
7.19908959e-02 7.75187562e-03 5.08888957e-04
7.23489796e-02 7.73893563e-03 4.99083900e-04
7.27070622e-02 7.44567800e-03 5.09790066e-04
7.30651435e-02 8.41176443e-03 4.87560033e-04
7.34232237e-02 7.49543557e-03 5.05906626e-04
7.37813026e-02 6.97188674e-03 5.01432541e-04
7.41393803e-02 7.33269217e-03 4.88092208e-04
7.44974568e-02 7.21639702e-03 4.81744377e-04
7.48555321e-02 6.16909191e-03 4.73918127e-04
7.52136061e-02 7.71365583e-03 4.87072788e-04
7.55716789e-02 6.98955531e-03 4.74923679e-04
7.59297505e-02 6.84969536e-03 4.63551351e-04
7.62878208e-02 6.73020376e-03 4.91271824e-04
7.66458899e-02 6.33805766e-03 4.71896320e-04
7.70039577e-02 7.42324394e-03 5.01778268e-04
7.73620242e-02 6.72128596e-03 4.58869623e-04
7.77200895e-02 6.51405004e-03 4.69189477e-04
7.80781535e-02 6.62804329e-03 4.78016075e-04
7.84362162e-02 6.71606612e-03 4.55563005e-04
7.87942776e-02 6.93242263e-03 4.70091553e-04
7.91523377e-02 6.60067879e-03 4.78056830e-04
7.95103965e-02 6.09988028e-03 4.63271398e-04
7.98684540e-02 6.13456376e-03 4.59460877e-04
8.02265102e-02 6.73329634e-03 4.51744270e-04
8.05845651e-02 5.65281481e-03 4.58213974e-04
8.09426186e-02 5.79060099e-03 4.49227259e-04
8.13006709e-02 6.54890963e-03 4.56474853e-04
8.16587217e-02 5.40208095e-03 4.63869581e-04
8.20167713e-02 4.99304288e-03 4.32801267e-04
8.23748195e-02 5.39750612e-03 4.51958550e-04
8.27328663e-02 5.97667536e-03 4.44465589e-04
8.30909118e-02 5.75228811e-03 4.43150166e-04
8.34489559e-02 5.95278768e-03 4.31644950e-04
8.38069986e-02 5.46080874e-03 4.44772305e-04
8.41650400e-02 5.14041242e-03 4.43259488e-04
8.45230800e-02 4.88947149e-03 4.32754943e-04
8.48811185e-02 4.79961867e-03 4.55545662e-04
8.52391557e-02 4.43712930e-03 4.52439225e-04
8.55971915e-02 5.42242258e-03 4.54111284e-04
8.59552259e-02 5.80446359e-03 4.66466414e-04
8.63132589e-02 4.71788872e-03 4.67986249e-04
8.66712904e-02 5.80904890e-03 4.50918945e-04
8.70293205e-02 4.41065089e-03 4.44331753e-04
8.73873492e-02 4.47334063e-03 4.42994200e-04
8.77453765e-02 3.77633661e-03 4.37304137e-04
8.81034023e-02 4.29413283e-03 4.51395416e-04
8.84614267e-02 5.91113861e-03 4.46741911e-04
8.88194496e-02 4.70745999e-03 4.54506904e-04
8.91774710e-02 5.32257082e-03 4.51822945e-04
8.95354910e-02 5.34254281e-03 4.37486258e-04
8.98935095e-02 4.71289952e-03 4.27717116e-04
9.02515266e-02 4.50880061e-03 4.28222877e-04
9.06095421e-02 4.17464556e-03 4.38738069e-04
9.09675562e-02 4.66092338e-03 4.46724090e-04
9.13255687e-02 4.43452300e-03 4.40686421e-04
9.16835798e-02 3.95854767e-03 4.29007554e-04
9.20415894e-02 4.65189506e-03 4.54457050e-04
9.23995974e-02 3.99087640e-03 4.29191811e-04
9.27576039e-02 4.36959304e-03 4.45850515e-04
9.31156089e-02 3.93981668e-03 4.31448664e-04
9.34736124e-02 3.83844345e-03 4.33942289e-04
9.38316143e-02 4.02290616e-03 4.41457485e-04
9.41896147e-02 4.49752348e-03 4.36959693e-04
9.45476136e-02 4.27759058e-03 4.35645896e-04
9.49056108e-02 3.48557023e-03 4.28274083e-04
9.52636066e-02 4.06213527e-03 4.26632846e-04
9.56216007e-02 3.13267598e-03 4.10336777e-04
9.59795933e-02 3.72294451e-03 4.29485236e-04
9.63375843e-02 3.74497250e-03 4.14803441e-04
9.66955738e-02 3.44864573e-03 4.16591944e-04
9.70535616e-02 4.36598123e-03 4.11434101e-04
9.74115478e-02 3.69667857e-03 4.27711318e-04
9.77695325e-02 3.08137630e-03 4.26269975e-04
9.81275155e-02 3.52210951e-03 4.21852897e-04
9.84854969e-02 4.13595015e-03 4.27643757e-04
9.88434768e-02 3.26223052e-03 4.12283836e-04
9.92014549e-02 3.05030613e-03 4.14740301e-04
9.95594315e-02 3.27606809e-03 4.09409191e-04
9.99174064e-02 3.67134086e-03 4.03076993e-04
1.00275380e-01 3.16159868e-03 4.03907191e-04
1.00633351e-01 3.31597670e-03 4.01293260e-04
1.00991321e-01 2.85597241e-03 4.05085699e-04
1.01349290e-01 2.81020956e-03 4.06335311e-04
1.01707256e-01 3.13666131e-03 3.92576888e-04
1.02065221e-01 3.07147048e-03 4.02499311e-04
1.02423184e-01 3.54382929e-03 3.91151473e-04
1.02781146e-01 2.95632589e-03 3.92886473e-04
1.03139106e-01 2.63596055e-03 4.11229663e-04
1.03497064e-01 2.90239753e-03 3.95160118e-04
1.03855021e-01 2.73104029e-03 3.90590284e-04
1.04212976e-01 2.38546931e-03 3.90666035e-04
1.04570929e-01 2.88193118e-03 3.95829695e-04
1.04928880e-01 2.51047472e-03 4.03961350e-04
1.05286830e-01 2.78602891e-03 4.00301276e-04
1.05644778e-01 3.15827436e-03 4.10420949e-04
1.06002724e-01 2.24196480e-03 4.04988761e-04
1.06360668e-01 2.85606014e-03 4.00834665e-04
1.06718611e-01 2.43992477e-03 4.08862117e-04
1.07076552e-01 2.56481881e-03 4.07004114e-04
1.07434491e-01 3.13694544e-03 4.15140421e-04
1.07792429e-01 2.30845920e-03 3.99443892e-04
1.08150364e-01 2.66916488e-03 4.17732455e-04
1.08508298e-01 2.33537854e-03 3.96713196e-04
1.08866230e-01 2.35916536e-03 4.11160167e-04
1.09224160e-01 2.85521241e-03 4.20388636e-04
1.09582089e-01 2.74102871e-03 4.03272058e-04
1.09940016e-01 2.55024159e-03 3.99066969e-04
1.10297941e-01 1.97312192e-03 4.06424465e-04
1.10655864e-01 2.20520696e-03 4.02188422e-04
1.11013785e-01 2.26168095e-03 3.98477866e-04
1.11371704e-01 2.03209051e-03 4.04815719e-04
1.11729622e-01 2.23237471e-03 3.86130555e-04
1.12087538e-01 2.41467947e-03 3.93226350e-04
1.12445452e-01 2.33338894e-03 3.83593454e-04
1.12803364e-01 1.75515627e-03 3.88778094e-04
1.13161274e-01 2.00023807e-03 3.88616671e-04
1.13519182e-01 1.57358306e-03 3.78030998e-04
1.13877089e-01 2.42209880e-03 3.82037337e-04
1.14234994e-01 2.07427229e-03 3.88221374e-04
1.14592896e-01 2.16889104e-03 3.75818027e-04
1.14950797e-01 1.70823730e-03 3.82072005e-04
1.15308696e-01 2.32419749e-03 3.81702331e-04
1.15666593e-01 1.59743205e-03 3.81864967e-04
1.16024488e-01 1.79877435e-03 3.72182840e-04
1.16382382e-01 1.45773617e-03 3.72065804e-04
1.16740273e-01 1.24226263e-03 3.74518741e-04
1.17098163e-01 2.17944750e-03 3.79263572e-04
1.17456050e-01 1.05019362e-03 3.77254785e-04
1.17813936e-01 1.57979805e-03 3.75567164e-04
1.18171819e-01 1.58305633e-03 3.72623290e-04
1.18529701e-01 1.18210755e-03 3.76943218e-04
1.18887581e-01 2.50695124e-03 3.85401659e-04
1.19245459e-01 1.86752309e-03 3.82626386e-04
1.19603335e-01 1.58031192e-03 3.77126029e-04
1.19961208e-01 1.66142464e-03 3.85359616e-04
1.20319080e-01 2.01249675e-03 3.81537996e-04
1.20676950e-01 1.30485518e-03 3.78195561e-04
1.21034818e-01 1.75851062e-03 3.88531798e-04
1.21392684e-01 1.30666402e-03 3.76988557e-04
1.21750548e-01 1.50631175e-03 3.82745527e-04
1.22108410e-01 1.94351678e-03 3.71910574e-04
1.22466270e-01 1.41299729e-03 3.72229246e-04
1.22824128e-01 2.12536227e-03 3.92500683e-04
1.23181984e-01 9.44900858e-04 3.86821562e-04
1.23539838e-01 1.64731067e-03 3.86367516e-04
1.23897690e-01 1.80972596e-03 3.73179346e-04
1.24255540e-01 1.91063314e-03 3.74458291e-04
1.24613388e-01 1.14324753e-03 3.78371307e-04
1.24971233e-01 1.14048060e-03 3.74150839e-04
1.25329077e-01 1.60694654e-03 3.67366094e-04
1.25686919e-01 1.31694302e-03 3.71612850e-04
1.26044758e-01 1.38338168e-03 3.65250510e-04
1.26402596e-01 6.57508882e-04 3.58842145e-04
1.26760431e-01 1.62601420e-03 3.68088001e-04
1.27118265e-01 1.46950225e-03 3.55593347e-04
1.27476096e-01 1.29560655e-03 3.59187877e-04
1.27833925e-01 1.15921429e-03 3.58324265e-04
1.28191752e-01 1.19176483e-03 3.68124805e-04
1.28549577e-01 7.46097581e-04 3.58975055e-04
1.28907400e-01 1.14496723e-03 3.54241819e-04
1.29265221e-01 1.59394416e-03 3.51624530e-04
1.29623040e-01 9.40364042e-04 3.49944978e-04
1.29980856e-01 9.59809543e-04 3.51900399e-04
1.30338670e-01 1.76856471e-03 3.55994428e-04
1.30696483e-01 1.51996056e-03 3.36495669e-04
1.31054293e-01 1.43888601e-04 3.48768704e-04
1.31412101e-01 1.07636990e-03 3.57656332e-04
1.31769906e-01 6.85318059e-04 3.43361367e-04
1.32127710e-01 1.59510900e-03 3.54679409e-04
1.32485511e-01 4.25651694e-04 3.45586238e-04
1.32843311e-01 4.68704195e-04 3.50110055e-04
1.33201108e-01 1.16651605e-03 3.57417241e-04
1.33558903e-01 1.35434399e-03 3.54467378e-04
1.33916695e-01 1.20145580e-03 3.40015658e-04
1.34274486e-01 1.18042517e-03 3.41264632e-04
1.34632274e-01 9.68328786e-04 3.41554259e-04
1.34990060e-01 8.56749250e-04 3.52212861e-04
1.35347844e-01 8.91616072e-04 3.39514509e-04
1.35705626e-01 9.59551556e-04 3.42015732e-04
1.36063405e-01 9.21498775e-04 3.38782863e-04
1.36421182e-01 9.75361026e-04 3.43230910e-04
1.36778957e-01 1.16185093e-03 3.31496732e-04
1.37136730e-01 9.69217079e-04 3.31613795e-04
1.37494500e-01 5.22095995e-04 3.30623468e-04
1.37852269e-01 8.91572554e-04 3.36092289e-04
1.38210034e-01 1.35995086e-03 3.30693305e-04
1.38567798e-01 7.60450358e-04 3.39105763e-04
1.38925559e-01 1.16423104e-03 3.29219746e-04
1.39283319e-01 1.09547221e-03 3.36268300e-04
1.39641075e-01 1.14470750e-03 3.37527471e-04
1.39998830e-01 1.45433400e-03 3.41061084e-04
1.40356582e-01 5.68433415e-04 3.33248827e-04
1.40714332e-01 5.32125084e-04 3.29106267e-04
1.41072080e-01 7.50420464e-04 3.39237806e-04
1.41429825e-01 7.87393976e-04 3.30753741e-04
1.41787568e-01 5.83848600e-04 3.34278603e-04
1.42145308e-01 3.87741703e-04 3.28779765e-04
1.42503047e-01 5.06438430e-04 3.23402226e-04
1.42860783e-01 3.14839738e-04 3.27614617e-04
1.43218516e-01 6.17048352e-05 3.24055083e-04
1.43576247e-01 7.45737724e-04 3.32685446e-04
1.43933976e-01 8.89711758e-04 3.27621601e-04
1.44291703e-01 9.77741091e-04 3.30668680e-04
1.44649427e-01 7.77745135e-04 3.26735485e-04
1.45007149e-01 7.49460466e-04 3.20188751e-04
1.45364868e-01 1.00975358e-03 3.16286152e-04
1.45722585e-01 3.98666719e-04 3.12981833e-04
1.46080300e-01 4.06994355e-04 3.19129991e-04
1.46438012e-01 4.36921034e-04 3.18280156e-04
1.46795722e-01 1.00240949e-03 3.20862337e-04
1.47153429e-01 9.32597753e-04 3.23080739e-04
1.47511134e-01 5.27971529e-04 3.21094666e-04
1.47868837e-01 2.90314630e-04 3.20982241e-04
1.48226537e-01 2.37039288e-04 3.16251360e-04
1.48584235e-01 1.07018925e-03 3.08215358e-04
1.48941930e-01 9.45801596e-04 3.23102517e-04
1.49299623e-01 1.19292352e-03 3.23002847e-04
1.49657313e-01 6.38791370e-04 3.19357918e-04
1.50015001e-01 1.12686355e-03 3.21600569e-04
1.50372687e-01 3.65759536e-05 3.20997517e-04
1.50730370e-01 4.84868755e-04 3.21357686e-04
1.51088050e-01 1.06767102e-03 3.13373165e-04
1.51445728e-01 2.13503490e-04 3.10657596e-04
1.51803404e-01 8.21379817e-04 3.16390379e-04
1.52161077e-01 4.08445398e-04 3.10191301e-04
1.52518747e-01 3.78255820e-04 3.10020298e-04
1.52876416e-01 7.46060975e-04 3.15951983e-04
1.53234081e-01 4.37474340e-04 3.20935753e-04
1.53591744e-01 7.07027830e-04 3.08312474e-04
1.53949405e-01 4.01974632e-04 3.10136390e-04
1.54307063e-01 5.77596234e-04 3.09473885e-04
1.54664718e-01 -3.87544262e-05 3.10485351e-04
1.55022371e-01 3.06700373e-04 3.06379718e-04
1.55380021e-01 3.87125012e-04 3.04494083e-04
1.55737669e-01 8.42011451e-04 3.11550943e-04
1.56095314e-01 1.56477771e-04 2.97316499e-04
1.56452957e-01 2.89002377e-04 3.02495568e-04
1.56810597e-01 -2.35934878e-05 3.11384127e-04
1.57168235e-01 3.62524318e-04 2.99297900e-04
1.57525870e-01 1.85903066e-04 3.02838419e-04
1.57883502e-01 1.21523561e-04 3.07095143e-04
1.58241132e-01 1.22154326e-04 3.08501710e-04
1.58598759e-01 7.93268139e-04 3.04672498e-04
1.58956384e-01 3.99139559e-04 3.00625357e-04
1.59314006e-01 1.72702444e-04 2.92853999e-04
1.59671625e-01 5.32797803e-04 3.08607396e-04
1.60029242e-01 2.28867929e-04 3.00864188e-04
1.60386856e-01 2.97313995e-04 2.98395129e-04
1.60744468e-01 1.07390107e-03 3.04260669e-04
1.61102076e-01 1.18869916e-04 3.01332893e-04
1.61459683e-01 1.08042668e-03 2.95755638e-04
1.61817286e-01 8.39246974e-04 2.95165821e-04
1.62174887e-01 3.59714300e-04 3.02734069e-04
1.62532485e-01 9.71113964e-05 2.92611415e-04
1.62890081e-01 8.20808895e-04 3.02642306e-04
1.63247674e-01 4.09582708e-04 2.94615472e-04
1.63605264e-01 4.34634075e-04 2.91381878e-04
1.63962852e-01 2.36157847e-04 2.93955067e-04
1.64320437e-01 4.59667925e-04 2.90930748e-04
1.64678019e-01 6.94989691e-04 2.98446636e-04
1.65035598e-01 4.19878529e-04 2.95637067e-04
1.65393175e-01 -1.44198569e-04 2.90683740e-04
1.65750749e-01 5.58031299e-04 2.99503221e-04
1.66108320e-01 5.86867547e-04 2.98672830e-04
1.66465889e-01 3.11742031e-04 2.96836394e-04
1.66823455e-01 2.94474804e-04 3.01806029e-04
1.67181018e-01 5.98766118e-04 2.94062412e-04
1.67538578e-01 5.56638583e-04 2.88798568e-04
1.67896136e-01 2.35487151e-04 2.90141779e-04
1.68253691e-01 6.99190336e-04 2.96854775e-04
1.68611243e-01 2.59509383e-04 2.96340232e-04
1.68968792e-01 3.39522446e-04 2.98749391e-04
1.69326339e-01 4.41200496e-04 2.88597003e-04
1.69683883e-01 1.58732192e-04 2.90036747e-04
1.70041424e-01 5.50988826e-04 2.84668268e-04
1.70398962e-01 1.19039041e-04 2.90238801e-04
1.70756497e-01 5.25873449e-04 2.79788515e-04
1.71114030e-01 4.09695368e-04 2.82811252e-04
1.71471560e-01 2.10445667e-04 2.88273855e-04
1.71829087e-01 4.59190907e-04 2.88189974e-04
1.72186611e-01 8.19712443e-04 2.92166579e-04
1.72544132e-01 4.89271273e-04 2.84853414e-04
1.72901651e-01 5.67940911e-06 2.90118278e-04
1.73259167e-01 4.41341187e-04 2.89562076e-04
1.73616679e-01 2.17018703e-04 2.85261932e-04
1.73974189e-01 3.35448360e-04 2.78576666e-04
1.74331697e-01 4.21821685e-04 2.83290471e-04
1.74689201e-01 6.43323066e-04 2.86203434e-04
1.75046702e-01 1.91825938e-04 2.84712937e-04
1.75404201e-01 3.61738239e-04 2.88022598e-04
1.75761697e-01 6.45024218e-05 2.81352051e-04
1.76119189e-01 8.52490440e-05 2.78766066e-04
1.76476679e-01 -8.06608474e-05 2.78226527e-04
1.76834166e-01 3.13659722e-04 2.79858562e-04
1.77191650e-01 -2.22892875e-04 2.80930080e-04
1.77549132e-01 1.22479554e-04 2.80486146e-04
1.77906610e-01 5.68449495e-04 2.80740294e-04
1.78264085e-01 5.75465990e-05 2.84282557e-04
1.78621558e-01 -2.65584091e-05 2.76892587e-04
1.78979027e-01 2.29945167e-04 2.79393149e-04
1.79336494e-01 7.15653915e-05 2.68896508e-04
1.79693958e-01 8.39339213e-04 2.79026371e-04
1.80051418e-01 7.15495361e-04 2.83397374e-04
1.80408876e-01 8.07180791e-05 2.81041356e-04
1.80766331e-01 -1.82625251e-04 2.77294992e-04
1.81123783e-01 2.48327563e-04 2.84894416e-04
1.81481232e-01 3.38398332e-05 2.84745608e-04
1.81838677e-01 6.51513397e-04 2.86724378e-04
1.82196120e-01 2.34772831e-04 2.84956154e-04
1.82553560e-01 -2.66458466e-05 2.81184180e-04
1.82910997e-01 3.37062512e-04 2.88085969e-04
1.83268431e-01 9.87675152e-05 2.88782153e-04
1.83625862e-01 4.63786170e-04 2.86854617e-04
1.83983290e-01 -1.90674722e-04 2.79176945e-04
1.84340715e-01 6.10579079e-04 2.85052078e-04
1.84698137e-01 3.49802556e-04 2.83899674e-04
1.85055556e-01 4.76496269e-04 2.85429734e-04
1.85412971e-01 1.00747466e-05 2.81257519e-04
1.85770384e-01 3.50954705e-04 2.82846661e-04
1.86127794e-01 9.45385663e-05 2.80836501e-04
1.86485200e-01 1.08559899e-04 2.85080201e-04
1.86842604e-01 1.81078246e-04 2.81939037e-04
1.87200005e-01 1.42260549e-04 2.76772037e-04
1.87557402e-01 2.44130104e-04 2.82234935e-04
1.87914797e-01 2.13212422e-04 2.72235956e-04
1.88272188e-01 8.67793097e-05 2.76756362e-04
1.88629576e-01 1.83965031e-04 2.81099071e-04
1.88986961e-01 -4.52865933e-05 2.73525465e-04
1.89344343e-01 3.29488631e-04 2.79756057e-04
1.89701722e-01 1.44181741e-04 2.76201774e-04
1.90059098e-01 1.78743892e-05 2.71079009e-04
1.90416471e-01 3.79479265e-04 2.76698272e-04
1.90773840e-01 2.51585462e-04 2.71580953e-04
1.91131207e-01 5.01987315e-04 2.75137898e-04
1.91488570e-01 1.07016979e-04 2.71820829e-04
1.91845930e-01 -3.65861034e-04 2.72378337e-04
1.92203287e-01 8.77085746e-04 2.71138353e-04
1.92560641e-01 1.14525807e-05 2.66558808e-04
1.92917992e-01 2.41884501e-04 2.68258293e-04
1.93275340e-01 2.15305173e-04 2.71884259e-04
1.93632684e-01 2.82381623e-04 2.70128091e-04
1.93990025e-01 4.03300228e-04 2.71020801e-04
1.94347363e-01 6.35031537e-04 2.77087290e-04
1.94704698e-01 8.28610822e-05 2.68063761e-04
1.95062030e-01 5.05611096e-04 2.74123050e-04
1.95419358e-01 1.44550925e-04 2.71483468e-04
1.95776684e-01 1.31619458e-04 2.69730376e-04
1.96134006e-01 1.28012440e-04 2.72826083e-04
1.96491324e-01 8.52593077e-05 2.74534488e-04
1.96848640e-01 7.38934960e-06 2.70424353e-04
1.97205953e-01 2.21020743e-04 2.74514837e-04
1.97563262e-01 -2.14664279e-04 2.62102031e-04
1.97920568e-01 -1.13138342e-04 2.73285540e-04
1.98277870e-01 2.68659394e-04 2.73680799e-04
1.98635170e-01 2.05188190e-04 2.72164419e-04
1.98992466e-01 8.78429360e-05 2.82349640e-04
1.99349759e-01 -2.37558267e-04 2.73283479e-04
1.99707049e-01 1.31985484e-04 2.69175201e-04
2.00064335e-01 3.38715261e-04 2.71977870e-04
2.00421618e-01 1.40324135e-04 2.65590487e-04
2.00778898e-01 8.13241861e-05 2.65539788e-04
2.01136174e-01 4.96432524e-04 2.67777166e-04
2.01493448e-01 1.29736441e-04 2.68697582e-04
2.01850718e-01 4.21739952e-05 2.63423034e-04
2.02207984e-01 5.63928475e-04 2.68572059e-04
2.02565248e-01 3.73407881e-04 2.62918595e-04
2.02922508e-01 4.15472471e-04 2.60068633e-04
2.03279764e-01 1.36567102e-04 2.60875539e-04
2.03637018e-01 1.68630967e-04 2.59652213e-04
2.03994268e-01 -7.85394261e-05 2.60344161e-04
2.04351514e-01 5.22987091e-05 2.60900373e-04
2.04708758e-01 3.74072997e-04 2.63127164e-04
2.05065998e-01 5.76150003e-04 2.65222434e-04
2.05423234e-01 2.06483619e-04 2.59714146e-04
2.05780467e-01 1.66977189e-04 2.61652762e-04
2.06137697e-01 3.14353805e-04 2.53162658e-04
2.06494924e-01 3.05677969e-04 2.60566742e-04
2.06852147e-01 1.02536316e-04 2.57390026e-04
2.07209367e-01 1.14126648e-04 2.58932178e-04
2.07566583e-01 5.25614301e-04 2.59706785e-04
2.07923796e-01 5.52154190e-05 2.55587983e-04
2.08281005e-01 3.38730709e-04 2.60048984e-04
2.08638211e-01 3.36030018e-04 2.49892564e-04
2.08995414e-01 2.28347877e-04 2.55977633e-04
2.09352613e-01 -7.63995598e-05 2.53097004e-04
2.09709809e-01 -4.89940137e-05 2.55259124e-04
2.10067002e-01 -5.69720609e-05 2.55192186e-04
2.10424191e-01 4.51488661e-04 2.53719151e-04
2.10781376e-01 3.11035205e-04 2.53888195e-04
2.11138558e-01 4.20029896e-04 2.52364118e-04
2.11495737e-01 3.18304703e-05 2.50872434e-04
2.11852912e-01 -3.73926608e-04 2.52155697e-04
2.12210084e-01 -1.74989042e-04 2.46324007e-04
2.12567252e-01 -1.72497955e-04 2.53098368e-04
2.12924416e-01 -3.47603350e-05 2.50242091e-04
2.13281578e-01 2.71221955e-04 2.53166020e-04
2.13638735e-01 3.62491313e-04 2.50991515e-04
2.13995890e-01 6.84112047e-04 2.50392656e-04
2.14353040e-01 -5.73462992e-05 2.47697740e-04
2.14710188e-01 1.57536033e-04 2.50510582e-04
2.15067331e-01 2.61135437e-04 2.46592243e-04
2.15424471e-01 -3.55164405e-04 2.44451397e-04
2.15781608e-01 -2.10268447e-04 2.45450557e-04
2.16138741e-01 1.57955602e-05 2.40527714e-04
2.16495871e-01 5.27688967e-04 2.52000080e-04
2.16852997e-01 3.03710488e-04 2.48550324e-04
2.17210119e-01 4.99610582e-04 2.49638973e-04
2.17567238e-01 5.19920920e-04 2.46809598e-04
2.17924354e-01 8.54380335e-05 2.41907437e-04
2.18281465e-01 3.52305262e-04 2.40541199e-04
2.18638574e-01 -4.79873476e-04 2.43340473e-04
2.18995678e-01 6.19275211e-05 2.47596034e-04
2.19352779e-01 1.40973135e-04 2.46014923e-04
2.19709877e-01 2.64565292e-04 2.42541722e-04
2.20066971e-01 1.38967660e-04 2.46586765e-04
2.20424061e-01 -2.29623534e-05 2.39160171e-04
2.20781147e-01 -3.81431685e-05 2.36563774e-04
2.21138230e-01 8.37183135e-05 2.39785085e-04
2.21495310e-01 -3.06951586e-05 2.37759310e-04
2.21852386e-01 1.70549559e-04 2.46667887e-04
2.22209458e-01 2.23612439e-04 2.37553683e-04
2.22566526e-01 -5.48634426e-06 2.39684130e-04
2.22923591e-01 3.23974700e-04 2.39231238e-04
2.23280652e-01 3.36224418e-04 2.37586185e-04
2.23637710e-01 -3.03565319e-05 2.37646688e-04
2.23994764e-01 -2.10433516e-04 2.36730387e-04
2.24351814e-01 4.00611434e-04 2.42908012e-04
2.24708861e-01 -9.09263212e-05 2.40363299e-04
2.25065904e-01 5.85620086e-05 2.35146732e-04
2.25422943e-01 8.76900807e-05 2.36217162e-04
2.25779978e-01 2.82179073e-04 2.36406942e-04
2.26137010e-01 5.18883400e-04 2.42219688e-04
2.26494038e-01 2.01151131e-04 2.36043084e-04
2.26851063e-01 6.74708934e-04 2.39364076e-04
2.27208083e-01 6.50058928e-05 2.34723196e-04
2.27565100e-01 1.21825339e-04 2.34231829e-04
2.27922114e-01 5.87372864e-04 2.35081496e-04
2.28279123e-01 1.42375374e-04 2.40346370e-04
2.28636129e-01 3.54338059e-04 2.35558884e-04
2.28993131e-01 1.26746247e-04 2.37520349e-04
2.29350129e-01 1.85916857e-04 2.33447807e-04
2.29707124e-01 1.75132454e-04 2.34219313e-04
2.30064115e-01 3.43789909e-05 2.32792195e-04
2.30421102e-01 5.51123599e-05 2.32735903e-04
2.30778085e-01 -1.05107868e-04 2.31822015e-04
2.31135064e-01 1.35153225e-04 2.33497168e-04
2.31492040e-01 2.58232703e-04 2.30524720e-04
2.31849012e-01 1.66064184e-04 2.33435865e-04
2.32205980e-01 -1.33050435e-04 2.32503017e-04
2.32562944e-01 1.73715827e-04 2.38491591e-04
2.32919905e-01 -6.55869316e-05 2.32719536e-04
2.33276862e-01 1.09444324e-04 2.33380107e-04
2.33633814e-01 2.92584334e-04 2.27378230e-04
2.33990763e-01 -8.19602636e-05 2.27790533e-04
2.34347709e-01 7.45027364e-05 2.31057443e-04
2.34704650e-01 1.93579607e-04 2.30802587e-04
2.35061588e-01 6.28518880e-04 2.33141893e-04
2.35418521e-01 4.89961793e-04 2.29260568e-04
2.35775451e-01 8.91331475e-05 2.26733926e-04
2.36132377e-01 6.29242146e-04 2.27015009e-04
2.36489299e-01 2.75538255e-04 2.31435907e-04
2.36846218e-01 3.41731857e-04 2.28210703e-04
2.37203132e-01 2.33132073e-04 2.22878988e-04
2.37560042e-01 1.10230964e-04 2.27232004e-04
2.37916949e-01 4.18523099e-04 2.26681548e-04
2.38273852e-01 3.59845563e-04 2.24902513e-04
2.38630751e-01 2.24259523e-05 2.26153594e-04
2.38987645e-01 1.85139749e-04 2.26959782e-04
2.39344537e-01 7.84150742e-05 2.22216235e-04
2.39701424e-01 8.00450489e-05 2.25802295e-04
2.40058307e-01 3.05902433e-04 2.23066278e-04
2.40415186e-01 2.63437765e-04 2.25104216e-04
2.40772061e-01 2.89896177e-04 2.24366970e-04
2.41128933e-01 -3.10350047e-05 2.21749009e-04
2.41485800e-01 1.12733598e-04 2.26956544e-04
2.41842664e-01 2.03287587e-04 2.24998330e-04
2.42199523e-01 2.84917754e-04 2.23077265e-04
2.42556379e-01 3.09212475e-04 2.23173845e-04
2.42913230e-01 6.96813742e-05 2.22120609e-04
2.43270078e-01 1.25540757e-04 2.24691032e-04
2.43626922e-01 1.33934580e-04 2.21501312e-04
2.43983761e-01 7.90768351e-05 2.20934656e-04
2.44340597e-01 2.86052943e-05 2.21149567e-04
2.44697429e-01 4.70214540e-04 2.19977068e-04
2.45054256e-01 2.16214836e-04 2.19636418e-04
2.45411080e-01 -2.10285360e-04 2.18272238e-04
2.45767900e-01 3.03061521e-04 2.22130776e-04
2.46124715e-01 2.80330735e-05 2.19943902e-04
2.46481527e-01 4.42022590e-05 2.16594694e-04
2.46838334e-01 1.56207235e-04 2.19404272e-04
2.47195138e-01 -3.27471785e-05 2.19375276e-04
2.47551938e-01 -2.53076819e-04 2.20665511e-04
2.47908733e-01 1.81069781e-04 2.16787055e-04
2.48265524e-01 6.54245506e-04 2.14007945e-04
2.48622312e-01 1.25435414e-04 2.18375785e-04
2.48979095e-01 2.91955070e-04 2.18042750e-04
2.49335874e-01 8.04698815e-05 2.15033944e-04
2.49692649e-01 -9.55413129e-05 2.19316236e-04
2.50049420e-01 2.62915733e-04 2.20862356e-04
2.50406187e-01 3.04103087e-04 2.16217669e-04
2.50762950e-01 2.20898838e-04 2.13297013e-04
2.51119709e-01 5.49434599e-04 2.14601499e-04
2.51476464e-01 5.20918721e-04 2.19553110e-04
2.51833214e-01 -1.98485080e-05 2.15226302e-04
2.52189961e-01 -8.60216449e-06 2.10513176e-04
2.52546703e-01 4.34471068e-04 2.17577204e-04
2.52903441e-01 -2.47856896e-04 2.15808358e-04
2.53260175e-01 9.45588393e-05 2.17006389e-04
2.53616905e-01 -5.25728778e-05 2.08149206e-04
2.53973631e-01 -8.20406124e-05 2.11859645e-04
2.54330352e-01 4.18246086e-04 2.12544333e-04
2.54687070e-01 -3.34444300e-04 2.13337375e-04
2.55043783e-01 2.52108133e-04 2.12964611e-04
2.55400492e-01 -1.96670827e-05 2.09505187e-04
2.55757197e-01 1.62964618e-04 2.14174371e-04
2.56113898e-01 3.33818213e-04 2.14857143e-04
2.56470595e-01 3.03933400e-04 2.11846582e-04
2.56827287e-01 3.46530500e-04 2.14417429e-04
2.57183975e-01 -2.69734094e-04 2.12557992e-04
2.57540659e-01 1.32199545e-05 2.15617281e-04
2.57897339e-01 7.70162317e-05 2.14986657e-04
2.58254014e-01 2.58618730e-04 2.14383650e-04
2.58610686e-01 2.25636409e-04 2.13213046e-04
2.58967353e-01 2.87001458e-04 2.16250505e-04
2.59324016e-01 2.19528183e-04 2.12375694e-04
2.59680674e-01 3.03914686e-04 2.11081500e-04
2.60037329e-01 4.42411233e-05 2.14368357e-04
2.60393979e-01 1.70290954e-04 2.10146838e-04
2.60750625e-01 6.88148234e-05 2.16916925e-04
2.61107266e-01 1.04235089e-04 2.16164365e-04
2.61463904e-01 -2.72507374e-04 2.17384792e-04
2.61820537e-01 -1.10750215e-05 2.13486945e-04
2.62177166e-01 9.33987503e-05 2.15494544e-04
2.62533790e-01 1.04546683e-04 2.16294146e-04
2.62890410e-01 3.40419913e-04 2.18784821e-04
2.63247026e-01 2.36027173e-04 2.11591485e-04
2.63603638e-01 4.87869372e-04 2.13550709e-04
2.63960245e-01 2.53303040e-04 2.12430119e-04
2.64316848e-01 1.35516218e-04 2.13610027e-04
2.64673447e-01 3.52728725e-04 2.13161403e-04
2.65030042e-01 3.80431458e-04 2.14871284e-04
2.65386632e-01 -8.36404173e-06 2.13113068e-04
2.65743217e-01 -6.77672964e-05 2.11145613e-04
2.66099799e-01 1.26656450e-04 2.14162850e-04
2.66456376e-01 -4.47948464e-05 2.12907932e-04
2.66812948e-01 9.81277041e-05 2.14619541e-04
2.67169517e-01 1.73837983e-04 2.17577912e-04
2.67526081e-01 7.18021855e-06 2.17513339e-04
2.67882640e-01 2.45403424e-04 2.20960666e-04
2.68239195e-01 5.08115802e-04 2.17730150e-04
2.68595746e-01 1.66696796e-04 2.15631309e-04
2.68952293e-01 3.95477336e-04 2.18724876e-04
2.69308835e-01 2.49368271e-04 2.19904178e-04
2.69665372e-01 5.80255293e-04 2.20109907e-04
2.70021906e-01 -1.00777363e-05 2.22685549e-04
2.70378435e-01 1.83680342e-04 2.25915217e-04
2.70734959e-01 3.18259604e-04 2.26147380e-04
2.71091479e-01 -3.69619378e-04 2.25086712e-04
2.71447995e-01 1.65232303e-04 2.26884494e-04
2.71804506e-01 1.44953577e-04 2.24108886e-04
2.72161012e-01 2.82395887e-04 2.24083114e-04
2.72517515e-01 3.72999974e-04 2.20677311e-04
2.72874012e-01 8.46416266e-04 2.22648298e-04
