1.54026655e-02 -2.71449649e-03 1.65068744e-03
1.57608633e-02 -2.63566062e-03 1.60535345e-03
1.61190608e-02 7.85604464e-04 1.46797053e-03
1.64772580e-02 -1.45469648e-03 1.51671354e-03
1.68354550e-02 -6.99156472e-04 1.40262008e-03
1.71936517e-02 -2.48202103e-04 1.29959579e-03
1.75518481e-02 -7.32338597e-04 1.28919234e-03
1.79100442e-02 -4.27896895e-04 1.32981787e-03
1.82682400e-02 -1.61153413e-03 1.29999030e-03
1.86264355e-02 -3.05780667e-03 1.21490277e-03
1.89846308e-02 2.34742352e-04 1.16905320e-03
1.93428257e-02 -4.05710022e-05 1.11784286e-03
1.97010202e-02 -7.93066466e-04 1.08863468e-03
2.00592145e-02 5.76085012e-04 1.10439816e-03
2.04174084e-02 6.53004828e-04 1.05642149e-03
2.07756020e-02 -8.11828593e-04 1.04266857e-03
2.11337953e-02 5.26422187e-04 1.01416055e-03
2.14919882e-02 5.99398583e-04 1.10466299e-03
2.18501808e-02 -5.51930618e-04 1.03455345e-03
2.22083729e-02 4.84840564e-04 1.01404541e-03
2.25665648e-02 1.46054600e-03 9.75664348e-04
2.29247562e-02 -3.17363363e-04 1.00078380e-03
2.32829473e-02 1.88053367e-03 1.02760613e-03
2.36411380e-02 1.62998949e-03 9.49704238e-04
2.39993283e-02 3.92680792e-04 9.30815981e-04
2.43575182e-02 -1.40083526e-03 9.12966609e-04
2.47157077e-02 4.23237673e-04 8.90997044e-04
2.50738968e-02 -8.80346360e-04 8.53867412e-04
2.54320855e-02 9.53692110e-04 8.77427489e-04
2.57902738e-02 2.62835022e-04 8.57577785e-04
2.61484617e-02 -1.10213436e-03 8.34362528e-04
2.65066491e-02 1.04000898e-03 8.30889463e-04
2.68648361e-02 3.77001943e-04 8.16936479e-04
2.72230226e-02 -7.43762823e-04 8.12261998e-04
2.75812087e-02 2.29507045e-04 7.84259960e-04
2.79393943e-02 3.85932266e-04 8.04520150e-04
2.82975795e-02 -4.43864081e-04 8.17298375e-04
2.86557642e-02 1.64462696e-03 8.38185737e-04
2.90139485e-02 2.40272337e-04 8.12936337e-04
2.93721323e-02 6.30394497e-04 8.38302109e-04
2.97303155e-02 5.20309019e-04 8.21518825e-04
3.00884983e-02 -4.74721538e-04 8.78571779e-04
3.04466806e-02 -1.78400347e-04 8.32085643e-04
3.08048624e-02 -2.08969981e-05 8.66300953e-04
3.11630437e-02 -1.19024303e-03 8.14912073e-04
3.15212245e-02 9.06104681e-05 8.13053185e-04
3.18794048e-02 1.90947719e-03 8.41044576e-04
3.22375845e-02 2.66289307e-04 7.90083395e-04
3.25957637e-02 -3.15549569e-04 8.08205362e-04
3.29539424e-02 3.16965040e-04 7.73986224e-04
3.33121205e-02 -1.40234744e-04 7.85880639e-04
3.36702981e-02 -7.20427577e-04 8.23313555e-04
3.40284751e-02 -6.32304290e-04 7.69461103e-04
3.43866516e-02 2.32009401e-04 7.85805226e-04
3.47448275e-02 -3.72983029e-04 7.39596031e-04
3.51030028e-02 -4.10392253e-04 7.30151307e-04
3.54611775e-02 4.73294440e-05 7.29477461e-04
3.58193517e-02 9.71607214e-04 7.22332849e-04
3.61775253e-02 -2.02893063e-04 7.12413010e-04
3.65356983e-02 9.52174598e-04 7.11915006e-04
3.68938706e-02 2.71810808e-04 7.01024419e-04
3.72520424e-02 -6.55786137e-05 7.13816011e-04
3.76102136e-02 8.49698247e-04 7.36253947e-04
3.79683841e-02 8.03114368e-04 6.47837744e-04
3.83265540e-02 9.59571794e-04 6.74898719e-04
3.86847233e-02 2.60964442e-04 6.67097387e-04
3.90428920e-02 5.08168865e-05 6.82765282e-04
3.94010600e-02 1.31374547e-03 7.00244835e-04
3.97592273e-02 -6.10793012e-05 6.85520579e-04
4.01173941e-02 3.20551566e-04 6.80919354e-04
4.04755601e-02 3.36773819e-04 6.84476843e-04
4.08337255e-02 8.57426209e-05 6.76775524e-04
4.11918902e-02 7.01793973e-04 6.44465439e-04
4.15500542e-02 1.19055706e-03 6.64768239e-04
4.19082176e-02 8.60012894e-04 6.44183789e-04
4.22663802e-02 9.16154864e-04 6.60641136e-04
4.26245422e-02 4.03796430e-04 6.39259297e-04
4.29827034e-02 1.92923465e-04 6.46997375e-04
4.33408640e-02 1.35983738e-03 6.56898560e-04
4.36990238e-02 5.23003547e-04 6.64397921e-04
4.40571830e-02 1.10933559e-03 6.67281955e-04
4.44153414e-02 1.59150596e-03 6.80257874e-04
4.47734990e-02 -1.81441411e-04 6.59402162e-04
4.51316560e-02 -5.64422964e-04 6.34646359e-04
4.54898122e-02 -4.51243199e-04 6.64636132e-04
4.58479676e-02 2.54647461e-05 6.56524312e-04
4.62061223e-02 6.93232928e-04 6.60700898e-04
4.65642762e-02 1.89552151e-04 6.49199609e-04
4.69224294e-02 2.90932013e-04 6.56764924e-04
4.72805818e-02 9.24319693e-04 6.75856773e-04
4.76387334e-02 3.46298833e-04 6.45020567e-04
4.79968842e-02 5.75665165e-04 6.14353266e-04
4.83550342e-02 -4.26193236e-04 6.20232239e-04
4.87131835e-02 2.82669917e-04 6.30942311e-04
4.90713319e-02 2.70090299e-04 6.12686659e-04
4.94294795e-02 5.44131913e-04 6.01109199e-04
4.97876264e-02 8.34361176e-04 5.89371307e-04
5.01457724e-02 1.10999297e-04 5.94623110e-04
5.05039175e-02 9.79172251e-05 5.83385356e-04
5.08620619e-02 -7.48263975e-04 5.66895584e-04
5.12202054e-02 2.12310214e-04 5.85905690e-04
5.15783481e-02 2.37684308e-04 5.68121025e-04
5.19364899e-02 1.52859060e-03 6.06344977e-04
5.22946308e-02 1.80365812e-04 5.98843193e-04
5.26527709e-02 5.18040210e-05 5.59964157e-04
5.30109102e-02 9.44355108e-05 5.47918595e-04
5.33690485e-02 5.43341769e-04 5.63457718e-04
5.37271860e-02 9.46917302e-04 5.88584266e-04
5.40853226e-02 2.15019200e-04 5.63668119e-04
5.44434583e-02 9.45973640e-04 5.67831058e-04
5.48015932e-02 1.23010526e-04 5.85824596e-04
5.51597271e-02 5.48848341e-04 5.74497966e-04
5.55178601e-02 6.40975848e-04 5.69474564e-04
5.58759922e-02 1.81423885e-05 5.49025678e-04
5.62341234e-02 2.00375160e-04 5.34466840e-04
5.65922536e-02 8.32947473e-04 5.46930023e-04
5.69503829e-02 9.89961691e-04 5.68023343e-04
5.73085113e-02 3.37655124e-04 5.35045604e-04
5.76666388e-02 9.25255873e-05 5.23496711e-04
5.80247653e-02 6.35831814e-04 5.25811728e-04
5.83828908e-02 1.83433690e-04 5.29242148e-04
5.87410154e-02 1.29727267e-03 5.36002473e-04
5.90991390e-02 2.44511827e-04 5.27036162e-04
5.94572616e-02 4.22133084e-04 5.20488558e-04
5.98153833e-02 -4.62042992e-04 5.43494470e-04
6.01735040e-02 8.43722475e-05 5.20892954e-04
6.05316237e-02 -8.46076976e-04 5.35228612e-04
6.08897424e-02 5.26943325e-04 5.17892623e-04
6.12478600e-02 2.80551740e-04 5.26021686e-04
6.16059767e-02 -3.20705827e-04 5.18000717e-04
6.19640924e-02 -4.21825247e-04 5.09579503e-04
6.23222071e-02 7.59222830e-04 5.10414549e-04
6.26803207e-02 4.33054732e-04 5.12410638e-04
6.30384333e-02 4.82665192e-04 5.25806756e-04
6.33965448e-02 2.00089865e-04 5.13511253e-04
6.37546554e-02 -6.42759317e-04 5.11356587e-04
6.41127648e-02 5.63071530e-04 5.06254697e-04
6.44708732e-02 -1.17170721e-04 5.11415982e-04
6.48289806e-02 -2.24081276e-04 5.09564020e-04
6.51870869e-02 2.58814767e-04 5.08840527e-04
6.55451921e-02 1.41376598e-03 5.21635867e-04
6.59032962e-02 2.70550979e-04 5.02805881e-04
6.62613993e-02 -1.29613825e-04 4.86376858e-04
6.66195012e-02 -2.73372374e-04 4.93576720e-04
6.69776021e-02 -1.64320040e-04 4.87366491e-04
6.73357019e-02 4.06460770e-04 4.91074851e-04
6.76938005e-02 7.24772034e-04 4.85849914e-04
6.80518981e-02 6.55156707e-04 4.88099325e-04
6.84099945e-02 1.38361535e-03 4.93697904e-04
6.87680898e-02 6.15549605e-04 4.92416582e-04
6.91261840e-02 3.86392361e-04 4.86645941e-04
6.94842770e-02 9.82840111e-04 4.81272976e-04
6.98423689e-02 -4.72236940e-04 4.76438795e-04
7.02004596e-02 1.78469981e-04 4.76363060e-04
7.05585492e-02 4.16374223e-04 4.73538224e-04
7.09166377e-02 3.83120203e-04 4.92510017e-04
7.12747249e-02 3.23902546e-04 4.61303744e-04
7.16328110e-02 4.36748959e-04 4.73469013e-04
7.19908959e-02 7.12950028e-04 4.78254725e-04
7.23489796e-02 3.85392805e-05 4.78509722e-04
7.27070622e-02 4.34736359e-05 4.75291704e-04
7.30651435e-02 5.05539907e-04 4.56280779e-04
7.34232237e-02 5.82576660e-04 4.70504134e-04
7.37813026e-02 1.44267420e-04 4.72382571e-04
7.41393803e-02 1.32575204e-03 4.65961732e-04
7.44974568e-02 -5.59245194e-04 4.63588311e-04
7.48555321e-02 -1.93348052e-04 4.58339511e-04
7.52136061e-02 9.55483466e-04 4.51014911e-04
7.55716789e-02 -6.29031914e-05 4.45575871e-04
7.59297505e-02 -3.62982422e-04 4.55135190e-04
7.62878208e-02 -2.44736071e-04 4.65253139e-04
7.66458899e-02 -2.92464696e-04 4.51460021e-04
7.70039577e-02 -1.43494880e-04 4.47837584e-04
7.73620242e-02 6.46775444e-04 4.50230256e-04
7.77200895e-02 -6.43259788e-06 4.41192189e-04
7.80781535e-02 -4.64169853e-04 4.55712470e-04
7.84362162e-02 -2.83747399e-04 4.42855569e-04
7.87942776e-02 1.53596155e-04 4.57022964e-04
7.91523377e-02 5.08282564e-05 4.41352328e-04
7.95103965e-02 -6.10060092e-04 4.47943118e-04
7.98684540e-02 -5.75143470e-04 4.49780290e-04
8.02265102e-02 -2.74689351e-04 4.56001387e-04
8.05845651e-02 9.47254042e-04 4.33315043e-04
8.09426186e-02 3.00048995e-05 4.45535261e-04
8.13006709e-02 2.73195925e-04 4.40929651e-04
8.16587217e-02 -9.59591179e-05 4.33523562e-04
8.20167713e-02 -2.57192665e-04 4.31123936e-04
8.23748195e-02 -1.05491440e-04 4.32469059e-04
8.27328663e-02 5.08656745e-05 4.40980672e-04
8.30909118e-02 -6.83061803e-05 4.33114128e-04
8.34489559e-02 5.22775313e-04 4.42156354e-04
8.38069986e-02 6.99364917e-04 4.24453455e-04
8.41650400e-02 -4.02816085e-04 4.26303540e-04
8.45230800e-02 4.53470540e-04 4.33311302e-04
8.48811185e-02 4.68453613e-04 4.40153239e-04
8.52391557e-02 -5.79898399e-04 4.32431001e-04
8.55971915e-02 4.05399070e-04 4.27774641e-04
8.59552259e-02 -2.97767685e-04 4.42388891e-04
8.63132589e-02 3.19361507e-04 4.32610804e-04
8.66712904e-02 -1.60222341e-04 4.38193404e-04
8.70293205e-02 6.18204801e-04 4.36608681e-04
8.73873492e-02 6.58412362e-04 4.40873438e-04
8.77453765e-02 3.70275471e-04 4.33710067e-04
8.81034023e-02 5.70368635e-04 4.34856294e-04
8.84614267e-02 -2.79279591e-04 4.32321314e-04
8.88194496e-02 6.46309990e-05 4.24746529e-04
8.91774710e-02 4.20588730e-04 4.32058286e-04
8.95354910e-02 6.89278960e-04 4.24805607e-04
8.98935095e-02 1.00909661e-04 4.26563648e-04
9.02515266e-02 3.15578396e-05 4.53827706e-04
9.06095421e-02 -6.98364480e-05 4.28955382e-04
9.09675562e-02 6.32451700e-04 4.30379596e-04
9.13255687e-02 2.96638773e-04 4.25573286e-04
9.16835798e-02 -5.70478928e-05 4.29253622e-04
9.20415894e-02 -5.52805161e-04 4.21659601e-04
9.23995974e-02 -5.30971351e-05 4.14074025e-04
9.27576039e-02 2.01672370e-04 4.11920735e-04
9.31156089e-02 4.84332468e-04 4.15881548e-04
9.34736124e-02 5.43124963e-04 4.19691626e-04
9.38316143e-02 1.14052536e-04 4.13173280e-04
9.41896147e-02 -7.64031272e-04 4.16057233e-04
9.45476136e-02 -5.00173094e-04 4.15879272e-04
9.49056108e-02 2.39698926e-04 4.09672005e-04
9.52636066e-02 4.34706626e-05 4.00176587e-04
9.56216007e-02 -9.96547433e-05 4.05106853e-04
9.59795933e-02 9.70877098e-04 4.17222532e-04
9.63375843e-02 2.91311549e-04 4.07432802e-04
9.66955738e-02 -2.67699985e-05 4.09754687e-04
9.70535616e-02 -4.33537061e-04 4.09140420e-04
9.74115478e-02 1.75120803e-04 4.10470420e-04
9.77695325e-02 2.63877998e-04 4.03434159e-04
9.81275155e-02 -1.22069136e-04 4.10691056e-04
9.84854969e-02 -7.91675307e-05 4.02961688e-04
9.88434768e-02 -1.93104335e-04 3.99395709e-04
9.92014549e-02 -3.30680037e-04 3.96046454e-04
9.95594315e-02 -9.93557316e-06 3.87475928e-04
9.99174064e-02 8.19815193e-04 4.10654890e-04
1.00275380e-01 -2.19129519e-04 4.00713146e-04
1.00633351e-01 -2.73686546e-04 3.92887644e-04
1.00991321e-01 -1.17501372e-04 3.96399262e-04
1.01349290e-01 1.67678851e-04 3.90461205e-04
1.01707256e-01 3.65825309e-04 3.94214530e-04
1.02065221e-01 -6.11720822e-04 3.92375060e-04
1.02423184e-01 -6.05376262e-04 3.93974173e-04
1.02781146e-01 -2.58094606e-04 3.82690942e-04
1.03139106e-01 -6.75943481e-04 3.88231532e-04
1.03497064e-01 2.95735989e-04 3.81638887e-04
1.03855021e-01 -1.39366029e-04 3.84853748e-04
1.04212976e-01 -1.94926541e-04 3.81342061e-04
1.04570929e-01 -7.08285973e-05 3.93720154e-04
1.04928880e-01 3.18042478e-05 3.97246288e-04
1.05286830e-01 1.11499737e-04 3.91653367e-04
1.05644778e-01 -1.05463184e-04 4.00759610e-04
1.06002724e-01 3.32606202e-04 3.90840111e-04
1.06360668e-01 -2.70623598e-04 4.09575186e-04
1.06718611e-01 -6.50637888e-05 4.00079254e-04
1.07076552e-01 2.76047346e-06 4.08283677e-04
1.07434491e-01 8.60133902e-05 4.00053312e-04
1.07792429e-01 -2.51916539e-04 3.87499763e-04
1.08150364e-01 5.29656263e-04 4.00308759e-04
1.08508298e-01 -7.38147770e-04 4.00911016e-04
1.08866230e-01 -3.07079178e-04 3.91876434e-04
1.09224160e-01 -4.13114887e-04 3.91580329e-04
1.09582089e-01 -6.05846471e-04 4.01426319e-04
1.09940016e-01 1.53340839e-04 3.91757021e-04
1.10297941e-01 2.35688593e-05 3.90211068e-04
1.10655864e-01 -2.60155645e-04 4.08808200e-04
1.11013785e-01 -5.28672902e-04 3.86309245e-04
1.11371704e-01 -1.10263939e-04 3.90304453e-04
1.11729622e-01 -9.72427249e-04 3.86146497e-04
1.12087538e-01 -1.54046626e-04 3.89978985e-04
1.12445452e-01 -2.02802380e-04 3.81818374e-04
1.12803364e-01 2.12266682e-04 3.90829857e-04
1.13161274e-01 1.22875827e-04 3.84036674e-04
1.13519182e-01 1.77905059e-04 3.74587295e-04
1.13877089e-01 -5.35213837e-04 3.91723170e-04
1.14234994e-01 -1.44852887e-04 3.66778263e-04
1.14592896e-01 -1.38193868e-04 3.78538662e-04
1.14950797e-01 -2.22087707e-04 3.82994922e-04
1.15308696e-01 -2.51253035e-04 3.77121997e-04
1.15666593e-01 2.61044862e-04 3.75022180e-04
1.16024488e-01 -2.27481390e-04 3.63884485e-04
1.16382382e-01 -1.12181978e-04 3.74056902e-04
1.16740273e-01 3.55413140e-04 3.70276641e-04
1.17098163e-01 -4.56011864e-04 3.58358270e-04
1.17456050e-01 9.26458136e-06 3.61784137e-04
1.17813936e-01 1.03155389e-04 3.86096394e-04
1.18171819e-01 6.25175800e-05 3.72620158e-04
1.18529701e-01 -1.05864861e-03 3.73280253e-04
1.18887581e-01 7.28411361e-05 3.70675878e-04
1.19245459e-01 -2.72003533e-04 3.81269300e-04
1.19603335e-01 -2.42231173e-04 3.69126528e-04
1.19961208e-01 6.20135423e-04 3.68366455e-04
1.20319080e-01 -4.03025731e-06 3.81386694e-04
1.20676950e-01 3.55483109e-05 3.70429524e-04
1.21034818e-01 -4.68209413e-04 3.74261406e-04
1.21392684e-01 1.71200002e-04 3.73867472e-04
1.21750548e-01 -2.71164762e-04 3.84775939e-04
1.22108410e-01 -5.65643188e-05 3.85090243e-04
1.22466270e-01 6.18986934e-04 3.73485062e-04
1.22824128e-01 -1.71689247e-04 3.62256489e-04
1.23181984e-01 1.25383128e-04 3.70792888e-04
1.23539838e-01 -3.97562074e-05 3.73512266e-04
1.23897690e-01 4.97685473e-04 3.73862080e-04
1.24255540e-01 7.85441795e-06 3.61171334e-04
1.24613388e-01 6.93317637e-05 3.74214432e-04
1.24971233e-01 3.10871335e-04 3.70066409e-04
1.25329077e-01 -1.50013620e-04 3.59546049e-04
1.25686919e-01 2.99952255e-04 3.66936670e-04
1.26044758e-01 7.85863733e-05 3.56717572e-04
1.26402596e-01 1.27608798e-04 3.64824073e-04
1.26760431e-01 -2.93171198e-07 3.74616076e-04
1.27118265e-01 -2.74700688e-04 3.57547682e-04
1.27476096e-01 1.01697580e-05 3.58352927e-04
1.27833925e-01 2.01798197e-04 3.59318378e-04
1.28191752e-01 -2.42847700e-04 3.53672040e-04
1.28549577e-01 -3.94512802e-04 3.45264376e-04
1.28907400e-01 -4.99097912e-05 3.52037965e-04
1.29265221e-01 2.22855709e-05 3.40669595e-04
1.29623040e-01 -4.43062904e-05 3.51511710e-04
1.29980856e-01 -1.67769383e-04 3.47932429e-04
1.30338670e-01 -7.67414436e-05 3.47358136e-04
1.30696483e-01 5.84752018e-04 3.43167087e-04
1.31054293e-01 -1.90602217e-04 3.52734687e-04
1.31412101e-01 -8.16597738e-05 3.51230390e-04
1.31769906e-01 -4.43948112e-04 3.48785706e-04
1.32127710e-01 -1.64515944e-04 3.51313364e-04
1.32485511e-01 -1.17794665e-04 3.45085720e-04
1.32843311e-01 1.74752602e-04 3.46223100e-04
1.33201108e-01 -5.19697391e-04 3.39576464e-04
1.33558903e-01 1.66672687e-04 3.38758937e-04
1.33916695e-01 1.36099890e-04 3.40696730e-04
1.34274486e-01 -7.59652068e-05 3.34968067e-04
1.34632274e-01 5.57663123e-04 3.28655261e-04
1.34990060e-01 -2.23138445e-04 3.42691093e-04
1.35347844e-01 -3.01129421e-04 3.36647862e-04
1.35705626e-01 -4.64486421e-04 3.40214035e-04
1.36063405e-01 3.03861372e-04 3.28873253e-04
1.36421182e-01 8.94819128e-05 3.29530771e-04
1.36778957e-01 -2.20577425e-04 3.28376931e-04
1.37136730e-01 -4.68184897e-04 3.29478783e-04
1.37494500e-01 -5.53804250e-05 3.36870775e-04
1.37852269e-01 -1.95067380e-04 3.31889294e-04
1.38210034e-01 4.17839890e-04 3.37022519e-04
1.38567798e-01 1.72249965e-04 3.31234232e-04
1.38925559e-01 4.11244537e-04 3.31180182e-04
1.39283319e-01 1.55089947e-05 3.30408849e-04
1.39641075e-01 4.61932361e-05 3.30808846e-04
1.39998830e-01 -5.89537944e-04 3.23186744e-04
1.40356582e-01 1.59800858e-04 3.26118333e-04
1.40714332e-01 1.60015745e-04 3.23189300e-04
1.41072080e-01 -9.95098021e-05 3.29320647e-04
1.41429825e-01 1.09847813e-04 3.34656653e-04
1.41787568e-01 -1.93890951e-04 3.25361064e-04
1.42145308e-01 4.80181857e-04 3.28393605e-04
1.42503047e-01 -5.10852252e-05 3.29264682e-04
1.42860783e-01 4.22952562e-04 3.34688210e-04
1.43218516e-01 1.38597839e-04 3.24815238e-04
1.43576247e-01 3.71842595e-04 3.29416358e-04
1.43933976e-01 -1.16327357e-04 3.17731104e-04
1.44291703e-01 1.51358155e-04 3.20799250e-04
1.44649427e-01 -7.17271359e-04 3.21980310e-04
1.45007149e-01 -5.29915080e-04 3.21524012e-04
1.45364868e-01 3.24252353e-06 3.27042508e-04
1.45722585e-01 -7.60916197e-04 3.12394574e-04
1.46080300e-01 3.53898447e-04 3.22241919e-04
1.46438012e-01 -2.09428158e-04 3.18434684e-04
1.46795722e-01 -1.51327906e-04 3.24064143e-04
1.47153429e-01 -1.06184224e-04 3.17872018e-04
1.47511134e-01 -2.61249466e-04 3.14541475e-04
1.47868837e-01 4.46552460e-05 3.24424763e-04
1.48226537e-01 -5.27354126e-04 3.15525744e-04
1.48584235e-01 -7.04047023e-04 3.09790908e-04
1.48941930e-01 3.91573373e-05 3.10128752e-04
1.49299623e-01 1.55090093e-04 3.19063768e-04
1.49657313e-01 4.83890674e-04 3.11994859e-04
1.50015001e-01 -2.22102840e-04 3.14136724e-04
1.50372687e-01 2.81046967e-05 3.13461661e-04
1.50730370e-01 -2.04082779e-04 3.17645022e-04
1.51088050e-01 -5.01815512e-04 3.10286999e-04
1.51445728e-01 -2.90800607e-04 3.16867474e-04
1.51803404e-01 2.04777670e-04 3.09176580e-04
1.52161077e-01 1.19895444e-04 3.16991212e-04
1.52518747e-01 -2.03297287e-04 3.13242492e-04
1.52876416e-01 -6.17430394e-04 3.09745479e-04
1.53234081e-01 2.66927356e-04 3.05093287e-04
1.53591744e-01 2.96849019e-05 3.10570778e-04
1.53949405e-01 3.79059156e-05 3.08525341e-04
1.54307063e-01 -5.85018758e-04 3.04880139e-04
1.54664718e-01 -2.00604345e-04 3.11994915e-04
1.55022371e-01 3.24905090e-05 3.07560376e-04
1.55380021e-01 5.71836255e-05 3.10856772e-04
1.55737669e-01 2.82109891e-04 3.07778131e-04
1.56095314e-01 -6.46374483e-04 3.05351128e-04
1.56452957e-01 -7.00529758e-04 3.16125525e-04
1.56810597e-01 2.69037221e-04 3.02481007e-04
1.57168235e-01 4.75370425e-04 3.11534002e-04
1.57525870e-01 8.08842502e-05 2.99245432e-04
1.57883502e-01 -5.15817636e-05 3.06110913e-04
1.58241132e-01 5.59715713e-04 3.00512215e-04
1.58598759e-01 9.58725890e-05 3.00734915e-04
1.58956384e-01 7.91790889e-05 2.99502595e-04
1.59314006e-01 6.68353176e-04 2.98876694e-04
1.59671625e-01 -3.14469768e-05 3.01364433e-04
1.60029242e-01 -3.29929006e-04 2.93529653e-04
1.60386856e-01 7.12923323e-05 3.03539908e-04
1.60744468e-01 2.55202036e-04 2.96336960e-04
1.61102076e-01 1.71876590e-04 2.95501850e-04
1.61459683e-01 -1.19889706e-04 2.94293409e-04
1.61817286e-01 -5.33410559e-05 2.93409205e-04
1.62174887e-01 -3.47496062e-04 3.00128265e-04
1.62532485e-01 4.95324213e-05 2.97782471e-04
1.62890081e-01 -6.43700886e-05 2.94371830e-04
1.63247674e-01 -8.47805870e-05 2.99780208e-04
1.63605264e-01 -4.17742431e-04 2.95726392e-04
1.63962852e-01 1.78680171e-04 2.93021273e-04
1.64320437e-01 -1.55735395e-04 2.91142986e-04
1.64678019e-01 4.25073737e-04 2.98302304e-04
1.65035598e-01 -3.21165313e-04 2.86029468e-04
1.65393175e-01 3.77498891e-04 2.99461616e-04
1.65750749e-01 -6.59497580e-05 2.83540479e-04
1.66108320e-01 -2.46731914e-04 2.92323615e-04
1.66465889e-01 -1.05324861e-04 2.98604105e-04
1.66823455e-01 -1.45699302e-04 2.95554253e-04
1.67181018e-01 -2.14471465e-04 2.90879783e-04
1.67538578e-01 7.54077501e-05 2.93356831e-04
1.67896136e-01 3.03847618e-04 2.93695173e-04
1.68253691e-01 1.95300990e-04 2.93435541e-04
1.68611243e-01 -4.03756673e-04 2.87284736e-04
1.68968792e-01 -5.79189239e-04 2.83658062e-04
1.69326339e-01 -3.40867318e-05 2.89488874e-04
1.69683883e-01 -9.95708385e-05 2.84628673e-04
1.70041424e-01 1.57321442e-04 2.78121534e-04
1.70398962e-01 -4.04814609e-04 2.85570319e-04
1.70756497e-01 -1.84127550e-04 2.93384769e-04
1.71114030e-01 -2.45923182e-04 2.87428404e-04
1.71471560e-01 -3.56454163e-04 2.94868990e-04
1.71829087e-01 -3.91052385e-04 2.87460854e-04
1.72186611e-01 -4.19564061e-04 2.79611674e-04
1.72544132e-01 -6.57376017e-05 2.87073917e-04
1.72901651e-01 1.57853027e-04 2.83956793e-04
1.73259167e-01 4.22245478e-04 2.84876985e-04
1.73616679e-01 -4.84739141e-04 2.81213838e-04
1.73974189e-01 -4.39657174e-05 2.82978517e-04
1.74331697e-01 1.39480288e-04 2.86464990e-04
1.74689201e-01 3.58079847e-05 2.80511110e-04
1.75046702e-01 -2.17224122e-05 2.83601388e-04
1.75404201e-01 -5.24860913e-05 2.87209978e-04
1.75761697e-01 3.14016458e-04 2.81458349e-04
1.76119189e-01 1.97878984e-04 2.80531072e-04
1.76476679e-01 2.12358239e-04 2.81772381e-04
1.76834166e-01 -2.63350068e-04 2.83846053e-04
1.77191650e-01 2.78353937e-04 2.84544849e-04
1.77549132e-01 1.54518730e-04 2.74138131e-04
1.77906610e-01 -5.48490335e-05 2.79217135e-04
1.78264085e-01 -2.50063182e-04 2.78880457e-04
1.78621558e-01 -2.71221762e-05 2.81221061e-04
1.78979027e-01 -1.08090868e-04 2.79582577e-04
1.79336494e-01 2.95763174e-04 2.80472988e-04
1.79693958e-01 -1.91845223e-05 2.72749800e-04
1.80051418e-01 -9.27752156e-05 2.75763110e-04
1.80408876e-01 1.31857637e-04 2.81758309e-04
1.80766331e-01 -1.74150020e-04 2.85740575e-04
1.81123783e-01 -7.18035015e-04 2.75096271e-04
1.81481232e-01 -6.44039067e-04 2.81113312e-04
1.81838677e-01 -1.43494818e-04 2.81611833e-04
1.82196120e-01 2.31709375e-04 2.81060471e-04
1.82553560e-01 6.43488877e-05 2.85282348e-04
1.82910997e-01 8.08222279e-05 2.79512260e-04
1.83268431e-01 1.99034723e-04 2.91988496e-04
1.83625862e-01 3.33922289e-05 2.77220143e-04
1.83983290e-01 -2.53233941e-04 2.88119963e-04
1.84340715e-01 2.31782450e-04 2.84151979e-04
1.84698137e-01 7.62348851e-05 2.81726277e-04
1.85055556e-01 -6.26191939e-05 2.82397735e-04
1.85412971e-01 2.46349698e-04 2.84246673e-04
1.85770384e-01 1.97634825e-04 2.88884053e-04
1.86127794e-01 5.16375777e-04 2.88453620e-04
1.86485200e-01 -2.69451398e-04 2.82925965e-04
1.86842604e-01 2.64994220e-05 2.80146919e-04
1.87200005e-01 3.73048287e-05 2.73909363e-04
1.87557402e-01 -1.68527747e-04 2.77871486e-04
1.87914797e-01 1.05975635e-04 2.77062576e-04
1.88272188e-01 4.19122286e-04 2.77569653e-04
1.88629576e-01 2.05292775e-04 2.75208938e-04
1.88986961e-01 -2.83567593e-04 2.75168739e-04
1.89344343e-01 1.02598545e-04 2.72081433e-04
1.89701722e-01 2.77073876e-04 2.71072533e-04
1.90059098e-01 -1.76211575e-04 2.69174571e-04
1.90416471e-01 -7.33322918e-04 2.74130969e-04
1.90773840e-01 -6.19664103e-05 2.68203919e-04
1.91131207e-01 3.72533726e-05 2.69932254e-04
1.91488570e-01 -7.52450332e-05 2.69763564e-04
1.91845930e-01 2.11565618e-04 2.72799276e-04
1.92203287e-01 -8.21453794e-05 2.75855618e-04
1.92560641e-01 -2.76483367e-05 2.70261613e-04
1.92917992e-01 -1.80610735e-04 2.70018236e-04
1.93275340e-01 7.73140817e-05 2.67999817e-04
1.93632684e-01 1.01972556e-04 2.68006880e-04
1.93990025e-01 -1.42030964e-04 2.70382537e-04
1.94347363e-01 -4.86308218e-05 2.74827009e-04
1.94704698e-01 -1.74729302e-04 2.78566400e-04
1.95062030e-01 -1.29026458e-04 2.76834468e-04
1.95419358e-01 -2.03742014e-04 2.72821871e-04
1.95776684e-01 5.69822914e-04 2.78952827e-04
1.96134006e-01 -6.55487286e-05 2.66211521e-04
1.96491324e-01 -1.17970103e-04 2.72967919e-04
1.96848640e-01 -9.96269531e-05 2.69986951e-04
1.97205953e-01 -8.70267845e-05 2.76074163e-04
1.97563262e-01 2.01858058e-04 2.70309048e-04
1.97920568e-01 -1.49162449e-04 2.65946801e-04
1.98277870e-01 3.27839456e-04 2.75904687e-04
1.98635170e-01 3.16215619e-04 2.71090482e-04
1.98992466e-01 -4.46115455e-05 2.76498333e-04
1.99349759e-01 2.39167643e-04 2.70252768e-04
1.99707049e-01 1.34252261e-04 2.66674745e-04
2.00064335e-01 -2.00238482e-04 2.65899182e-04
2.00421618e-01 -1.68717353e-04 2.70223465e-04
2.00778898e-01 -3.34342085e-05 2.69654864e-04
2.01136174e-01 4.06318439e-04 2.65786310e-04
2.01493448e-01 5.40617654e-05 2.60249173e-04
2.01850718e-01 -9.36628668e-05 2.61618885e-04
2.02207984e-01 -2.06131412e-04 2.60124124e-04
2.02565248e-01 -7.45834802e-04 2.54498020e-04
2.02922508e-01 -1.93573875e-04 2.60593184e-04
2.03279764e-01 1.12750369e-04 2.58244837e-04
2.03637018e-01 2.85193524e-04 2.58800891e-04
2.03994268e-01 2.50820147e-04 2.63396060e-04
2.04351514e-01 -1.83094933e-04 2.61093038e-04
2.04708758e-01 9.18456521e-05 2.61868807e-04
2.05065998e-01 1.69386628e-05 2.61058381e-04
2.05423234e-01 -2.30176587e-04 2.61220764e-04
2.05780467e-01 -1.39476493e-04 2.54090211e-04
2.06137697e-01 -1.11660689e-04 2.59225900e-04
2.06494924e-01 5.57918116e-04 2.57428942e-04
2.06852147e-01 3.24388993e-04 2.54002502e-04
2.07209367e-01 1.94215343e-04 2.57546960e-04
2.07566583e-01 -2.12346678e-04 2.54495005e-04
2.07923796e-01 2.33396135e-05 2.53665701e-04
2.08281005e-01 -4.66523086e-04 2.56695522e-04
2.08638211e-01 -7.92890658e-05 2.61053072e-04
2.08995414e-01 2.11785687e-04 2.52307551e-04
2.09352613e-01 -2.45452378e-04 2.57386007e-04
2.09709809e-01 -3.87246965e-04 2.54906043e-04
2.10067002e-01 5.26141782e-06 2.49521865e-04
2.10424191e-01 5.72474173e-05 2.55153375e-04
2.10781376e-01 -6.38884247e-06 2.51844939e-04
2.11138558e-01 -1.14838132e-04 2.54736159e-04
2.11495737e-01 7.81454492e-05 2.49550949e-04
2.11852912e-01 -2.04946316e-04 2.52264251e-04
2.12210084e-01 -9.79174137e-05 2.53134955e-04
2.12567252e-01 1.88124291e-04 2.50256302e-04
2.12924416e-01 -1.96962366e-04 2.49981181e-04
2.13281578e-01 -2.17244406e-05 2.51039421e-04
2.13638735e-01 -4.16383941e-05 2.45240222e-04
2.13995890e-01 1.10179048e-04 2.48830899e-04
2.14353040e-01 7.11542124e-05 2.46067544e-04
2.14710188e-01 1.21368763e-04 2.44182085e-04
2.15067331e-01 -2.68702611e-04 2.49667040e-04
2.15424471e-01 -2.62632398e-04 2.44082634e-04
2.15781608e-01 -1.38475507e-04 2.48543809e-04
2.16138741e-01 -1.97624209e-04 2.46037243e-04
2.16495871e-01 1.07663268e-04 2.53841933e-04
2.16852997e-01 1.13774686e-04 2.49822818e-04
2.17210119e-01 -2.20695753e-04 2.44625378e-04
2.17567238e-01 1.14473732e-05 2.42211308e-04
2.17924354e-01 2.19293255e-04 2.44292172e-04
2.18281465e-01 3.85858011e-04 2.40267701e-04
2.18638574e-01 2.16144417e-04 2.45961766e-04
2.18995678e-01 -2.01344460e-04 2.43844175e-04
2.19352779e-01 -3.04740894e-04 2.40286840e-04
2.19709877e-01 8.15606704e-05 2.42037999e-04
2.20066971e-01 -8.76788006e-05 2.41846969e-04
2.20424061e-01 5.79686688e-04 2.42683025e-04
2.20781147e-01 5.92902448e-05 2.38991869e-04
2.21138230e-01 -3.28180759e-04 2.40496031e-04
2.21495310e-01 -1.12508759e-05 2.40414320e-04
2.21852386e-01 -2.08544288e-04 2.40267701e-04
2.22209458e-01 4.75386877e-05 2.39998916e-04
2.22566526e-01 -2.81556138e-04 2.41606626e-04
2.22923591e-01 -4.07598367e-04 2.41054209e-04
2.23280652e-01 -2.25050262e-04 2.37504132e-04
2.23637710e-01 -1.98587510e-04 2.40266135e-04
2.23994764e-01 1.96784311e-04 2.35049253e-04
2.24351814e-01 -1.80191185e-04 2.35416029e-04
2.24708861e-01 -1.76728279e-05 2.41199746e-04
2.25065904e-01 2.30485748e-05 2.38625369e-04
2.25422943e-01 2.14623031e-04 2.39964118e-04
2.25779978e-01 3.07759007e-04 2.42802601e-04
2.26137010e-01 3.03194732e-04 2.38345443e-04
2.26494038e-01 3.41291925e-04 2.37487281e-04
2.26851063e-01 1.43687137e-04 2.36576414e-04
2.27208083e-01 -4.17451916e-04 2.39604662e-04
2.27565100e-01 2.11344888e-04 2.34408393e-04
2.27922114e-01 1.79041493e-04 2.35547600e-04
2.28279123e-01 4.60305946e-04 2.34943562e-04
2.28636129e-01 6.01257273e-05 2.32378433e-04
2.28993131e-01 1.08643554e-04 2.33704768e-04
2.29350129e-01 -3.58889320e-04 2.34075005e-04
2.29707124e-01 -2.62836500e-04 2.33037357e-04
2.30064115e-01 -3.07539455e-05 2.33265405e-04
2.30421102e-01 2.62496878e-04 2.33649512e-04
2.30778085e-01 9.76287863e-05 2.34980675e-04
2.31135064e-01 2.66100044e-04 2.36181667e-04
2.31492040e-01 1.43733111e-04 2.28853240e-04
2.31849012e-01 4.98880540e-05 2.28319684e-04
2.32205980e-01 4.20535550e-04 2.36550232e-04
2.32562944e-01 3.04776125e-04 2.32035874e-04
2.32919905e-01 2.97746918e-04 2.29595828e-04
2.33276862e-01 1.20714772e-04 2.33446877e-04
2.33633814e-01 6.81712992e-05 2.31825035e-04
2.33990763e-01 -2.27810082e-04 2.33608899e-04
2.34347709e-01 -4.18074313e-05 2.30247306e-04
2.34704650e-01 -2.94988974e-05 2.25798159e-04
2.35061588e-01 -8.82109250e-05 2.28719661e-04
2.35418521e-01 -1.43885650e-04 2.32330897e-04
2.35775451e-01 9.72447984e-05 2.31778373e-04
2.36132377e-01 -1.05646281e-04 2.27217847e-04
2.36489299e-01 1.09869491e-04 2.26757354e-04
2.36846218e-01 1.26230558e-04 2.28892449e-04
2.37203132e-01 1.85709363e-04 2.23224256e-04
2.37560042e-01 1.48743600e-04 2.26122527e-04
2.37916949e-01 5.44968015e-05 2.29637231e-04
2.38273852e-01 -1.18315060e-05 2.23853479e-04
2.38630751e-01 1.38047329e-04 2.22061033e-04
2.38987645e-01 -1.21344686e-04 2.27980300e-04
2.39344537e-01 -2.45074667e-04 2.23628764e-04
2.39701424e-01 -7.40236186e-06 2.23782296e-04
2.40058307e-01 -6.22063463e-05 2.24352743e-04
2.40415186e-01 -2.65097261e-04 2.22406550e-04
2.40772061e-01 -9.73228516e-05 2.20729656e-04
2.41128933e-01 -1.31267625e-04 2.23435781e-04
2.41485800e-01 -3.61660794e-04 2.20285307e-04
2.41842664e-01 -1.38506451e-04 2.25292874e-04
2.42199523e-01 -8.24057456e-05 2.18917637e-04
2.42556379e-01 -5.07463530e-04 2.21130681e-04
2.42913230e-01 8.30198276e-05 2.24534425e-04
2.43270078e-01 -6.36291569e-05 2.21721673e-04
2.43626922e-01 -2.91395496e-04 2.21616184e-04
2.43983761e-01 -5.06936919e-05 2.19823591e-04
2.44340597e-01 -2.18977546e-04 2.21754597e-04
2.44697429e-01 -3.31303439e-05 2.19204124e-04
2.45054256e-01 1.20124884e-05 2.22945189e-04
2.45411080e-01 1.54947702e-04 2.15915275e-04
2.45767900e-01 1.51744051e-04 2.20454126e-04
2.46124715e-01 -2.81603287e-04 2.19041692e-04
2.46481527e-01 1.05111348e-04 2.17326573e-04
2.46838334e-01 1.23765967e-04 2.18616618e-04
2.47195138e-01 1.19778650e-05 2.21775886e-04
2.47551938e-01 -1.29712387e-04 2.16160799e-04
2.47908733e-01 -5.03269942e-05 2.19815022e-04
2.48265524e-01 2.86829185e-04 2.21263128e-04
2.48622312e-01 8.37295772e-05 2.17120968e-04
2.48979095e-01 -1.20839021e-04 2.15930085e-04
2.49335874e-01 3.72229869e-04 2.15271056e-04
2.49692649e-01 3.04057429e-04 2.17265335e-04
2.50049420e-01 -2.12215096e-04 2.16907080e-04
2.50406187e-01 6.81826422e-06 2.16565847e-04
2.50762950e-01 8.32721150e-05 2.13180072e-04
2.51119709e-01 3.56070862e-04 2.19009550e-04
2.51476464e-01 3.39557428e-04 2.13141048e-04
2.51833214e-01 1.06987400e-04 2.13594672e-04
2.52189961e-01 2.58131460e-04 2.16363274e-04
2.52546703e-01 -3.09749328e-04 2.14865529e-04
2.52903441e-01 -6.01117002e-07 2.16813215e-04
2.53260175e-01 -2.23894550e-04 2.11989025e-04
2.53616905e-01 9.94235884e-06 2.11118424e-04
2.53973631e-01 4.35850190e-05 2.10869002e-04
2.54330352e-01 1.29272355e-05 2.14746823e-04
2.54687070e-01 -1.75742568e-05 2.11827774e-04
2.55043783e-01 -2.87793123e-04 2.11209518e-04
2.55400492e-01 -3.35201194e-04 2.13543067e-04
2.55757197e-01 1.02700074e-04 2.11229796e-04
2.56113898e-01 -2.41850143e-05 2.17238029e-04
2.56470595e-01 -1.09419746e-05 2.13405735e-04
2.56827287e-01 -1.67986951e-04 2.11170756e-04
2.57183975e-01 -4.27910826e-04 2.11271675e-04
2.57540659e-01 7.25084799e-05 2.16611580e-04
2.57897339e-01 -3.19893270e-04 2.12979758e-04
2.58254014e-01 7.78713606e-05 2.16021440e-04
2.58610686e-01 -2.44650076e-04 2.15596510e-04
2.58967353e-01 8.57109307e-05 2.13576111e-04
2.59324016e-01 -1.84847386e-04 2.17488552e-04
2.59680674e-01 7.16941706e-05 2.11606439e-04
2.60037329e-01 2.93958678e-05 2.18540493e-04
2.60393979e-01 -2.04693898e-04 2.15855929e-04
2.60750625e-01 2.05478046e-04 2.14994710e-04
2.61107266e-01 -4.97183742e-04 2.16888213e-04
2.61463904e-01 9.22052540e-06 2.19232845e-04
2.61820537e-01 -2.90371477e-04 2.13687093e-04
2.62177166e-01 -1.12803213e-04 2.14435954e-04
2.62533790e-01 -2.51174238e-04 2.15191902e-04
2.62890410e-01 2.08177663e-04 2.18379646e-04
2.63247026e-01 -1.30320130e-04 2.12674471e-04
2.63603638e-01 -1.44711325e-04 2.14197869e-04
2.63960245e-01 7.69715691e-05 2.13781205e-04
2.64316848e-01 -2.33554705e-04 2.10812413e-04
2.64673447e-01 -2.22811141e-04 2.13030608e-04
2.65030042e-01 1.15508142e-04 2.15656972e-04
2.65386632e-01 -1.33578896e-04 2.11812827e-04
2.65743217e-01 4.70561191e-04 2.15681468e-04
2.66099799e-01 9.65395183e-05 2.17105036e-04
2.66456376e-01 2.33664789e-04 2.16432988e-04
2.66812948e-01 1.22621386e-04 2.15975541e-04
2.67169517e-01 -2.27908097e-04 2.12736285e-04
2.67526081e-01 5.95738984e-04 2.17483068e-04
2.67882640e-01 1.05427694e-04 2.19149048e-04
2.68239195e-01 6.93651948e-06 2.18705782e-04
2.68595746e-01 -8.91928414e-05 2.16011310e-04
2.68952293e-01 -1.65763649e-04 2.11531924e-04
2.69308835e-01 -3.92818908e-04 2.16212969e-04
2.69665372e-01 1.76564853e-04 2.20976870e-04
2.70021906e-01 -2.36072356e-04 2.21558344e-04
2.70378435e-01 2.88216488e-04 2.21573411e-04
2.70734959e-01 -2.29581251e-04 2.17161673e-04
2.71091479e-01 -1.36661468e-05 2.22426968e-04
2.71447995e-01 1.37159539e-04 2.21588952e-04
2.71804506e-01 -4.41077908e-04 2.19405748e-04
2.72161012e-01 2.74593514e-05 2.22460850e-04
2.72517515e-01 -5.83703751e-05 2.26701348e-04
2.72874012e-01 1.16159636e-04 2.28209407e-04
