1.54026655e-02 9.40696490e-04 1.65313833e-03
1.57608633e-02 2.14549688e-03 1.67256510e-03
1.61190608e-02 2.03157631e-03 1.47198355e-03
1.64772580e-02 6.09518309e-04 1.41614614e-03
1.68354550e-02 -2.77925966e-04 1.44558980e-03
1.71936517e-02 -7.03021752e-04 1.36120124e-03
1.75518481e-02 2.51360747e-03 1.34729792e-03
1.79100442e-02 9.87866744e-04 1.27434931e-03
1.82682400e-02 1.77852232e-03 1.25243346e-03
1.86264355e-02 5.76145407e-04 1.18145524e-03
1.89846308e-02 1.06766388e-03 1.18243286e-03
1.93428257e-02 2.93648959e-03 1.17934692e-03
1.97010202e-02 2.02381199e-03 1.14022146e-03
2.00592145e-02 2.24438790e-03 1.15454893e-03
2.04174084e-02 -6.77178581e-04 1.05380176e-03
2.07756020e-02 1.25409556e-03 1.09711675e-03
2.11337953e-02 2.72800517e-03 1.05365603e-03
2.14919882e-02 2.63091623e-05 1.01975345e-03
2.18501808e-02 1.97719901e-03 1.01667877e-03
2.22083729e-02 2.91498719e-03 9.42310189e-04
2.25665648e-02 1.13926643e-03 9.50518833e-04
2.29247562e-02 7.58929027e-04 9.76901557e-04
2.32829473e-02 2.52748553e-03 9.95884796e-04
2.36411380e-02 2.60170200e-03 9.70481081e-04
2.39993283e-02 2.29811483e-03 9.00511510e-04
2.43575182e-02 2.51818213e-03 9.13211530e-04
2.47157077e-02 1.65893545e-03 9.08380802e-04
2.50738968e-02 2.09505277e-03 8.66630460e-04
2.54320855e-02 2.86700753e-03 9.00953610e-04
2.57902738e-02 1.69278985e-03 8.81485758e-04
2.61484617e-02 1.37837873e-03 8.54241659e-04
2.65066491e-02 2.44251108e-03 9.20821789e-04
2.68648361e-02 1.95504746e-03 8.38936374e-04
2.72230226e-02 1.66742339e-03 7.93542104e-04
2.75812087e-02 5.50186376e-04 8.16508789e-04
2.79393943e-02 1.08920237e-03 8.49476426e-04
2.82975795e-02 9.93749627e-04 7.81195198e-04
2.86557642e-02 3.09439222e-03 8.92658164e-04
2.90139485e-02 2.50755762e-03 8.50190258e-04
2.93721323e-02 2.89213580e-04 7.95018074e-04
2.97303155e-02 6.65700058e-04 8.08522063e-04
3.00884983e-02 2.89435989e-03 8.42492949e-04
3.04466806e-02 1.40707331e-03 7.62904414e-04
3.08048624e-02 -1.95222694e-04 7.82372074e-04
3.11630437e-02 2.31323237e-03 8.53063958e-04
3.15212245e-02 1.48545383e-03 7.96422615e-04
3.18794048e-02 2.69253446e-03 8.16197338e-04
3.22375845e-02 1.45956528e-03 8.42451037e-04
3.25957637e-02 3.05978165e-04 7.74791018e-04
3.29539424e-02 1.12739703e-03 7.82279000e-04
3.33121205e-02 1.50377120e-03 8.03247877e-04
3.36702981e-02 1.22787969e-03 8.21290299e-04
3.40284751e-02 1.32512930e-03 8.24410465e-04
3.43866516e-02 1.84294372e-03 7.80245108e-04
3.47448275e-02 1.98272148e-03 7.91165850e-04
3.51030028e-02 1.15555098e-03 7.29011185e-04
3.54611775e-02 9.04657648e-04 7.55716515e-04
3.58193517e-02 1.56832526e-03 7.14120210e-04
3.61775253e-02 1.14284302e-03 7.66592711e-04
3.65356983e-02 1.28325977e-03 7.15287851e-04
3.68938706e-02 1.78177668e-03 7.24397889e-04
3.72520424e-02 3.74580543e-04 6.93563782e-04
3.76102136e-02 1.68350850e-03 7.22202183e-04
3.79683841e-02 9.80084336e-04 7.06794904e-04
3.83265540e-02 4.14573481e-04 7.10853502e-04
3.86847233e-02 1.48935820e-03 6.94870906e-04
3.90428920e-02 1.10489621e-03 7.17941435e-04
3.94010600e-02 1.97418891e-03 6.78375601e-04
3.97592273e-02 1.52120189e-03 6.92576614e-04
4.01173941e-02 1.17681938e-03 6.44627123e-04
4.04755601e-02 9.92369471e-04 6.75855243e-04
4.08337255e-02 5.62140136e-04 6.39207995e-04
4.11918902e-02 3.75628345e-04 6.31515432e-04
4.15500542e-02 2.43278907e-03 6.26636486e-04
4.19082176e-02 9.60559558e-04 6.56963966e-04
4.22663802e-02 1.04371531e-03 6.72591372e-04
4.26245422e-02 1.20726437e-03 6.54868723e-04
4.29827034e-02 -1.54859403e-04 6.37676522e-04
4.33408640e-02 8.37912382e-04 6.48148848e-04
4.36990238e-02 1.36224604e-03 6.57220827e-04
4.40571830e-02 1.88648861e-03 6.70094636e-04
4.44153414e-02 8.29721638e-04 6.81990596e-04
4.47734990e-02 1.75771281e-04 6.69679011e-04
4.51316560e-02 1.58442472e-03 6.63795414e-04
4.54898122e-02 1.35083153e-03 6.68335158e-04
4.58479676e-02 9.47742099e-04 6.54245788e-04
4.62061223e-02 9.61358161e-04 6.52967773e-04
4.65642762e-02 8.06767125e-04 6.52985928e-04
4.69224294e-02 1.96317994e-03 6.64468319e-04
4.72805818e-02 1.80153604e-03 6.30578587e-04
4.76387334e-02 2.84984909e-04 6.27350013e-04
4.79968842e-02 1.27164786e-03 6.49840291e-04
4.83550342e-02 9.08587401e-04 6.14512527e-04
4.87131835e-02 3.26622375e-04 6.29220490e-04
4.90713319e-02 6.25554029e-04 6.18860175e-04
4.94294795e-02 1.61877481e-03 6.06511530e-04
4.97876264e-02 5.80462689e-04 5.79991378e-04
5.01457724e-02 1.27293837e-05 6.05017826e-04
5.05039175e-02 1.80829043e-05 5.82583507e-04
5.08620619e-02 4.83120216e-04 6.11623185e-04
5.12202054e-02 8.51842000e-04 5.96377075e-04
5.15783481e-02 5.63764365e-04 5.88748441e-04
5.19364899e-02 1.36419699e-03 5.94980100e-04
5.22946308e-02 9.30737019e-04 6.01831954e-04
5.26527709e-02 -1.87213349e-04 5.77253611e-04
5.30109102e-02 1.02775610e-03 5.87668968e-04
5.33690485e-02 1.97883491e-04 5.58364125e-04
5.37271860e-02 1.16228828e-03 5.86866435e-04
5.40853226e-02 -4.38603774e-05 5.68026049e-04
5.44434583e-02 5.71905446e-04 5.57609014e-04
5.48015932e-02 1.41497677e-03 5.84751075e-04
5.51597271e-02 1.95240789e-04 5.55209961e-04
5.55178601e-02 7.68562599e-04 5.48287425e-04
5.58759922e-02 -3.78323739e-04 5.40496747e-04
5.62341234e-02 1.03154935e-03 5.59442929e-04
5.65922536e-02 3.03401847e-04 5.66623735e-04
5.69503829e-02 1.67135055e-04 5.68490195e-04
5.73085113e-02 7.84759050e-04 5.55190001e-04
5.76666388e-02 5.58373575e-04 5.56827192e-04
5.80247653e-02 2.87363166e-04 5.40491633e-04
5.83828908e-02 -6.73441222e-04 5.41254707e-04
5.87410154e-02 3.35324919e-04 5.49269918e-04
5.90991390e-02 2.17785398e-04 5.48247550e-04
5.94572616e-02 2.00693115e-03 5.30419684e-04
5.98153833e-02 8.45484755e-04 5.57903863e-04
6.01735040e-02 8.81986891e-05 5.21404960e-04
6.05316237e-02 1.56738141e-03 5.46950194e-04
6.08897424e-02 6.60644269e-04 5.27229485e-04
6.12478600e-02 9.00791331e-04 5.27274183e-04
6.16059767e-02 -1.49507814e-04 5.09254370e-04
6.19640924e-02 1.48821483e-03 5.11904323e-04
6.23222071e-02 7.78619571e-04 5.32791681e-04
6.26803207e-02 -3.75470881e-04 5.18876778e-04
6.30384333e-02 2.51935372e-05 5.13857128e-04
6.33965448e-02 6.89234262e-04 5.03382236e-04
6.37546554e-02 -1.41431672e-04 5.00464347e-04
6.41127648e-02 -7.08447571e-04 4.89636037e-04
6.44708732e-02 -8.27217047e-05 5.08390499e-04
6.48289806e-02 7.43083867e-04 5.02952134e-04
6.51870869e-02 -3.09359806e-04 5.04985279e-04
6.55451921e-02 2.93776216e-04 4.91705496e-04
6.59032962e-02 4.23210710e-04 5.05520567e-04
6.62613993e-02 2.95406873e-04 4.82393602e-04
6.66195012e-02 -4.27889563e-04 4.91350243e-04
6.69776021e-02 2.26295172e-06 4.97038219e-04
6.73357019e-02 9.75235742e-04 4.84608364e-04
6.76938005e-02 -5.62830078e-04 4.87133732e-04
6.80518981e-02 4.42416807e-04 4.80503271e-04
6.84099945e-02 9.48191706e-04 4.79663006e-04
6.87680898e-02 4.31386652e-04 4.93796909e-04
6.91261840e-02 1.08378499e-04 4.69063339e-04
6.94842770e-02 -6.26482457e-04 4.73982477e-04
6.98423689e-02 2.76544989e-04 4.93819463e-04
7.02004596e-02 -4.28990539e-04 4.79251012e-04
7.05585492e-02 4.98255342e-04 4.81640704e-04
7.09166377e-02 4.88213588e-04 4.75731495e-04
7.12747249e-02 2.62150212e-04 4.66186906e-04
7.16328110e-02 -6.77618234e-04 4.80622680e-04
7.19908959e-02 6.76693136e-04 4.79073358e-04
7.23489796e-02 1.53233341e-03 4.87092856e-04
7.27070622e-02 2.82692589e-04 4.80475531e-04
7.30651435e-02 5.48830187e-04 4.71534789e-04
7.34232237e-02 5.82331634e-04 4.62609107e-04
7.37813026e-02 2.94416368e-04 4.67780445e-04
7.41393803e-02 -1.63622283e-04 4.66114689e-04
7.44974568e-02 -2.95177642e-04 4.60546081e-04
7.48555321e-02 -3.16434193e-05 4.55048428e-04
7.52136061e-02 9.33046614e-04 4.57717509e-04
7.55716789e-02 -3.32725595e-04 4.78215334e-04
7.59297505e-02 -4.32642648e-04 4.40436095e-04
7.62878208e-02 2.50860614e-04 4.51533674e-04
7.66458899e-02 5.57385694e-04 4.55775769e-04
7.70039577e-02 8.40352643e-04 4.52961621e-04
7.73620242e-02 2.25056242e-04 4.47184697e-04
7.77200895e-02 -4.95409982e-04 4.56367815e-04
7.80781535e-02 -5.76951300e-05 4.42826383e-04
7.84362162e-02 2.71083026e-04 4.40814486e-04
7.87942776e-02 4.93153225e-04 4.49074309e-04
7.91523377e-02 4.80889408e-04 4.49269559e-04
7.95103965e-02 1.48657687e-04 4.46297885e-04
7.98684540e-02 1.30925526e-04 4.37824971e-04
8.02265102e-02 5.18358239e-04 4.54252900e-04
8.05845651e-02 1.92119415e-04 4.33792527e-04
8.09426186e-02 7.58162584e-04 4.50936767e-04
8.13006709e-02 5.01425802e-06 4.46137451e-04
8.16587217e-02 -1.95504218e-04 4.60659184e-04
8.20167713e-02 -3.26441025e-05 4.41273475e-04
8.23748195e-02 -7.73447149e-06 4.34026233e-04
8.27328663e-02 -7.99022505e-04 4.38916467e-04
8.30909118e-02 -1.44773131e-04 4.27301172e-04
8.34489559e-02 7.08939511e-05 4.20254100e-04
8.38069986e-02 2.78939906e-04 4.41557165e-04
8.41650400e-02 2.10451978e-04 4.23486974e-04
8.45230800e-02 4.74995721e-04 4.27181382e-04
8.48811185e-02 -5.99358939e-04 4.25568875e-04
8.52391557e-02 -1.02546296e-03 4.23256686e-04
8.55971915e-02 1.66014066e-04 4.46173855e-04
8.59552259e-02 -1.06864258e-04 4.57176367e-04
8.63132589e-02 -7.24835372e-04 4.30835513e-04
8.66712904e-02 9.68183679e-04 4.40769813e-04
8.70293205e-02 -4.21185213e-05 4.35783317e-04
8.73873492e-02 -3.19670813e-04 4.38215400e-04
8.77453765e-02 5.88901506e-04 4.43895016e-04
8.81034023e-02 -1.75975818e-04 4.33938852e-04
8.84614267e-02 4.06411574e-04 4.21088673e-04
8.88194496e-02 -7.05755492e-04 4.16965330e-04
8.91774710e-02 -3.84878482e-05 4.25912556e-04
8.95354910e-02 1.85441852e-04 4.20910227e-04
8.98935095e-02 7.84621193e-04 4.13454035e-04
9.02515266e-02 5.63914003e-04 4.32666875e-04
9.06095421e-02 -7.46130661e-05 4.39340471e-04
9.09675562e-02 6.33607458e-04 4.35313746e-04
9.13255687e-02 -2.15141321e-04 4.27818770e-04
9.16835798e-02 -5.09836390e-04 4.41687743e-04
9.20415894e-02 3.13680425e-04 4.26880572e-04
9.23995974e-02 -5.81395327e-05 4.37074334e-04
9.27576039e-02 -4.42399986e-04 4.30876912e-04
9.31156089e-02 3.81252418e-04 4.29366776e-04
9.34736124e-02 5.95513699e-04 4.28520401e-04
9.38316143e-02 -2.97375009e-04 4.23175972e-04
9.41896147e-02 -1.30285388e-04 4.10274969e-04
9.45476136e-02 -9.30976530e-04 3.99075146e-04
9.49056108e-02 -1.00248264e-04 4.05360780e-04
9.52636066e-02 -3.95866765e-04 4.12942796e-04
9.56216007e-02 2.62388958e-04 4.18096491e-04
9.59795933e-02 6.43245266e-04 4.11865979e-04
9.63375843e-02 3.10490884e-04 3.99085940e-04
9.66955738e-02 7.95962006e-04 4.08957642e-04
9.70535616e-02 1.53643882e-04 4.06930059e-04
9.74115478e-02 4.08835577e-04 3.94073393e-04
9.77695325e-02 -7.61181346e-04 4.09612551e-04
9.81275155e-02 -6.06036727e-04 4.06163335e-04
9.84854969e-02 -4.11836656e-05 4.12639698e-04
9.88434768e-02 -5.42436560e-04 4.09372577e-04
9.92014549e-02 3.06314075e-04 3.96522737e-04
9.95594315e-02 9.06080765e-05 4.00635415e-04
9.99174064e-02 2.61827159e-04 4.00803000e-04
1.00275380e-01 -5.02139462e-04 3.93667015e-04
1.00633351e-01 -7.40261152e-04 3.94010005e-04
1.00991321e-01 -8.26073759e-05 4.03579908e-04
1.01349290e-01 -2.39813646e-04 4.01742545e-04
1.01707256e-01 -9.96364181e-05 3.88969764e-04
1.02065221e-01 4.15204716e-05 3.91219658e-04
1.02423184e-01 -4.75232478e-04 3.89496476e-04
1.02781146e-01 8.50479167e-04 3.91403900e-04
1.03139106e-01 6.23019809e-04 3.92511703e-04
1.03497064e-01 -4.04997322e-04 3.77532730e-04
1.03855021e-01 1.75882782e-04 3.87814535e-04
1.04212976e-01 -3.50722917e-04 3.80060351e-04
1.04570929e-01 4.86970034e-05 3.84924078e-04
1.04928880e-01 5.53821632e-04 3.97664173e-04
1.05286830e-01 -2.78251069e-04 3.91776190e-04
1.05644778e-01 5.01300141e-04 4.07765155e-04
1.06002724e-01 6.79133593e-04 4.04640916e-04
1.06360668e-01 1.46696835e-04 3.94121501e-04
1.06718611e-01 3.63707026e-04 3.99537331e-04
1.07076552e-01 5.93700175e-04 3.99567979e-04
1.07434491e-01 5.48282525e-04 4.05480839e-04
1.07792429e-01 1.47188107e-04 4.04091235e-04
1.08150364e-01 1.84740548e-04 3.99221880e-04
1.08508298e-01 4.19972468e-04 3.89709433e-04
1.08866230e-01 1.96878256e-04 3.93661880e-04
1.09224160e-01 -3.10966190e-05 3.90522417e-04
1.09582089e-01 1.43636184e-04 3.97523953e-04
1.09940016e-01 -1.64033829e-04 4.00224471e-04
1.10297941e-01 -1.76871435e-04 3.99021645e-04
1.10655864e-01 -8.10439395e-05 3.86633978e-04
1.11013785e-01 7.66925664e-04 3.89188917e-04
1.11371704e-01 1.86870590e-04 3.79883841e-04
1.11729622e-01 6.10542428e-04 3.93097026e-04
1.12087538e-01 -3.96897445e-04 3.79265484e-04
1.12445452e-01 -4.90153562e-04 3.88052665e-04
1.12803364e-01 4.93108460e-04 3.84136230e-04
1.13161274e-01 4.75892269e-04 3.82258916e-04
1.13519182e-01 -8.54795457e-04 3.66278706e-04
1.13877089e-01 -8.52611800e-05 3.78956917e-04
1.14234994e-01 -1.42034713e-05 3.82199339e-04
1.14592896e-01 2.87508063e-04 3.78960415e-04
1.14950797e-01 3.90625036e-04 3.87368656e-04
1.15308696e-01 4.03660362e-06 3.75844427e-04
1.15666593e-01 -3.10074382e-04 3.65972476e-04
1.16024488e-01 2.07746252e-04 3.76415934e-04
1.16382382e-01 2.61411817e-04 3.71513186e-04
1.16740273e-01 5.57613253e-04 3.72381885e-04
1.17098163e-01 -2.79691129e-04 3.63731463e-04
1.17456050e-01 -3.36914412e-04 3.66722851e-04
1.17813936e-01 -3.60992664e-04 3.70166885e-04
1.18171819e-01 -1.93627307e-05 3.70787084e-04
1.18529701e-01 -2.02409817e-04 3.63958795e-04
1.18887581e-01 -3.56098510e-04 3.64562930e-04
1.19245459e-01 -4.35665721e-04 3.69445343e-04
1.19603335e-01 -2.90665874e-04 3.80749995e-04
1.19961208e-01 1.55823291e-04 3.78419209e-04
1.20319080e-01 1.91689856e-04 3.67917872e-04
1.20676950e-01 3.18958633e-04 3.72911754e-04
1.21034818e-01 6.92418975e-04 3.76759328e-04
1.21392684e-01 -8.93928513e-05 3.63631367e-04
1.21750548e-01 -8.01788925e-04 3.65761580e-04
1.22108410e-01 -2.76230718e-04 3.68252139e-04
1.22466270e-01 2.32935680e-05 3.78211711e-04
1.22824128e-01 7.99005335e-04 3.71267178e-04
1.23181984e-01 1.03447891e-04 3.71509231e-04
1.23539838e-01 -1.27854050e-05 3.77663056e-04
1.23897690e-01 8.91158973e-04 3.76809126e-04
1.24255540e-01 2.13017217e-04 3.65521838e-04
1.24613388e-01 5.37162602e-04 3.78187635e-04
1.24971233e-01 1.28011853e-04 3.66129611e-04
1.25329077e-01 1.98441485e-04 3.48923084e-04
1.25686919e-01 3.52134516e-04 3.61473526e-04
1.26044758e-01 2.26150894e-04 3.54209207e-04
1.26402596e-01 1.22867798e-04 3.67816716e-04
1.26760431e-01 -1.65207543e-04 3.48149737e-04
1.27118265e-01 -2.52917559e-04 3.62064927e-04
1.27476096e-01 -1.81085899e-04 3.59834240e-04
1.27833925e-01 7.88501681e-05 3.46948195e-04
1.28191752e-01 -2.98259744e-04 3.50198420e-04
1.28549577e-01 -4.12990878e-04 3.56105901e-04
1.28907400e-01 -4.81675291e-04 3.45721181e-04
1.29265221e-01 -2.45374983e-04 3.50628045e-04
1.29623040e-01 -8.17277272e-04 3.52620778e-04
1.29980856e-01 -3.84097122e-04 3.48224805e-04
1.30338670e-01 1.51938708e-04 3.48635958e-04
1.30696483e-01 1.45367562e-04 3.43741258e-04
1.31054293e-01 -2.55678443e-04 3.43827702e-04
1.31412101e-01 -2.22635483e-04 3.50766815e-04
1.31769906e-01 2.59178769e-04 3.48808248e-04
1.32127710e-01 3.27854657e-04 3.51083015e-04
1.32485511e-01 8.34598719e-05 3.43799893e-04
1.32843311e-01 1.49384862e-04 3.47403239e-04
1.33201108e-01 -1.32664787e-04 3.40356898e-04
1.33558903e-01 -3.58475102e-05 3.49543635e-04
1.33916695e-01 5.24332053e-04 3.36892921e-04
1.34274486e-01 -1.00574628e-05 3.41585997e-04
1.34632274e-01 4.45225875e-04 3.40976201e-04
1.34990060e-01 2.64470570e-04 3.41242827e-04
1.35347844e-01 -5.52053896e-04 3.39833417e-04
1.35705626e-01 1.41117525e-04 3.36939551e-04
1.36063405e-01 9.69957776e-05 3.31647797e-04
1.36421182e-01 -2.69099727e-04 3.24647877e-04
1.36778957e-01 1.05709801e-04 3.39696676e-04
1.37136730e-01 3.29456738e-04 3.33268565e-04
1.37494500e-01 2.48807597e-04 3.36879608e-04
1.37852269e-01 -1.02633631e-04 3.27111106e-04
1.38210034e-01 1.89420090e-05 3.32575734e-04
1.38567798e-01 -4.18554107e-04 3.30793864e-04
1.38925559e-01 -1.13489555e-04 3.29871716e-04
1.39283319e-01 1.60194125e-04 3.28095425e-04
1.39641075e-01 -2.63413572e-04 3.22675568e-04
1.39998830e-01 -1.59040459e-04 3.30956871e-04
1.40356582e-01 1.32193776e-04 3.30868532e-04
1.40714332e-01 1.72443532e-04 3.26972542e-04
1.41072080e-01 -4.99517368e-05 3.34574047e-04
1.41429825e-01 2.13454411e-04 3.35858404e-04
1.41787568e-01 -1.81223634e-04 3.28150983e-04
1.42145308e-01 1.63353253e-04 3.30051619e-04
1.42503047e-01 3.78592553e-04 3.27966801e-04
1.42860783e-01 1.14160853e-05 3.20357126e-04
1.43218516e-01 1.64607957e-04 3.22425038e-04
1.43576247e-01 -8.09801432e-05 3.23776526e-04
1.43933976e-01 -3.54857966e-04 3.29673863e-04
1.44291703e-01 3.03839600e-04 3.25994473e-04
1.44649427e-01 -2.68160108e-05 3.24154035e-04
1.45007149e-01 -1.35244596e-04 3.18179050e-04
1.45364868e-01 2.74052221e-04 3.11964154e-04
1.45722585e-01 2.24760716e-04 3.13226327e-04
1.46080300e-01 -7.39924055e-04 3.14189160e-04
1.46438012e-01 8.64543656e-07 3.14023466e-04
1.46795722e-01 4.72523923e-04 3.22542903e-04
1.47153429e-01 2.86396595e-04 3.12228309e-04
1.47511134e-01 5.58463222e-04 3.17509222e-04
1.47868837e-01 2.73890280e-06 3.16669745e-04
1.48226537e-01 -7.33736211e-05 3.11282915e-04
1.48584235e-01 -9.73433832e-05 3.20309384e-04
1.48941930e-01 3.47797486e-05 3.18044596e-04
1.49299623e-01 2.18208770e-04 3.12845060e-04
1.49657313e-01 2.69185604e-04 3.22211556e-04
1.50015001e-01 -1.18193741e-04 3.16907518e-04
1.50372687e-01 -5.63584639e-04 3.14756750e-04
1.50730370e-01 3.44016906e-04 3.10997619e-04
1.51088050e-01 2.47505752e-05 3.16158861e-04
1.51445728e-01 9.28246555e-05 3.22389381e-04
1.51803404e-01 -4.48472680e-04 3.12109036e-04
1.52161077e-01 4.17514310e-05 3.15840957e-04
1.52518747e-01 7.17909154e-05 3.12881643e-04
1.52876416e-01 -2.31715883e-04 3.06067630e-04
1.53234081e-01 -7.55605019e-06 3.08944940e-04
1.53591744e-01 -3.55546212e-05 3.08589700e-04
1.53949405e-01 -2.45211444e-04 3.02199778e-04
1.54307063e-01 1.98722170e-05 3.06174807e-04
1.54664718e-01 -3.68046750e-04 3.09529913e-04
1.55022371e-01 1.51207663e-04 3.10113096e-04
1.55380021e-01 9.24996956e-05 3.11363192e-04
1.55737669e-01 -6.84686854e-04 3.06479550e-04
1.56095314e-01 -5.42383360e-05 3.05305208e-04
1.56452957e-01 -7.54714172e-04 3.07399608e-04
1.56810597e-01 -5.76085330e-04 3.05129806e-04
1.57168235e-01 5.07269587e-06 3.05818823e-04
1.57525870e-01 -2.72622125e-04 3.01571993e-04
1.57883502e-01 -3.93548310e-04 2.97354080e-04
1.58241132e-01 5.07111537e-05 2.96946861e-04
1.58598759e-01 -6.30351564e-05 2.97575753e-04
1.58956384e-01 -4.63599597e-04 3.03583800e-04
1.59314006e-01 -5.31922527e-05 2.99959996e-04
1.59671625e-01 -4.22576656e-04 2.99587017e-04
1.60029242e-01 -1.34021792e-04 3.05801495e-04
1.60386856e-01 2.10262757e-04 3.04191491e-04
1.60744468e-01 -2.39963483e-04 2.93320829e-04
1.61102076e-01 -2.51727124e-04 2.97944621e-04
1.61459683e-01 1.53647865e-04 2.92304259e-04
1.61817286e-01 1.89083693e-04 3.02720725e-04
1.62174887e-01 -7.44132211e-05 2.98566404e-04
1.62532485e-01 3.34514252e-04 2.98528030e-04
1.62890081e-01 1.61721990e-04 2.98484871e-04
1.63247674e-01 -2.88648917e-04 2.98757790e-04
1.63605264e-01 3.28319113e-04 2.97449362e-04
1.63962852e-01 2.60993413e-04 2.94539567e-04
1.64320437e-01 2.02971574e-04 2.97639962e-04
1.64678019e-01 2.85056068e-04 2.96056408e-04
1.65035598e-01 1.89463458e-04 2.98994138e-04
1.65393175e-01 -3.49737745e-04 2.92748017e-04
1.65750749e-01 3.11446798e-04 2.91727029e-04
1.66108320e-01 1.62447170e-04 2.98172358e-04
1.66465889e-01 3.34605716e-04 2.96648035e-04
1.66823455e-01 -9.23609820e-05 2.88991833e-04
1.67181018e-01 8.69494096e-05 2.95803832e-04
1.67538578e-01 -3.86421467e-04 2.91351515e-04
1.67896136e-01 6.02046391e-05 2.90029195e-04
1.68253691e-01 3.15414118e-05 2.96665292e-04
1.68611243e-01 4.02428019e-04 2.89880647e-04
1.68968792e-01 1.97491123e-04 2.97415079e-04
1.69326339e-01 -9.38302550e-05 2.89595918e-04
1.69683883e-01 5.14427597e-05 2.87579433e-04
1.70041424e-01 -5.17827288e-04 2.85522522e-04
1.70398962e-01 -2.81896068e-04 2.86622319e-04
1.70756497e-01 8.30119809e-05 2.87289408e-04
1.71114030e-01 7.26879568e-05 2.84884959e-04
1.71471560e-01 3.60695129e-04 2.90023217e-04
1.71829087e-01 4.55503197e-04 2.84061267e-04
1.72186611e-01 4.66329705e-04 2.96556463e-04
1.72544132e-01 -3.43260470e-04 2.89862144e-04
1.72901651e-01 -9.14747036e-05 2.89709873e-04
1.73259167e-01 9.11044945e-05 2.90585663e-04
1.73616679e-01 -3.43608879e-04 2.84907690e-04
1.73974189e-01 -4.84696743e-05 2.86357495e-04
1.74331697e-01 -2.63418691e-04 2.81880816e-04
1.74689201e-01 5.52756340e-04 2.85533679e-04
1.75046702e-01 -1.62482644e-04 2.85731294e-04
1.75404201e-01 -3.88876880e-04 2.81074207e-04
1.75761697e-01 -1.40518597e-04 2.88356255e-04
1.76119189e-01 -4.67623367e-04 2.81591464e-04
1.76476679e-01 -6.46348603e-05 2.79403898e-04
1.76834166e-01 -8.41948936e-05 2.88258252e-04
1.77191650e-01 -2.47870986e-04 2.89478422e-04
1.77549132e-01 4.36897830e-05 2.79530066e-04
1.77906610e-01 -1.55232171e-04 2.80378743e-04
1.78264085e-01 -2.98907990e-04 2.80961632e-04
1.78621558e-01 -8.76306315e-05 2.81112445e-04
1.78979027e-01 -1.55359738e-04 2.80038724e-04
1.79336494e-01 9.67307677e-05 2.78532234e-04
1.79693958e-01 4.03499665e-05 2.74257207e-04
1.80051418e-01 -3.78786755e-04 2.77570051e-04
1.80408876e-01 -2.36538900e-04 2.73151910e-04
1.80766331e-01 3.88177011e-04 2.80830385e-04
1.81123783e-01 4.82088066e-05 2.82155722e-04
1.81481232e-01 -2.35398268e-04 2.81317283e-04
1.81838677e-01 -4.60894511e-04 2.83248861e-04
1.82196120e-01 -6.60322820e-04 2.78063056e-04
1.82553560e-01 2.54950130e-05 2.84746716e-04
1.82910997e-01 -2.41113428e-04 2.77786584e-04
1.83268431e-01 -1.81326156e-04 2.81463189e-04
1.83625862e-01 1.34641994e-04 2.80290372e-04
1.83983290e-01 2.71321624e-04 2.89004802e-04
1.84340715e-01 1.19503602e-04 2.82996168e-04
1.84698137e-01 -3.02321874e-04 2.81933564e-04
1.85055556e-01 3.09898739e-04 2.83247585e-04
1.85412971e-01 -1.95856654e-04 2.80347592e-04
1.85770384e-01 1.25210110e-04 2.85030361e-04
1.86127794e-01 3.27080018e-05 2.79668721e-04
1.86485200e-01 9.56208127e-05 2.78942766e-04
1.86842604e-01 -2.13636981e-04 2.78230943e-04
1.87200005e-01 2.03907455e-04 2.78996132e-04
1.87557402e-01 -1.87623333e-04 2.76098700e-04
1.87914797e-01 -1.57723937e-04 2.76626755e-04
1.88272188e-01 -1.79612261e-04 2.75162153e-04
1.88629576e-01 1.87250318e-04 2.79688267e-04
1.88986961e-01 2.68540930e-05 2.72200442e-04
1.89344343e-01 4.73965678e-05 2.74573915e-04
1.89701722e-01 -2.75481894e-04 2.75865581e-04
1.90059098e-01 -2.21040247e-04 2.67251278e-04
1.90416471e-01 -5.29607242e-04 2.67318761e-04
1.90773840e-01 -1.69308021e-04 2.74506885e-04
1.91131207e-01 -2.57339777e-04 2.74445336e-04
1.91488570e-01 -2.05286749e-04 2.71555023e-04
1.91845930e-01 -3.96627766e-04 2.72167443e-04
1.92203287e-01 1.42121261e-04 2.75426463e-04
1.92560641e-01 -4.00453094e-05 2.71212688e-04
1.92917992e-01 -4.19778446e-05 2.66318796e-04
1.93275340e-01 -1.06002283e-04 2.72549364e-04
1.93632684e-01 -3.59218741e-04 2.72171411e-04
1.93990025e-01 3.95439978e-04 2.71245568e-04
1.94347363e-01 1.16529002e-04 2.72458331e-04
1.94704698e-01 9.70233781e-05 2.75834932e-04
1.95062030e-01 -5.20049711e-05 2.79566418e-04
1.95419358e-01 2.33400987e-06 2.72000956e-04
1.95776684e-01 -5.19470054e-04 2.72338029e-04
1.96134006e-01 2.08713624e-04 2.69273061e-04
1.96491324e-01 9.25023197e-07 2.75074464e-04
1.96848640e-01 2.67975818e-04 2.69900586e-04
1.97205953e-01 1.26424901e-04 2.68675115e-04
1.97563262e-01 -7.69801548e-05 2.68565477e-04
1.97920568e-01 2.23953961e-04 2.72645876e-04
1.98277870e-01 -1.68218374e-04 2.72613371e-04
1.98635170e-01 -4.48559937e-04 2.72860057e-04
1.98992466e-01 -4.78907548e-04 2.66145626e-04
1.99349759e-01 -3.07675041e-04 2.72480065e-04
1.99707049e-01 -1.22357962e-04 2.71355382e-04
2.00064335e-01 8.68464162e-05 2.64875866e-04
2.00421618e-01 1.77765263e-04 2.70407991e-04
2.00778898e-01 -2.77793533e-04 2.66182353e-04
2.01136174e-01 -3.63542822e-05 2.62135889e-04
2.01493448e-01 -7.13337988e-05 2.61643232e-04
2.01850718e-01 8.17559063e-06 2.66648948e-04
2.02207984e-01 -3.78219042e-04 2.58265083e-04
2.02565248e-01 -3.94094307e-04 2.66569899e-04
2.02922508e-01 -5.06862444e-04 2.59480156e-04
2.03279764e-01 -1.70879338e-04 2.60920574e-04
2.03637018e-01 -9.67214822e-05 2.60549252e-04
2.03994268e-01 -2.61539276e-04 2.61681924e-04
2.04351514e-01 -3.65610132e-04 2.61268111e-04
2.04708758e-01 2.34701199e-05 2.60682302e-04
2.05065998e-01 -1.45402318e-04 2.57168959e-04
2.05423234e-01 -1.69611225e-04 2.57150589e-04
2.05780467e-01 -3.49701358e-04 2.59815678e-04
2.06137697e-01 2.72991140e-04 2.59194803e-04
2.06494924e-01 2.62245816e-04 2.59421848e-04
2.06852147e-01 -3.38698780e-04 2.59279103e-04
2.07209367e-01 -1.36819331e-04 2.52577967e-04
2.07566583e-01 2.05958745e-04 2.57172386e-04
2.07923796e-01 3.63685520e-04 2.53384456e-04
2.08281005e-01 -1.42856218e-05 2.54499817e-04
2.08638211e-01 1.11833755e-04 2.55839688e-04
2.08995414e-01 -4.99669856e-05 2.56581939e-04
2.09352613e-01 -5.35665183e-05 2.54709614e-04
2.09709809e-01 -3.88167350e-04 2.54345377e-04
2.10067002e-01 -1.66980148e-04 2.51586467e-04
2.10424191e-01 2.67812612e-04 2.49428026e-04
2.10781376e-01 -3.69180944e-04 2.47914377e-04
2.11138558e-01 -4.80996948e-04 2.56382644e-04
2.11495737e-01 2.78992765e-04 2.47984272e-04
2.11852912e-01 -4.20557474e-04 2.54019973e-04
2.12210084e-01 -2.81439257e-05 2.47549815e-04
2.12567252e-01 -3.60793337e-04 2.53827171e-04
2.12924416e-01 -3.11974347e-05 2.49581034e-04
2.13281578e-01 2.87666347e-04 2.46583453e-04
2.13638735e-01 1.71766316e-04 2.50145555e-04
2.13995890e-01 2.99936712e-05 2.45199881e-04
2.14353040e-01 4.06976883e-05 2.49977064e-04
2.14710188e-01 2.69844037e-04 2.50451646e-04
2.15067331e-01 -1.39397907e-04 2.48762498e-04
2.15424471e-01 4.18882280e-05 2.50096902e-04
2.15781608e-01 -3.51271345e-04 2.45060689e-04
2.16138741e-01 6.69064787e-05 2.42785713e-04
2.16495871e-01 -1.35148376e-04 2.44786797e-04
2.16852997e-01 1.14312132e-04 2.42287501e-04
2.17210119e-01 -2.59253441e-04 2.47602960e-04
2.17567238e-01 -3.90984055e-04 2.42957313e-04
2.17924354e-01 -8.48700767e-05 2.41546176e-04
2.18281465e-01 -5.53309661e-04 2.43202181e-04
2.18638574e-01 -2.23189173e-04 2.42557975e-04
2.18995678e-01 2.49105244e-04 2.42276702e-04
2.19352779e-01 4.88217483e-04 2.48295364e-04
2.19709877e-01 2.65317471e-04 2.47304739e-04
2.20066971e-01 3.27689330e-04 2.47193189e-04
2.20424061e-01 2.09413108e-04 2.45159870e-04
2.20781147e-01 -8.68335067e-05 2.40800037e-04
2.21138230e-01 -6.73945268e-04 2.36348987e-04
2.21495310e-01 -1.54790502e-04 2.36137344e-04
2.21852386e-01 6.17698268e-05 2.39011208e-04
2.22209458e-01 -1.82315274e-04 2.39788646e-04
2.22566526e-01 -2.08860307e-04 2.37698517e-04
2.22923591e-01 6.52580512e-05 2.41142708e-04
2.23280652e-01 -2.13134193e-04 2.43367133e-04
2.23637710e-01 3.26612359e-04 2.39183824e-04
2.23994764e-01 -5.70736110e-05 2.37466325e-04
2.24351814e-01 -1.32766452e-04 2.41846467e-04
2.24708861e-01 -3.96323491e-04 2.40942903e-04
2.25065904e-01 5.12864558e-05 2.35882232e-04
2.25422943e-01 1.78646927e-05 2.38590776e-04
2.25779978e-01 -2.64239987e-04 2.34208919e-04
2.26137010e-01 -2.54540976e-04 2.38905391e-04
2.26494038e-01 -1.34635139e-04 2.33384872e-04
2.26851063e-01 -6.02341140e-04 2.36355275e-04
2.27208083e-01 -2.36656188e-04 2.35817142e-04
2.27565100e-01 1.48261838e-04 2.36530233e-04
2.27922114e-01 1.27393532e-04 2.39769959e-04
2.28279123e-01 1.77438489e-04 2.37624536e-04
2.28636129e-01 2.03984781e-05 2.37369062e-04
2.28993131e-01 -2.63504255e-04 2.35572496e-04
2.29350129e-01 -2.08427426e-04 2.34265814e-04
2.29707124e-01 3.89794222e-05 2.34693810e-04
2.30064115e-01 3.94725745e-04 2.39804253e-04
2.30421102e-01 -3.76645982e-04 2.32081681e-04
2.30778085e-01 1.56417678e-04 2.32257461e-04
2.31135064e-01 1.26360746e-04 2.27166073e-04
2.31492040e-01 -1.38146184e-04 2.30325866e-04
2.31849012e-01 4.91406993e-05 2.34995347e-04
2.32205980e-01 9.25718460e-05 2.33881916e-04
2.32562944e-01 -2.14117581e-04 2.30590269e-04
2.32919905e-01 -2.09041960e-04 2.31783149e-04
2.33276862e-01 -1.42895382e-04 2.32377706e-04
2.33633814e-01 -2.59401165e-04 2.31679057e-04
2.33990763e-01 2.65591317e-04 2.31840310e-04
2.34347709e-01 1.05400387e-04 2.28162895e-04
2.34704650e-01 -2.98144015e-04 2.26651022e-04
2.35061588e-01 -1.66717741e-04 2.33433848e-04
2.35418521e-01 -7.24526822e-04 2.23870738e-04
2.35775451e-01 7.83881586e-05 2.29636305e-04
2.36132377e-01 -1.86685411e-04 2.22022766e-04
2.36489299e-01 -1.28311955e-04 2.27206808e-04
2.36846218e-01 -7.25832278e-05 2.26730267e-04
2.37203132e-01 8.15499070e-05 2.27475647e-04
2.37560042e-01 4.11498315e-04 2.26494546e-04
2.37916949e-01 1.70839074e-04 2.28998406e-04
2.38273852e-01 1.17238165e-04 2.26285306e-04
2.38630751e-01 9.41004697e-05 2.26682909e-04
2.38987645e-01 2.66702181e-04 2.28532765e-04
2.39344537e-01 -3.88519246e-04 2.25083931e-04
2.39701424e-01 -3.74661567e-04 2.23864791e-04
2.40058307e-01 -1.27685358e-04 2.24478205e-04
2.40415186e-01 1.92179383e-04 2.24929083e-04
2.40772061e-01 -1.58171920e-04 2.23604782e-04
2.41128933e-01 -7.51984271e-05 2.21464572e-04
2.41485800e-01 3.95451227e-04 2.26935550e-04
2.41842664e-01 -3.11363799e-04 2.21984981e-04
2.42199523e-01 -9.10029404e-05 2.24010255e-04
2.42556379e-01 -3.02768243e-04 2.20540020e-04
2.42913230e-01 -2.32865752e-04 2.24291103e-04
2.43270078e-01 -1.03612811e-04 2.21182802e-04
2.43626922e-01 -1.28892342e-04 2.19327756e-04
2.43983761e-01 1.65876786e-04 2.20021692e-04
2.44340597e-01 -4.58775705e-04 2.18160837e-04
2.44697429e-01 3.50133402e-05 2.20047607e-04
2.45054256e-01 3.72463062e-05 2.17483838e-04
2.45411080e-01 1.02300514e-04 2.19839675e-04
2.45767900e-01 -1.17451054e-05 2.16639148e-04
2.46124715e-01 1.17428434e-05 2.19768170e-04
2.46481527e-01 -1.21516918e-04 2.19823613e-04
2.46838334e-01 2.32924095e-04 2.16848699e-04
2.47195138e-01 1.52538703e-04 2.16916931e-04
2.47551938e-01 2.94420123e-04 2.14922978e-04
2.47908733e-01 -8.33356847e-05 2.17887109e-04
2.48265524e-01 1.90832943e-04 2.19485242e-04
2.48622312e-01 1.15656270e-04 2.15346098e-04
2.48979095e-01 -2.40572702e-04 2.16828201e-04
2.49335874e-01 -3.91908423e-04 2.13574721e-04
2.49692649e-01 -1.22204212e-04 2.18968354e-04
2.50049420e-01 2.65043599e-05 2.15137861e-04
2.50406187e-01 1.62826589e-04 2.11518597e-04
2.50762950e-01 2.30100616e-04 2.14709757e-04
2.51119709e-01 2.57858383e-04 2.16832624e-04
2.51476464e-01 1.70296378e-04 2.15828934e-04
2.51833214e-01 7.12254770e-05 2.15602729e-04
2.52189961e-01 -9.35447046e-05 2.13567096e-04
2.52546703e-01 -2.22974476e-04 2.10631972e-04
2.52903441e-01 -9.47742207e-05 2.11414006e-04
2.53260175e-01 9.61266093e-06 2.13548168e-04
2.53616905e-01 -1.58530456e-04 2.10267003e-04
2.53973631e-01 -1.20216820e-04 2.14344878e-04
2.54330352e-01 -1.16744598e-04 2.09425868e-04
2.54687070e-01 9.27119783e-05 2.14405419e-04
2.55043783e-01 2.00073061e-04 2.13830823e-04
2.55400492e-01 -3.25510192e-04 2.10775371e-04
2.55757197e-01 3.56848960e-04 2.15277671e-04
2.56113898e-01 -1.09029385e-04 2.15732619e-04
2.56470595e-01 -1.87390310e-04 2.14777788e-04
2.56827287e-01 -4.68286868e-05 2.15523195e-04
2.57183975e-01 1.16515221e-04 2.13402229e-04
2.57540659e-01 3.40273741e-04 2.16557037e-04
2.57897339e-01 -3.78394668e-04 2.14255883e-04
2.58254014e-01 -2.50047013e-04 2.18491707e-04
2.58610686e-01 1.82791915e-04 2.15696721e-04
2.58967353e-01 -1.37413821e-05 2.14081521e-04
2.59324016e-01 2.06918295e-04 2.18222253e-04
2.59680674e-01 2.60263330e-04 2.12907831e-04
2.60037329e-01 -1.89219767e-04 2.16576944e-04
2.60393979e-01 -2.84872208e-04 2.13832783e-04
2.60750625e-01 -3.08350934e-05 2.15693659e-04
2.61107266e-01 -1.28612907e-04 2.14372295e-04
2.61463904e-01 3.04786378e-05 2.19869859e-04
2.61820537e-01 1.87047351e-04 2.16459996e-04
2.62177166e-01 4.81587853e-06 2.16226292e-04
2.62533790e-01 1.29822107e-04 2.10523635e-04
2.62890410e-01 -1.00127532e-04 2.13028218e-04
2.63247026e-01 -4.99716658e-04 2.09763290e-04
2.63603638e-01 -4.08340846e-04 2.11099698e-04
2.63960245e-01 1.55449891e-04 2.09046851e-04
2.64316848e-01 3.53706292e-04 2.13685363e-04
2.64673447e-01 -2.88858035e-04 2.10093085e-04
2.65030042e-01 1.37239080e-04 2.13400451e-04
2.65386632e-01 -3.70457464e-05 2.12506586e-04
2.65743217e-01 -1.63477042e-04 2.13985119e-04
2.66099799e-01 -2.48339669e-04 2.13521544e-04
2.66456376e-01 -2.16949751e-04 2.12263667e-04
2.66812948e-01 1.24973594e-04 2.15032787e-04
2.67169517e-01 2.59032708e-04 2.17693765e-04
2.67526081e-01 -3.35496338e-04 2.15413101e-04
2.67882640e-01 -9.16981204e-06 2.18596852e-04
2.68239195e-01 2.18299509e-04 2.13094114e-04
2.68595746e-01 -2.32620784e-04 2.13580744e-04
2.68952293e-01 1.64846109e-04 2.13784260e-04
2.69308835e-01 -3.15638273e-04 2.18652810e-04
2.69665372e-01 -1.49966506e-04 2.19872838e-04
2.70021906e-01 1.13653745e-04 2.23871978e-04
2.70378435e-01 2.00437529e-04 2.19177211e-04
2.70734959e-01 1.61232481e-04 2.24663324e-04
2.71091479e-01 2.23639334e-04 2.24132210e-04
2.71447995e-01 -1.50552591e-04 2.26414226e-04
2.71804506e-01 -9.96289877e-05 2.24702119e-04
2.72161012e-01 -2.44713096e-04 2.27647793e-04
2.72517515e-01 -4.09787842e-06 2.23147952e-04
2.72874012e-01 -2.48619180e-04 2.22617830e-04
