1.54026655e-02 -1.30570104e-04 1.58354900e-03
1.57608633e-02 1.39573559e-03 1.62220950e-03
1.61190608e-02 -1.37228404e-04 1.46576344e-03
1.64772580e-02 1.78729096e-03 1.48623216e-03
1.68354550e-02 3.30871312e-05 1.36497797e-03
1.71936517e-02 -1.24931984e-03 1.35172334e-03
1.75518481e-02 -1.27108330e-03 1.36602758e-03
1.79100442e-02 -9.24590871e-04 1.28112725e-03
1.82682400e-02 3.03447638e-03 1.25119605e-03
1.86264355e-02 1.67672718e-04 1.16311249e-03
1.89846308e-02 4.05055068e-04 1.24580692e-03
1.93428257e-02 2.32582783e-03 1.10675976e-03
1.97010202e-02 2.38339784e-03 1.15272654e-03
2.00592145e-02 -3.87531097e-04 1.08557361e-03
2.04174084e-02 -3.10577359e-04 1.05919081e-03
2.07756020e-02 -9.68439865e-04 1.11236499e-03
2.11337953e-02 2.24583268e-03 1.08350895e-03
2.14919882e-02 -1.15007545e-04 1.00250989e-03
2.18501808e-02 4.63845432e-04 1.03563711e-03
2.22083729e-02 -4.44542766e-04 9.96528310e-04
2.25665648e-02 1.52050957e-03 9.45642751e-04
2.29247562e-02 1.22700693e-03 9.30779751e-04
2.32829473e-02 -3.80250788e-04 9.57952243e-04
2.36411380e-02 -1.38613894e-04 9.39938185e-04
2.39993283e-02 -5.28023867e-04 8.98432937e-04
2.43575182e-02 8.98922786e-04 9.24374295e-04
2.47157077e-02 4.12918699e-04 9.14074097e-04
2.50738968e-02 1.88162087e-03 8.56469784e-04
2.54320855e-02 -3.71167479e-04 9.01846283e-04
2.57902738e-02 -1.41512797e-03 8.48609187e-04
2.61484617e-02 -9.28406195e-04 8.70971177e-04
2.65066491e-02 8.19856627e-05 8.33977146e-04
2.68648361e-02 6.88415603e-04 7.91855029e-04
2.72230226e-02 1.74154917e-03 8.29899499e-04
2.75812087e-02 -9.26302958e-04 7.85312095e-04
2.79393943e-02 -5.98738110e-04 8.29056197e-04
2.82975795e-02 -2.20786457e-04 7.96770276e-04
2.86557642e-02 1.43326625e-03 8.30065461e-04
2.90139485e-02 6.57275884e-04 8.41426144e-04
2.93721323e-02 1.07465224e-03 8.44912907e-04
2.97303155e-02 2.40650775e-04 8.14740289e-04
3.00884983e-02 -1.33396199e-03 7.76252731e-04
3.04466806e-02 4.50102916e-04 8.79327569e-04
3.08048624e-02 3.17226367e-04 7.66744685e-04
3.11630437e-02 -4.91956691e-04 7.99780925e-04
3.15212245e-02 -8.07973988e-04 8.20258938e-04
3.18794048e-02 1.14911161e-03 7.85345804e-04
3.22375845e-02 -2.23633830e-04 7.53657342e-04
3.25957637e-02 4.47317898e-04 8.24402394e-04
3.29539424e-02 1.35251224e-04 7.93497378e-04
3.33121205e-02 -5.31633699e-04 7.58422716e-04
3.36702981e-02 8.68966067e-04 7.52172236e-04
3.40284751e-02 1.01104769e-03 8.21045235e-04
3.43866516e-02 6.28609647e-05 7.70863278e-04
3.47448275e-02 -1.83517107e-04 7.48048678e-04
3.51030028e-02 -7.02720400e-04 7.42300040e-04
3.54611775e-02 2.89206724e-04 7.23788183e-04
3.58193517e-02 3.83119606e-04 7.25280225e-04
3.61775253e-02 2.61966371e-04 6.89937245e-04
3.65356983e-02 9.17301564e-04 7.26942923e-04
3.68938706e-02 1.21968786e-03 7.09607136e-04
3.72520424e-02 -8.46615467e-04 7.30964001e-04
3.76102136e-02 -3.22569051e-04 6.77740983e-04
3.79683841e-02 -9.03928454e-04 7.06881554e-04
3.83265540e-02 -3.20709767e-05 6.81060666e-04
3.86847233e-02 1.73807145e-04 6.75702614e-04
3.90428920e-02 3.35969783e-05 6.95028171e-04
3.94010600e-02 7.19444028e-04 6.68541500e-04
3.97592273e-02 4.13086548e-04 6.80693248e-04
4.01173941e-02 5.41016096e-04 7.06490678e-04
4.04755601e-02 -6.09245416e-05 6.75146847e-04
4.08337255e-02 3.32229089e-04 6.35884554e-04
4.11918902e-02 1.03046794e-03 6.76516005e-04
4.15500542e-02 -3.79501843e-04 6.12916950e-04
4.19082176e-02 -1.65083132e-04 6.41179209e-04
4.22663802e-02 -1.18034474e-03 6.63520869e-04
4.26245422e-02 7.45508033e-04 6.69280551e-04
4.29827034e-02 -6.17232871e-04 6.66463923e-04
4.33408640e-02 1.46063150e-04 6.72548232e-04
4.36990238e-02 7.00907668e-04 6.49639614e-04
4.40571830e-02 3.13640051e-04 6.38938468e-04
4.44153414e-02 9.16302189e-04 6.64865675e-04
4.47734990e-02 -1.48182491e-03 6.81515396e-04
4.51316560e-02 -1.92916985e-04 6.40481849e-04
4.54898122e-02 4.47593341e-04 6.56067830e-04
4.58479676e-02 1.26814582e-03 6.87781807e-04
4.62061223e-02 3.49789803e-04 6.52084933e-04
4.65642762e-02 1.13057311e-03 6.45192380e-04
4.69224294e-02 1.87780074e-03 6.45009977e-04
4.72805818e-02 1.86513349e-04 6.63778124e-04
4.76387334e-02 3.60906947e-04 6.68112895e-04
4.79968842e-02 -6.56894954e-04 6.48816656e-04
4.83550342e-02 3.85697237e-04 6.28974650e-04
4.87131835e-02 2.37877264e-04 6.08253962e-04
4.90713319e-02 5.48797094e-04 6.04703568e-04
4.94294795e-02 6.43424541e-04 6.10892268e-04
4.97876264e-02 7.96699534e-04 6.27473795e-04
5.01457724e-02 9.93873578e-04 6.31574094e-04
5.05039175e-02 5.69261116e-04 6.01760865e-04
5.08620619e-02 1.07212531e-03 5.80780898e-04
5.12202054e-02 3.67410850e-04 5.96645247e-04
5.15783481e-02 1.47651298e-04 5.87219296e-04
5.19364899e-02 6.80059214e-04 5.75221147e-04
5.22946308e-02 8.00397837e-05 5.88366911e-04
5.26527709e-02 4.62087580e-04 5.63415819e-04
5.30109102e-02 1.47397289e-04 5.91183317e-04
5.33690485e-02 -4.85698070e-04 5.69288220e-04
5.37271860e-02 2.96266694e-04 5.69501808e-04
5.40853226e-02 4.33398266e-04 5.80000163e-04
5.44434583e-02 -7.12864453e-04 5.36498314e-04
5.48015932e-02 6.74138762e-05 5.69848810e-04
5.51597271e-02 -9.31122100e-05 5.62243170e-04
5.55178601e-02 1.33870351e-04 5.66036258e-04
5.58759922e-02 -6.31672000e-05 5.46241581e-04
5.62341234e-02 -3.55711167e-04 5.72070753e-04
5.65922536e-02 -9.53037195e-05 5.58110147e-04
5.69503829e-02 -1.13738521e-04 5.34020055e-04
5.73085113e-02 -8.98847577e-05 5.54792692e-04
5.76666388e-02 2.79008594e-04 5.29081256e-04
5.80247653e-02 8.08829078e-04 5.45365935e-04
5.83828908e-02 -4.41231719e-04 5.37344924e-04
5.87410154e-02 5.85312536e-04 5.37712350e-04
5.90991390e-02 3.37572608e-04 5.12699516e-04
5.94572616e-02 -1.03257439e-04 5.23903377e-04
5.98153833e-02 5.25864338e-04 5.25531075e-04
6.01735040e-02 1.32573314e-04 5.16445576e-04
6.05316237e-02 4.53699864e-04 5.09716907e-04
6.08897424e-02 -7.06000754e-04 5.24653224e-04
6.12478600e-02 1.13669311e-04 5.20976513e-04
6.16059767e-02 -3.65431002e-04 5.11596786e-04
6.19640924e-02 6.97785504e-05 5.37471556e-04
6.23222071e-02 -2.74755652e-04 5.10052340e-04
6.26803207e-02 -2.28400070e-04 5.04416690e-04
6.30384333e-02 4.44481532e-04 5.33950371e-04
6.33965448e-02 3.04035623e-04 5.04181204e-04
6.37546554e-02 7.10252352e-04 5.10322627e-04
6.41127648e-02 -1.91420922e-04 5.05595053e-04
6.44708732e-02 2.59200052e-04 5.06571687e-04
6.48289806e-02 8.13646454e-05 5.20933551e-04
6.51870869e-02 3.73919490e-04 4.96041522e-04
6.55451921e-02 1.51374895e-04 5.10302422e-04
6.59032962e-02 6.49690898e-04 4.83351687e-04
6.62613993e-02 -4.84418749e-05 4.97077396e-04
6.66195012e-02 -3.10737971e-04 5.08786138e-04
6.69776021e-02 -4.87052169e-04 5.09528129e-04
6.73357019e-02 -4.12578361e-04 4.91931472e-04
6.76938005e-02 -6.97785540e-04 4.90888237e-04
6.80518981e-02 -4.74565986e-04 4.85076280e-04
6.84099945e-02 -6.05611219e-05 4.90608921e-04
6.87680898e-02 3.12150680e-04 4.75898992e-04
6.91261840e-02 -1.53755947e-04 4.60835520e-04
6.94842770e-02 7.82372393e-04 4.82794530e-04
6.98423689e-02 8.79874884e-05 4.84167793e-04
7.02004596e-02 -4.25640685e-05 4.86166101e-04
7.05585492e-02 7.41191925e-04 4.75589454e-04
7.09166377e-02 -2.45689180e-04 4.84502667e-04
7.12747249e-02 -5.87224880e-04 4.62823179e-04
7.16328110e-02 -8.73935600e-04 4.60251120e-04
7.19908959e-02 -3.36088336e-04 4.74869560e-04
7.23489796e-02 1.64692510e-04 4.69603641e-04
7.27070622e-02 -2.56846600e-04 4.66321289e-04
7.30651435e-02 -7.31499127e-04 4.78961993e-04
7.34232237e-02 7.73955149e-04 4.78789681e-04
7.37813026e-02 3.56987338e-04 4.89191913e-04
7.41393803e-02 -3.57935458e-05 4.49166403e-04
7.44974568e-02 5.12112015e-05 4.62630367e-04
7.48555321e-02 -1.66424470e-04 4.75240011e-04
7.52136061e-02 1.97625991e-04 4.66953064e-04
7.55716789e-02 4.56942014e-05 4.58944744e-04
7.59297505e-02 -7.70373234e-04 4.57337695e-04
7.62878208e-02 1.60942899e-04 4.84338461e-04
7.66458899e-02 7.60013743e-04 4.71691841e-04
7.70039577e-02 5.32410853e-04 4.57975509e-04
7.73620242e-02 3.81450801e-04 4.55227752e-04
7.77200895e-02 5.23334361e-04 4.51557214e-04
7.80781535e-02 1.39525269e-03 4.45203522e-04
7.84362162e-02 6.66253497e-04 4.56802570e-04
7.87942776e-02 -4.02105250e-04 4.52329030e-04
7.91523377e-02 6.69841176e-04 4.35735645e-04
7.95103965e-02 -2.05519807e-04 4.38830606e-04
7.98684540e-02 1.72245710e-04 4.63927455e-04
8.02265102e-02 9.03127077e-04 4.54582275e-04
8.05845651e-02 -6.33449271e-04 4.28822776e-04
8.09426186e-02 -6.54147684e-04 4.35347549e-04
8.13006709e-02 -2.37850281e-04 4.34910298e-04
8.16587217e-02 -4.96835028e-04 4.40754748e-04
8.20167713e-02 7.91569959e-05 4.41112461e-04
8.23748195e-02 1.93137486e-04 4.34355350e-04
8.27328663e-02 7.95790167e-05 4.28298293e-04
8.30909118e-02 9.27524491e-04 4.45468034e-04
8.34489559e-02 5.53580076e-04 4.24879536e-04
8.38069986e-02 7.66792055e-04 4.35917767e-04
8.41650400e-02 2.33610185e-04 4.33797242e-04
8.45230800e-02 -4.45983802e-04 4.33706022e-04
8.48811185e-02 5.57132423e-04 4.30545399e-04
8.52391557e-02 -4.79968345e-04 4.23487611e-04
8.55971915e-02 8.15158659e-05 4.39100917e-04
8.59552259e-02 -1.84670374e-04 4.41042141e-04
8.63132589e-02 2.56212740e-04 4.36834590e-04
8.66712904e-02 -3.52693697e-04 4.34421740e-04
8.70293205e-02 -4.26941189e-04 4.44163440e-04
8.73873492e-02 -4.83922489e-04 4.34635711e-04
8.77453765e-02 -1.20274153e-04 4.11511618e-04
8.81034023e-02 2.64355958e-04 4.28243118e-04
8.84614267e-02 -2.52029480e-04 4.26477489e-04
8.88194496e-02 -3.03065662e-04 4.17875608e-04
8.91774710e-02 -7.16683599e-04 4.24445132e-04
8.95354910e-02 4.74582298e-04 4.23465116e-04
8.98935095e-02 5.12672754e-04 4.41128856e-04
9.02515266e-02 8.46901629e-04 4.26845911e-04
9.06095421e-02 -2.12757627e-04 4.14465787e-04
9.09675562e-02 1.25827577e-05 4.35045483e-04
9.13255687e-02 3.45381354e-04 4.34415817e-04
9.16835798e-02 8.57859636e-06 4.26594949e-04
9.20415894e-02 -4.71487432e-04 4.38861335e-04
9.23995974e-02 -2.20924779e-06 4.35648226e-04
9.27576039e-02 -8.88461303e-05 4.10182384e-04
9.31156089e-02 4.03634519e-04 4.23245596e-04
9.34736124e-02 7.55775817e-05 4.13914709e-04
9.38316143e-02 1.35490663e-05 4.17679828e-04
9.41896147e-02 -1.58485047e-05 4.08340025e-04
9.45476136e-02 -3.01731767e-04 4.06208543e-04
9.49056108e-02 1.86562268e-04 4.02158120e-04
9.52636066e-02 5.05156412e-04 4.11629518e-04
9.56216007e-02 -4.67140081e-05 3.98885747e-04
9.59795933e-02 4.59262999e-04 4.14564316e-04
9.63375843e-02 -2.22440576e-04 4.04798651e-04
9.66955738e-02 -5.13785337e-04 4.01136038e-04
9.70535616e-02 2.89336651e-04 3.93628040e-04
9.74115478e-02 4.50045078e-06 4.03272002e-04
9.77695325e-02 3.07472023e-06 4.01055486e-04
9.81275155e-02 -1.59740429e-04 4.10246791e-04
9.84854969e-02 4.56506083e-05 4.10224859e-04
9.88434768e-02 -3.98293411e-04 3.94718325e-04
9.92014549e-02 -2.08959723e-05 4.03510388e-04
9.95594315e-02 -3.36025534e-04 3.98123230e-04
9.99174064e-02 -4.43219380e-05 3.90266914e-04
1.00275380e-01 4.59071889e-04 3.91434351e-04
1.00633351e-01 1.63591974e-05 4.03558149e-04
1.00991321e-01 5.73655171e-05 3.98861502e-04
1.01349290e-01 -2.83670975e-04 3.94232525e-04
1.01707256e-01 -2.50812963e-04 3.93344458e-04
1.02065221e-01 -1.06204447e-05 3.88756498e-04
1.02423184e-01 -2.32739900e-04 3.90309433e-04
1.02781146e-01 1.26364724e-06 3.78487176e-04
1.03139106e-01 3.03061706e-04 3.86928148e-04
1.03497064e-01 2.76121105e-04 3.87783423e-04
1.03855021e-01 -6.41780587e-04 3.82761612e-04
1.04212976e-01 2.74184359e-04 3.80368224e-04
1.04570929e-01 -3.68188219e-04 3.84073538e-04
1.04928880e-01 1.88423157e-04 3.82866979e-04
1.05286830e-01 -1.55840512e-04 3.91673140e-04
1.05644778e-01 -8.37361149e-04 3.96017373e-04
1.06002724e-01 -1.10540731e-03 3.89170356e-04
1.06360668e-01 -2.68406267e-04 3.98668216e-04
1.06718611e-01 -1.42575374e-04 3.98835711e-04
1.07076552e-01 -1.01281159e-04 4.07052961e-04
1.07434491e-01 -4.50322190e-04 3.97885836e-04
1.07792429e-01 1.38788971e-04 3.87903823e-04
1.08150364e-01 8.06146492e-04 3.98595296e-04
1.08508298e-01 -2.81198696e-05 4.00311892e-04
1.08866230e-01 -5.14305292e-04 3.92387977e-04
1.09224160e-01 5.08872604e-04 4.08004713e-04
1.09582089e-01 1.99461684e-04 3.94349701e-04
1.09940016e-01 6.08446059e-04 4.03393656e-04
1.10297941e-01 5.64728258e-05 3.95847124e-04
1.10655864e-01 -2.26998407e-04 3.87672835e-04
1.11013785e-01 -1.01402911e-03 3.75886128e-04
1.11371704e-01 -4.49553207e-04 3.76890028e-04
1.11729622e-01 1.27305517e-04 3.84106279e-04
1.12087538e-01 -3.11642644e-04 3.91385608e-04
1.12445452e-01 -6.17566884e-04 3.76570730e-04
1.12803364e-01 1.69899683e-04 3.66455279e-04
1.13161274e-01 -3.91844537e-04 3.84687842e-04
1.13519182e-01 -1.28092917e-04 3.69687386e-04
1.13877089e-01 -8.58289642e-05 3.75582472e-04
1.14234994e-01 5.25980508e-04 3.82465123e-04
1.14592896e-01 2.13454080e-05 3.72054289e-04
1.14950797e-01 4.05336306e-04 3.65796475e-04
1.15308696e-01 4.24241544e-04 3.77947871e-04
1.15666593e-01 2.18658613e-06 3.72581641e-04
1.16024488e-01 4.78122993e-04 3.82104318e-04
1.16382382e-01 -2.07310545e-04 3.75700118e-04
1.16740273e-01 -3.30490975e-04 3.69896352e-04
1.17098163e-01 -5.52824502e-04 3.75064293e-04
1.17456050e-01 8.01765754e-05 3.72221802e-04
1.17813936e-01 1.18434386e-04 3.65355200e-04
1.18171819e-01 3.58640736e-04 3.64754808e-04
1.18529701e-01 3.23310940e-04 3.83572638e-04
1.18887581e-01 2.19058759e-04 3.70089008e-04
1.19245459e-01 1.03794470e-04 3.80773436e-04
1.19603335e-01 -3.48453896e-04 3.76640687e-04
1.19961208e-01 -6.62520728e-04 3.72590431e-04
1.20319080e-01 -3.85464044e-04 3.75259971e-04
1.20676950e-01 -1.23973402e-04 3.77553687e-04
1.21034818e-01 -6.67862170e-05 3.73513256e-04
1.21392684e-01 -4.62283533e-04 3.72930738e-04
1.21750548e-01 -5.75388767e-04 3.73348230e-04
1.22108410e-01 -9.68240567e-05 3.74158414e-04
1.22466270e-01 1.38654205e-05 3.70698184e-04
1.22824128e-01 -2.89565002e-04 3.72186378e-04
1.23181984e-01 3.13767881e-04 3.73751111e-04
1.23539838e-01 -3.60013557e-04 3.72887001e-04
1.23897690e-01 -3.50259447e-04 3.80828571e-04
1.24255540e-01 1.64310848e-04 3.70652521e-04
1.24613388e-01 -9.91516379e-05 3.69150440e-04
1.24971233e-01 1.65997527e-04 3.62454084e-04
1.25329077e-01 3.72172730e-04 3.60324371e-04
1.25686919e-01 -6.44969129e-04 3.60257334e-04
1.26044758e-01 -3.44378781e-04 3.57997374e-04
1.26402596e-01 -3.52844859e-04 3.59921175e-04
1.26760431e-01 -2.96018435e-04 3.53277294e-04
1.27118265e-01 -2.19648705e-04 3.56126364e-04
1.27476096e-01 -2.47576404e-04 3.50579727e-04
1.27833925e-01 3.24358384e-04 3.49144133e-04
1.28191752e-01 4.53484501e-04 3.48724226e-04
1.28549577e-01 5.93693942e-05 3.53855296e-04
1.28907400e-01 -4.85215298e-04 3.51560070e-04
1.29265221e-01 2.47179055e-04 3.44937092e-04
1.29623040e-01 2.65405933e-04 3.51756118e-04
1.29980856e-01 -2.88468140e-04 3.55260649e-04
1.30338670e-01 -1.36279706e-04 3.47196934e-04
1.30696483e-01 5.38711971e-04 3.48189678e-04
1.31054293e-01 7.31563979e-05 3.45930038e-04
1.31412101e-01 4.56197043e-04 3.51613945e-04
1.31769906e-01 1.34326724e-04 3.44374359e-04
1.32127710e-01 1.43237808e-04 3.44824594e-04
1.32485511e-01 2.56017076e-04 3.49911293e-04
1.32843311e-01 7.70517523e-05 3.40479900e-04
1.33201108e-01 1.65823216e-04 3.47496013e-04
1.33558903e-01 -3.07332452e-04 3.39389317e-04
1.33916695e-01 3.21578764e-04 3.38189460e-04
1.34274486e-01 -8.78112585e-05 3.43189208e-04
1.34632274e-01 -6.98346988e-05 3.44684466e-04
1.34990060e-01 -4.75038084e-05 3.43753411e-04
1.35347844e-01 1.03069358e-04 3.41606053e-04
1.35705626e-01 4.32198941e-04 3.39561098e-04
1.36063405e-01 -4.41821099e-05 3.33750524e-04
1.36421182e-01 -8.81316994e-04 3.35765379e-04
1.36778957e-01 3.57791248e-04 3.36848554e-04
1.37136730e-01 8.83826277e-05 3.34965061e-04
1.37494500e-01 -4.00857957e-04 3.39204015e-04
1.37852269e-01 4.86674406e-04 3.32054105e-04
1.38210034e-01 3.80357837e-04 3.29108415e-04
1.38567798e-01 -3.67666099e-04 3.32505698e-04
1.38925559e-01 1.29960304e-04 3.39938275e-04
1.39283319e-01 -7.32687083e-05 3.40508674e-04
1.39641075e-01 -8.59035665e-04 3.34225257e-04
1.39998830e-01 8.13686252e-05 3.41419779e-04
1.40356582e-01 -8.16784908e-04 3.37255108e-04
1.40714332e-01 1.14802502e-04 3.28036859e-04
1.41072080e-01 -5.71888522e-04 3.29874896e-04
1.41429825e-01 2.22298772e-04 3.29477790e-04
1.41787568e-01 3.51566876e-04 3.33719528e-04
1.42145308e-01 -1.45094289e-04 3.22379085e-04
1.42503047e-01 9.63212559e-05 3.21205631e-04
1.42860783e-01 -1.24390269e-04 3.22046637e-04
1.43218516e-01 1.82142730e-05 3.14832590e-04
1.43576247e-01 1.61193862e-04 3.22995992e-04
1.43933976e-01 3.94965837e-05 3.25689238e-04
1.44291703e-01 -7.99371426e-05 3.21679593e-04
1.44649427e-01 3.57793768e-05 3.20120543e-04
1.45007149e-01 -1.05810446e-04 3.17994754e-04
1.45364868e-01 -2.57077362e-04 3.21918004e-04
1.45722585e-01 -1.83860889e-04 3.16191954e-04
1.46080300e-01 8.51089595e-05 3.16954076e-04
1.46438012e-01 3.53749723e-05 3.26351417e-04
1.46795722e-01 -3.45973741e-04 3.18586496e-04
1.47153429e-01 1.94730350e-04 3.13177511e-04
1.47511134e-01 1.11008962e-04 3.14867610e-04
1.47868837e-01 -6.86306527e-05 3.15095269e-04
1.48226537e-01 -1.14230506e-04 3.14332807e-04
1.48584235e-01 5.08224242e-05 3.18636121e-04
1.48941930e-01 -2.98303282e-04 3.16400787e-04
1.49299623e-01 -5.93625293e-04 3.13792531e-04
1.49657313e-01 1.78069354e-04 3.10506611e-04
1.50015001e-01 1.36801127e-04 3.10951196e-04
1.50372687e-01 -1.81337781e-04 3.14219174e-04
1.50730370e-01 3.02616425e-04 3.17574541e-04
1.51088050e-01 6.20412938e-05 3.15862296e-04
1.51445728e-01 2.41104887e-04 3.10159584e-04
1.51803404e-01 -1.81806513e-04 3.07750277e-04
1.52161077e-01 1.22432592e-04 3.15225528e-04
1.52518747e-01 1.24358515e-04 3.10434357e-04
1.52876416e-01 2.04826937e-04 3.11790338e-04
1.53234081e-01 8.71468118e-04 3.14706143e-04
1.53591744e-01 3.02880593e-04 3.11497239e-04
1.53949405e-01 -8.24293186e-04 2.98203562e-04
1.54307063e-01 -5.22534305e-05 3.07261671e-04
1.54664718e-01 1.06282424e-04 3.07995212e-04
1.55022371e-01 -7.39049993e-05 3.11531647e-04
1.55380021e-01 -1.08419579e-04 3.09047751e-04
1.55737669e-01 4.77409570e-04 3.11129688e-04
1.56095314e-01 3.77196368e-04 3.12394361e-04
1.56452957e-01 4.43557583e-04 3.09992845e-04
1.56810597e-01 3.49131003e-04 3.09931125e-04
1.57168235e-01 -1.22287651e-04 3.11942145e-04
1.57525870e-01 -1.43251587e-04 3.09638105e-04
1.57883502e-01 -2.85824346e-04 2.97224405e-04
1.58241132e-01 2.44648341e-04 3.00073180e-04
1.58598759e-01 3.33471028e-05 3.01705400e-04
1.58956384e-01 1.48151840e-04 2.98276220e-04
1.59314006e-01 -2.31965792e-04 3.00738520e-04
1.59671625e-01 -3.58071103e-04 3.02736866e-04
1.60029242e-01 -6.24460069e-04 3.03351131e-04
1.60386856e-01 9.81001154e-05 3.03121282e-04
1.60744468e-01 -1.79676758e-04 2.97883446e-04
1.61102076e-01 6.34173397e-05 2.94827315e-04
1.61459683e-01 3.60451859e-04 2.95835709e-04
1.61817286e-01 8.41364146e-05 3.02984470e-04
1.62174887e-01 2.25501791e-05 2.98816407e-04
1.62532485e-01 6.23706717e-04 3.01326208e-04
1.62890081e-01 3.14927354e-05 2.96373066e-04
1.63247674e-01 2.59703108e-04 2.92056078e-04
1.63605264e-01 -5.72869292e-04 2.84325625e-04
1.63962852e-01 -1.23349317e-04 2.95399359e-04
1.64320437e-01 -5.81995818e-05 2.91989453e-04
1.64678019e-01 2.47916903e-04 2.91956377e-04
1.65035598e-01 2.11208700e-04 2.94813392e-04
1.65393175e-01 6.03771484e-04 3.00253621e-04
1.65750749e-01 -1.91810073e-04 2.93061011e-04
1.66108320e-01 -7.89102217e-04 2.93563075e-04
1.66465889e-01 2.41797992e-04 2.94009651e-04
1.66823455e-01 -5.13046217e-04 2.94412542e-04
1.67181018e-01 -3.80185164e-06 2.91961332e-04
1.67538578e-01 -2.28026000e-04 2.96106987e-04
1.67896136e-01 -2.22529899e-04 2.91251976e-04
1.68253691e-01 -1.82782448e-05 2.92584767e-04
1.68611243e-01 1.84354350e-04 2.91248942e-04
1.68968792e-01 -1.25063746e-04 2.92982618e-04
1.69326339e-01 -6.44282219e-05 2.84599987e-04
1.69683883e-01 -9.34026663e-05 2.85851605e-04
1.70041424e-01 -3.94451412e-04 2.84970449e-04
1.70398962e-01 -3.81628935e-04 2.83311749e-04
1.70756497e-01 -3.01554114e-04 2.80195995e-04
1.71114030e-01 3.83113891e-05 2.83461105e-04
1.71471560e-01 -3.12495256e-05 2.84841717e-04
1.71829087e-01 1.81680553e-04 2.91478910e-04
1.72186611e-01 -1.51403985e-04 2.88471979e-04
1.72544132e-01 -1.10848109e-04 2.78662197e-04
1.72901651e-01 -2.08693447e-04 2.85831468e-04
1.73259167e-01 3.16208037e-04 2.88496404e-04
1.73616679e-01 -4.53046553e-04 2.80522371e-04
1.73974189e-01 1.61174868e-04 2.84715983e-04
1.74331697e-01 -9.93818904e-05 2.82122832e-04
1.74689201e-01 -1.57490754e-04 2.81382382e-04
1.75046702e-01 2.42216448e-04 2.81604721e-04
1.75404201e-01 2.38664883e-04 2.82550409e-04
1.75761697e-01 -7.47863137e-06 2.83973148e-04
1.76119189e-01 8.59540919e-06 2.81818238e-04
1.76476679e-01 -2.11249109e-04 2.85438650e-04
1.76834166e-01 1.76132381e-04 2.80079486e-04
1.77191650e-01 1.28865301e-05 2.80764062e-04
1.77549132e-01 4.03479099e-04 2.77629165e-04
1.77906610e-01 -8.85247214e-05 2.78646115e-04
1.78264085e-01 2.31719576e-04 2.79721500e-04
1.78621558e-01 3.76126939e-05 2.73816285e-04
1.78979027e-01 -2.17337027e-04 2.71714848e-04
1.79336494e-01 4.87018789e-04 2.75020509e-04
1.79693958e-01 -7.09325094e-05 2.79044451e-04
1.80051418e-01 -1.13275839e-04 2.75837731e-04
1.80408876e-01 2.79488896e-04 2.79028922e-04
1.80766331e-01 3.61131375e-04 2.76051807e-04
1.81123783e-01 6.60816209e-05 2.76111374e-04
1.81481232e-01 -3.01724369e-04 2.75605133e-04
1.81838677e-01 -1.14598812e-04 2.80533397e-04
1.82196120e-01 -6.94182220e-05 2.78118478e-04
1.82553560e-01 -3.52955160e-04 2.90185831e-04
1.82910997e-01 -3.17866087e-04 2.83509930e-04
1.83268431e-01 2.47215396e-04 2.82520910e-04
1.83625862e-01 -5.61248296e-04 2.80176706e-04
1.83983290e-01 1.50996507e-04 2.80817070e-04
1.84340715e-01 -1.51761172e-04 2.84139441e-04
1.84698137e-01 3.43991694e-04 2.89796099e-04
1.85055556e-01 -2.02775031e-04 2.81882285e-04
1.85412971e-01 2.37896309e-04 2.80719352e-04
1.85770384e-01 4.95214363e-04 2.82687170e-04
1.86127794e-01 -2.55591819e-04 2.82738825e-04
1.86485200e-01 4.43710330e-05 2.81196476e-04
1.86842604e-01 1.86092877e-04 2.71972780e-04
1.87200005e-01 -4.87754938e-04 2.65151333e-04
1.87557402e-01 -1.67112413e-04 2.76224794e-04
1.87914797e-01 -7.58251032e-05 2.79219126e-04
1.88272188e-01 -1.16551598e-04 2.75931585e-04
1.88629576e-01 -2.68778316e-05 2.78287885e-04
1.88986961e-01 -2.40356541e-04 2.74241975e-04
1.89344343e-01 -1.49395386e-04 2.71472239e-04
1.89701722e-01 -1.69954805e-04 2.72556262e-04
1.90059098e-01 -3.65434524e-04 2.73554591e-04
1.90416471e-01 -5.72366773e-06 2.78803010e-04
1.90773840e-01 -1.12240173e-04 2.67883194e-04
1.91131207e-01 -2.93791580e-04 2.69994373e-04
1.91488570e-01 2.48788847e-04 2.72553123e-04
1.91845930e-01 -1.70610842e-04 2.75619744e-04
1.92203287e-01 2.65917149e-04 2.75583434e-04
1.92560641e-01 -1.80298889e-04 2.67204784e-04
1.92917992e-01 -1.98652369e-06 2.70355551e-04
1.93275340e-01 -2.96662464e-04 2.68362473e-04
1.93632684e-01 1.02418226e-04 2.72820562e-04
1.93990025e-01 5.03766388e-04 2.70114043e-04
1.94347363e-01 -1.12956480e-06 2.75865487e-04
1.94704698e-01 1.45201327e-04 2.73304839e-04
1.95062030e-01 -3.07864836e-05 2.75481950e-04
1.95419358e-01 1.04650504e-04 2.74036251e-04
1.95776684e-01 -2.16639075e-04 2.71451616e-04
1.96134006e-01 -1.12968843e-04 2.73636645e-04
1.96491324e-01 5.75515704e-06 2.74978109e-04
1.96848640e-01 1.27162029e-04 2.70887233e-04
1.97205953e-01 1.61717144e-04 2.69021626e-04
1.97563262e-01 -1.01056641e-04 2.70382589e-04
1.97920568e-01 -1.03915507e-04 2.68505315e-04
1.98277870e-01 -2.52723529e-04 2.73514360e-04
1.98635170e-01 -8.44045734e-05 2.74169641e-04
1.98992466e-01 1.86034332e-04 2.78558806e-04
1.99349759e-01 -1.22307554e-04 2.69304954e-04
1.99707049e-01 5.47768241e-06 2.74114559e-04
2.00064335e-01 -9.67841311e-05 2.68217528e-04
2.00421618e-01 -1.87724118e-04 2.58572282e-04
2.00778898e-01 -9.08282903e-05 2.63817016e-04
2.01136174e-01 -4.86853841e-04 2.65475856e-04
2.01493448e-01 -1.63816603e-04 2.63847563e-04
2.01850718e-01 1.07789317e-04 2.59292446e-04
2.02207984e-01 1.90221721e-04 2.65290182e-04
2.02565248e-01 2.59775365e-04 2.63471211e-04
2.02922508e-01 2.93613063e-04 2.59950273e-04
2.03279764e-01 8.90774127e-06 2.61361401e-04
2.03637018e-01 1.00856008e-04 2.58139485e-04
2.03994268e-01 2.79008911e-04 2.62448833e-04
2.04351514e-01 5.10644572e-05 2.59059993e-04
2.04708758e-01 -2.91542464e-04 2.55792794e-04
2.05065998e-01 4.03691726e-04 2.59348944e-04
2.05423234e-01 1.99476488e-04 2.58330695e-04
2.05780467e-01 4.73087359e-04 2.65415109e-04
2.06137697e-01 5.88607216e-04 2.58115367e-04
2.06494924e-01 7.07386812e-05 2.49336888e-04
2.06852147e-01 3.95763280e-04 2.59624712e-04
2.07209367e-01 3.59431896e-04 2.55539348e-04
2.07566583e-01 -4.11432419e-04 2.53819590e-04
2.07923796e-01 1.03744187e-04 2.58214716e-04
2.08281005e-01 -1.00053736e-04 2.58214506e-04
2.08638211e-01 -1.57835494e-04 2.48664423e-04
2.08995414e-01 7.83388811e-05 2.55012569e-04
2.09352613e-01 -3.16612347e-05 2.55655197e-04
2.09709809e-01 4.05762480e-04 2.58282924e-04
2.10067002e-01 -5.05016783e-04 2.49236708e-04
2.10424191e-01 -2.14251335e-05 2.53428517e-04
2.10781376e-01 -1.38323142e-04 2.50338902e-04
2.11138558e-01 2.06723133e-05 2.49399265e-04
2.11495737e-01 -2.06279627e-04 2.44013885e-04
2.11852912e-01 -1.39654645e-04 2.50320660e-04
2.12210084e-01 -1.59636482e-04 2.48985683e-04
2.12567252e-01 -2.16537977e-04 2.49412002e-04
2.12924416e-01 2.70501112e-04 2.48027094e-04
2.13281578e-01 1.83264389e-04 2.46792527e-04
2.13638735e-01 2.16080048e-05 2.49045738e-04
2.13995890e-01 4.44214471e-05 2.44731565e-04
2.14353040e-01 -3.05278554e-05 2.46796885e-04
2.14710188e-01 -1.13165025e-04 2.44730876e-04
2.15067331e-01 -2.81794140e-04 2.43938173e-04
2.15424471e-01 1.52676455e-05 2.45824514e-04
2.15781608e-01 4.53467448e-05 2.44770910e-04
2.16138741e-01 4.39360598e-04 2.51618150e-04
2.16495871e-01 2.20219942e-04 2.51398863e-04
2.16852997e-01 4.36862048e-04 2.48587073e-04
2.17210119e-01 5.91846211e-05 2.42998039e-04
2.17567238e-01 -1.48128931e-04 2.44183791e-04
2.17924354e-01 -2.95056117e-04 2.43593916e-04
2.18281465e-01 -6.23260878e-05 2.43045809e-04
2.18638574e-01 -8.87775172e-05 2.44357945e-04
2.18995678e-01 3.05340995e-05 2.42431661e-04
2.19352779e-01 -5.58422675e-04 2.38485542e-04
2.19709877e-01 2.83542313e-04 2.42861825e-04
2.20066971e-01 1.50155983e-04 2.40310641e-04
2.20424061e-01 5.74074578e-06 2.44914605e-04
2.20781147e-01 4.22894515e-05 2.42135672e-04
2.21138230e-01 5.14272819e-04 2.36235883e-04
2.21495310e-01 -3.58048803e-04 2.39032119e-04
2.21852386e-01 -2.28620665e-04 2.36219119e-04
2.22209458e-01 -3.50214896e-07 2.39576760e-04
2.22566526e-01 -5.21460287e-04 2.37574647e-04
2.22923591e-01 -1.91924772e-04 2.37770162e-04
2.23280652e-01 -6.42880753e-05 2.37204370e-04
2.23637710e-01 -3.05357000e-04 2.37930104e-04
2.23994764e-01 2.46862233e-04 2.34500830e-04
2.24351814e-01 3.46891077e-04 2.40464593e-04
2.24708861e-01 7.88274781e-05 2.38071249e-04
2.25065904e-01 -7.30267605e-05 2.34221904e-04
2.25422943e-01 -6.85362120e-05 2.34762962e-04
2.25779978e-01 -6.77922104e-05 2.40160525e-04
2.26137010e-01 -1.68122571e-04 2.32487194e-04
2.26494038e-01 -1.85351042e-04 2.38006578e-04
2.26851063e-01 -8.99721348e-05 2.38209643e-04
2.27208083e-01 -1.45184304e-04 2.38813941e-04
2.27565100e-01 1.09927774e-04 2.33434594e-04
2.27922114e-01 -2.19478375e-04 2.29272664e-04
2.28279123e-01 1.51984494e-04 2.31021121e-04
2.28636129e-01 -8.91167912e-05 2.35455627e-04
2.28993131e-01 -3.05792202e-05 2.36424356e-04
2.29350129e-01 1.13339093e-04 2.33701467e-04
2.29707124e-01 -1.91892353e-04 2.34041656e-04
2.30064115e-01 1.10902271e-04 2.33779060e-04
2.30421102e-01 3.09215224e-04 2.36152593e-04
2.30778085e-01 -5.44949983e-04 2.25318065e-04
2.31135064e-01 3.49883264e-04 2.32562413e-04
2.31492040e-01 -9.02494155e-05 2.35247146e-04
2.31849012e-01 3.66014336e-04 2.33950255e-04
2.32205980e-01 -5.65280447e-05 2.31120511e-04
2.32562944e-01 -5.02935469e-05 2.30809689e-04
2.32919905e-01 -2.68157914e-05 2.29438443e-04
2.33276862e-01 -3.83039724e-04 2.29684065e-04
2.33633814e-01 -1.83759072e-04 2.33055644e-04
2.33990763e-01 -9.55189744e-06 2.31135709e-04
2.34347709e-01 1.60109871e-04 2.33059242e-04
2.34704650e-01 1.60610431e-04 2.26512229e-04
2.35061588e-01 -1.11434119e-04 2.25325764e-04
2.35418521e-01 -2.65804942e-04 2.23745060e-04
2.35775451e-01 -2.00321725e-04 2.28990368e-04
2.36132377e-01 -9.27028602e-06 2.26447612e-04
2.36489299e-01 1.79246787e-04 2.22075697e-04
2.36846218e-01 -3.91958469e-04 2.24434619e-04
2.37203132e-01 6.16584635e-05 2.25766893e-04
2.37560042e-01 5.24445660e-05 2.28408174e-04
2.37916949e-01 -1.66279935e-04 2.24583354e-04
2.38273852e-01 -1.83879646e-04 2.27441480e-04
2.38630751e-01 2.89008183e-04 2.23384801e-04
2.38987645e-01 1.77555329e-04 2.24478047e-04
2.39344537e-01 1.16849920e-04 2.23462373e-04
2.39701424e-01 3.53580251e-04 2.20740916e-04
2.40058307e-01 -7.79292223e-04 2.22850849e-04
2.40415186e-01 -5.50332503e-04 2.25533964e-04
2.40772061e-01 -9.21504110e-05 2.23883851e-04
2.41128933e-01 1.42579761e-04 2.26693697e-04
2.41485800e-01 3.44786437e-04 2.24333882e-04
2.41842664e-01 -6.12807241e-05 2.21068219e-04
2.42199523e-01 -4.22018914e-05 2.23701420e-04
2.42556379e-01 1.98813457e-05 2.23600543e-04
2.42913230e-01 4.49607009e-05 2.27079876e-04
2.43270078e-01 9.03727481e-05 2.21905006e-04
2.43626922e-01 -1.02924792e-04 2.24455823e-04
2.43983761e-01 -1.00714781e-04 2.21931677e-04
2.44340597e-01 6.22148458e-06 2.19435404e-04
2.44697429e-01 -2.52738772e-04 2.17689736e-04
2.45054256e-01 1.13022630e-04 2.21425565e-04
2.45411080e-01 3.47732895e-04 2.21221118e-04
2.45767900e-01 4.33063146e-05 2.20986033e-04
2.46124715e-01 -2.02877312e-04 2.19390997e-04
2.46481527e-01 -9.36483659e-05 2.15422877e-04
2.46838334e-01 3.99564406e-05 2.14447542e-04
2.47195138e-01 -2.60637965e-04 2.17801059e-04
2.47551938e-01 -9.96975359e-05 2.17133585e-04
2.47908733e-01 -1.61958972e-04 2.17141936e-04
2.48265524e-01 3.78464792e-05 2.16359669e-04
2.48622312e-01 1.44779485e-04 2.17589748e-04
2.48979095e-01 1.13365678e-04 2.19232936e-04
2.49335874e-01 -1.17249111e-04 2.15338587e-04
2.49692649e-01 -2.56089489e-04 2.16375101e-04
2.50049420e-01 3.10644320e-04 2.15400772e-04
2.50406187e-01 1.04407855e-04 2.15485723e-04
2.50762950e-01 4.33126110e-05 2.15656342e-04
2.51119709e-01 -4.07627417e-05 2.17196279e-04
2.51476464e-01 3.71628912e-05 2.14342341e-04
2.51833214e-01 -1.90587109e-04 2.16168009e-04
2.52189961e-01 -2.44719612e-04 2.15558146e-04
2.52546703e-01 -7.05739319e-05 2.14197613e-04
2.52903441e-01 9.49667702e-05 2.14375320e-04
2.53260175e-01 1.55602121e-04 2.17459844e-04
2.53616905e-01 -1.97417698e-05 2.10277485e-04
2.53973631e-01 8.89005283e-05 2.12773987e-04
2.54330352e-01 -3.95133065e-04 2.13372523e-04
2.54687070e-01 -1.24687459e-04 2.10966185e-04
2.55043783e-01 -1.48326805e-04 2.07729393e-04
2.55400492e-01 -1.33586588e-04 2.08233508e-04
2.55757197e-01 9.99220457e-05 2.10722421e-04
2.56113898e-01 1.50356059e-04 2.14804103e-04
2.56470595e-01 -8.13862197e-06 2.13553402e-04
2.56827287e-01 -2.81143353e-04 2.15078028e-04
2.57183975e-01 -2.73142066e-04 2.15310116e-04
2.57540659e-01 -2.88381969e-04 2.14239203e-04
2.57897339e-01 5.18447774e-05 2.11395090e-04
2.58254014e-01 -2.01921252e-04 2.16253346e-04
2.58610686e-01 -7.92494200e-07 2.17273418e-04
2.58967353e-01 -2.18823255e-05 2.10237413e-04
2.59324016e-01 2.30502536e-04 2.13506222e-04
2.59680674e-01 9.73573204e-05 2.15807156e-04
2.60037329e-01 -1.58880030e-05 2.11686948e-04
2.60393979e-01 -1.06505559e-04 2.16482098e-04
2.60750625e-01 -5.56389194e-05 2.17558229e-04
2.61107266e-01 2.11715792e-06 2.12209356e-04
2.61463904e-01 -4.06881803e-05 2.12819374e-04
2.61820537e-01 -2.87418680e-04 2.16213044e-04
2.62177166e-01 -1.73315286e-05 2.19883492e-04
2.62533790e-01 6.10769283e-04 2.16945483e-04
2.62890410e-01 4.82254440e-05 2.14765478e-04
2.63247026e-01 2.78811221e-04 2.18945834e-04
2.63603638e-01 -8.03793099e-05 2.16508447e-04
2.63960245e-01 1.52385383e-04 2.14418792e-04
2.64316848e-01 -8.51314037e-05 2.14101585e-04
2.64673447e-01 9.69864835e-05 2.10527638e-04
2.65030042e-01 1.42858838e-04 2.11860923e-04
2.65386632e-01 3.37262819e-05 2.13080576e-04
2.65743217e-01 2.65607877e-04 2.11148497e-04
2.66099799e-01 -9.62663399e-05 2.13542536e-04
2.66456376e-01 -4.03628862e-05 2.12266402e-04
2.66812948e-01 -3.99647517e-05 2.16302379e-04
2.67169517e-01 2.45805899e-04 2.15185245e-04
2.67526081e-01 -3.10840782e-04 2.18504065e-04
2.67882640e-01 6.45098932e-06 2.14961213e-04
2.68239195e-01 4.52069998e-05 2.15309381e-04
2.68595746e-01 3.95649246e-04 2.15822961e-04
2.68952293e-01 -5.74864248e-05 2.15256374e-04
2.69308835e-01 -8.90193800e-06 2.16926765e-04
2.69665372e-01 1.22191856e-04 2.21650184e-04
2.70021906e-01 1.47560936e-04 2.22472917e-04
2.70378435e-01 -9.90400713e-05 2.22958409e-04
2.70734959e-01 -3.29543553e-05 2.21126216e-04
2.71091479e-01 3.88311878e-05 2.22027671e-04
2.71447995e-01 8.63594691e-05 2.25614028e-04
2.71804506e-01 -2.62912594e-04 2.23448519e-04
2.72161012e-01 -2.72467804e-04 2.17183000e-04
2.72517515e-01 5.03036424e-05 2.28532571e-04
2.72874012e-01 -2.05313070e-04 2.26377134e-04
