1.54026655e-02 3.66859812e-02 1.81399052e-03
1.57608633e-02 3.65617229e-02 1.75727983e-03
1.61190608e-02 3.73690506e-02 1.63132631e-03
1.64772580e-02 3.70699538e-02 1.59002512e-03
1.68354550e-02 3.69774186e-02 1.63347184e-03
1.71936517e-02 3.62654871e-02 1.64140836e-03
1.75518481e-02 3.37176987e-02 1.41743887e-03
1.79100442e-02 3.57833789e-02 1.44054509e-03
1.82682400e-02 3.61874260e-02 1.38335270e-03
1.86264355e-02 3.60157446e-02 1.34254872e-03
1.89846308e-02 3.34228523e-02 1.37770780e-03
1.93428257e-02 3.37990205e-02 1.33113871e-03
1.97010202e-02 3.63064794e-02 1.30168054e-03
2.00592145e-02 3.52097740e-02 1.27798489e-03
2.04174084e-02 3.30774743e-02 1.16660165e-03
2.07756020e-02 3.50843462e-02 1.18258643e-03
2.11337953e-02 3.46957504e-02 1.25379093e-03
2.14919882e-02 3.30191090e-02 1.20149790e-03
2.18501808e-02 3.31734314e-02 1.20952837e-03
2.22083729e-02 3.27176424e-02 1.15250524e-03
2.25665648e-02 3.35678839e-02 1.16590025e-03
2.29247562e-02 3.30714259e-02 1.14720372e-03
2.32829473e-02 3.29169911e-02 1.11210578e-03
2.36411380e-02 3.26176212e-02 1.06646960e-03
2.39993283e-02 3.49481920e-02 1.10149575e-03
2.43575182e-02 3.16073977e-02 1.07179086e-03
2.47157077e-02 3.19789665e-02 1.05851076e-03
2.50738968e-02 3.09853945e-02 1.01777887e-03
2.54320855e-02 3.27487996e-02 1.08305345e-03
2.57902738e-02 3.14086814e-02 1.03921868e-03
2.61484617e-02 3.16365519e-02 9.80906884e-04
2.65066491e-02 3.21615684e-02 9.80198666e-04
2.68648361e-02 3.07649734e-02 9.83169063e-04
2.72230226e-02 2.91218186e-02 9.27495794e-04
2.75812087e-02 3.05309006e-02 9.49635707e-04
2.79393943e-02 3.02692974e-02 9.65602584e-04
2.82975795e-02 3.05859382e-02 9.55482429e-04
2.86557642e-02 2.84877549e-02 9.90871033e-04
2.90139485e-02 2.78807440e-02 9.11515427e-04
2.93721323e-02 3.03979299e-02 9.76517812e-04
2.97303155e-02 2.89370262e-02 9.62447508e-04
3.00884983e-02 2.89939943e-02 9.32939746e-04
3.04466806e-02 2.72917514e-02 9.01721284e-04
3.08048624e-02 2.77800725e-02 9.54660556e-04
3.11630437e-02 2.83734346e-02 9.80650341e-04
3.15212245e-02 2.76712478e-02 9.88578470e-04
3.18794048e-02 2.74185140e-02 8.99041547e-04
3.22375845e-02 2.76456118e-02 9.51479677e-04
3.25957637e-02 2.44212923e-02 9.03662695e-04
3.29539424e-02 2.58371657e-02 9.59635700e-04
3.33121205e-02 2.58194960e-02 9.14050439e-04
3.36702981e-02 2.49259843e-02 9.39473279e-04
3.40284751e-02 2.59216290e-02 9.45417364e-04
3.43866516e-02 2.39024246e-02 9.33666949e-04
3.47448275e-02 2.41797737e-02 9.00463992e-04
3.51030028e-02 2.60509243e-02 8.42251863e-04
3.54611775e-02 2.52073348e-02 8.79460965e-04
3.58193517e-02 2.40370353e-02 8.23018599e-04
3.61775253e-02 2.44237400e-02 8.41081481e-04
3.65356983e-02 2.50802323e-02 8.55342701e-04
3.68938706e-02 2.36679623e-02 7.93041904e-04
3.72520424e-02 2.31843268e-02 8.30381158e-04
3.76102136e-02 2.28316507e-02 8.48893749e-04
3.79683841e-02 2.28415621e-02 7.88242596e-04
3.83265540e-02 2.24392212e-02 7.91190778e-04
3.86847233e-02 2.25147348e-02 7.94946000e-04
3.90428920e-02 2.10740166e-02 7.90463735e-04
3.94010600e-02 2.29249168e-02 7.74286014e-04
3.97592273e-02 2.22444241e-02 7.50344315e-04
4.01173941e-02 2.17102278e-02 7.71239969e-04
4.04755601e-02 2.08996811e-02 7.72424708e-04
4.08337255e-02 2.05806537e-02 7.17911226e-04
4.11918902e-02 1.99032410e-02 7.34536376e-04
4.15500542e-02 2.00657700e-02 7.33599618e-04
4.19082176e-02 2.00330380e-02 7.73518330e-04
4.22663802e-02 1.97189679e-02 7.54858118e-04
4.26245422e-02 1.98459934e-02 7.43525271e-04
4.29827034e-02 1.83036822e-02 7.54734851e-04
4.33408640e-02 1.81758856e-02 7.50463520e-04
4.36990238e-02 1.76112870e-02 7.54611162e-04
4.40571830e-02 1.80447890e-02 7.34784937e-04
4.44153414e-02 1.77774952e-02 7.33364202e-04
4.47734990e-02 1.78681326e-02 7.11891194e-04
4.51316560e-02 1.78156499e-02 7.43081329e-04
4.54898122e-02 1.84100365e-02 7.02886060e-04
4.58479676e-02 1.70861262e-02 7.49416294e-04
4.62061223e-02 1.59955374e-02 7.17204541e-04
4.65642762e-02 1.71887631e-02 6.99009016e-04
4.69224294e-02 1.77575527e-02 7.14478032e-04
4.72805818e-02 1.65337196e-02 7.37022214e-04
4.76387334e-02 1.71754126e-02 7.39946013e-04
4.79968842e-02 1.66403199e-02 6.73497556e-04
4.83550342e-02 1.57941986e-02 7.15005002e-04
4.87131835e-02 1.56838231e-02 6.80938129e-04
4.90713319e-02 1.41864107e-02 6.45530211e-04
4.94294795e-02 1.55823320e-02 6.52070795e-04
4.97876264e-02 1.57675489e-02 6.98209517e-04
5.01457724e-02 1.37042202e-02 6.64301546e-04
5.05039175e-02 1.42174631e-02 6.45148402e-04
5.08620619e-02 1.29892409e-02 6.73017324e-04
5.12202054e-02 1.35177307e-02 6.57601804e-04
5.15783481e-02 1.38642979e-02 6.67258280e-04
5.19364899e-02 1.30278787e-02 6.18151699e-04
5.22946308e-02 1.34760601e-02 6.45419036e-04
5.26527709e-02 1.32625391e-02 6.35064728e-04
5.30109102e-02 1.22787032e-02 6.40726050e-04
5.33690485e-02 1.21387251e-02 6.02653499e-04
5.37271860e-02 1.16409062e-02 6.02086570e-04
5.40853226e-02 1.18106083e-02 6.39783319e-04
5.44434583e-02 1.16673247e-02 6.04833853e-04
5.48015932e-02 1.14727129e-02 6.06791812e-04
5.51597271e-02 1.23219178e-02 6.01939411e-04
5.55178601e-02 1.08119645e-02 5.92347500e-04
5.58759922e-02 1.14989969e-02 5.85336953e-04
5.62341234e-02 1.00422330e-02 6.11140602e-04
5.65922536e-02 1.04196364e-02 5.90653007e-04
5.69503829e-02 1.01567661e-02 5.85219505e-04
5.73085113e-02 1.05934593e-02 5.83480013e-04
5.76666388e-02 1.08542655e-02 5.73209020e-04
5.80247653e-02 1.08134106e-02 5.98307005e-04
5.83828908e-02 1.01031425e-02 5.78775824e-04
5.87410154e-02 9.12621187e-03 5.55925422e-04
5.90991390e-02 1.07828853e-02 5.81093679e-04
5.94572616e-02 8.66826528e-03 5.59422214e-04
5.98153833e-02 9.08977774e-03 5.84688020e-04
6.01735040e-02 7.70264544e-03 5.71354707e-04
6.05316237e-02 7.92744871e-03 5.46878942e-04
6.08897424e-02 7.64477304e-03 5.75206833e-04
6.12478600e-02 8.65360668e-03 5.44324946e-04
6.16059767e-02 8.43089982e-03 5.61521005e-04
6.19640924e-02 8.01201177e-03 5.45228744e-04
6.23222071e-02 8.46216436e-03 5.66033991e-04
6.26803207e-02 7.33340004e-03 5.43178225e-04
6.30384333e-02 8.59968440e-03 5.35203531e-04
6.33965448e-02 7.50663287e-03 5.26407286e-04
6.37546554e-02 7.31271093e-03 5.17427735e-04
6.41127648e-02 6.22314273e-03 5.36018128e-04
6.44708732e-02 6.23809234e-03 5.19285615e-04
6.48289806e-02 6.76871912e-03 5.32633648e-04
6.51870869e-02 7.08606176e-03 5.23132652e-04
6.55451921e-02 5.74693256e-03 5.13876429e-04
6.59032962e-02 6.51870412e-03 5.37655377e-04
6.62613993e-02 6.86286084e-03 5.20856320e-04
6.66195012e-02 6.24252473e-03 5.20302359e-04
6.69776021e-02 5.89541424e-03 5.17558091e-04
6.73357019e-02 6.76293363e-03 5.34951936e-04
6.76938005e-02 5.76136444e-03 4.96245122e-04
6.80518981e-02 4.89450691e-03 5.16469895e-04
6.84099945e-02 5.36585942e-03 5.03077393e-04
6.87680898e-02 5.45601708e-03 5.06141730e-04
6.91261840e-02 5.19131132e-03 4.96691657e-04
6.94842770e-02 4.97141867e-03 4.99398670e-04
6.98423689e-02 5.01722596e-03 4.73638097e-04
7.02004596e-02 4.87371060e-03 4.90072438e-04
7.05585492e-02 5.06660710e-03 4.93457512e-04
7.09166377e-02 5.19893648e-03 5.06962631e-04
7.12747249e-02 5.00342662e-03 5.06134856e-04
7.16328110e-02 4.94570906e-03 4.97138821e-04
7.19908959e-02 5.00970910e-03 4.96145700e-04
7.23489796e-02 4.40880698e-03 4.86487972e-04
7.27070622e-02 4.47162471e-03 4.67401648e-04
7.30651435e-02 3.66333895e-03 4.83699736e-04
7.34232237e-02 3.98046902e-03 4.74068306e-04
7.37813026e-02 4.00989623e-03 4.80217259e-04
7.41393803e-02 4.99537942e-03 4.76247315e-04
7.44974568e-02 3.61747898e-03 4.79259305e-04
7.48555321e-02 3.55029221e-03 4.73480394e-04
7.52136061e-02 4.32795693e-03 4.99686290e-04
7.55716789e-02 4.77934888e-03 4.72457154e-04
7.59297505e-02 3.62199952e-03 4.47916252e-04
7.62878208e-02 3.89608994e-03 4.73721383e-04
7.66458899e-02 2.92977155e-03 4.65761021e-04
7.70039577e-02 3.60637459e-03 4.50941349e-04
7.73620242e-02 3.31164856e-03 4.59837254e-04
7.77200895e-02 2.99405317e-03 4.53190145e-04
7.80781535e-02 1.92362677e-03 4.64888315e-04
7.84362162e-02 2.39103732e-03 4.53627959e-04
7.87942776e-02 3.20627835e-03 4.75988315e-04
7.91523377e-02 3.04274809e-03 4.53843079e-04
7.95103965e-02 2.67108094e-03 4.40692603e-04
7.98684540e-02 3.10598975e-03 4.47425301e-04
8.02265102e-02 2.98752198e-03 4.58605638e-04
8.05845651e-02 2.74130050e-03 4.52058865e-04
8.09426186e-02 2.14036100e-03 4.57617502e-04
8.13006709e-02 2.69799767e-03 4.53119281e-04
8.16587217e-02 3.10015807e-03 4.56933424e-04
8.20167713e-02 1.50529623e-03 4.48636722e-04
8.23748195e-02 2.52063411e-03 4.42132659e-04
8.27328663e-02 2.37020216e-03 4.31055938e-04
8.30909118e-02 2.46288122e-03 4.47545039e-04
8.34489559e-02 1.95102574e-03 4.44344883e-04
8.38069986e-02 1.57075670e-03 4.41130288e-04
8.41650400e-02 2.09514733e-03 4.40475217e-04
8.45230800e-02 1.81627866e-03 4.34601344e-04
8.48811185e-02 1.45153432e-03 4.41562877e-04
8.52391557e-02 2.42526603e-03 4.53775954e-04
8.55971915e-02 1.00825724e-03 4.45314714e-04
8.59552259e-02 2.40000079e-03 4.45165790e-04
8.63132589e-02 2.17602937e-03 4.52833491e-04
8.66712904e-02 2.27163020e-03 4.41359804e-04
8.70293205e-02 1.18071019e-03 4.54450719e-04
8.73873492e-02 1.14436843e-03 4.30145637e-04
8.77453765e-02 1.75082153e-03 4.26001474e-04
8.81034023e-02 8.81776726e-04 4.31521212e-04
8.84614267e-02 1.06955740e-03 4.39040411e-04
8.88194496e-02 1.48665088e-03 4.19768385e-04
8.91774710e-02 1.81514851e-03 4.36991279e-04
8.95354910e-02 1.50621410e-03 4.23726877e-04
8.98935095e-02 1.64447162e-03 4.47139308e-04
9.02515266e-02 1.29249920e-03 4.43249922e-04
9.06095421e-02 1.14112458e-03 4.43657441e-04
9.09675562e-02 1.91460833e-03 4.37773997e-04
9.13255687e-02 8.71430537e-04 4.34605881e-04
9.16835798e-02 2.75556762e-04 4.34739959e-04
9.20415894e-02 1.85643647e-03 4.39797958e-04
9.23995974e-02 1.16729328e-04 4.32176148e-04
9.27576039e-02 4.83772439e-04 4.24398713e-04
9.31156089e-02 1.60973856e-03 4.25841811e-04
9.34736124e-02 1.34715903e-03 4.29923400e-04
9.38316143e-02 1.12613688e-03 4.32181982e-04
9.41896147e-02 1.58079250e-03 4.12375067e-04
9.45476136e-02 1.18894294e-03 4.27119336e-04
9.49056108e-02 2.29067095e-03 4.16031658e-04
9.52636066e-02 1.14295893e-03 4.10004561e-04
9.56216007e-02 1.20919414e-03 4.06595247e-04
9.59795933e-02 1.66242419e-03 4.08729264e-04
9.63375843e-02 1.25338454e-03 4.12586377e-04
9.66955738e-02 1.28462603e-03 3.91621054e-04
9.70535616e-02 1.65214484e-03 4.07441938e-04
9.74115478e-02 1.85069503e-03 4.03998525e-04
9.77695325e-02 1.32810072e-03 4.18007613e-04
9.81275155e-02 1.20404632e-03 4.01816984e-04
9.84854969e-02 1.33515330e-03 4.10940506e-04
9.88434768e-02 1.06237212e-03 4.02294805e-04
9.92014549e-02 3.95915166e-04 3.96572629e-04
9.95594315e-02 1.02403925e-03 4.04547361e-04
9.99174064e-02 8.25051499e-04 3.81096493e-04
1.00275380e-01 6.57702418e-04 3.87032806e-04
1.00633351e-01 1.40632268e-03 3.95742610e-04
1.00991321e-01 1.25231395e-03 3.94597940e-04
1.01349290e-01 7.51772215e-04 3.96816442e-04
1.01707256e-01 5.40825001e-04 3.84817422e-04
1.02065221e-01 6.95834402e-04 3.99007742e-04
1.02423184e-01 8.28032460e-04 4.05581762e-04
1.02781146e-01 6.15501114e-04 3.88109393e-04
1.03139106e-01 1.35430862e-03 3.93176189e-04
1.03497064e-01 4.71597321e-04 3.85727653e-04
1.03855021e-01 8.22511119e-04 3.92590823e-04
1.04212976e-01 6.43253083e-04 3.93746073e-04
1.04570929e-01 1.20943120e-03 3.94234294e-04
1.04928880e-01 6.39013456e-04 4.10196119e-04
1.05286830e-01 8.03187942e-04 3.90402725e-04
1.05644778e-01 1.12053621e-03 3.95465741e-04
1.06002724e-01 7.49015485e-04 3.92639455e-04
1.06360668e-01 7.59700124e-04 3.97557844e-04
1.06718611e-01 9.24515621e-04 4.05047770e-04
1.07076552e-01 1.24480170e-03 4.06160684e-04
1.07434491e-01 5.38608252e-04 4.11485056e-04
1.07792429e-01 6.16762274e-04 3.87900654e-04
1.08150364e-01 1.42801477e-03 3.98165806e-04
1.08508298e-01 9.62744744e-04 3.98360652e-04
1.08866230e-01 1.15792856e-03 3.99500071e-04
1.09224160e-01 4.99317534e-04 4.02791400e-04
1.09582089e-01 1.21931322e-03 3.90708123e-04
1.09940016e-01 1.03577945e-04 3.94791439e-04
1.10297941e-01 6.50520767e-04 3.88883057e-04
1.10655864e-01 7.69917559e-04 3.93932381e-04
1.11013785e-01 9.94665504e-04 3.81018770e-04
1.11371704e-01 7.19089994e-04 3.83855131e-04
1.11729622e-01 3.31795516e-04 3.90670205e-04
1.12087538e-01 -2.56263068e-04 3.83338873e-04
1.12445452e-01 4.96099340e-04 3.78743912e-04
1.12803364e-01 6.90951807e-04 3.80532007e-04
1.13161274e-01 6.92617908e-04 3.81920005e-04
1.13519182e-01 1.12399051e-03 3.83092270e-04
1.13877089e-01 5.92310969e-04 3.75506736e-04
1.14234994e-01 7.98748540e-04 3.77643897e-04
1.14592896e-01 2.89797150e-04 3.65773217e-04
1.14950797e-01 1.39772906e-04 3.67920441e-04
1.15308696e-01 4.97741454e-04 3.67057337e-04
1.15666593e-01 2.78330599e-05 3.77221544e-04
1.16024488e-01 6.44039116e-04 3.64817105e-04
1.16382382e-01 -2.05150917e-04 3.66816922e-04
1.16740273e-01 2.95119163e-04 3.66903434e-04
1.17098163e-01 2.13096958e-04 3.74061583e-04
1.17456050e-01 1.21815379e-03 3.70822711e-04
1.17813936e-01 6.56613851e-04 3.81803433e-04
1.18171819e-01 3.46280500e-04 3.71198556e-04
1.18529701e-01 3.11896435e-04 3.72282638e-04
1.18887581e-01 7.03284596e-04 3.72579648e-04
1.19245459e-01 2.14632537e-04 3.71124857e-04
1.19603335e-01 1.53437576e-03 3.77580159e-04
1.19961208e-01 8.25467345e-04 3.65802201e-04
1.20319080e-01 6.46401832e-04 3.80173705e-04
1.20676950e-01 6.57966425e-04 3.74179014e-04
1.21034818e-01 2.93049208e-04 3.78167461e-04
1.21392684e-01 5.41353449e-04 3.82240607e-04
1.21750548e-01 2.49423170e-04 3.69694023e-04
1.22108410e-01 9.20759977e-05 3.74167930e-04
1.22466270e-01 2.40543047e-04 3.65630216e-04
1.22824128e-01 3.99140076e-04 3.70376180e-04
1.23181984e-01 5.79369334e-04 3.79784115e-04
1.23539838e-01 6.54389545e-04 3.82189126e-04
1.23897690e-01 4.89266579e-04 3.63031180e-04
1.24255540e-01 5.10744969e-04 3.72176427e-04
1.24613388e-01 2.93262975e-04 3.70048037e-04
1.24971233e-01 6.47763338e-04 3.70845716e-04
1.25329077e-01 8.31376617e-04 3.59006313e-04
1.25686919e-01 3.18404876e-04 3.68185900e-04
1.26044758e-01 1.14559906e-04 3.58913730e-04
1.26402596e-01 -3.13041529e-04 3.59098074e-04
1.26760431e-01 1.04001007e-03 3.62209601e-04
1.27118265e-01 6.78773781e-04 3.50366961e-04
1.27476096e-01 6.56951132e-04 3.57435694e-04
1.27833925e-01 1.20434017e-03 3.56495463e-04
1.28191752e-01 1.00192033e-03 3.62814872e-04
1.28549577e-01 8.05640272e-04 3.55001937e-04
1.28907400e-01 6.87647041e-04 3.44879561e-04
1.29265221e-01 7.55281349e-04 3.53605229e-04
1.29623040e-01 8.30392555e-04 3.51315374e-04
1.29980856e-01 2.90728564e-04 3.54675090e-04
1.30338670e-01 8.08911385e-04 3.54842814e-04
1.30696483e-01 1.95018261e-04 3.56237901e-04
1.31054293e-01 7.04174252e-04 3.52324057e-04
1.31412101e-01 7.76940811e-04 3.41798146e-04
1.31769906e-01 6.64258049e-04 3.47358153e-04
1.32127710e-01 5.45321590e-04 3.34498707e-04
1.32485511e-01 -3.05944468e-04 3.41866862e-04
1.32843311e-01 4.72537469e-04 3.54758686e-04
1.33201108e-01 1.83801822e-04 3.35304502e-04
1.33558903e-01 5.67024146e-04 3.41560039e-04
1.33916695e-01 -2.40530863e-04 3.39339440e-04
1.34274486e-01 6.76511556e-04 3.36597405e-04
1.34632274e-01 1.14311001e-05 3.38420766e-04
1.34990060e-01 1.91303722e-04 3.36125266e-04
1.35347844e-01 6.21963802e-04 3.36019343e-04
1.35705626e-01 -2.96481190e-04 3.28008461e-04
1.36063405e-01 1.62388450e-04 3.34037504e-04
1.36421182e-01 -2.02375819e-04 3.29146861e-04
1.36778957e-01 6.90359304e-04 3.44141023e-04
1.37136730e-01 2.71092041e-05 3.40665530e-04
1.37494500e-01 9.02267848e-04 3.37601444e-04
1.37852269e-01 4.59945351e-04 3.28217896e-04
1.38210034e-01 3.65003174e-04 3.34542863e-04
1.38567798e-01 1.90264437e-06 3.35593919e-04
1.38925559e-01 2.47326177e-05 3.31895375e-04
1.39283319e-01 1.89390622e-05 3.32984442e-04
1.39641075e-01 -3.15215816e-04 3.26767637e-04
1.39998830e-01 -7.05749178e-05 3.29394936e-04
1.40356582e-01 3.76104082e-04 3.27784249e-04
1.40714332e-01 3.30995752e-04 3.33081530e-04
1.41072080e-01 4.21228449e-04 3.27369348e-04
1.41429825e-01 1.87039551e-04 3.20001137e-04
1.41787568e-01 8.18380692e-05 3.24732847e-04
1.42145308e-01 3.63890149e-04 3.28212429e-04
1.42503047e-01 2.59057246e-04 3.31417530e-04
1.42860783e-01 1.05279739e-03 3.26748306e-04
1.43218516e-01 3.46676932e-04 3.24216646e-04
1.43576247e-01 2.84570723e-04 3.28194655e-04
1.43933976e-01 4.65885476e-04 3.24305634e-04
1.44291703e-01 8.03726156e-04 3.29176244e-04
1.44649427e-01 2.66983479e-04 3.22062929e-04
1.45007149e-01 2.55124040e-05 3.23969213e-04
1.45364868e-01 1.97786431e-04 3.16617122e-04
1.45722585e-01 1.85355626e-04 3.09933242e-04
1.46080300e-01 5.41558116e-04 3.13685404e-04
1.46438012e-01 8.62953412e-05 3.14311708e-04
1.46795722e-01 6.23859929e-04 3.27138062e-04
1.47153429e-01 2.90784921e-04 3.26730349e-04
1.47511134e-01 2.28335526e-04 3.18216243e-04
1.47868837e-01 2.64588227e-04 3.18881191e-04
1.48226537e-01 4.12250022e-04 3.20858784e-04
1.48584235e-01 7.14125726e-04 3.22832019e-04
1.48941930e-01 -1.46317251e-04 3.13611243e-04
1.49299623e-01 8.48647019e-04 3.17968274e-04
1.49657313e-01 3.62643978e-04 3.12880221e-04
1.50015001e-01 1.32660895e-04 3.07364145e-04
1.50372687e-01 1.35514408e-04 3.14989751e-04
1.50730370e-01 7.03407062e-04 3.13701223e-04
1.51088050e-01 1.70796466e-04 3.12795812e-04
1.51445728e-01 4.48579316e-04 3.20729061e-04
1.51803404e-01 -4.73032995e-05 3.11158868e-04
1.52161077e-01 -8.62663261e-05 3.05976880e-04
1.52518747e-01 -3.65326245e-06 3.16528170e-04
1.52876416e-01 8.94292014e-05 3.08928238e-04
1.53234081e-01 2.54206803e-04 3.11950541e-04
1.53591744e-01 3.35701863e-04 3.02264130e-04
1.53949405e-01 3.70792918e-04 3.14465060e-04
1.54307063e-01 -1.22427272e-04 3.03714831e-04
1.54664718e-01 8.58528607e-05 3.06937170e-04
1.55022371e-01 1.19713148e-03 3.13720331e-04
1.55380021e-01 1.10766668e-04 3.09227782e-04
1.55737669e-01 7.57085147e-05 3.10693694e-04
1.56095314e-01 -1.36138552e-04 3.06114475e-04
1.56452957e-01 -8.41102822e-05 3.10367935e-04
1.56810597e-01 8.88841962e-04 3.01405229e-04
1.57168235e-01 8.84932343e-04 3.00592958e-04
1.57525870e-01 -8.21670668e-05 2.94117698e-04
1.57883502e-01 5.26479139e-04 3.00284601e-04
1.58241132e-01 1.26086016e-04 3.05305937e-04
1.58598759e-01 1.49639475e-04 3.03181158e-04
1.58956384e-01 3.53256979e-04 3.00695831e-04
1.59314006e-01 3.82111869e-04 2.95252156e-04
1.59671625e-01 -3.92502019e-05 2.97971309e-04
1.60029242e-01 1.96451197e-04 3.02609656e-04
1.60386856e-01 2.78898294e-04 2.94293808e-04
1.60744468e-01 2.01311972e-04 3.03195970e-04
1.61102076e-01 2.04428310e-04 2.98892873e-04
1.61459683e-01 2.10538669e-05 3.01089576e-04
1.61817286e-01 2.18304558e-04 2.94014954e-04
1.62174887e-01 3.84337144e-04 2.95192722e-04
1.62532485e-01 4.18469220e-04 3.01680411e-04
1.62890081e-01 5.59944340e-05 2.99804203e-04
1.63247674e-01 4.46516531e-04 3.01313096e-04
1.63605264e-01 -3.32559742e-05 2.95926242e-04
1.63962852e-01 -1.01992531e-04 2.99087428e-04
1.64320437e-01 5.17187295e-04 2.90194890e-04
1.64678019e-01 2.29009054e-04 2.99172381e-04
1.65035598e-01 1.73002811e-05 2.89887209e-04
1.65393175e-01 -7.74534144e-05 2.96669244e-04
1.65750749e-01 4.61336765e-05 2.88810512e-04
1.66108320e-01 4.11140686e-04 2.98786318e-04
1.66465889e-01 3.63457436e-04 2.92439293e-04
1.66823455e-01 -2.40751016e-04 2.93370344e-04
1.67181018e-01 2.40257116e-05 2.98114229e-04
1.67538578e-01 6.75019246e-04 2.98371599e-04
1.67896136e-01 2.07827020e-04 2.93528394e-04
1.68253691e-01 2.05474999e-04 2.94826773e-04
1.68611243e-01 -3.43257975e-04 2.90613103e-04
1.68968792e-01 2.41868961e-05 2.90165149e-04
1.69326339e-01 2.08441314e-04 2.84898650e-04
1.69683883e-01 3.19447292e-04 2.80276274e-04
1.70041424e-01 -9.86814204e-05 2.92092503e-04
1.70398962e-01 -6.55620345e-05 2.92035695e-04
1.70756497e-01 3.32554044e-04 2.80185610e-04
1.71114030e-01 1.00817643e-04 2.93351787e-04
1.71471560e-01 6.30483579e-05 2.84955352e-04
1.71829087e-01 4.97367747e-04 2.90045197e-04
1.72186611e-01 -1.92991754e-04 2.85827975e-04
1.72544132e-01 3.94820372e-04 2.86216010e-04
1.72901651e-01 3.01946353e-04 2.89259718e-04
1.73259167e-01 7.15738343e-06 2.85631999e-04
1.73616679e-01 2.93355953e-05 2.86113406e-04
1.73974189e-01 -2.45310574e-04 2.83124853e-04
1.74331697e-01 -2.64285330e-04 2.78936444e-04
1.74689201e-01 1.36801110e-04 2.80046554e-04
1.75046702e-01 -2.32050085e-04 2.82775518e-04
1.75404201e-01 1.41882454e-04 2.83586566e-04
1.75761697e-01 3.23668259e-05 2.81478496e-04
1.76119189e-01 -7.14370511e-05 2.80692614e-04
1.76476679e-01 -2.48581175e-04 2.79414714e-04
1.76834166e-01 1.16731517e-04 2.83554395e-04
1.77191650e-01 -4.92325670e-05 2.82817490e-04
1.77549132e-01 -9.63698938e-05 2.85187316e-04
1.77906610e-01 1.20009836e-04 2.77620888e-04
1.78264085e-01 1.65384210e-04 2.81311130e-04
1.78621558e-01 2.80017972e-04 2.77322003e-04
1.78979027e-01 -9.34181800e-05 2.73634730e-04
1.79336494e-01 1.18019763e-04 2.77111635e-04
1.79693958e-01 2.59406864e-04 2.76533555e-04
1.80051418e-01 3.85042977e-04 2.75174055e-04
1.80408876e-01 -1.18501761e-04 2.75770499e-04
1.80766331e-01 -1.27505604e-04 2.84587171e-04
1.81123783e-01 -3.04778943e-06 2.82642583e-04
1.81481232e-01 3.16901312e-04 2.80430967e-04
1.81838677e-01 -1.09369809e-04 2.80238665e-04
1.82196120e-01 2.41516109e-04 2.84581629e-04
1.82553560e-01 4.03630294e-04 2.82467747e-04
1.82910997e-01 3.27278715e-04 2.83837119e-04
1.83268431e-01 4.48708844e-04 2.83690333e-04
1.83625862e-01 8.93557974e-05 2.79568894e-04
1.83983290e-01 -4.82459642e-05 2.86110018e-04
1.84340715e-01 1.87115058e-04 2.85300755e-04
1.84698137e-01 -2.35028362e-04 2.79642670e-04
1.85055556e-01 2.09341021e-04 2.86658482e-04
1.85412971e-01 3.55099158e-04 2.82461549e-04
1.85770384e-01 1.85116565e-04 2.88436013e-04
1.86127794e-01 -6.07538978e-05 2.79089346e-04
1.86485200e-01 -5.64305662e-04 2.80757178e-04
1.86842604e-01 1.96483890e-04 2.79026477e-04
1.87200005e-01 -8.66312509e-05 2.79751093e-04
1.87557402e-01 3.62173657e-05 2.77561231e-04
1.87914797e-01 1.53965585e-04 2.76647070e-04
1.88272188e-01 1.41883378e-04 2.73199719e-04
1.88629576e-01 -2.96216051e-05 2.74002966e-04
1.88986961e-01 2.77159890e-04 2.71218792e-04
1.89344343e-01 2.15610355e-04 2.72101001e-04
1.89701722e-01 -3.00568180e-05 2.74035079e-04
1.90059098e-01 7.25310789e-04 2.76810783e-04
1.90416471e-01 4.02872451e-04 2.75147280e-04
1.90773840e-01 -2.99064183e-04 2.74973732e-04
1.91131207e-01 -1.12409295e-04 2.68676644e-04
1.91488570e-01 -1.70624672e-04 2.64569579e-04
1.91845930e-01 -6.52741286e-04 2.74825282e-04
1.92203287e-01 -3.41319933e-04 2.69935695e-04
1.92560641e-01 -4.87769130e-05 2.73214589e-04
1.92917992e-01 1.60370053e-04 2.69411345e-04
1.93275340e-01 -4.51769069e-05 2.68125510e-04
1.93632684e-01 -2.51032659e-04 2.67628866e-04
1.93990025e-01 2.48566557e-05 2.75394591e-04
1.94347363e-01 2.08779051e-04 2.72008205e-04
1.94704698e-01 3.30457469e-06 2.73689136e-04
1.95062030e-01 3.75310840e-04 2.77328262e-04
1.95419358e-01 1.73082589e-04 2.72332191e-04
1.95776684e-01 1.46824671e-04 2.78967449e-04
1.96134006e-01 3.96721277e-06 2.68126743e-04
1.96491324e-01 -1.75180286e-04 2.66946413e-04
1.96848640e-01 5.61085433e-05 2.72352707e-04
1.97205953e-01 1.42982186e-04 2.71690489e-04
1.97563262e-01 2.65566247e-04 2.73666279e-04
1.97920568e-01 -1.84654084e-04 2.76760097e-04
1.98277870e-01 2.68987371e-04 2.72226617e-04
1.98635170e-01 3.72392787e-04 2.70208112e-04
1.98992466e-01 2.64043236e-05 2.76581769e-04
1.99349759e-01 2.54412413e-04 2.72243593e-04
1.99707049e-01 1.01842531e-04 2.69526180e-04
2.00064335e-01 1.56735681e-04 2.69613222e-04
2.00421618e-01 -9.21705537e-05 2.65797228e-04
2.00778898e-01 6.04454449e-04 2.63996891e-04
2.01136174e-01 5.48434732e-05 2.67219991e-04
2.01493448e-01 6.92459016e-05 2.63334985e-04
2.01850718e-01 6.13922382e-05 2.55135754e-04
2.02207984e-01 -1.09015796e-04 2.60279566e-04
2.02565248e-01 6.96003346e-05 2.57651760e-04
2.02922508e-01 1.00784066e-05 2.60911960e-04
2.03279764e-01 -1.56271329e-04 2.61166801e-04
2.03637018e-01 6.91160213e-05 2.62115134e-04
2.03994268e-01 2.22145394e-04 2.61881214e-04
2.04351514e-01 2.82959405e-04 2.61179195e-04
2.04708758e-01 1.73613270e-04 2.58965730e-04
2.05065998e-01 1.60868157e-04 2.59276601e-04
2.05423234e-01 2.24165080e-04 2.58486348e-04
2.05780467e-01 5.51281670e-05 2.59376439e-04
2.06137697e-01 3.84286952e-04 2.60650240e-04
2.06494924e-01 4.12319375e-04 2.56834980e-04
2.06852147e-01 7.25798727e-05 2.56676198e-04
2.07209367e-01 -6.84067740e-05 2.54770464e-04
2.07566583e-01 -3.16786104e-05 2.58809747e-04
2.07923796e-01 2.34411313e-04 2.53753966e-04
2.08281005e-01 2.14212148e-04 2.51605122e-04
2.08638211e-01 6.13823112e-05 2.53902328e-04
2.08995414e-01 4.61406434e-05 2.53159301e-04
2.09352613e-01 1.98923673e-04 2.53252385e-04
2.09709809e-01 -3.81613721e-04 2.56506118e-04
2.10067002e-01 6.28659921e-04 2.53112200e-04
2.10424191e-01 3.99709812e-04 2.55028312e-04
2.10781376e-01 2.55848517e-04 2.50241274e-04
2.11138558e-01 4.69622474e-05 2.52040495e-04
2.11495737e-01 7.44272779e-05 2.54044406e-04
2.11852912e-01 -2.58094769e-05 2.51005162e-04
2.12210084e-01 3.30656413e-04 2.54287180e-04
2.12567252e-01 -4.42523854e-04 2.50215455e-04
2.12924416e-01 -2.31927805e-04 2.47270429e-04
2.13281578e-01 2.64161337e-04 2.50616448e-04
2.13638735e-01 1.69724301e-04 2.45595388e-04
2.13995890e-01 5.78233009e-05 2.49701856e-04
2.14353040e-01 -5.59047144e-05 2.47001118e-04
2.14710188e-01 8.03959002e-05 2.46522434e-04
2.15067331e-01 -3.75291397e-05 2.48944770e-04
2.15424471e-01 1.16282830e-04 2.44529296e-04
2.15781608e-01 -1.66971260e-04 2.46295462e-04
2.16138741e-01 -3.49232168e-05 2.45277559e-04
2.16495871e-01 2.69647456e-04 2.51387088e-04
2.16852997e-01 -2.29745973e-04 2.46907418e-04
2.17210119e-01 -2.10942677e-04 2.45926620e-04
2.17567238e-01 -1.46023608e-04 2.44016622e-04
2.17924354e-01 3.16113959e-04 2.47728193e-04
2.18281465e-01 -8.55538692e-05 2.42555702e-04
2.18638574e-01 2.10543802e-07 2.44982769e-04
2.18995678e-01 3.08115854e-04 2.42935640e-04
2.19352779e-01 -8.97273188e-05 2.39962084e-04
2.19709877e-01 -3.90117557e-05 2.44312245e-04
2.20066971e-01 6.40724551e-05 2.39902183e-04
2.20424061e-01 1.83286751e-05 2.44768447e-04
2.20781147e-01 -7.06052795e-05 2.43527551e-04
2.21138230e-01 -2.31067371e-05 2.40531986e-04
2.21495310e-01 -6.13840187e-04 2.40327552e-04
2.21852386e-01 9.23485648e-05 2.39131646e-04
2.22209458e-01 -1.30199000e-04 2.38785331e-04
2.22566526e-01 -3.74749833e-04 2.34675821e-04
2.22923591e-01 2.60031915e-04 2.38668403e-04
2.23280652e-01 -3.94286783e-05 2.39534737e-04
2.23637710e-01 -1.37562352e-04 2.38146639e-04
2.23994764e-01 -2.80495473e-04 2.34968025e-04
2.24351814e-01 -3.41637082e-04 2.34818733e-04
2.24708861e-01 1.63063528e-04 2.40169227e-04
2.25065904e-01 -3.53293014e-05 2.37840227e-04
2.25422943e-01 2.61049012e-04 2.39824491e-04
2.25779978e-01 4.53386382e-05 2.42936434e-04
2.26137010e-01 5.60087751e-05 2.38992126e-04
2.26494038e-01 2.65300827e-04 2.38609253e-04
2.26851063e-01 -1.71747569e-05 2.35541625e-04
2.27208083e-01 -5.27775840e-05 2.35087990e-04
2.27565100e-01 1.93146664e-04 2.40533198e-04
2.27922114e-01 3.90675453e-04 2.34340781e-04
2.28279123e-01 1.14363066e-04 2.35315533e-04
2.28636129e-01 3.74036024e-04 2.39322841e-04
2.28993131e-01 -2.76212705e-05 2.36239974e-04
2.29350129e-01 -1.28644040e-04 2.31051864e-04
2.29707124e-01 -1.71588752e-04 2.38405933e-04
2.30064115e-01 9.40862392e-05 2.31958261e-04
2.30421102e-01 1.24248390e-04 2.35447264e-04
2.30778085e-01 8.41843550e-05 2.31486938e-04
2.31135064e-01 1.27303301e-04 2.31594222e-04
2.31492040e-01 2.13761348e-04 2.32652711e-04
2.31849012e-01 1.29581847e-04 2.37342820e-04
2.32205980e-01 -2.96082595e-04 2.31235833e-04
2.32562944e-01 3.04983889e-04 2.34604304e-04
2.32919905e-01 1.08133589e-05 2.29212769e-04
2.33276862e-01 1.50414866e-04 2.30858427e-04
2.33633814e-01 9.78417386e-05 2.32435539e-04
2.33990763e-01 8.00414180e-05 2.36452147e-04
2.34347709e-01 1.18742423e-04 2.28602820e-04
2.34704650e-01 1.57509223e-04 2.33045727e-04
2.35061588e-01 5.78228068e-04 2.30568801e-04
2.35418521e-01 2.40488238e-04 2.27120237e-04
2.35775451e-01 -1.69573239e-04 2.25711063e-04
2.36132377e-01 -1.74470367e-05 2.25643380e-04
2.36489299e-01 -3.32390007e-04 2.25693087e-04
2.36846218e-01 5.29178546e-05 2.30190392e-04
2.37203132e-01 1.43569418e-04 2.25991783e-04
2.37560042e-01 -5.85199076e-06 2.23222240e-04
2.37916949e-01 2.89480806e-04 2.25964288e-04
2.38273852e-01 7.01947177e-05 2.26852163e-04
2.38630751e-01 -9.69456478e-05 2.27785389e-04
2.38987645e-01 -5.15033341e-04 2.20485287e-04
2.39344537e-01 -2.44968524e-04 2.26100617e-04
2.39701424e-01 1.95866249e-04 2.20728876e-04
2.40058307e-01 -2.63004904e-04 2.24340586e-04
2.40415186e-01 -3.01048368e-04 2.23531566e-04
2.40772061e-01 -2.78398849e-05 2.23803260e-04
2.41128933e-01 -6.98308535e-05 2.22512503e-04
2.41485800e-01 1.24675078e-04 2.20197257e-04
2.41842664e-01 -1.03662971e-04 2.23052364e-04
2.42199523e-01 2.21739045e-04 2.22023608e-04
2.42556379e-01 -4.03987995e-04 2.23722124e-04
2.42913230e-01 6.45427444e-05 2.23545035e-04
2.43270078e-01 -2.04647254e-05 2.20486532e-04
2.43626922e-01 1.76193868e-04 2.23946925e-04
2.43983761e-01 -3.15868618e-04 2.21810498e-04
2.44340597e-01 -4.45482368e-05 2.21725513e-04
2.44697429e-01 -1.33766893e-04 2.21411369e-04
2.45054256e-01 8.20917218e-05 2.17134193e-04
2.45411080e-01 -2.87214667e-04 2.17645807e-04
2.45767900e-01 -9.62868503e-05 2.19878561e-04
2.46124715e-01 -1.09848997e-04 2.18315409e-04
2.46481527e-01 2.41236385e-04 2.17853372e-04
2.46838334e-01 9.91527723e-05 2.18655878e-04
2.47195138e-01 2.21134532e-04 2.20860672e-04
2.47551938e-01 3.80645553e-04 2.15314854e-04
2.47908733e-01 -8.74371900e-05 2.15862625e-04
2.48265524e-01 -1.68557028e-04 2.18263887e-04
2.48622312e-01 4.73061876e-04 2.17284419e-04
2.48979095e-01 3.69182198e-04 2.18541000e-04
2.49335874e-01 1.87421963e-04 2.16797655e-04
2.49692649e-01 -5.69623730e-05 2.15110979e-04
2.50049420e-01 3.80051193e-04 2.18414414e-04
2.50406187e-01 -1.08209116e-04 2.16839213e-04
2.50762950e-01 -3.45296000e-04 2.11296596e-04
2.51119709e-01 -2.27192316e-04 2.14126347e-04
2.51476464e-01 -3.95006956e-04 2.13240522e-04
2.51833214e-01 1.59452873e-04 2.15603289e-04
2.52189961e-01 -2.27987237e-05 2.13682588e-04
2.52546703e-01 4.12736657e-05 2.11893544e-04
2.52903441e-01 -2.79664187e-04 2.12942639e-04
2.53260175e-01 -1.92211933e-04 2.13870610e-04
2.53616905e-01 9.13690267e-05 2.14669098e-04
2.53973631e-01 -2.49436068e-04 2.10248453e-04
2.54330352e-01 -5.30473372e-05 2.12703585e-04
2.54687070e-01 8.76541777e-06 2.10139888e-04
2.55043783e-01 -5.40922260e-05 2.07809780e-04
2.55400492e-01 1.71068011e-04 2.11812871e-04
2.55757197e-01 3.87793286e-04 2.14453542e-04
2.56113898e-01 -4.08447293e-04 2.13750546e-04
2.56470595e-01 1.61293088e-04 2.15779266e-04
2.56827287e-01 1.60674373e-04 2.11425185e-04
2.57183975e-01 2.35721776e-04 2.11512947e-04
2.57540659e-01 -3.76430027e-04 2.12233811e-04
2.57897339e-01 1.57764193e-04 2.14986494e-04
2.58254014e-01 1.68630536e-04 2.17406435e-04
2.58610686e-01 -4.24845671e-05 2.16980677e-04
2.58967353e-01 -2.15753114e-04 2.16881220e-04
2.59324016e-01 -1.94940500e-04 2.17640011e-04
2.59680674e-01 -1.25193506e-04 2.18120627e-04
2.60037329e-01 4.32035684e-04 2.16592653e-04
2.60393979e-01 -8.52206607e-05 2.18943784e-04
2.60750625e-01 1.22290289e-04 2.17646532e-04
2.61107266e-01 6.20013975e-05 2.13737505e-04
2.61463904e-01 6.79682998e-05 2.17667395e-04
2.61820537e-01 1.76603830e-04 2.16853434e-04
2.62177166e-01 -2.40068657e-05 2.16802268e-04
2.62533790e-01 -1.11386562e-04 2.14939971e-04
2.62890410e-01 -3.38270600e-04 2.16654993e-04
2.63247026e-01 3.55668053e-04 2.20304560e-04
2.63603638e-01 -2.13489318e-05 2.17813016e-04
2.63960245e-01 1.45268883e-04 2.18314630e-04
2.64316848e-01 -4.90481067e-04 2.10849813e-04
2.64673447e-01 -1.51780843e-04 2.14966575e-04
2.65030042e-01 9.49597570e-05 2.12426015e-04
2.65386632e-01 1.08630670e-04 2.10289696e-04
2.65743217e-01 1.23619535e-04 2.12655165e-04
2.66099799e-01 -2.80489324e-05 2.13852836e-04
2.66456376e-01 3.53131088e-04 2.12121906e-04
2.66812948e-01 9.43465580e-05 2.13343227e-04
2.67169517e-01 -3.33848071e-05 2.14927904e-04
2.67526081e-01 -6.43481750e-06 2.10542185e-04
2.67882640e-01 -3.51020567e-04 2.15723547e-04
2.68239195e-01 -4.14443436e-05 2.18517523e-04
2.68595746e-01 -2.00114035e-04 2.14512501e-04
2.68952293e-01 -2.01955339e-04 2.16774950e-04
2.69308835e-01 -2.74566235e-04 2.19245705e-04
2.69665372e-01 1.03427512e-04 2.19726950e-04
2.70021906e-01 -3.48218789e-04 2.21220017e-04
2.70378435e-01 -1.62542475e-04 2.23706306e-04
2.70734959e-01 9.73856853e-05 2.20197177e-04
2.71091479e-01 3.53172596e-05 2.23173520e-04
2.71447995e-01 5.48241047e-05 2.25175136e-04
2.71804506e-01 -5.47580908e-05 2.20726740e-04
2.72161012e-01 1.89200493e-05 2.21750534e-04
2.72517515e-01 1.31355280e-05 2.21947840e-04
2.72874012e-01 3.38251653e-06 2.23054804e-04
