1.54026655e-02 -1.72510287e-03 1.74746377e-03
1.57608633e-02 -1.79853468e-03 1.66649417e-03
1.61190608e-02 -3.39144140e-03 1.48555987e-03
1.64772580e-02 -2.99265965e-03 1.42672369e-03
1.68354550e-02 -1.52650305e-03 1.35589457e-03
1.71936517e-02 -3.01141600e-03 1.32328891e-03
1.75518481e-02 -2.86358205e-03 1.27238511e-03
1.79100442e-02 -1.67019258e-03 1.21924788e-03
1.82682400e-02 -3.27398723e-03 1.25773057e-03
1.86264355e-02 -2.98725759e-03 1.16166558e-03
1.89846308e-02 -1.85300403e-03 1.20760152e-03
1.93428257e-02 -3.00063442e-03 1.08384619e-03
1.97010202e-02 -2.25077042e-03 1.09591810e-03
2.00592145e-02 -7.01161994e-04 1.10346061e-03
2.04174084e-02 -1.65072370e-03 1.04779245e-03
2.07756020e-02 1.15427763e-03 1.06974766e-03
2.11337953e-02 -1.18355724e-05 1.06791720e-03
2.14919882e-02 -4.35275419e-04 1.04359524e-03
2.18501808e-02 1.88648370e-04 1.01888856e-03
2.22083729e-02 -1.60446999e-03 1.00583032e-03
2.25665648e-02 -1.40293831e-03 1.02506107e-03
2.29247562e-02 -2.57104038e-04 1.01877141e-03
2.32829473e-02 -1.60333122e-03 9.32031218e-04
2.36411380e-02 -9.63360740e-05 8.91955506e-04
2.39993283e-02 5.07965720e-04 8.32558984e-04
2.43575182e-02 2.66860719e-04 9.21172702e-04
2.47157077e-02 -7.23763241e-04 8.82417669e-04
2.50738968e-02 2.28435494e-04 8.88225508e-04
2.54320855e-02 -1.91708991e-03 8.33293871e-04
2.57902738e-02 -4.42263510e-04 8.66212691e-04
2.61484617e-02 -6.22617446e-04 8.18152708e-04
2.65066491e-02 -4.21478026e-04 8.39348301e-04
2.68648361e-02 4.76673974e-04 8.07079279e-04
2.72230226e-02 -2.71787555e-04 7.52911745e-04
2.75812087e-02 -6.40736132e-04 8.16461351e-04
2.79393943e-02 3.77265801e-04 7.97963512e-04
2.82975795e-02 5.78361873e-04 7.92191828e-04
2.86557642e-02 9.94805835e-04 8.30526001e-04
2.90139485e-02 9.57697617e-04 8.25698319e-04
2.93721323e-02 -1.32219895e-03 7.97134645e-04
2.97303155e-02 -1.69858889e-03 7.88951267e-04
3.00884983e-02 9.52669320e-04 7.96520933e-04
3.04466806e-02 9.21922792e-04 8.16654718e-04
3.08048624e-02 8.67793510e-04 8.37896950e-04
3.11630437e-02 -3.17922940e-04 8.42718615e-04
3.15212245e-02 8.20869325e-04 7.65069934e-04
3.18794048e-02 -2.90778810e-04 8.04896223e-04
3.22375845e-02 3.17526415e-04 7.87295645e-04
3.25957637e-02 1.61697819e-03 8.29778967e-04
3.29539424e-02 6.74243743e-04 7.91944893e-04
3.33121205e-02 -8.32763381e-04 7.81276040e-04
3.36702981e-02 -8.64716773e-04 8.16896758e-04
3.40284751e-02 8.06309081e-04 8.08668259e-04
3.43866516e-02 -3.26526345e-04 7.94445772e-04
3.47448275e-02 -6.19025155e-04 7.34075255e-04
3.51030028e-02 2.98272800e-04 7.71758582e-04
3.54611775e-02 7.32586517e-04 7.49977000e-04
3.58193517e-02 5.78204822e-05 7.40716049e-04
3.61775253e-02 7.52493129e-04 6.97572841e-04
3.65356983e-02 1.38267716e-03 7.33756398e-04
3.68938706e-02 -1.04119030e-03 6.83998464e-04
3.72520424e-02 1.02780123e-03 7.08146274e-04
3.76102136e-02 2.97232086e-04 6.93348673e-04
3.79683841e-02 6.61312938e-04 7.06597985e-04
3.83265540e-02 1.68519012e-04 7.29867315e-04
3.86847233e-02 1.18971203e-03 6.74548459e-04
3.90428920e-02 4.74159791e-04 6.90776225e-04
3.94010600e-02 9.29211742e-04 6.79746947e-04
3.97592273e-02 -1.43532750e-04 6.73604613e-04
4.01173941e-02 -5.46446397e-04 6.35283692e-04
4.04755601e-02 5.50885038e-04 6.85665062e-04
4.08337255e-02 -8.80174082e-05 6.56215286e-04
4.11918902e-02 4.65305538e-04 6.46846687e-04
4.15500542e-02 1.02482240e-04 6.19224756e-04
4.19082176e-02 -4.12745021e-04 6.58862444e-04
4.22663802e-02 1.99053961e-04 6.65991038e-04
4.26245422e-02 3.94807734e-04 6.46920935e-04
4.29827034e-02 -4.13541474e-04 6.66995320e-04
4.33408640e-02 8.27678747e-05 6.59490561e-04
4.36990238e-02 8.65406305e-04 6.46969239e-04
4.40571830e-02 -2.96813440e-04 6.52823036e-04
4.44153414e-02 1.25848345e-03 6.55108467e-04
4.47734990e-02 6.20320410e-04 6.53115498e-04
4.51316560e-02 -4.79357501e-04 6.51749620e-04
4.54898122e-02 4.26251677e-04 6.80531152e-04
4.58479676e-02 1.17488936e-04 6.75387955e-04
4.62061223e-02 -1.44857030e-05 6.39636856e-04
4.65642762e-02 3.65867067e-05 6.51656264e-04
4.69224294e-02 1.42740951e-03 6.55826216e-04
4.72805818e-02 -2.12270556e-04 6.70015271e-04
4.76387334e-02 5.24458888e-04 6.66093740e-04
4.79968842e-02 5.02228073e-04 6.36356112e-04
4.83550342e-02 1.68204849e-03 6.26499980e-04
4.87131835e-02 8.12943065e-04 6.18436395e-04
4.90713319e-02 1.81966232e-03 6.35365605e-04
4.94294795e-02 1.05898121e-03 6.27052201e-04
4.97876264e-02 -2.88454612e-04 5.95534761e-04
5.01457724e-02 6.51291279e-04 6.18192826e-04
5.05039175e-02 9.26298682e-04 6.04570686e-04
5.08620619e-02 1.42968621e-03 5.98461581e-04
5.12202054e-02 7.12811574e-04 5.98135861e-04
5.15783481e-02 1.09758866e-03 5.56026579e-04
5.19364899e-02 4.65313799e-04 5.88642267e-04
5.22946308e-02 2.52438867e-04 5.66327641e-04
5.26527709e-02 -1.12228499e-04 5.55409442e-04
5.30109102e-02 4.55001980e-04 5.79518185e-04
5.33690485e-02 1.41634210e-03 5.59951633e-04
5.37271860e-02 5.42683728e-04 5.85146301e-04
5.40853226e-02 6.06701359e-04 5.73714125e-04
5.44434583e-02 7.39420211e-04 5.60993690e-04
5.48015932e-02 -5.97539264e-04 5.58327119e-04
5.51597271e-02 3.64900854e-04 5.85761700e-04
5.55178601e-02 6.15810908e-04 5.70827295e-04
5.58759922e-02 -4.06822165e-04 5.62080399e-04
5.62341234e-02 8.21388971e-04 5.34609182e-04
5.65922536e-02 4.87690803e-04 5.56236706e-04
5.69503829e-02 3.54453461e-04 5.45274762e-04
5.73085113e-02 3.16118460e-04 5.44151299e-04
5.76666388e-02 6.09059246e-04 5.62988346e-04
5.80247653e-02 -6.71658881e-05 5.45417206e-04
5.83828908e-02 -3.90516039e-04 5.46618553e-04
5.87410154e-02 2.06552859e-04 5.25587088e-04
5.90991390e-02 4.97549486e-04 5.20335437e-04
5.94572616e-02 5.14662273e-04 5.31921897e-04
5.98153833e-02 -4.92337685e-05 5.14540937e-04
6.01735040e-02 5.76054281e-04 5.18232058e-04
6.05316237e-02 5.36320155e-04 5.37235936e-04
6.08897424e-02 2.02106402e-04 5.23896669e-04
6.12478600e-02 3.90352359e-05 5.14696378e-04
6.16059767e-02 -6.54703234e-04 5.01119053e-04
6.19640924e-02 -1.20842724e-05 5.10048334e-04
6.23222071e-02 1.13981727e-04 5.02147235e-04
6.26803207e-02 5.58622263e-05 5.18049386e-04
6.30384333e-02 3.98114610e-04 5.29749840e-04
6.33965448e-02 -1.60977159e-04 5.06729659e-04
6.37546554e-02 2.33966840e-04 5.07599651e-04
6.41127648e-02 1.10708507e-03 5.17484341e-04
6.44708732e-02 1.14601317e-03 5.09628531e-04
6.48289806e-02 3.91468758e-04 5.22368437e-04
6.51870869e-02 3.23950136e-05 5.18221068e-04
6.55451921e-02 6.25371091e-04 4.99138183e-04
6.59032962e-02 -1.52971001e-04 4.85211022e-04
6.62613993e-02 1.29824455e-04 4.96643166e-04
6.66195012e-02 4.09954351e-04 4.99665309e-04
6.69776021e-02 8.28077505e-04 5.14283535e-04
6.73357019e-02 4.76297339e-05 4.98382969e-04
6.76938005e-02 1.09853043e-03 5.16745931e-04
6.80518981e-02 5.50395415e-04 4.85808691e-04
6.84099945e-02 5.27020089e-04 4.77821103e-04
6.87680898e-02 6.25207081e-04 4.75268233e-04
6.91261840e-02 6.15297024e-04 4.72463535e-04
6.94842770e-02 1.39565427e-04 4.68094239e-04
6.98423689e-02 3.99241650e-04 4.59676444e-04
7.02004596e-02 1.76448412e-04 4.74488435e-04
7.05585492e-02 4.50232627e-04 4.93642465e-04
7.09166377e-02 2.87743074e-04 4.78933603e-04
7.12747249e-02 4.97717229e-04 4.93173715e-04
7.16328110e-02 -2.06169841e-04 4.79920322e-04
7.19908959e-02 2.04639272e-04 4.83339545e-04
7.23489796e-02 1.43484890e-04 4.48352834e-04
7.27070622e-02 1.33512021e-03 4.71984967e-04
7.30651435e-02 6.78176099e-04 4.71296530e-04
7.34232237e-02 7.28762076e-04 4.74123812e-04
7.37813026e-02 -6.07438378e-04 4.82324542e-04
7.41393803e-02 1.50611772e-05 4.83552896e-04
7.44974568e-02 -5.81076812e-04 4.61742025e-04
7.48555321e-02 -3.16410605e-04 4.71971478e-04
7.52136061e-02 -6.15352236e-05 4.53468170e-04
7.55716789e-02 -4.45324141e-05 4.62448725e-04
7.59297505e-02 4.15360641e-04 4.58221860e-04
7.62878208e-02 1.77711669e-04 4.61879460e-04
7.66458899e-02 1.55537773e-03 4.72430597e-04
7.70039577e-02 -2.44311370e-04 4.63511414e-04
7.73620242e-02 6.18728721e-04 4.61009528e-04
7.77200895e-02 -9.34279144e-05 4.56914077e-04
7.80781535e-02 1.51613708e-04 4.58467648e-04
7.84362162e-02 4.50640596e-05 4.46063249e-04
7.87942776e-02 1.29087640e-04 4.55155640e-04
7.91523377e-02 4.17283687e-04 4.48179282e-04
7.95103965e-02 9.73423265e-04 4.39823811e-04
7.98684540e-02 7.95406377e-04 4.40014437e-04
8.02265102e-02 3.31086917e-04 4.41775563e-04
8.05845651e-02 6.89502061e-04 4.40490908e-04
8.09426186e-02 2.88636080e-04 4.59185648e-04
8.13006709e-02 1.41640129e-04 4.52515600e-04
8.16587217e-02 2.55259278e-04 4.47071625e-04
8.20167713e-02 5.20043960e-04 4.43086153e-04
8.23748195e-02 2.53602363e-04 4.46887329e-04
8.27328663e-02 3.85168894e-04 4.42702533e-04
8.30909118e-02 9.12800436e-05 4.26914874e-04
8.34489559e-02 -1.85794729e-05 4.22077676e-04
8.38069986e-02 1.30656732e-04 4.36359110e-04
8.41650400e-02 4.68928689e-04 4.24008773e-04
8.45230800e-02 9.27620510e-05 4.22258702e-04
8.48811185e-02 4.89398238e-04 4.37755242e-04
8.52391557e-02 3.31026416e-04 4.27633417e-04
8.55971915e-02 4.85052074e-04 4.34952846e-04
8.59552259e-02 4.29326862e-04 4.42120016e-04
8.63132589e-02 3.92750821e-04 4.33736716e-04
8.66712904e-02 2.23197074e-04 4.38676274e-04
8.70293205e-02 -3.42127238e-04 4.36723397e-04
8.73873492e-02 -1.01340696e-04 4.44977611e-04
8.77453765e-02 -3.97815332e-04 4.27112824e-04
8.81034023e-02 3.21181716e-04 4.21867838e-04
8.84614267e-02 -2.96066992e-04 4.28225778e-04
8.88194496e-02 8.89323265e-05 4.35323073e-04
8.91774710e-02 -3.04280077e-04 4.29985823e-04
8.95354910e-02 -3.59397425e-04 4.02188012e-04
8.98935095e-02 6.76921339e-04 4.27359634e-04
9.02515266e-02 7.70441064e-04 4.30026088e-04
9.06095421e-02 9.42904466e-04 4.36536002e-04
9.09675562e-02 3.79041071e-04 4.31466969e-04
9.13255687e-02 -9.37990190e-04 4.36479249e-04
9.16835798e-02 5.62025989e-04 4.26882130e-04
9.20415894e-02 -3.40941409e-05 4.12783693e-04
9.23995974e-02 1.05677696e-03 4.29688237e-04
9.27576039e-02 -3.68137721e-04 4.28121029e-04
9.31156089e-02 -1.46688851e-05 4.26655173e-04
9.34736124e-02 -2.58645571e-04 4.15747362e-04
9.38316143e-02 -1.73421362e-04 4.17983473e-04
9.41896147e-02 -2.05921391e-04 4.19675235e-04
9.45476136e-02 2.62280368e-05 4.27420216e-04
9.49056108e-02 -2.22528288e-05 4.18274243e-04
9.52636066e-02 4.94421754e-04 4.11568108e-04
9.56216007e-02 3.08091807e-05 3.96014046e-04
9.59795933e-02 -1.44770339e-04 4.16972903e-04
9.63375843e-02 -1.04152267e-04 4.16164035e-04
9.66955738e-02 -7.44726120e-05 4.07637942e-04
9.70535616e-02 -2.76979499e-04 3.96637246e-04
9.74115478e-02 -5.80554074e-04 4.07873754e-04
9.77695325e-02 -2.45946154e-04 3.88530203e-04
9.81275155e-02 3.59551485e-05 4.14743223e-04
9.84854969e-02 -4.38438589e-04 3.96781471e-04
9.88434768e-02 5.80026811e-04 4.03108113e-04
9.92014549e-02 1.97558663e-04 3.95186225e-04
9.95594315e-02 -2.03921896e-04 3.88951278e-04
9.99174064e-02 3.43839883e-04 4.02725899e-04
1.00275380e-01 2.64636027e-05 4.05457134e-04
1.00633351e-01 -5.54938574e-04 3.96242260e-04
1.00991321e-01 5.22055311e-04 3.92963993e-04
1.01349290e-01 -1.15262294e-04 3.83739164e-04
1.01707256e-01 -8.67136685e-05 3.85267553e-04
1.02065221e-01 -2.66522411e-04 3.89398505e-04
1.02423184e-01 -3.75991797e-04 3.87415356e-04
1.02781146e-01 -1.22150973e-04 3.94986606e-04
1.03139106e-01 -1.84916539e-04 3.84564458e-04
1.03497064e-01 1.77321589e-04 3.86815857e-04
1.03855021e-01 9.39776843e-04 3.78230578e-04
1.04212976e-01 -1.89427190e-04 3.96845423e-04
1.04570929e-01 1.57305530e-04 3.94251160e-04
1.04928880e-01 6.30245000e-04 3.99412776e-04
1.05286830e-01 1.53517391e-04 3.96981932e-04
1.05644778e-01 -2.77101816e-04 3.90044079e-04
1.06002724e-01 3.52693577e-06 3.90931621e-04
1.06360668e-01 -7.55955698e-05 4.00638534e-04
1.06718611e-01 -4.79564473e-04 3.97906894e-04
1.07076552e-01 -5.21364531e-05 3.88588678e-04
1.07434491e-01 3.64101341e-04 4.01701152e-04
1.07792429e-01 5.31375089e-04 4.05175275e-04
1.08150364e-01 4.17598285e-05 4.10999537e-04
1.08508298e-01 -6.82944459e-04 3.75595277e-04
1.08866230e-01 -9.51258362e-05 4.01135063e-04
1.09224160e-01 -4.70279568e-04 3.92813586e-04
1.09582089e-01 1.84812125e-04 3.95117089e-04
1.09940016e-01 3.99601996e-04 4.11210415e-04
1.10297941e-01 -6.67597406e-04 3.97165835e-04
1.10655864e-01 -2.57902819e-04 3.85782817e-04
1.11013785e-01 -4.15287240e-04 3.84467940e-04
1.11371704e-01 -3.65717757e-04 3.87176334e-04
1.11729622e-01 -1.77253312e-04 3.81802689e-04
1.12087538e-01 4.06320798e-04 3.68455274e-04
1.12445452e-01 -6.55988439e-04 3.75913522e-04
1.12803364e-01 6.93349311e-04 3.79290878e-04
1.13161274e-01 5.70623497e-04 3.75259982e-04
1.13519182e-01 3.16743086e-04 3.77195034e-04
1.13877089e-01 -8.47769106e-04 3.77233247e-04
1.14234994e-01 3.78679924e-04 3.82023475e-04
1.14592896e-01 4.03699190e-04 3.70192259e-04
1.14950797e-01 -6.31610148e-04 3.70818541e-04
1.15308696e-01 4.18727259e-04 3.78693759e-04
1.15666593e-01 -9.08799057e-05 3.69137429e-04
1.16024488e-01 -1.19942844e-04 3.83481589e-04
1.16382382e-01 -5.12802340e-04 3.62123913e-04
1.16740273e-01 1.51292809e-04 3.68940737e-04
1.17098163e-01 3.52849032e-04 3.72705708e-04
1.17456050e-01 -2.88914987e-06 3.61106850e-04
1.17813936e-01 -2.50572437e-04 3.60015050e-04
1.18171819e-01 -5.20776962e-04 3.72503558e-04
1.18529701e-01 5.64283910e-04 3.67468713e-04
1.18887581e-01 -5.49995221e-04 3.72914774e-04
1.19245459e-01 -2.43781720e-04 3.70697534e-04
1.19603335e-01 3.73232948e-04 3.72923979e-04
1.19961208e-01 6.11546921e-04 3.76639691e-04
1.20319080e-01 2.05727842e-04 3.67029075e-04
1.20676950e-01 1.95987803e-04 3.66020720e-04
1.21034818e-01 -9.83421744e-05 3.75262436e-04
1.21392684e-01 -2.96583929e-04 3.62411379e-04
1.21750548e-01 -1.54749749e-04 3.79116440e-04
1.22108410e-01 7.81734370e-05 3.82598457e-04
1.22466270e-01 1.00758759e-03 3.74723686e-04
1.22824128e-01 1.47792229e-04 3.80317857e-04
1.23181984e-01 4.41803243e-04 3.73396076e-04
1.23539838e-01 -4.17065467e-04 3.79342807e-04
1.23897690e-01 1.93533134e-04 3.76882730e-04
1.24255540e-01 -2.35202283e-04 3.64142357e-04
1.24613388e-01 -4.34504178e-04 3.66575574e-04
1.24971233e-01 -9.85322118e-07 3.67813219e-04
1.25329077e-01 -1.06489052e-03 3.58189077e-04
1.25686919e-01 1.85367069e-04 3.61660574e-04
1.26044758e-01 -2.72273428e-04 3.64548223e-04
1.26402596e-01 -1.07540036e-04 3.63926825e-04
1.26760431e-01 4.17884930e-04 3.67225718e-04
1.27118265e-01 1.13734769e-04 3.53756047e-04
1.27476096e-01 3.09113427e-04 3.53394894e-04
1.27833925e-01 -4.21008674e-05 3.49440966e-04
1.28191752e-01 -1.27172045e-04 3.55922661e-04
1.28549577e-01 -6.07770873e-04 3.46705427e-04
1.28907400e-01 -4.25130623e-04 3.49390110e-04
1.29265221e-01 1.37660645e-04 3.57930140e-04
1.29623040e-01 3.08908228e-04 3.48786387e-04
1.29980856e-01 4.00421763e-04 3.50809180e-04
1.30338670e-01 -4.78018030e-04 3.45284368e-04
1.30696483e-01 3.14392739e-04 3.45239474e-04
1.31054293e-01 1.39619307e-04 3.41154787e-04
1.31412101e-01 3.41904889e-04 3.38224432e-04
1.31769906e-01 -5.24237783e-05 3.29274310e-04
1.32127710e-01 4.98141972e-04 3.38848533e-04
1.32485511e-01 1.76892073e-04 3.46524312e-04
1.32843311e-01 7.34671501e-04 3.55154866e-04
1.33201108e-01 1.72025980e-04 3.50111223e-04
1.33558903e-01 7.73138296e-05 3.47856988e-04
1.33916695e-01 1.63337740e-04 3.44571496e-04
1.34274486e-01 -3.73000886e-04 3.35999188e-04
1.34632274e-01 -3.14870173e-04 3.36979958e-04
1.34990060e-01 4.40017011e-05 3.37365926e-04
1.35347844e-01 -4.53447458e-05 3.37983188e-04
1.35705626e-01 7.26704326e-05 3.33715487e-04
1.36063405e-01 1.36224870e-04 3.31971398e-04
1.36421182e-01 -9.17737079e-04 3.28342031e-04
1.36778957e-01 -8.35030119e-04 3.32748847e-04
1.37136730e-01 2.46608960e-04 3.45680968e-04
1.37494500e-01 -2.67935610e-04 3.32111585e-04
1.37852269e-01 -2.04876396e-05 3.36057980e-04
1.38210034e-01 3.48394562e-04 3.33152506e-04
1.38567798e-01 2.78527300e-04 3.29216602e-04
1.38925559e-01 -2.82206325e-05 3.32515466e-04
1.39283319e-01 5.28371732e-05 3.28817525e-04
1.39641075e-01 3.60843154e-04 3.31916096e-04
1.39998830e-01 3.32050422e-04 3.18325015e-04
1.40356582e-01 -6.07641189e-05 3.17257298e-04
1.40714332e-01 1.57915863e-04 3.29854209e-04
1.41072080e-01 3.64261408e-04 3.28249319e-04
1.41429825e-01 1.98934264e-04 3.32590746e-04
1.41787568e-01 3.98627935e-04 3.25214433e-04
1.42145308e-01 7.41758231e-04 3.37192418e-04
1.42503047e-01 5.36354311e-04 3.28142225e-04
1.42860783e-01 1.89727660e-04 3.22827667e-04
1.43218516e-01 -3.01704884e-04 3.22051822e-04
1.43576247e-01 7.12518246e-05 3.26661351e-04
1.43933976e-01 2.28641032e-04 3.27655200e-04
1.44291703e-01 2.42957940e-04 3.32695128e-04
1.44649427e-01 -4.19207424e-04 3.22469118e-04
1.45007149e-01 1.78172748e-04 3.29032537e-04
1.45364868e-01 2.66856963e-04 3.21092747e-04
1.45722585e-01 2.63537173e-05 3.16533292e-04
1.46080300e-01 2.13437417e-04 3.18433549e-04
1.46438012e-01 1.05287910e-04 3.19164819e-04
1.46795722e-01 7.69917540e-04 3.22094660e-04
1.47153429e-01 5.81901139e-04 3.17896839e-04
1.47511134e-01 -2.59698028e-04 3.12061829e-04
1.47868837e-01 -3.32225713e-05 3.11545242e-04
1.48226537e-01 -6.42353615e-04 3.21282936e-04
1.48584235e-01 2.43469133e-04 3.27781014e-04
1.48941930e-01 4.71380827e-05 3.12730619e-04
1.49299623e-01 -1.14349463e-04 3.13148614e-04
1.49657313e-01 -3.16672270e-05 3.12301119e-04
1.50015001e-01 -1.46653122e-04 3.10025745e-04
1.50372687e-01 -8.77839652e-05 3.11572801e-04
1.50730370e-01 -7.64458481e-04 3.12808348e-04
1.51088050e-01 9.59752436e-05 3.07701906e-04
1.51445728e-01 -3.19998247e-04 3.11773152e-04
1.51803404e-01 7.54421590e-05 3.15764276e-04
1.52161077e-01 -3.95493154e-06 3.17119597e-04
1.52518747e-01 -2.62194711e-04 3.08706367e-04
1.52876416e-01 9.10899240e-05 3.08551251e-04
1.53234081e-01 -8.05295651e-05 3.02195372e-04
1.53591744e-01 -3.42657412e-04 2.98957274e-04
1.53949405e-01 -3.19865160e-04 3.01224793e-04
1.54307063e-01 -2.68803008e-05 3.07370651e-04
1.54664718e-01 -6.12755389e-04 3.07429438e-04
1.55022371e-01 7.22457319e-05 3.13214700e-04
1.55380021e-01 2.88718621e-04 3.07911022e-04
1.55737669e-01 -3.60886464e-04 2.94946352e-04
1.56095314e-01 -4.30393257e-05 3.03122187e-04
1.56452957e-01 -4.69276748e-05 3.00386444e-04
1.56810597e-01 6.39361246e-05 3.06868483e-04
1.57168235e-01 1.91776096e-04 3.09078438e-04
1.57525870e-01 -1.29746364e-04 3.05934595e-04
1.57883502e-01 6.52712178e-04 3.06217371e-04
1.58241132e-01 1.79768214e-05 3.00857510e-04
1.58598759e-01 1.28884381e-04 2.94405419e-04
1.58956384e-01 1.23255464e-05 2.98391451e-04
1.59314006e-01 -3.18954183e-04 2.92266253e-04
1.59671625e-01 -6.32510536e-05 3.00898998e-04
1.60029242e-01 3.22730261e-04 2.98678466e-04
1.60386856e-01 1.40476006e-04 3.01652962e-04
1.60744468e-01 -1.26164590e-04 3.05177209e-04
1.61102076e-01 -8.41366990e-05 3.00602376e-04
1.61459683e-01 9.08441470e-05 2.99737490e-04
1.61817286e-01 2.11989326e-04 2.99345596e-04
1.62174887e-01 2.82664923e-04 2.98405397e-04
1.62532485e-01 1.12553386e-04 2.99665142e-04
1.62890081e-01 6.24635777e-05 3.04424945e-04
1.63247674e-01 -1.88828257e-04 2.96926555e-04
1.63605264e-01 -1.26291783e-04 2.95609898e-04
1.63962852e-01 -4.87401401e-04 2.98779343e-04
1.64320437e-01 1.90357122e-04 2.91162332e-04
1.64678019e-01 4.32980225e-04 2.86172185e-04
1.65035598e-01 2.88532803e-04 2.92874997e-04
1.65393175e-01 3.00517342e-04 2.93856531e-04
1.65750749e-01 -9.94592714e-05 2.97304979e-04
1.66108320e-01 1.57850446e-04 2.95802592e-04
1.66465889e-01 6.89427802e-06 2.88633497e-04
1.66823455e-01 -8.90737793e-05 2.90959864e-04
1.67181018e-01 -7.08896101e-05 2.94045172e-04
1.67538578e-01 -4.16124679e-04 2.91934798e-04
1.67896136e-01 -2.04410793e-04 2.96379510e-04
1.68253691e-01 -1.09473937e-04 2.86721699e-04
1.68611243e-01 4.41174072e-04 2.91440356e-04
1.68968792e-01 2.05077600e-04 2.99716674e-04
1.69326339e-01 -4.04875309e-04 2.89324003e-04
1.69683883e-01 -5.94076805e-05 2.85984206e-04
1.70041424e-01 -5.06722066e-05 2.90341124e-04
1.70398962e-01 -2.96744737e-05 2.79981929e-04
1.70756497e-01 4.92419984e-05 2.83809160e-04
1.71114030e-01 -4.06514209e-06 2.93401677e-04
1.71471560e-01 5.59996060e-05 2.84852016e-04
1.71829087e-01 2.03628609e-04 2.84680326e-04
1.72186611e-01 -1.09956010e-04 2.84670108e-04
1.72544132e-01 -3.46248639e-05 2.85831586e-04
1.72901651e-01 -3.36430626e-04 2.80960768e-04
1.73259167e-01 7.86142990e-05 2.86474014e-04
1.73616679e-01 2.96113613e-04 2.86815868e-04
1.73974189e-01 -8.65099982e-05 2.85801368e-04
1.74331697e-01 -1.87170058e-04 2.80288246e-04
1.74689201e-01 -1.22190903e-04 2.82677893e-04
1.75046702e-01 1.25489213e-04 2.77225701e-04
1.75404201e-01 1.66209198e-04 2.85032560e-04
1.75761697e-01 -1.51438248e-04 2.83606514e-04
1.76119189e-01 -1.70548480e-04 2.76510113e-04
1.76476679e-01 4.71039186e-04 2.79008022e-04
1.76834166e-01 4.45764779e-04 2.82600080e-04
1.77191650e-01 1.48604791e-04 2.79885124e-04
1.77549132e-01 1.25185740e-04 2.80166827e-04
1.77906610e-01 3.54461073e-04 2.81000319e-04
1.78264085e-01 2.49822559e-04 2.81364184e-04
1.78621558e-01 2.02481818e-04 2.77167055e-04
1.78979027e-01 -3.11438017e-04 2.73229362e-04
1.79336494e-01 -4.29377958e-04 2.73114111e-04
1.79693958e-01 1.60659953e-04 2.72119003e-04
1.80051418e-01 5.08337956e-04 2.80970539e-04
1.80408876e-01 4.21910407e-04 2.81402922e-04
1.80766331e-01 4.67714135e-04 2.81702239e-04
1.81123783e-01 3.58916570e-05 2.75263482e-04
1.81481232e-01 4.05446237e-04 2.78734731e-04
1.81838677e-01 -3.77020913e-05 2.80254224e-04
1.82196120e-01 2.55469989e-05 2.82766692e-04
1.82553560e-01 -7.19661622e-05 2.78746916e-04
1.82910997e-01 -3.14996086e-04 2.83100784e-04
1.83268431e-01 -4.46414346e-04 2.83532552e-04
1.83625862e-01 2.76085207e-04 2.76136377e-04
1.83983290e-01 -1.93729716e-04 2.81144925e-04
1.84340715e-01 -1.78626490e-04 2.80051004e-04
1.84698137e-01 3.68137288e-04 2.87445895e-04
1.85055556e-01 -1.91366936e-04 2.77889960e-04
1.85412971e-01 6.78959693e-04 2.91035659e-04
1.85770384e-01 3.39150683e-04 2.80642662e-04
1.86127794e-01 6.59611387e-05 2.84132925e-04
1.86485200e-01 1.99931423e-04 2.80883245e-04
1.86842604e-01 4.37339372e-04 2.77802945e-04
1.87200005e-01 1.78502424e-04 2.80713325e-04
1.87557402e-01 2.85700573e-04 2.75163905e-04
1.87914797e-01 4.35708313e-04 2.74198359e-04
1.88272188e-01 1.85112324e-04 2.71860698e-04
1.88629576e-01 -2.35794891e-04 2.75221914e-04
1.88986961e-01 8.63125492e-05 2.75876910e-04
1.89344343e-01 -6.05221415e-05 2.77560793e-04
1.89701722e-01 9.11412694e-07 2.74108773e-04
1.90059098e-01 2.85523305e-04 2.79488454e-04
1.90416471e-01 -1.85066179e-04 2.72653833e-04
1.90773840e-01 -2.25389358e-04 2.73513086e-04
1.91131207e-01 -2.07298510e-04 2.75921221e-04
1.91488570e-01 9.47447181e-05 2.71640446e-04
1.91845930e-01 -3.21111818e-04 2.72499736e-04
1.92203287e-01 1.67755719e-04 2.68303583e-04
1.92560641e-01 -6.33425091e-05 2.71663492e-04
1.92917992e-01 -1.49521190e-05 2.64807437e-04
1.93275340e-01 4.09459526e-06 2.68231942e-04
1.93632684e-01 -3.95060069e-05 2.73008858e-04
1.93990025e-01 1.75663641e-04 2.74078613e-04
1.94347363e-01 2.68626963e-04 2.73417717e-04
1.94704698e-01 -5.41808771e-04 2.74658530e-04
1.95062030e-01 2.39338028e-04 2.77674584e-04
1.95419358e-01 4.23977698e-04 2.72170036e-04
1.95776684e-01 1.21174097e-04 2.75773008e-04
1.96134006e-01 2.64208764e-04 2.67905884e-04
1.96491324e-01 -4.49614757e-04 2.74154519e-04
1.96848640e-01 2.24389796e-04 2.71489057e-04
1.97205953e-01 -1.81300349e-04 2.73484768e-04
1.97563262e-01 3.49071813e-04 2.71097254e-04
1.97920568e-01 -2.81307799e-04 2.75247678e-04
1.98277870e-01 -7.27323581e-05 2.79825115e-04
1.98635170e-01 -9.60450466e-05 2.75265623e-04
1.98992466e-01 -1.17148178e-04 2.69299716e-04
1.99349759e-01 -3.61465777e-04 2.70504728e-04
1.99707049e-01 -5.82308290e-05 2.72400305e-04
2.00064335e-01 2.70690935e-05 2.66217662e-04
2.00421618e-01 1.86995161e-04 2.70720676e-04
2.00778898e-01 1.24382312e-05 2.68521610e-04
2.01136174e-01 1.56644531e-05 2.67913576e-04
2.01493448e-01 1.33738207e-04 2.68266424e-04
2.01850718e-01 -4.81180164e-04 2.60303022e-04
2.02207984e-01 -1.48811523e-06 2.59657921e-04
2.02565248e-01 -3.74640351e-04 2.60861935e-04
2.02922508e-01 -1.43330186e-04 2.61176419e-04
2.03279764e-01 4.29230421e-04 2.66198041e-04
2.03637018e-01 2.87313654e-04 2.62200076e-04
2.03994268e-01 7.66709293e-05 2.63531308e-04
2.04351514e-01 -5.11527694e-04 2.53437492e-04
2.04708758e-01 -2.08844479e-04 2.58466474e-04
2.05065998e-01 -2.11526530e-04 2.52174231e-04
2.05423234e-01 3.11631485e-04 2.59038741e-04
2.05780467e-01 -2.09810854e-04 2.58204868e-04
2.06137697e-01 -1.30831144e-04 2.59489865e-04
2.06494924e-01 7.81318538e-05 2.59806813e-04
2.06852147e-01 2.09140592e-04 2.64017009e-04
2.07209367e-01 2.65799556e-04 2.58011941e-04
2.07566583e-01 3.24074398e-04 2.53271992e-04
2.07923796e-01 3.03335581e-05 2.52079496e-04
2.08281005e-01 -1.26497226e-04 2.58417749e-04
2.08638211e-01 -1.07500474e-04 2.47872844e-04
2.08995414e-01 -1.33002949e-04 2.55316162e-04
2.09352613e-01 1.77828653e-04 2.56991436e-04
2.09709809e-01 -1.77375925e-04 2.54418838e-04
2.10067002e-01 6.19222017e-05 2.54415775e-04
2.10424191e-01 -3.75960068e-05 2.50991246e-04
2.10781376e-01 2.64164199e-04 2.55653686e-04
2.11138558e-01 1.70677185e-05 2.50296231e-04
2.11495737e-01 3.22821212e-04 2.55744726e-04
2.11852912e-01 1.92945127e-04 2.52764902e-04
2.12210084e-01 5.90897285e-05 2.49501090e-04
2.12567252e-01 -3.45240098e-05 2.49662740e-04
2.12924416e-01 5.57589115e-05 2.46313815e-04
2.13281578e-01 2.68143173e-05 2.47788318e-04
2.13638735e-01 7.25455586e-05 2.45097600e-04
2.13995890e-01 6.42561086e-05 2.46695580e-04
2.14353040e-01 -3.01861196e-04 2.49698108e-04
2.14710188e-01 -7.49208678e-05 2.47281559e-04
2.15067331e-01 8.39784736e-06 2.51148695e-04
2.15424471e-01 1.63049384e-04 2.44204792e-04
2.15781608e-01 9.23069969e-05 2.49723004e-04
2.16138741e-01 -5.93388628e-05 2.41344405e-04
2.16495871e-01 -1.76194921e-04 2.45589930e-04
2.16852997e-01 1.35899171e-04 2.45986561e-04
2.17210119e-01 3.86830671e-04 2.46143344e-04
2.17567238e-01 2.64455098e-04 2.45870658e-04
2.17924354e-01 8.65302382e-05 2.46719578e-04
2.18281465e-01 8.72893583e-06 2.43707032e-04
2.18638574e-01 -1.26343094e-04 2.41307307e-04
2.18995678e-01 -3.09553806e-04 2.39425533e-04
2.19352779e-01 -1.50410476e-04 2.43989617e-04
2.19709877e-01 2.31842751e-04 2.47810657e-04
2.20066971e-01 6.15224883e-05 2.39147826e-04
2.20424061e-01 3.56929570e-04 2.41344081e-04
2.20781147e-01 3.16084790e-04 2.46120740e-04
2.21138230e-01 8.27170794e-05 2.37869021e-04
2.21495310e-01 6.22577255e-05 2.40186786e-04
2.21852386e-01 5.98080720e-05 2.37875775e-04
2.22209458e-01 1.43920390e-04 2.43529201e-04
2.22566526e-01 4.21752601e-04 2.40847457e-04
2.22923591e-01 2.99682183e-05 2.34758937e-04
2.23280652e-01 3.67701153e-04 2.38875819e-04
2.23637710e-01 -1.30804508e-04 2.36603302e-04
2.23994764e-01 -3.47012021e-04 2.35471322e-04
2.24351814e-01 2.03698572e-04 2.37215212e-04
2.24708861e-01 1.43770253e-04 2.37581251e-04
2.25065904e-01 5.87273973e-05 2.38807109e-04
2.25422943e-01 4.18130697e-04 2.41606841e-04
2.25779978e-01 7.44330841e-05 2.39616345e-04
2.26137010e-01 -1.76694349e-04 2.33378331e-04
2.26494038e-01 3.63777355e-04 2.34536231e-04
2.26851063e-01 -1.08795382e-04 2.35987166e-04
2.27208083e-01 -8.12288799e-05 2.36267510e-04
2.27565100e-01 9.86547657e-05 2.34743114e-04
2.27922114e-01 -3.71356133e-04 2.31231546e-04
2.28279123e-01 -1.52150621e-04 2.35823007e-04
2.28636129e-01 -1.71851851e-04 2.31836397e-04
2.28993131e-01 -4.72717575e-04 2.31620613e-04
2.29350129e-01 3.40050178e-05 2.32425180e-04
2.29707124e-01 1.22967350e-04 2.30097180e-04
2.30064115e-01 -4.16100052e-04 2.32237165e-04
2.30421102e-01 -2.32270917e-04 2.33578355e-04
2.30778085e-01 -1.10865007e-04 2.32113424e-04
2.31135064e-01 -1.84366338e-04 2.31471415e-04
2.31492040e-01 2.77553521e-05 2.34381694e-04
2.31849012e-01 -1.52823963e-04 2.30604897e-04
2.32205980e-01 -1.51428266e-04 2.31766883e-04
2.32562944e-01 -3.22058008e-04 2.30766098e-04
2.32919905e-01 -4.78583772e-05 2.29551319e-04
2.33276862e-01 -1.41615360e-04 2.31421917e-04
2.33633814e-01 6.66914456e-04 2.33664550e-04
2.33990763e-01 1.15300471e-04 2.33156705e-04
2.34347709e-01 1.93446819e-04 2.31844499e-04
2.34704650e-01 -5.02603460e-04 2.24607191e-04
2.35061588e-01 1.66884893e-04 2.25437797e-04
2.35418521e-01 -3.34760219e-04 2.25384391e-04
2.35775451e-01 -3.48369795e-04 2.28535254e-04
2.36132377e-01 8.27829129e-06 2.28764147e-04
2.36489299e-01 -2.42974957e-04 2.24555039e-04
2.36846218e-01 9.41339885e-05 2.25867024e-04
2.37203132e-01 -1.15796127e-04 2.23778601e-04
2.37560042e-01 6.77080118e-05 2.28293269e-04
2.37916949e-01 -1.11470995e-04 2.27879140e-04
2.38273852e-01 -2.32015099e-04 2.25132767e-04
2.38630751e-01 -6.29346803e-05 2.24793869e-04
2.38987645e-01 -1.10583925e-04 2.24739302e-04
2.39344537e-01 2.15427030e-05 2.27868690e-04
2.39701424e-01 9.61913339e-05 2.19141800e-04
2.40058307e-01 3.84668614e-04 2.22435480e-04
2.40415186e-01 -8.94098748e-05 2.23602494e-04
2.40772061e-01 -3.70023443e-04 2.21120471e-04
2.41128933e-01 1.66638979e-04 2.19697707e-04
2.41485800e-01 2.24509923e-04 2.20254184e-04
2.41842664e-01 -4.28834198e-04 2.23908841e-04
2.42199523e-01 2.46513168e-04 2.24455993e-04
2.42556379e-01 2.42130526e-05 2.22039419e-04
2.42913230e-01 -1.14905382e-05 2.22721256e-04
2.43270078e-01 1.22989581e-04 2.22215662e-04
2.43626922e-01 8.51748029e-05 2.22968167e-04
2.43983761e-01 2.14678204e-04 2.20930151e-04
2.44340597e-01 1.86311564e-04 2.23270742e-04
2.44697429e-01 2.13129566e-04 2.20222344e-04
2.45054256e-01 -3.28245826e-04 2.16283018e-04
2.45411080e-01 4.12466061e-04 2.19874540e-04
2.45767900e-01 4.32214865e-04 2.17815746e-04
2.46124715e-01 -4.28440717e-05 2.24237605e-04
2.46481527e-01 -2.05245525e-04 2.16105793e-04
2.46838334e-01 1.89298914e-04 2.21765488e-04
2.47195138e-01 3.01304458e-05 2.16955958e-04
2.47551938e-01 -1.47232333e-04 2.15460625e-04
2.47908733e-01 -7.62658245e-05 2.14604155e-04
2.48265524e-01 9.40582463e-05 2.17146472e-04
2.48622312e-01 -2.18821557e-05 2.18701540e-04
2.48979095e-01 2.54400407e-04 2.22086860e-04
2.49335874e-01 -3.92690197e-05 2.15015424e-04
2.49692649e-01 -5.62073065e-05 2.11656696e-04
2.50049420e-01 -2.31337631e-05 2.16774979e-04
2.50406187e-01 -1.05937843e-05 2.12476940e-04
2.50762950e-01 9.29737553e-05 2.13561710e-04
2.51119709e-01 4.01462991e-04 2.19467312e-04
2.51476464e-01 2.42799226e-04 2.16280205e-04
2.51833214e-01 -1.97302581e-04 2.14633527e-04
2.52189961e-01 -3.71100847e-04 2.17884451e-04
2.52546703e-01 -2.34009705e-05 2.18346649e-04
2.52903441e-01 -6.22758772e-05 2.14479478e-04
2.53260175e-01 -2.24577309e-04 2.11647664e-04
2.53616905e-01 2.51970276e-05 2.09995463e-04
2.53973631e-01 2.76571096e-04 2.14007199e-04
2.54330352e-01 1.12343205e-04 2.12956742e-04
2.54687070e-01 -2.12237757e-04 2.08859389e-04
2.55043783e-01 -3.83215139e-05 2.10218543e-04
2.55400492e-01 2.40433760e-04 2.09167788e-04
2.55757197e-01 3.12035165e-05 2.11540607e-04
2.56113898e-01 1.99341954e-04 2.09648283e-04
2.56470595e-01 -8.27093155e-05 2.14726544e-04
2.56827287e-01 2.22064194e-04 2.14408048e-04
2.57183975e-01 9.86671556e-05 2.14019642e-04
2.57540659e-01 -1.48791469e-04 2.14134868e-04
2.57897339e-01 1.84293987e-05 2.17927196e-04
2.58254014e-01 2.14018751e-06 2.17177121e-04
2.58610686e-01 -2.31883180e-04 2.19669034e-04
2.58967353e-01 1.66744626e-04 2.16564645e-04
2.59324016e-01 -7.14357839e-05 2.14651801e-04
2.59680674e-01 -2.39618958e-04 2.13618409e-04
2.60037329e-01 -2.55511201e-04 2.13237830e-04
2.60393979e-01 7.28273885e-05 2.16043956e-04
2.60750625e-01 1.82159884e-04 2.15844456e-04
2.61107266e-01 5.63964291e-05 2.17300114e-04
2.61463904e-01 7.57709866e-05 2.16904609e-04
2.61820537e-01 -5.98781842e-05 2.13647711e-04
2.62177166e-01 4.55102642e-05 2.17522776e-04
2.62533790e-01 -1.00297298e-04 2.14127253e-04
2.62890410e-01 -2.26800255e-04 2.15588124e-04
2.63247026e-01 9.11207591e-05 2.17212118e-04
2.63603638e-01 3.45546368e-05 2.14463985e-04
2.63960245e-01 2.95101313e-04 2.13907152e-04
2.64316848e-01 -4.01994771e-04 2.09029899e-04
2.64673447e-01 7.33766884e-05 2.11181698e-04
2.65030042e-01 -1.77555553e-04 2.10169428e-04
2.65386632e-01 -8.77061626e-05 2.12794152e-04
2.65743217e-01 2.55205608e-04 2.09992894e-04
2.66099799e-01 -3.04455347e-04 2.15477822e-04
2.66456376e-01 1.85061275e-05 2.11794717e-04
2.66812948e-01 4.29294118e-04 2.14375402e-04
2.67169517e-01 5.18789903e-05 2.20577100e-04
2.67526081e-01 3.37267886e-04 2.14137083e-04
2.67882640e-01 1.32123886e-04 2.15296658e-04
2.68239195e-01 -4.79247297e-05 2.18093675e-04
2.68595746e-01 -1.28294225e-04 2.16202829e-04
2.68952293e-01 -2.98088787e-04 2.17156976e-04
2.69308835e-01 1.31626256e-05 2.18939243e-04
2.69665372e-01 -2.33018470e-04 2.18754610e-04
2.70021906e-01 -3.21997550e-05 2.20829532e-04
2.70378435e-01 4.25743374e-04 2.20169110e-04
2.70734959e-01 -2.27962680e-04 2.17747633e-04
2.71091479e-01 -4.90704527e-05 2.21710637e-04
2.71447995e-01 -3.49488400e-04 2.25337475e-04
2.71804506e-01 -1.79175079e-04 2.22463245e-04
2.72161012e-01 -2.20021963e-04 2.25354476e-04
2.72517515e-01 1.58928651e-05 2.19535053e-04
2.72874012e-01 1.67767672e-04 2.26700828e-04
