1.54026655e-02 1.35382523e-02 1.73731351e-03
1.57608633e-02 1.35167885e-02 1.63607671e-03
1.61190608e-02 1.15401316e-02 1.59508132e-03
1.64772580e-02 1.10862440e-02 1.47581666e-03
1.68354550e-02 1.23942319e-02 1.45793684e-03
1.71936517e-02 1.29862105e-02 1.38552151e-03
1.75518481e-02 1.27481327e-02 1.30926679e-03
1.79100442e-02 1.20116457e-02 1.39361622e-03
1.82682400e-02 1.23252978e-02 1.37337329e-03
1.86264355e-02 1.19315676e-02 1.23729738e-03
1.89846308e-02 1.33077256e-02 1.30821329e-03
1.93428257e-02 1.39131687e-02 1.23663307e-03
1.97010202e-02 1.24569328e-02 1.11766266e-03
2.00592145e-02 1.18380838e-02 1.12872640e-03
2.04174084e-02 1.31104646e-02 1.07458873e-03
2.07756020e-02 1.28049260e-02 1.12007565e-03
2.11337953e-02 1.36454476e-02 1.12502457e-03
2.14919882e-02 1.14736147e-02 1.11418366e-03
2.18501808e-02 1.32994683e-02 1.07646831e-03
2.22083729e-02 1.38189816e-02 1.06884947e-03
2.25665648e-02 1.38873227e-02 1.08360713e-03
2.29247562e-02 1.32492455e-02 1.06004526e-03
2.32829473e-02 1.28875453e-02 9.73320977e-04
2.36411380e-02 1.25387922e-02 1.06084919e-03
2.39993283e-02 1.28834767e-02 1.01932721e-03
2.43575182e-02 1.50494159e-02 1.00610477e-03
2.47157077e-02 1.31439406e-02 9.35193576e-04
2.50738968e-02 1.22149783e-02 9.28274952e-04
2.54320855e-02 1.33329885e-02 8.80806530e-04
2.57902738e-02 1.10396676e-02 9.03587913e-04
2.61484617e-02 1.27755701e-02 9.37240849e-04
2.65066491e-02 1.29182396e-02 8.80013327e-04
2.68648361e-02 1.34279799e-02 9.10465561e-04
2.72230226e-02 1.11468418e-02 8.85809113e-04
2.75812087e-02 1.21325997e-02 9.11938675e-04
2.79393943e-02 1.10320499e-02 8.42509476e-04
2.82975795e-02 1.22619224e-02 8.28632050e-04
2.86557642e-02 1.11559132e-02 8.52068241e-04
2.90139485e-02 1.01463967e-02 8.47926427e-04
2.93721323e-02 1.10788340e-02 9.12139323e-04
2.97303155e-02 1.15210419e-02 8.72074780e-04
3.00884983e-02 1.10327675e-02 8.60661063e-04
3.04466806e-02 1.12472240e-02 8.75986565e-04
3.08048624e-02 1.12725530e-02 9.13167961e-04
3.11630437e-02 1.15137799e-02 8.64533684e-04
3.15212245e-02 1.11219232e-02 8.67417919e-04
3.18794048e-02 1.12939968e-02 8.52673522e-04
3.22375845e-02 1.00161055e-02 8.47562389e-04
3.25957637e-02 1.10981154e-02 8.54145475e-04
3.29539424e-02 1.18480682e-02 8.32105153e-04
3.33121205e-02 1.05805074e-02 8.35937231e-04
3.36702981e-02 8.84393469e-03 8.07589214e-04
3.40284751e-02 1.04549549e-02 8.41768121e-04
3.43866516e-02 9.24066170e-03 8.63927958e-04
3.47448275e-02 8.36318229e-03 8.20539863e-04
3.51030028e-02 1.05853274e-02 7.89133323e-04
3.54611775e-02 1.04331165e-02 8.28421289e-04
3.58193517e-02 9.32998656e-03 8.08782497e-04
3.61775253e-02 9.57935950e-03 7.41660807e-04
3.65356983e-02 8.61125648e-03 7.77320750e-04
3.68938706e-02 8.94646133e-03 7.41464571e-04
3.72520424e-02 7.87732274e-03 7.42235329e-04
3.76102136e-02 9.40730233e-03 7.51611758e-04
3.79683841e-02 9.33562967e-03 7.45202465e-04
3.83265540e-02 8.48971813e-03 6.97225366e-04
3.86847233e-02 8.74944993e-03 7.35490877e-04
3.90428920e-02 8.90273018e-03 7.70304091e-04
3.94010600e-02 7.63472455e-03 7.08971586e-04
3.97592273e-02 9.17729574e-03 7.48291998e-04
4.01173941e-02 9.71686690e-03 7.14717701e-04
4.04755601e-02 8.99121539e-03 7.06443536e-04
4.08337255e-02 9.29303577e-03 7.27493585e-04
4.11918902e-02 8.68985405e-03 7.11559822e-04
4.15500542e-02 8.55983064e-03 6.78166741e-04
4.19082176e-02 7.05922465e-03 6.84849730e-04
4.22663802e-02 7.97832002e-03 6.84613078e-04
4.26245422e-02 7.14468807e-03 6.96781604e-04
4.29827034e-02 7.19374628e-03 6.60871911e-04
4.33408640e-02 8.74544817e-03 6.84999711e-04
4.36990238e-02 7.59587601e-03 6.84971271e-04
4.40571830e-02 7.70228864e-03 6.84936410e-04
4.44153414e-02 7.70865212e-03 7.10301107e-04
4.47734990e-02 5.69014725e-03 6.73393168e-04
4.51316560e-02 6.57625616e-03 7.20128155e-04
4.54898122e-02 6.35445218e-03 6.70704679e-04
4.58479676e-02 6.53955828e-03 6.84133152e-04
4.62061223e-02 5.97675354e-03 6.83811904e-04
4.65642762e-02 6.16393410e-03 6.57755632e-04
4.69224294e-02 6.55048495e-03 6.62906342e-04
4.72805818e-02 6.69417236e-03 6.90103445e-04
4.76387334e-02 7.53518207e-03 7.04660125e-04
4.79968842e-02 6.88884253e-03 6.77175079e-04
4.83550342e-02 6.31398623e-03 6.67487258e-04
4.87131835e-02 6.33245127e-03 6.56185376e-04
4.90713319e-02 5.34948806e-03 6.36955602e-04
4.94294795e-02 5.64806786e-03 6.39092057e-04
4.97876264e-02 6.55099968e-03 6.54959692e-04
5.01457724e-02 5.48419856e-03 6.23667045e-04
5.05039175e-02 5.29967059e-03 6.09107241e-04
5.08620619e-02 6.25439021e-03 6.05569099e-04
5.12202054e-02 5.67196670e-03 6.06984684e-04
5.15783481e-02 5.86596356e-03 5.90048598e-04
5.19364899e-02 5.38788041e-03 6.09390222e-04
5.22946308e-02 5.61368245e-03 6.37975408e-04
5.26527709e-02 5.91886461e-03 6.17203352e-04
5.30109102e-02 4.34502659e-03 5.99046224e-04
5.33690485e-02 5.74166003e-03 5.92823122e-04
5.37271860e-02 4.90498381e-03 5.93747921e-04
5.40853226e-02 5.18422397e-03 5.93423015e-04
5.44434583e-02 5.42275834e-03 6.06221549e-04
5.48015932e-02 4.95512916e-03 5.70338419e-04
5.51597271e-02 4.57243184e-03 5.94639123e-04
5.55178601e-02 3.54430246e-03 5.91236620e-04
5.58759922e-02 4.82547180e-03 5.79160966e-04
5.62341234e-02 4.57286855e-03 5.61211703e-04
5.65922536e-02 4.19385161e-03 5.66923500e-04
5.69503829e-02 2.81380895e-03 5.82542972e-04
5.73085113e-02 4.61792707e-03 5.56558082e-04
5.76666388e-02 4.17125161e-03 5.63966286e-04
5.80247653e-02 3.25588058e-03 5.37460334e-04
5.83828908e-02 3.90009726e-03 5.47278523e-04
5.87410154e-02 3.51000248e-03 5.73606793e-04
5.90991390e-02 4.15156908e-03 5.56544480e-04
5.94572616e-02 3.46902924e-03 5.44831620e-04
5.98153833e-02 3.27122525e-03 5.50134978e-04
6.01735040e-02 2.73010557e-03 5.26274318e-04
6.05316237e-02 3.81202983e-03 5.40669227e-04
6.08897424e-02 3.54776294e-03 5.28790258e-04
6.12478600e-02 3.33879328e-03 5.29515445e-04
6.16059767e-02 3.48698154e-03 5.54886840e-04
6.19640924e-02 3.33166550e-03 5.35879922e-04
6.23222071e-02 3.49244127e-03 5.76232333e-04
6.26803207e-02 3.56183786e-03 5.16670462e-04
6.30384333e-02 3.43285177e-03 5.20259350e-04
6.33965448e-02 3.15755065e-03 5.05875858e-04
6.37546554e-02 3.12289764e-03 5.23660292e-04
6.41127648e-02 3.00899159e-03 5.27692344e-04
6.44708732e-02 3.10839506e-03 5.15490124e-04
6.48289806e-02 2.59225648e-03 5.25272612e-04
6.51870869e-02 3.19230664e-03 5.19623691e-04
6.55451921e-02 3.31668501e-03 5.19041172e-04
6.59032962e-02 2.61165294e-03 5.18363980e-04
6.62613993e-02 2.26408975e-03 5.08728124e-04
6.66195012e-02 2.52487292e-03 5.00366105e-04
6.69776021e-02 2.81672221e-03 4.95081800e-04
6.73357019e-02 2.06711600e-03 4.94879933e-04
6.76938005e-02 1.56436450e-03 4.91078014e-04
6.80518981e-02 1.64758219e-03 4.81160236e-04
6.84099945e-02 2.57554617e-03 4.91646824e-04
6.87680898e-02 2.06853754e-03 4.88147786e-04
6.91261840e-02 1.78888366e-03 4.76392845e-04
6.94842770e-02 2.10045148e-03 4.75015147e-04
6.98423689e-02 2.89833527e-03 4.82500332e-04
7.02004596e-02 2.06228488e-03 4.80604128e-04
7.05585492e-02 2.01741544e-03 4.75712657e-04
7.09166377e-02 1.89177194e-03 4.80878434e-04
7.12747249e-02 1.80179980e-03 4.79317503e-04
7.16328110e-02 2.03593182e-03 4.80205561e-04
7.19908959e-02 1.69074794e-03 4.84455757e-04
7.23489796e-02 1.45406843e-03 4.73488633e-04
7.27070622e-02 1.73930460e-03 4.64199303e-04
7.30651435e-02 1.69050109e-03 4.68472483e-04
7.34232237e-02 2.13110092e-03 4.76031278e-04
7.37813026e-02 1.51324577e-03 4.77415668e-04
7.41393803e-02 2.22962157e-03 4.69088750e-04
7.44974568e-02 1.44530974e-03 4.64068850e-04
7.48555321e-02 1.75333600e-03 4.65150023e-04
7.52136061e-02 1.47090133e-03 4.82226356e-04
7.55716789e-02 1.22510771e-03 4.69134627e-04
7.59297505e-02 1.44284181e-03 4.71241100e-04
7.62878208e-02 1.44236654e-03 4.68983074e-04
7.66458899e-02 7.25059045e-04 4.50246789e-04
7.70039577e-02 1.67332527e-03 4.38460776e-04
7.73620242e-02 1.25329040e-03 4.54443455e-04
7.77200895e-02 1.27950966e-03 4.41563398e-04
7.80781535e-02 4.93985514e-04 4.60183502e-04
7.84362162e-02 1.74156808e-03 4.58519267e-04
7.87942776e-02 4.87470670e-04 4.62428037e-04
7.91523377e-02 4.31400524e-04 4.59965488e-04
7.95103965e-02 2.74064272e-04 4.49348857e-04
7.98684540e-02 1.32764859e-03 4.52614272e-04
8.02265102e-02 1.01187540e-03 4.53640124e-04
8.05845651e-02 5.75083642e-04 4.43764478e-04
8.09426186e-02 1.75881231e-03 4.26175929e-04
8.13006709e-02 9.56656319e-04 4.56527698e-04
8.16587217e-02 1.20666778e-03 4.43199300e-04
8.20167713e-02 1.97841126e-03 4.40812357e-04
8.23748195e-02 1.80568644e-03 4.33617097e-04
8.27328663e-02 1.70048222e-03 4.39996786e-04
8.30909118e-02 1.23563815e-03 4.29091363e-04
8.34489559e-02 1.03624181e-03 4.27579586e-04
8.38069986e-02 1.08199522e-03 4.36901305e-04
8.41650400e-02 1.12477536e-03 4.20412059e-04
8.45230800e-02 1.19068377e-03 4.22759257e-04
8.48811185e-02 9.91525212e-04 4.39123604e-04
8.52391557e-02 8.96555951e-04 4.31923232e-04
8.55971915e-02 7.19863965e-04 4.53852220e-04
8.59552259e-02 1.13966088e-03 4.60008459e-04
8.63132589e-02 7.77123394e-04 4.34034860e-04
8.66712904e-02 8.24777176e-04 4.35113557e-04
8.70293205e-02 1.26518618e-03 4.51885058e-04
8.73873492e-02 1.53079428e-03 4.47685638e-04
8.77453765e-02 2.05362172e-04 4.34465363e-04
8.81034023e-02 7.39436529e-05 4.28014391e-04
8.84614267e-02 3.00375647e-04 4.29931382e-04
8.88194496e-02 2.52552162e-04 4.24722132e-04
8.91774710e-02 1.04894108e-03 4.22061041e-04
8.95354910e-02 1.27630118e-03 4.26485495e-04
8.98935095e-02 1.21779388e-03 4.35005787e-04
9.02515266e-02 8.65598470e-04 4.27264570e-04
9.06095421e-02 9.22002904e-04 4.37480554e-04
9.09675562e-02 1.30698695e-03 4.44150999e-04
9.13255687e-02 4.53227136e-04 4.26700837e-04
9.16835798e-02 7.02512780e-04 4.25980654e-04
9.20415894e-02 -5.38851391e-06 4.24654516e-04
9.23995974e-02 4.44037086e-04 4.31642783e-04
9.27576039e-02 5.57484563e-04 4.12541843e-04
9.31156089e-02 4.43083705e-04 4.23082906e-04
9.34736124e-02 8.16261846e-04 4.26374282e-04
9.38316143e-02 7.92089137e-04 4.15814651e-04
9.41896147e-02 1.13109176e-03 4.08650825e-04
9.45476136e-02 3.24240569e-04 4.17716519e-04
9.49056108e-02 -4.41741708e-04 4.04337106e-04
9.52636066e-02 -5.99237704e-04 3.99927525e-04
9.56216007e-02 1.91183682e-04 4.04679933e-04
9.59795933e-02 5.38847201e-04 4.06070051e-04
9.63375843e-02 9.05641885e-04 4.18079831e-04
9.66955738e-02 1.02838995e-03 4.01258168e-04
9.70535616e-02 1.39500133e-03 4.15748366e-04
9.74115478e-02 4.13285611e-04 3.99468359e-04
9.77695325e-02 1.66213668e-04 4.19175094e-04
9.81275155e-02 -1.81407738e-04 3.97407573e-04
9.84854969e-02 -2.63681073e-04 3.95024292e-04
9.88434768e-02 6.39872441e-04 4.02690176e-04
9.92014549e-02 7.90687605e-04 4.01359493e-04
9.95594315e-02 2.60505747e-04 4.00458545e-04
9.99174064e-02 -3.20488534e-06 3.97140540e-04
1.00275380e-01 5.27287711e-04 3.99823137e-04
1.00633351e-01 2.33341680e-04 4.02721714e-04
1.00991321e-01 7.70431760e-04 4.02579419e-04
1.01349290e-01 6.51724605e-04 3.94898796e-04
1.01707256e-01 1.57902508e-04 3.85783943e-04
1.02065221e-01 -4.50952800e-04 3.85351689e-04
1.02423184e-01 6.37064020e-04 3.94235534e-04
1.02781146e-01 3.16089254e-04 3.87073634e-04
1.03139106e-01 -1.60396090e-04 3.90764741e-04
1.03497064e-01 -6.66863285e-05 3.90290243e-04
1.03855021e-01 5.42326767e-04 3.86835909e-04
1.04212976e-01 2.64729150e-04 3.91399707e-04
1.04570929e-01 -2.00106264e-04 3.99428414e-04
1.04928880e-01 4.47237670e-04 4.01206911e-04
1.05286830e-01 6.70827184e-04 4.00737410e-04
1.05644778e-01 9.62882561e-04 4.12625713e-04
1.06002724e-01 1.54821467e-04 4.04804753e-04
1.06360668e-01 4.91693599e-04 4.14818833e-04
1.06718611e-01 2.04916781e-04 4.05707881e-04
1.07076552e-01 4.77055059e-04 4.07732852e-04
1.07434491e-01 3.66013104e-04 4.04372880e-04
1.07792429e-01 2.38785626e-04 4.00212937e-04
1.08150364e-01 -1.22307570e-04 3.94027463e-04
1.08508298e-01 5.84027484e-04 4.01997765e-04
1.08866230e-01 8.89221900e-04 3.94169871e-04
1.09224160e-01 7.90087055e-05 3.97378912e-04
1.09582089e-01 4.83292314e-04 4.03530518e-04
1.09940016e-01 3.62003539e-04 4.00415053e-04
1.10297941e-01 3.53832289e-04 3.96615642e-04
1.10655864e-01 -3.30649093e-06 3.94717964e-04
1.11013785e-01 3.98719102e-04 3.76070190e-04
1.11371704e-01 6.63121524e-05 4.02494865e-04
1.11729622e-01 1.22566372e-03 3.93549168e-04
1.12087538e-01 2.76489549e-04 3.82173151e-04
1.12445452e-01 2.30042219e-04 3.81185090e-04
1.12803364e-01 -2.04970438e-04 3.93749857e-04
1.13161274e-01 6.98505194e-04 3.81836210e-04
1.13519182e-01 8.45954690e-04 3.84082375e-04
1.13877089e-01 2.51770318e-04 3.74673437e-04
1.14234994e-01 8.94908067e-04 3.62722002e-04
1.14592896e-01 1.04372416e-03 3.67821772e-04
1.14950797e-01 9.25783942e-04 3.82401865e-04
1.15308696e-01 3.24167309e-04 3.73578425e-04
1.15666593e-01 7.23431178e-04 3.82649920e-04
1.16024488e-01 8.29364545e-04 3.82455070e-04
1.16382382e-01 2.00874046e-04 3.75053455e-04
1.16740273e-01 5.96020688e-04 3.77823848e-04
1.17098163e-01 4.99441971e-05 3.63161941e-04
1.17456050e-01 -5.48443836e-06 3.61241762e-04
1.17813936e-01 2.38572581e-04 3.71336919e-04
1.18171819e-01 3.95745551e-04 3.71929321e-04
1.18529701e-01 6.69122575e-04 3.82057782e-04
1.18887581e-01 6.35574340e-04 3.72772327e-04
1.19245459e-01 4.24545245e-04 3.80125970e-04
1.19603335e-01 1.67809151e-04 3.77417883e-04
1.19961208e-01 7.25909598e-04 3.67085093e-04
1.20319080e-01 5.39816181e-04 3.78357749e-04
1.20676950e-01 -6.15040555e-05 3.67650004e-04
1.21034818e-01 2.86026523e-04 3.72159726e-04
1.21392684e-01 -5.50859949e-04 3.79708640e-04
1.21750548e-01 -3.59999140e-04 3.77137193e-04
1.22108410e-01 1.44863967e-04 3.73758237e-04
1.22466270e-01 -2.22439875e-04 3.71654217e-04
1.22824128e-01 8.01557174e-04 3.81834403e-04
1.23181984e-01 -5.97863257e-05 3.81235313e-04
1.23539838e-01 -7.06317023e-05 3.75405881e-04
1.23897690e-01 -1.44673846e-06 3.68469120e-04
1.24255540e-01 7.31333041e-04 3.68162999e-04
1.24613388e-01 -6.25819506e-05 3.72231093e-04
1.24971233e-01 4.52248440e-04 3.72097974e-04
1.25329077e-01 2.36466246e-04 3.66713065e-04
1.25686919e-01 4.08720349e-04 3.65819814e-04
1.26044758e-01 3.20908852e-04 3.62566976e-04
1.26402596e-01 3.81979025e-04 3.71114037e-04
1.26760431e-01 3.09295819e-04 3.59021933e-04
1.27118265e-01 5.26875703e-04 3.55694500e-04
1.27476096e-01 5.30087625e-04 3.53428388e-04
1.27833925e-01 -4.09825535e-04 3.48047314e-04
1.28191752e-01 4.46777285e-04 3.59562095e-04
1.28549577e-01 6.95112678e-04 3.64800550e-04
1.28907400e-01 -4.62086713e-04 3.48693895e-04
1.29265221e-01 3.69432894e-04 3.48570426e-04
1.29623040e-01 -2.52617361e-05 3.52522293e-04
1.29980856e-01 4.34414868e-04 3.53041470e-04
1.30338670e-01 2.26264473e-04 3.55654788e-04
1.30696483e-01 5.25840445e-05 3.52443304e-04
1.31054293e-01 2.39142260e-04 3.43588835e-04
1.31412101e-01 -1.27899823e-04 3.50705237e-04
1.31769906e-01 3.10514010e-04 3.48454240e-04
1.32127710e-01 -4.51180793e-04 3.49844864e-04
1.32485511e-01 1.03423637e-04 3.48652002e-04
1.32843311e-01 7.79792281e-05 3.42514512e-04
1.33201108e-01 4.58786617e-04 3.39958700e-04
1.33558903e-01 5.94971043e-04 3.41941981e-04
1.33916695e-01 -3.77435354e-05 3.36117574e-04
1.34274486e-01 -1.37225685e-04 3.36718328e-04
1.34632274e-01 3.07861867e-04 3.36820815e-04
1.34990060e-01 2.12328695e-05 3.39021559e-04
1.35347844e-01 -5.29990528e-05 3.33625531e-04
1.35705626e-01 -2.94557415e-04 3.28907182e-04
1.36063405e-01 7.55378758e-04 3.49299405e-04
1.36421182e-01 3.27342975e-04 3.43993182e-04
1.36778957e-01 7.00061499e-04 3.36990479e-04
1.37136730e-01 4.40950336e-04 3.34262637e-04
1.37494500e-01 8.75210695e-04 3.43078865e-04
1.37852269e-01 -3.67581731e-05 3.24683598e-04
1.38210034e-01 -2.86760832e-04 3.32677664e-04
1.38567798e-01 1.74152607e-04 3.24418043e-04
1.38925559e-01 -1.46172313e-06 3.29445729e-04
1.39283319e-01 -1.86358011e-04 3.25469664e-04
1.39641075e-01 -1.63170927e-04 3.37650747e-04
1.39998830e-01 1.83671287e-05 3.31336435e-04
1.40356582e-01 3.48300039e-04 3.29361040e-04
1.40714332e-01 6.01760958e-04 3.33479507e-04
1.41072080e-01 1.25493458e-04 3.24922078e-04
1.41429825e-01 6.52927557e-04 3.24182116e-04
1.41787568e-01 1.80142198e-04 3.33926646e-04
1.42145308e-01 2.67419829e-04 3.36177318e-04
1.42503047e-01 2.16182191e-04 3.25748075e-04
1.42860783e-01 4.92537235e-05 3.23815739e-04
1.43218516e-01 -3.98010513e-05 3.30178307e-04
1.43576247e-01 1.91060017e-04 3.21878755e-04
1.43933976e-01 -3.56150226e-04 3.20169503e-04
1.44291703e-01 1.03755074e-03 3.26175569e-04
1.44649427e-01 -2.80517670e-04 3.26234816e-04
1.45007149e-01 1.66683200e-04 3.20107240e-04
1.45364868e-01 -1.65472764e-04 3.15196194e-04
1.45722585e-01 5.15609090e-04 3.14762517e-04
1.46080300e-01 2.68705987e-04 3.17268305e-04
1.46438012e-01 1.26588587e-04 3.17515071e-04
1.46795722e-01 5.82692456e-04 3.25218372e-04
1.47153429e-01 4.35909143e-04 3.18896904e-04
1.47511134e-01 7.72935082e-04 3.15318214e-04
1.47868837e-01 2.39921902e-04 3.21272746e-04
1.48226537e-01 4.15115564e-04 3.13149081e-04
1.48584235e-01 2.59893436e-04 3.14122339e-04
1.48941930e-01 3.09742610e-04 3.15103221e-04
1.49299623e-01 1.61457097e-04 3.21120461e-04
1.49657313e-01 1.94794114e-04 3.17407982e-04
1.50015001e-01 -1.80497942e-04 3.09712363e-04
1.50372687e-01 2.74839467e-04 3.11884377e-04
1.50730370e-01 -1.21774437e-04 3.18681638e-04
1.51088050e-01 1.72975472e-04 3.19813489e-04
1.51445728e-01 -3.81171477e-04 3.15380701e-04
1.51803404e-01 -2.62924561e-05 3.10123215e-04
1.52161077e-01 -6.01255884e-04 3.11945733e-04
1.52518747e-01 -2.07621824e-05 3.12422000e-04
1.52876416e-01 -4.43498752e-04 3.08601729e-04
1.53234081e-01 4.04061334e-04 3.17308868e-04
1.53591744e-01 1.58998905e-04 3.17057583e-04
1.53949405e-01 6.93392103e-05 3.12428142e-04
1.54307063e-01 -1.31464088e-04 3.10393051e-04
1.54664718e-01 -3.31847105e-04 3.04532632e-04
1.55022371e-01 5.34258100e-04 3.09514078e-04
1.55380021e-01 6.10908429e-04 3.09665684e-04
1.55737669e-01 2.55987458e-04 3.06276965e-04
1.56095314e-01 4.05567181e-04 3.10006290e-04
1.56452957e-01 6.36883857e-05 3.09063192e-04
1.56810597e-01 -1.42176384e-05 3.04386431e-04
1.57168235e-01 4.83554353e-04 3.03208590e-04
1.57525870e-01 1.12423962e-04 3.02138921e-04
1.57883502e-01 2.94950492e-04 3.05009385e-04
1.58241132e-01 4.80400655e-04 3.00013873e-04
1.58598759e-01 2.92826309e-05 2.93620359e-04
1.58956384e-01 -6.30582066e-04 2.95457671e-04
1.59314006e-01 1.91507293e-05 2.94068832e-04
1.59671625e-01 2.35287367e-04 2.99560400e-04
1.60029242e-01 9.37324258e-05 3.01813081e-04
1.60386856e-01 -3.08970712e-04 3.03172123e-04
1.60744468e-01 5.59817608e-04 3.02899598e-04
1.61102076e-01 5.58487503e-05 2.98036208e-04
1.61459683e-01 7.45130528e-06 2.97388584e-04
1.61817286e-01 6.48353787e-04 2.99297165e-04
1.62174887e-01 -2.65920032e-04 2.95863413e-04
1.62532485e-01 -2.67917037e-05 2.88911733e-04
1.62890081e-01 4.15774284e-04 2.97383689e-04
1.63247674e-01 4.11332477e-04 2.92113232e-04
1.63605264e-01 3.41392930e-04 2.97047224e-04
1.63962852e-01 2.42604953e-04 2.94076516e-04
1.64320437e-01 -3.08650963e-04 3.03181513e-04
1.64678019e-01 -4.79588187e-05 2.98440305e-04
1.65035598e-01 -1.96087993e-05 2.95392098e-04
1.65393175e-01 4.67151465e-04 2.87647603e-04
1.65750749e-01 -9.76103987e-05 2.94818101e-04
1.66108320e-01 4.73658847e-04 2.93403696e-04
1.66465889e-01 1.91204141e-04 2.84458234e-04
1.66823455e-01 3.57798630e-04 2.90026641e-04
1.67181018e-01 -4.56728465e-04 2.93525428e-04
1.67538578e-01 4.14612426e-04 2.91450219e-04
1.67896136e-01 5.88384115e-04 2.97396121e-04
1.68253691e-01 -1.91578384e-05 2.98056501e-04
1.68611243e-01 1.87589764e-04 2.96648268e-04
1.68968792e-01 -3.24209446e-04 2.91126308e-04
1.69326339e-01 5.36996433e-04 2.88571913e-04
1.69683883e-01 4.75470624e-04 2.88092813e-04
1.70041424e-01 1.64517027e-05 2.87043723e-04
1.70398962e-01 -5.91278275e-05 2.90430727e-04
1.70756497e-01 2.03126175e-04 2.92549918e-04
1.71114030e-01 -2.86366006e-04 2.84875525e-04
1.71471560e-01 -2.13728543e-04 2.82476309e-04
1.71829087e-01 3.93050785e-04 2.85883807e-04
1.72186611e-01 6.81459368e-05 2.86515426e-04
1.72544132e-01 -3.70656336e-04 2.83118396e-04
1.72901651e-01 -2.74623441e-04 2.87634546e-04
1.73259167e-01 2.92457637e-04 2.87839662e-04
1.73616679e-01 2.15015321e-04 2.83547751e-04
1.73974189e-01 -3.27815670e-04 2.84204064e-04
1.74331697e-01 3.48936222e-04 2.91335978e-04
1.74689201e-01 2.55234547e-04 2.82214327e-04
1.75046702e-01 -2.08573470e-04 2.83055065e-04
1.75404201e-01 -1.62226074e-04 2.83435206e-04
1.75761697e-01 2.22197858e-05 2.83501457e-04
1.76119189e-01 -2.52140798e-04 2.80913276e-04
1.76476679e-01 5.63253881e-05 2.84947109e-04
1.76834166e-01 -8.04977159e-05 2.82354691e-04
1.77191650e-01 5.30085404e-05 2.81314867e-04
1.77549132e-01 -1.50487224e-05 2.79663776e-04
1.77906610e-01 4.14895521e-05 2.76534152e-04
1.78264085e-01 3.31905453e-04 2.79556470e-04
1.78621558e-01 -1.81878633e-04 2.77379362e-04
1.78979027e-01 1.82446495e-04 2.75698820e-04
1.79336494e-01 -1.85318190e-04 2.74837965e-04
1.79693958e-01 -1.39160086e-04 2.74148209e-04
1.80051418e-01 1.12263007e-04 2.79226468e-04
1.80408876e-01 3.65312269e-06 2.74840976e-04
1.80766331e-01 5.71881983e-04 2.80270270e-04
1.81123783e-01 -1.07555546e-04 2.82994248e-04
1.81481232e-01 2.04132772e-04 2.87858628e-04
1.81838677e-01 5.49828721e-05 2.80573115e-04
1.82196120e-01 2.02784841e-04 2.84503945e-04
1.82553560e-01 -3.12551564e-05 2.83719434e-04
1.82910997e-01 2.89964074e-04 2.81344823e-04
1.83268431e-01 3.07920034e-04 2.88696784e-04
1.83625862e-01 5.06287624e-04 2.85399291e-04
1.83983290e-01 -9.39661074e-05 2.83972750e-04
1.84340715e-01 -2.96570638e-04 2.83857813e-04
1.84698137e-01 2.52038369e-04 2.82470949e-04
1.85055556e-01 -8.39822475e-05 2.83273764e-04
1.85412971e-01 -8.56603205e-05 2.83209575e-04
1.85770384e-01 -2.25287359e-05 2.81118897e-04
1.86127794e-01 -5.55375457e-05 2.74051660e-04
1.86485200e-01 4.13516479e-04 2.76281113e-04
1.86842604e-01 9.15437999e-05 2.79006027e-04
1.87200005e-01 2.86791193e-04 2.81510855e-04
1.87557402e-01 -1.02641932e-04 2.78167612e-04
1.87914797e-01 1.90731914e-04 2.77332572e-04
1.88272188e-01 4.89640387e-04 2.82453878e-04
1.88629576e-01 -4.71040468e-04 2.74343547e-04
1.88986961e-01 2.13959682e-05 2.73504397e-04
1.89344343e-01 3.21376568e-04 2.76113999e-04
1.89701722e-01 2.61422962e-04 2.78989820e-04
1.90059098e-01 3.71478127e-04 2.73146858e-04
1.90416471e-01 2.54245324e-04 2.73637259e-04
1.90773840e-01 -2.20131396e-04 2.71802459e-04
1.91131207e-01 -2.44063779e-04 2.70789459e-04
1.91488570e-01 -2.45036510e-05 2.70082800e-04
1.91845930e-01 -3.96351414e-04 2.71777086e-04
1.92203287e-01 8.48632696e-05 2.73092115e-04
1.92560641e-01 -1.80238372e-04 2.67394839e-04
1.92917992e-01 5.62520169e-06 2.68427188e-04
1.93275340e-01 2.07170612e-04 2.66189347e-04
1.93632684e-01 -7.06726402e-05 2.76726604e-04
1.93990025e-01 -1.19796233e-04 2.68224948e-04
1.94347363e-01 3.30957699e-04 2.71511230e-04
1.94704698e-01 6.39985801e-04 2.73554736e-04
1.95062030e-01 4.00206727e-04 2.73549657e-04
1.95419358e-01 4.44378711e-05 2.76315641e-04
1.95776684e-01 -3.13061957e-05 2.70356366e-04
1.96134006e-01 -1.34444344e-04 2.64936175e-04
1.96491324e-01 3.11101252e-04 2.68588785e-04
1.96848640e-01 6.29769609e-04 2.70941230e-04
1.97205953e-01 -2.78101984e-05 2.78193352e-04
1.97563262e-01 -3.31567799e-04 2.72077173e-04
1.97920568e-01 4.05719273e-04 2.74497053e-04
1.98277870e-01 1.04092807e-04 2.71042704e-04
1.98635170e-01 -5.63226962e-05 2.76154842e-04
1.98992466e-01 2.90779720e-04 2.75429954e-04
1.99349759e-01 -6.67205305e-06 2.76169739e-04
1.99707049e-01 2.75031913e-04 2.74223841e-04
2.00064335e-01 -9.67455604e-05 2.69065141e-04
2.00421618e-01 3.11904360e-04 2.68430259e-04
2.00778898e-01 2.89639251e-04 2.69203889e-04
2.01136174e-01 -1.16513567e-04 2.65981691e-04
2.01493448e-01 1.81384623e-04 2.67489353e-04
2.01850718e-01 -1.34800859e-04 2.65636846e-04
2.02207984e-01 -1.96489880e-04 2.66001447e-04
2.02565248e-01 2.16383977e-05 2.58012714e-04
2.02922508e-01 7.20142436e-05 2.64156652e-04
2.03279764e-01 7.47704245e-05 2.56836020e-04
2.03637018e-01 1.63246195e-04 2.60062478e-04
2.03994268e-01 -4.76897623e-05 2.61508818e-04
2.04351514e-01 2.99816358e-04 2.55887914e-04
2.04708758e-01 5.72253263e-05 2.63378964e-04
2.05065998e-01 6.07110269e-05 2.60376001e-04
2.05423234e-01 -3.39586386e-05 2.66115483e-04
2.05780467e-01 -4.69718889e-04 2.58900802e-04
2.06137697e-01 -9.95764646e-05 2.57216962e-04
2.06494924e-01 1.02602709e-04 2.62049414e-04
2.06852147e-01 2.05036476e-04 2.63158165e-04
2.07209367e-01 4.38212592e-04 2.60144870e-04
2.07566583e-01 1.24219104e-04 2.59807434e-04
2.07923796e-01 -1.41353988e-04 2.53219330e-04
2.08281005e-01 -6.93315049e-05 2.55413622e-04
2.08638211e-01 8.74505518e-05 2.55639167e-04
2.08995414e-01 1.33213833e-04 2.57850185e-04
2.09352613e-01 -1.16824607e-04 2.52063111e-04
2.09709809e-01 1.99284331e-04 2.59233770e-04
2.10067002e-01 3.20397802e-04 2.51081056e-04
2.10424191e-01 4.96928795e-04 2.51843765e-04
2.10781376e-01 5.01185739e-04 2.56039475e-04
2.11138558e-01 -4.23233839e-05 2.56697697e-04
2.11495737e-01 -2.66459228e-04 2.47239006e-04
2.11852912e-01 4.22220045e-04 2.46485616e-04
2.12210084e-01 3.87073718e-06 2.51973853e-04
2.12567252e-01 3.03196230e-04 2.53753530e-04
2.12924416e-01 -2.03951604e-05 2.46597841e-04
2.13281578e-01 -3.43246027e-04 2.50285411e-04
2.13638735e-01 2.06473694e-04 2.52058886e-04
2.13995890e-01 6.84136935e-05 2.49234412e-04
2.14353040e-01 1.83761666e-04 2.49062652e-04
2.14710188e-01 1.92549401e-04 2.47262116e-04
2.15067331e-01 1.86014414e-04 2.44704740e-04
2.15424471e-01 -1.77153601e-04 2.44892228e-04
2.15781608e-01 1.82018769e-04 2.44364401e-04
2.16138741e-01 -3.68916199e-04 2.42764049e-04
2.16495871e-01 1.11563830e-05 2.51543296e-04
2.16852997e-01 3.69438238e-04 2.42634343e-04
2.17210119e-01 2.50415791e-04 2.46643253e-04
2.17567238e-01 3.47957595e-04 2.47075559e-04
2.17924354e-01 8.59177069e-05 2.42192397e-04
2.18281465e-01 2.58288080e-04 2.46408868e-04
2.18638574e-01 -1.82813763e-05 2.40802417e-04
2.18995678e-01 1.19555877e-04 2.47439340e-04
2.19352779e-01 -2.23865227e-04 2.43689769e-04
2.19709877e-01 1.30495057e-05 2.46642225e-04
2.20066971e-01 -1.88285715e-04 2.42882161e-04
2.20424061e-01 1.97156942e-04 2.41379791e-04
2.20781147e-01 -1.05085051e-04 2.36033063e-04
2.21138230e-01 -1.03714534e-04 2.35952397e-04
2.21495310e-01 -6.76075520e-05 2.40192193e-04
2.21852386e-01 3.78526916e-05 2.38401536e-04
2.22209458e-01 2.26213530e-04 2.40959052e-04
2.22566526e-01 7.33149274e-05 2.44666251e-04
2.22923591e-01 2.40625627e-04 2.39229417e-04
2.23280652e-01 4.66805580e-04 2.38319212e-04
2.23637710e-01 -3.24061342e-04 2.37083374e-04
2.23994764e-01 5.10443417e-05 2.38115046e-04
2.24351814e-01 3.55333610e-05 2.39396218e-04
2.24708861e-01 -1.46689276e-04 2.35520697e-04
2.25065904e-01 8.47082261e-05 2.39467478e-04
2.25422943e-01 2.33925166e-04 2.34019425e-04
2.25779978e-01 1.33478682e-04 2.36974344e-04
2.26137010e-01 3.01395966e-04 2.37249895e-04
2.26494038e-01 2.55548876e-04 2.33650512e-04
2.26851063e-01 -5.24183081e-05 2.32547841e-04
2.27208083e-01 -2.13962111e-05 2.38112528e-04
2.27565100e-01 2.20318845e-04 2.35521536e-04
2.27922114e-01 -2.07079496e-04 2.34585835e-04
2.28279123e-01 -6.82142079e-05 2.33488001e-04
2.28636129e-01 -1.54917756e-04 2.30021703e-04
2.28993131e-01 1.74265959e-04 2.37689352e-04
2.29350129e-01 -1.58964546e-04 2.34862482e-04
2.29707124e-01 3.11933649e-04 2.31876915e-04
2.30064115e-01 1.13514446e-05 2.37109548e-04
2.30421102e-01 1.76474034e-04 2.34888196e-04
2.30778085e-01 5.20998919e-04 2.37598514e-04
2.31135064e-01 -2.12859950e-05 2.33586777e-04
2.31492040e-01 -3.16416490e-05 2.35539294e-04
2.31849012e-01 1.86298078e-04 2.30052113e-04
2.32205980e-01 2.06922210e-04 2.33070879e-04
2.32562944e-01 1.63303253e-04 2.30241841e-04
2.32919905e-01 1.44479923e-04 2.30979102e-04
2.33276862e-01 9.79254672e-05 2.27231979e-04
2.33633814e-01 8.61566093e-05 2.30473960e-04
2.33990763e-01 3.54888448e-04 2.36342895e-04
2.34347709e-01 2.37074059e-04 2.31186649e-04
2.34704650e-01 -1.80469997e-04 2.27591232e-04
2.35061588e-01 -2.16542837e-04 2.31642649e-04
2.35418521e-01 2.66425915e-04 2.31794322e-04
2.35775451e-01 -8.48849832e-05 2.28371752e-04
2.36132377e-01 2.67173029e-04 2.27162025e-04
2.36489299e-01 -9.41021117e-05 2.28184233e-04
2.36846218e-01 1.40082389e-05 2.28679929e-04
2.37203132e-01 3.13815228e-04 2.28739299e-04
2.37560042e-01 4.17508591e-04 2.28760445e-04
2.37916949e-01 4.75180924e-04 2.30026590e-04
2.38273852e-01 9.29039221e-05 2.25097465e-04
2.38630751e-01 -1.31137907e-05 2.23928841e-04
2.38987645e-01 1.37562051e-04 2.28662924e-04
2.39344537e-01 -1.77899360e-04 2.24004963e-04
2.39701424e-01 -5.03823155e-04 2.21074089e-04
2.40058307e-01 1.51344345e-04 2.21670416e-04
2.40415186e-01 -9.43645878e-05 2.21599643e-04
2.40772061e-01 4.47114025e-04 2.24793001e-04
2.41128933e-01 1.71531643e-04 2.26710838e-04
2.41485800e-01 -1.83951395e-05 2.23303215e-04
2.41842664e-01 1.43630606e-05 2.21407071e-04
2.42199523e-01 1.18060302e-04 2.20859471e-04
2.42556379e-01 -1.41836089e-04 2.23521586e-04
2.42913230e-01 2.23723049e-04 2.24477572e-04
2.43270078e-01 -8.25984130e-05 2.20819033e-04
2.43626922e-01 -1.31946496e-04 2.24281542e-04
2.43983761e-01 1.69463403e-04 2.16150762e-04
2.44340597e-01 9.99407444e-05 2.21884403e-04
2.44697429e-01 -3.53384209e-04 2.19897703e-04
2.45054256e-01 -1.37463886e-05 2.16566210e-04
2.45411080e-01 -2.45983563e-04 2.18730514e-04
2.45767900e-01 -2.95373132e-04 2.21615540e-04
2.46124715e-01 -1.59385286e-04 2.21131977e-04
2.46481527e-01 5.09525395e-04 2.21615682e-04
2.46838334e-01 -4.40694597e-05 2.15664508e-04
2.47195138e-01 2.29116176e-04 2.19610997e-04
2.47551938e-01 -3.16615025e-04 2.15431849e-04
2.47908733e-01 2.44372175e-05 2.19517318e-04
2.48265524e-01 2.23053496e-04 2.15789590e-04
2.48622312e-01 1.81425568e-04 2.15114001e-04
2.48979095e-01 -8.21554567e-05 2.18711601e-04
2.49335874e-01 4.41763116e-04 2.12057851e-04
2.49692649e-01 2.19193555e-05 2.16413218e-04
2.50049420e-01 1.44376557e-04 2.16937005e-04
2.50406187e-01 2.09423208e-04 2.17217563e-04
2.50762950e-01 -1.47108442e-06 2.18990098e-04
2.51119709e-01 1.28096875e-04 2.15941865e-04
2.51476464e-01 -4.15159154e-04 2.13500616e-04
2.51833214e-01 -4.43034720e-05 2.15407832e-04
2.52189961e-01 1.53178395e-04 2.13285561e-04
2.52546703e-01 3.64401371e-05 2.15494345e-04
2.52903441e-01 -1.13576906e-04 2.14084040e-04
2.53260175e-01 1.54783328e-04 2.14263019e-04
2.53616905e-01 1.31207816e-04 2.05511897e-04
2.53973631e-01 -6.41481566e-05 2.13992078e-04
2.54330352e-01 -3.39887485e-04 2.15247939e-04
2.54687070e-01 2.87574073e-05 2.13391399e-04
2.55043783e-01 2.61591443e-04 2.11083415e-04
2.55400492e-01 3.37158671e-04 2.13186141e-04
2.55757197e-01 -1.39170606e-05 2.13366936e-04
2.56113898e-01 4.03543982e-04 2.15258638e-04
2.56470595e-01 -2.04776011e-04 2.09241843e-04
2.56827287e-01 5.36359177e-05 2.09560277e-04
2.57183975e-01 8.73659807e-05 2.10217528e-04
2.57540659e-01 3.80330532e-04 2.14834855e-04
2.57897339e-01 -3.64796679e-05 2.11325006e-04
2.58254014e-01 -4.53941943e-04 2.14607420e-04
2.58610686e-01 -3.14415989e-04 2.12172289e-04
2.58967353e-01 9.04096223e-05 2.17814719e-04
2.59324016e-01 4.84378084e-05 2.16368385e-04
2.59680674e-01 2.16297449e-04 2.13655100e-04
2.60037329e-01 2.51640761e-04 2.17409427e-04
2.60393979e-01 -1.32912153e-04 2.17073701e-04
2.60750625e-01 1.74428855e-04 2.15870326e-04
2.61107266e-01 -1.26735771e-04 2.15544282e-04
2.61463904e-01 1.14403007e-04 2.20594407e-04
2.61820537e-01 2.76725044e-04 2.17501508e-04
2.62177166e-01 2.58794418e-04 2.12443448e-04
2.62533790e-01 3.07895899e-04 2.16603167e-04
2.62890410e-01 -1.92100860e-05 2.14553545e-04
2.63247026e-01 1.52329867e-04 2.13840523e-04
2.63603638e-01 1.73002457e-04 2.16933816e-04
2.63960245e-01 -3.40573066e-04 2.12399089e-04
2.64316848e-01 1.04675747e-04 2.17117302e-04
2.64673447e-01 3.48750804e-04 2.14888464e-04
2.65030042e-01 -3.22894099e-04 2.10397718e-04
2.65386632e-01 -2.83001884e-05 2.09062774e-04
2.65743217e-01 -2.98262688e-05 2.12009430e-04
2.66099799e-01 -5.01771408e-05 2.10546521e-04
2.66456376e-01 4.33565363e-04 2.13541162e-04
2.66812948e-01 -2.33597263e-04 2.17341607e-04
2.67169517e-01 8.34918709e-06 2.15538370e-04
2.67526081e-01 -9.11353648e-05 2.14158074e-04
2.67882640e-01 -1.25974408e-04 2.13467939e-04
2.68239195e-01 -1.52883886e-04 2.18824127e-04
2.68595746e-01 -3.79830448e-05 2.16233314e-04
2.68952293e-01 -1.65383768e-04 2.18579043e-04
2.69308835e-01 -1.67975842e-04 2.15145017e-04
2.69665372e-01 -3.66540203e-04 2.18967588e-04
2.70021906e-01 -4.91186359e-04 2.17525491e-04
2.70378435e-01 -1.16295595e-05 2.23248783e-04
2.70734959e-01 -7.53393396e-05 2.21034408e-04
2.71091479e-01 7.44888711e-05 2.23876119e-04
2.71447995e-01 -2.50529294e-04 2.23625260e-04
2.71804506e-01 -1.52436235e-04 2.22730834e-04
2.72161012e-01 4.30163959e-05 2.18466949e-04
2.72517515e-01 -1.32964292e-04 2.21519295e-04
2.72874012e-01 -1.37212004e-04 2.27189067e-04
