1.54026655e-02 6.23104715e-04 1.60215002e-03
1.57608633e-02 -7.74608512e-04 1.69675933e-03
1.61190608e-02 -1.86784981e-04 1.49698088e-03
1.64772580e-02 1.20406769e-03 1.52094391e-03
1.68354550e-02 4.67348270e-04 1.36071048e-03
1.71936517e-02 -4.87054283e-04 1.39190500e-03
1.75518481e-02 1.74700272e-03 1.39305705e-03
1.79100442e-02 5.24789000e-04 1.29212405e-03
1.82682400e-02 -3.23596652e-04 1.28497210e-03
1.86264355e-02 2.86932331e-04 1.13818347e-03
1.89846308e-02 -3.37005579e-04 1.18613489e-03
1.93428257e-02 -2.44871024e-03 1.09897389e-03
1.97010202e-02 1.40304428e-03 1.08962813e-03
2.00592145e-02 -5.55141815e-04 1.05931593e-03
2.04174084e-02 -1.55344516e-03 1.04830183e-03
2.07756020e-02 -4.67217799e-04 1.14797988e-03
2.11337953e-02 -4.27751253e-04 1.00537189e-03
2.14919882e-02 8.92202965e-04 1.01325611e-03
2.18501808e-02 -1.90214385e-03 9.68299383e-04
2.22083729e-02 4.14185443e-04 1.02899500e-03
2.25665648e-02 -5.62771993e-04 9.39939242e-04
2.29247562e-02 1.42256955e-03 9.36467081e-04
2.32829473e-02 1.62852554e-04 9.73783575e-04
2.36411380e-02 -3.95994764e-04 9.08047684e-04
2.39993283e-02 5.16951687e-05 8.81289242e-04
2.43575182e-02 -3.67383939e-04 9.31188871e-04
2.47157077e-02 5.72815750e-04 8.81046084e-04
2.50738968e-02 -2.56553012e-04 8.34393843e-04
2.54320855e-02 -1.75700480e-04 8.66178504e-04
2.57902738e-02 -1.54490338e-03 8.68981495e-04
2.61484617e-02 9.02410681e-05 8.93264095e-04
2.65066491e-02 4.02526393e-05 8.14531659e-04
2.68648361e-02 -5.27251728e-04 8.51350310e-04
2.72230226e-02 -9.11809343e-04 7.99787089e-04
2.75812087e-02 -1.18626621e-03 8.38834804e-04
2.79393943e-02 -8.69445044e-04 8.21604797e-04
2.82975795e-02 -1.73640626e-04 8.01497017e-04
2.86557642e-02 -8.90294037e-05 8.27775428e-04
2.90139485e-02 -1.88806738e-03 7.86206972e-04
2.93721323e-02 -2.18760666e-04 8.26174883e-04
2.97303155e-02 -9.38041308e-04 8.12767843e-04
3.00884983e-02 1.69368727e-04 7.93091664e-04
3.04466806e-02 8.21049798e-04 8.60512394e-04
3.08048624e-02 -7.72736684e-05 8.15514672e-04
3.11630437e-02 -1.19789430e-03 8.65587629e-04
3.15212245e-02 -1.04316674e-03 8.22821763e-04
3.18794048e-02 -4.53235684e-04 7.73173204e-04
3.22375845e-02 -1.09062534e-03 7.97132206e-04
3.25957637e-02 7.01135932e-05 8.02277341e-04
3.29539424e-02 3.65565487e-05 8.17728944e-04
3.33121205e-02 -1.65306084e-03 7.82373668e-04
3.36702981e-02 2.21052093e-04 7.74369477e-04
3.40284751e-02 5.49609089e-04 8.08662026e-04
3.43866516e-02 5.40219059e-04 7.51470235e-04
3.47448275e-02 1.31547873e-03 7.63585134e-04
3.51030028e-02 8.00868218e-05 7.60912028e-04
3.54611775e-02 -6.56818697e-05 7.47991868e-04
3.58193517e-02 8.73829522e-04 7.29989884e-04
3.61775253e-02 5.46217797e-04 7.12673980e-04
3.65356983e-02 -1.02513645e-03 6.83403385e-04
3.68938706e-02 -2.30350842e-04 7.03570363e-04
3.72520424e-02 1.69041788e-03 7.38987453e-04
3.76102136e-02 -3.45478899e-04 6.96329890e-04
3.79683841e-02 -8.83872900e-04 6.94619640e-04
3.83265540e-02 2.42638810e-04 6.87818803e-04
3.86847233e-02 1.87544617e-04 6.84358447e-04
3.90428920e-02 7.68589373e-04 6.67323513e-04
3.94010600e-02 3.37737916e-04 6.79832166e-04
3.97592273e-02 -3.09937787e-04 6.84691955e-04
4.01173941e-02 1.09844199e-03 6.74176233e-04
4.04755601e-02 1.11627876e-04 6.56820779e-04
4.08337255e-02 6.02993022e-04 6.66499838e-04
4.11918902e-02 3.18528995e-04 6.28664084e-04
4.15500542e-02 2.34138162e-06 6.32157861e-04
4.19082176e-02 4.86833122e-04 6.67754732e-04
4.22663802e-02 -4.14071843e-04 6.66867141e-04
4.26245422e-02 1.32889495e-04 6.53164830e-04
4.29827034e-02 -4.90607765e-04 6.53393298e-04
4.33408640e-02 9.21913061e-04 6.57744380e-04
4.36990238e-02 -2.51545094e-04 6.42585509e-04
4.40571830e-02 4.62450447e-05 6.34183645e-04
4.44153414e-02 -1.33029523e-03 6.52899756e-04
4.47734990e-02 3.67437014e-04 6.53161046e-04
4.51316560e-02 -7.21296239e-04 6.67260291e-04
4.54898122e-02 -4.23014288e-04 6.40861273e-04
4.58479676e-02 2.86225171e-04 6.93631479e-04
4.62061223e-02 3.90178453e-04 6.67840317e-04
4.65642762e-02 -3.22886461e-04 6.68285746e-04
4.69224294e-02 -2.03569240e-04 6.55785389e-04
4.72805818e-02 -1.51227087e-04 6.53086548e-04
4.76387334e-02 3.63528796e-05 6.35585697e-04
4.79968842e-02 3.58717156e-04 6.14341887e-04
4.83550342e-02 -1.68996731e-04 6.11830437e-04
4.87131835e-02 5.69752453e-04 6.40540097e-04
4.90713319e-02 2.61942585e-05 6.18551169e-04
4.94294795e-02 -9.07769694e-04 6.06336197e-04
4.97876264e-02 5.03119751e-04 6.16192978e-04
5.01457724e-02 -9.90323054e-04 6.08151412e-04
5.05039175e-02 -7.01625150e-04 6.22421070e-04
5.08620619e-02 -8.68552424e-04 5.83718684e-04
5.12202054e-02 2.26629420e-04 5.76528133e-04
5.15783481e-02 2.76451792e-04 5.96384369e-04
5.19364899e-02 -5.12012733e-04 5.88564306e-04
5.22946308e-02 -9.88514257e-04 5.79374542e-04
5.26527709e-02 4.48407804e-04 5.62197560e-04
5.30109102e-02 1.54818902e-04 6.06889283e-04
5.33690485e-02 7.42794334e-05 5.59366715e-04
5.37271860e-02 -7.11816172e-04 5.75455198e-04
5.40853226e-02 -4.35871740e-04 5.59566998e-04
5.44434583e-02 8.57676922e-05 5.56761169e-04
5.48015932e-02 1.50348133e-04 5.64843784e-04
5.51597271e-02 1.13522467e-03 5.62783698e-04
5.55178601e-02 1.52784478e-03 5.63148558e-04
5.58759922e-02 1.25552963e-04 5.50177987e-04
5.62341234e-02 2.78964804e-04 5.60576561e-04
5.65922536e-02 1.55226219e-03 5.70182339e-04
5.69503829e-02 -6.61029353e-04 5.62853452e-04
5.73085113e-02 3.07023202e-04 5.26230559e-04
5.76666388e-02 9.83519064e-05 5.27430651e-04
5.80247653e-02 -2.58045216e-04 5.59551306e-04
5.83828908e-02 9.64752755e-05 5.39565430e-04
5.87410154e-02 -1.09656326e-04 5.32389164e-04
5.90991390e-02 4.87850953e-04 5.40589867e-04
5.94572616e-02 1.56765869e-04 5.40909865e-04
5.98153833e-02 5.18711255e-04 5.15072182e-04
6.01735040e-02 6.49612538e-04 5.21914322e-04
6.05316237e-02 -3.57103499e-04 5.22848557e-04
6.08897424e-02 -2.86608764e-04 5.18881658e-04
6.12478600e-02 9.14882210e-04 5.26779973e-04
6.16059767e-02 6.61143169e-04 5.19852411e-04
6.19640924e-02 -1.63829514e-04 5.00350227e-04
6.23222071e-02 3.55999652e-04 5.05047399e-04
6.26803207e-02 -2.04650062e-04 5.11752185e-04
6.30384333e-02 1.75052652e-04 5.04569721e-04
6.33965448e-02 -1.88075616e-04 5.19190753e-04
6.37546554e-02 2.61214270e-04 5.19779155e-04
6.41127648e-02 -1.71809330e-04 5.19076749e-04
6.44708732e-02 3.98541923e-04 4.90012998e-04
6.48289806e-02 3.31421253e-04 5.10194313e-04
6.51870869e-02 1.24067202e-04 4.96717633e-04
6.55451921e-02 -3.79650803e-04 4.88022789e-04
6.59032962e-02 6.82265001e-04 4.97911025e-04
6.62613993e-02 -2.42445072e-04 5.02622483e-04
6.66195012e-02 -5.67972669e-04 4.89902791e-04
6.69776021e-02 -4.86820097e-04 4.88622736e-04
6.73357019e-02 -2.01316890e-04 5.08969515e-04
6.76938005e-02 -5.83080317e-05 4.72588540e-04
6.80518981e-02 1.09454424e-04 4.89755407e-04
6.84099945e-02 1.89895743e-04 4.85122324e-04
6.87680898e-02 -9.53893580e-05 4.74466966e-04
6.91261840e-02 -2.12451601e-04 4.82476778e-04
6.94842770e-02 5.32924418e-05 4.86197949e-04
6.98423689e-02 -2.36500266e-04 4.70910410e-04
7.02004596e-02 -3.83910344e-04 4.73652958e-04
7.05585492e-02 -1.80354844e-04 4.77853974e-04
7.09166377e-02 4.17093277e-04 4.65914291e-04
7.12747249e-02 6.36779399e-04 4.70248020e-04
7.16328110e-02 -1.30163296e-04 4.61769447e-04
7.19908959e-02 -1.14211253e-04 4.77633071e-04
7.23489796e-02 -3.81871350e-05 4.66035295e-04
7.27070622e-02 -2.14187575e-04 4.76116255e-04
7.30651435e-02 -7.93490272e-06 4.85196888e-04
7.34232237e-02 -9.69210289e-05 4.72270393e-04
7.37813026e-02 -7.40668057e-04 4.62621584e-04
7.41393803e-02 1.19035603e-04 4.79621035e-04
7.44974568e-02 5.09108433e-04 4.70778796e-04
7.48555321e-02 -2.24667424e-04 4.44741095e-04
7.52136061e-02 -7.36086389e-05 4.61523340e-04
7.55716789e-02 8.66184947e-06 4.48489510e-04
7.59297505e-02 1.44253373e-03 4.55369528e-04
7.62878208e-02 8.66289124e-05 4.58597291e-04
7.66458899e-02 1.09203066e-04 4.50240411e-04
7.70039577e-02 6.17203440e-05 4.41199843e-04
7.73620242e-02 -4.63385938e-04 4.37093931e-04
7.77200895e-02 8.25195045e-05 4.40955551e-04
7.80781535e-02 5.14710218e-04 4.45671249e-04
7.84362162e-02 2.03874404e-04 4.41158718e-04
7.87942776e-02 -5.18741656e-04 4.52756328e-04
7.91523377e-02 1.78090059e-04 4.60186343e-04
7.95103965e-02 -7.23689174e-05 4.50286746e-04
7.98684540e-02 1.61724542e-04 4.35747885e-04
8.02265102e-02 -1.78570758e-04 4.39046530e-04
8.05845651e-02 7.73162992e-04 4.42657911e-04
8.09426186e-02 1.16517970e-05 4.35686473e-04
8.13006709e-02 1.28853690e-04 4.47612472e-04
8.16587217e-02 -3.47530374e-04 4.42011738e-04
8.20167713e-02 7.98619776e-04 4.42562467e-04
8.23748195e-02 7.87595068e-05 4.41260095e-04
8.27328663e-02 7.04199278e-04 4.41914216e-04
8.30909118e-02 -2.29006920e-04 4.40271391e-04
8.34489559e-02 3.09444193e-04 4.28374152e-04
8.38069986e-02 -1.67290814e-04 4.35976497e-04
8.41650400e-02 5.38620083e-04 4.33335839e-04
8.45230800e-02 1.06776788e-04 4.30547882e-04
8.48811185e-02 1.32599113e-04 4.45492256e-04
8.52391557e-02 -3.20423843e-04 4.29709622e-04
8.55971915e-02 -4.60326805e-05 4.41855747e-04
8.59552259e-02 1.52226494e-04 4.27820129e-04
8.63132589e-02 3.97370310e-05 4.43975318e-04
8.66712904e-02 -4.75910171e-05 4.39839765e-04
8.70293205e-02 -6.84125169e-04 4.37719098e-04
8.73873492e-02 3.17700343e-04 4.27314738e-04
8.77453765e-02 3.18479793e-04 4.41904252e-04
8.81034023e-02 3.29323780e-04 4.22027958e-04
8.84614267e-02 3.99385440e-04 4.24888201e-04
8.88194496e-02 1.74592849e-04 4.15118990e-04
8.91774710e-02 -1.23848043e-04 4.20094433e-04
8.95354910e-02 -3.66638405e-04 4.15142898e-04
8.98935095e-02 1.86259152e-04 4.16047625e-04
9.02515266e-02 5.93081312e-05 4.23087025e-04
9.06095421e-02 8.68547370e-04 4.29074556e-04
9.09675562e-02 1.66493419e-04 4.20748520e-04
9.13255687e-02 -7.46103888e-04 4.19948096e-04
9.16835798e-02 8.56941386e-05 4.19331129e-04
9.20415894e-02 -1.01855258e-04 4.31844548e-04
9.23995974e-02 6.17653330e-04 4.33631703e-04
9.27576039e-02 1.14253946e-04 4.20198522e-04
9.31156089e-02 3.49944706e-04 4.13788166e-04
9.34736124e-02 4.70270405e-04 4.11995735e-04
9.38316143e-02 -4.90147261e-04 4.17232483e-04
9.41896147e-02 -4.44729734e-04 4.17517387e-04
9.45476136e-02 5.57322237e-04 4.25832719e-04
9.49056108e-02 5.97848843e-04 4.20481049e-04
9.52636066e-02 1.96696033e-04 4.02649438e-04
9.56216007e-02 -8.42657762e-05 3.96622141e-04
9.59795933e-02 3.44711032e-04 4.06635233e-04
9.63375843e-02 1.83085046e-04 4.08301283e-04
9.66955738e-02 3.63517751e-04 4.02716664e-04
9.70535616e-02 -2.68863834e-04 3.97205293e-04
9.74115478e-02 -3.38573915e-04 4.20527977e-04
9.77695325e-02 -3.62778665e-04 4.08431757e-04
9.81275155e-02 -8.80154324e-04 3.97813573e-04
9.84854969e-02 6.18503594e-04 4.03000440e-04
9.88434768e-02 -2.59461697e-04 4.05063983e-04
9.92014549e-02 -1.96106561e-05 4.07209386e-04
9.95594315e-02 2.90557964e-04 4.09214476e-04
9.99174064e-02 7.02104167e-05 3.97239666e-04
1.00275380e-01 -1.82467386e-04 4.01704533e-04
1.00633351e-01 -5.16961781e-05 4.03009562e-04
1.00991321e-01 -3.86241451e-04 3.92391766e-04
1.01349290e-01 9.80584246e-05 3.99831287e-04
1.01707256e-01 5.85591487e-04 3.98634368e-04
1.02065221e-01 4.45286371e-04 3.90307695e-04
1.02423184e-01 2.59020502e-04 3.91123676e-04
1.02781146e-01 -3.55026768e-04 4.01674962e-04
1.03139106e-01 -2.14115203e-04 3.96545184e-04
1.03497064e-01 5.05752283e-04 3.92301708e-04
1.03855021e-01 8.29008251e-04 3.85691878e-04
1.04212976e-01 -1.85804381e-04 3.86533457e-04
1.04570929e-01 1.46700495e-05 3.92050974e-04
1.04928880e-01 -7.13945631e-04 3.99715184e-04
1.05286830e-01 2.65777909e-04 4.01321646e-04
1.05644778e-01 4.27374297e-04 4.05254461e-04
1.06002724e-01 -8.90979914e-05 4.03044435e-04
1.06360668e-01 -5.78222071e-04 3.93268757e-04
1.06718611e-01 3.74992372e-04 4.00022235e-04
1.07076552e-01 -3.62357792e-05 4.06630130e-04
1.07434491e-01 -1.20318252e-05 3.93306000e-04
1.07792429e-01 2.38386561e-04 3.93054470e-04
1.08150364e-01 -3.64090081e-04 3.97719964e-04
1.08508298e-01 -2.97815355e-05 3.91205992e-04
1.08866230e-01 -7.13151470e-05 3.90205520e-04
1.09224160e-01 -3.27824777e-04 3.86237977e-04
1.09582089e-01 2.05885821e-04 3.87782453e-04
1.09940016e-01 -2.69581683e-05 3.82171829e-04
1.10297941e-01 1.10413536e-04 3.85149748e-04
1.10655864e-01 -1.17186506e-04 3.85767685e-04
1.11013785e-01 5.55053545e-05 3.84597019e-04
1.11371704e-01 2.71079001e-04 3.82664797e-04
1.11729622e-01 2.05426469e-04 3.87142445e-04
1.12087538e-01 5.77525890e-05 3.83352108e-04
1.12445452e-01 4.72574884e-04 3.82537393e-04
1.12803364e-01 -4.55125077e-04 3.84062810e-04
1.13161274e-01 -8.79295522e-06 3.83995180e-04
1.13519182e-01 -5.89544628e-04 3.70975492e-04
1.13877089e-01 6.26059715e-05 3.74982275e-04
1.14234994e-01 1.05041018e-04 3.68081919e-04
1.14592896e-01 2.84688272e-04 3.69891057e-04
1.14950797e-01 -1.87294322e-04 3.78684000e-04
1.15308696e-01 -6.51191906e-05 3.77009016e-04
1.15666593e-01 -5.76981806e-05 3.79840562e-04
1.16024488e-01 -4.70357351e-04 3.75217390e-04
1.16382382e-01 7.00911010e-04 3.73763593e-04
1.16740273e-01 -1.60360509e-04 3.69775132e-04
1.17098163e-01 5.79512066e-06 3.68096507e-04
1.17456050e-01 3.82305122e-04 3.60730520e-04
1.17813936e-01 8.46145058e-05 3.79629865e-04
1.18171819e-01 -3.38239130e-05 3.69216533e-04
1.18529701e-01 2.90695469e-04 3.76952960e-04
1.18887581e-01 -5.94062694e-05 3.75659439e-04
1.19245459e-01 3.03859482e-04 3.81027447e-04
1.19603335e-01 -2.49470577e-04 3.71019940e-04
1.19961208e-01 -8.14518644e-05 3.76292097e-04
1.20319080e-01 -8.33133969e-05 3.67876747e-04
1.20676950e-01 -4.76689551e-04 3.75655619e-04
1.21034818e-01 -2.99255707e-05 3.68606557e-04
1.21392684e-01 -5.36470529e-04 3.76169479e-04
1.21750548e-01 4.39441185e-04 3.75927452e-04
1.22108410e-01 6.33461317e-04 3.84831469e-04
1.22466270e-01 -7.37058246e-06 3.71691431e-04
1.22824128e-01 1.82448108e-04 3.85476927e-04
1.23181984e-01 5.27048934e-04 3.75181923e-04
1.23539838e-01 3.80335778e-04 3.76318756e-04
1.23897690e-01 1.56050304e-04 3.68805704e-04
1.24255540e-01 1.11834453e-04 3.73745803e-04
1.24613388e-01 4.62953041e-05 3.68572350e-04
1.24971233e-01 -3.32779232e-04 3.64753895e-04
1.25329077e-01 2.19898099e-05 3.66721074e-04
1.25686919e-01 1.55430860e-04 3.56995288e-04
1.26044758e-01 -5.12322983e-04 3.56261001e-04
1.26402596e-01 -3.61476180e-05 3.59977668e-04
1.26760431e-01 2.63774040e-04 3.45269936e-04
1.27118265e-01 2.28099752e-04 3.52098053e-04
1.27476096e-01 -3.28186874e-05 3.50561219e-04
1.27833925e-01 -9.96457218e-05 3.58885325e-04
1.28191752e-01 9.88039255e-05 3.50109882e-04
1.28549577e-01 2.77353642e-04 3.55712768e-04
1.28907400e-01 -3.53161503e-04 3.57040831e-04
1.29265221e-01 -2.96301415e-05 3.49264380e-04
1.29623040e-01 2.92014023e-05 3.57650646e-04
1.29980856e-01 1.22697909e-04 3.46994843e-04
1.30338670e-01 -9.67794660e-05 3.49534248e-04
1.30696483e-01 -4.32028101e-04 3.39852753e-04
1.31054293e-01 -4.67079833e-04 3.41494965e-04
1.31412101e-01 -4.15398730e-04 3.37935504e-04
1.31769906e-01 -8.33690801e-05 3.44548618e-04
1.32127710e-01 5.43934949e-04 3.47841006e-04
1.32485511e-01 -1.52955976e-04 3.54224879e-04
1.32843311e-01 4.02680465e-04 3.52039926e-04
1.33201108e-01 -1.32528178e-04 3.41560547e-04
1.33558903e-01 -1.53108891e-04 3.48102258e-04
1.33916695e-01 -2.94963903e-04 3.39436196e-04
1.34274486e-01 -1.21884715e-04 3.41362806e-04
1.34632274e-01 4.75022402e-05 3.41958631e-04
1.34990060e-01 -3.05278302e-04 3.38562111e-04
1.35347844e-01 -1.99410557e-04 3.39160669e-04
1.35705626e-01 1.59975454e-04 3.34413358e-04
1.36063405e-01 -1.38912530e-04 3.32167165e-04
1.36421182e-01 1.52957060e-04 3.36220027e-04
1.36778957e-01 -1.16732788e-04 3.41595227e-04
1.37136730e-01 7.15318559e-04 3.39841971e-04
1.37494500e-01 -5.68534289e-04 3.38257144e-04
1.37852269e-01 2.06483566e-04 3.31123173e-04
1.38210034e-01 -6.14881184e-06 3.25459395e-04
1.38567798e-01 3.10198681e-04 3.41699504e-04
1.38925559e-01 2.02688556e-04 3.28522309e-04
1.39283319e-01 -4.35269485e-04 3.27310663e-04
1.39641075e-01 3.63461379e-04 3.31128108e-04
1.39998830e-01 -2.35903679e-04 3.37110128e-04
1.40356582e-01 -2.45911511e-04 3.37264751e-04
1.40714332e-01 -1.44496214e-04 3.33706864e-04
1.41072080e-01 -8.83712022e-05 3.26545354e-04
1.41429825e-01 2.35674671e-04 3.31113496e-04
1.41787568e-01 5.65454621e-05 3.27491977e-04
1.42145308e-01 4.62723553e-04 3.32732095e-04
1.42503047e-01 -2.40343835e-04 3.18476640e-04
1.42860783e-01 -2.27033710e-04 3.23964344e-04
1.43218516e-01 9.28853688e-05 3.22156988e-04
1.43576247e-01 -1.22910580e-04 3.11134574e-04
1.43933976e-01 7.52523118e-05 3.23725615e-04
1.44291703e-01 1.07813005e-04 3.21693103e-04
1.44649427e-01 2.31804261e-04 3.18748733e-04
1.45007149e-01 5.31732043e-04 3.21713291e-04
1.45364868e-01 -3.07588454e-04 3.11798380e-04
1.45722585e-01 3.01176920e-04 3.21778566e-04
1.46080300e-01 1.22452935e-04 3.14350092e-04
1.46438012e-01 3.69638070e-04 3.25814150e-04
1.46795722e-01 6.44628235e-05 3.17518057e-04
1.47153429e-01 5.52691742e-04 3.17316737e-04
1.47511134e-01 2.57800068e-04 3.17843186e-04
1.47868837e-01 2.72531456e-04 3.24965878e-04
1.48226537e-01 -1.79592960e-05 3.13371639e-04
1.48584235e-01 -3.75964495e-04 3.15562786e-04
1.48941930e-01 -2.63238817e-04 3.13191224e-04
1.49299623e-01 -2.14129139e-04 3.07628107e-04
1.49657313e-01 -1.52933935e-04 3.16588594e-04
1.50015001e-01 -9.02614776e-05 3.18277210e-04
1.50372687e-01 -1.60468642e-04 3.15849947e-04
1.50730370e-01 2.54926390e-04 3.14451209e-04
1.51088050e-01 -1.00218175e-04 3.14302284e-04
1.51445728e-01 -8.17533622e-05 3.16142712e-04
1.51803404e-01 -1.94130128e-04 3.13923091e-04
1.52161077e-01 -1.54437532e-04 3.12099397e-04
1.52518747e-01 -2.38447433e-04 3.09008318e-04
1.52876416e-01 2.55197229e-04 3.18169417e-04
1.53234081e-01 4.89452511e-04 3.16847917e-04
1.53591744e-01 -3.00673473e-04 3.03215466e-04
1.53949405e-01 2.83483091e-04 3.14822806e-04
1.54307063e-01 1.54803975e-04 3.12653963e-04
1.54664718e-01 -1.57716911e-04 3.04230702e-04
1.55022371e-01 1.49361034e-04 3.12959956e-04
1.55380021e-01 1.16167899e-04 3.09387240e-04
1.55737669e-01 6.41972817e-05 3.11958921e-04
1.56095314e-01 2.25469662e-04 3.15396343e-04
1.56452957e-01 -2.10915002e-04 3.11413559e-04
1.56810597e-01 -3.32262031e-04 3.04917876e-04
1.57168235e-01 5.05203224e-05 3.08293831e-04
1.57525870e-01 4.12728510e-04 3.06670205e-04
1.57883502e-01 4.20495715e-04 2.99848769e-04
1.58241132e-01 -4.99362245e-04 2.99200524e-04
1.58598759e-01 4.77341597e-05 2.99335923e-04
1.58956384e-01 2.39261701e-04 2.99406613e-04
1.59314006e-01 -6.01461294e-04 3.01153191e-04
1.59671625e-01 4.85361798e-04 3.03954589e-04
1.60029242e-01 -3.18036255e-04 2.97688112e-04
1.60386856e-01 -2.10339704e-04 2.99204422e-04
1.60744468e-01 -4.99771916e-04 2.94776403e-04
1.61102076e-01 2.17495317e-04 2.96521586e-04
1.61459683e-01 3.99530576e-04 2.99022886e-04
1.61817286e-01 -1.28913089e-04 3.00184139e-04
1.62174887e-01 -1.56386293e-06 2.96629145e-04
1.62532485e-01 -8.55948863e-05 3.00288411e-04
1.62890081e-01 -3.81971022e-04 2.97554446e-04
1.63247674e-01 1.54183756e-04 2.97903886e-04
1.63605264e-01 -3.62584665e-04 2.93149427e-04
1.63962852e-01 -2.47199789e-04 2.97315896e-04
1.64320437e-01 2.17265234e-04 2.95083697e-04
1.64678019e-01 2.32085673e-04 3.01491963e-04
1.65035598e-01 1.49398906e-04 2.97926651e-04
1.65393175e-01 5.37024203e-04 3.02980195e-04
1.65750749e-01 4.75230268e-04 2.98232197e-04
1.66108320e-01 -3.48499949e-04 2.97742570e-04
1.66465889e-01 -2.27720163e-04 2.91853134e-04
1.66823455e-01 -4.90737065e-04 2.94485981e-04
1.67181018e-01 7.55636997e-05 2.90976598e-04
1.67538578e-01 -5.68993963e-04 2.87976654e-04
1.67896136e-01 -4.31791701e-04 2.88962363e-04
1.68253691e-01 6.30865316e-05 2.90981937e-04
1.68611243e-01 -1.08969418e-04 2.92405244e-04
1.68968792e-01 1.39226493e-04 2.83831416e-04
1.69326339e-01 -3.15700615e-04 2.85044969e-04
1.69683883e-01 3.02219034e-04 2.89844328e-04
1.70041424e-01 2.75123331e-04 2.85776919e-04
1.70398962e-01 2.84481907e-04 2.92357116e-04
1.70756497e-01 4.16627281e-04 2.85759615e-04
1.71114030e-01 -1.65426582e-04 2.84649073e-04
1.71471560e-01 -8.33217204e-05 2.85802630e-04
1.71829087e-01 -9.74189597e-05 2.81763064e-04
1.72186611e-01 1.11552052e-04 2.90993965e-04
1.72544132e-01 6.67668324e-05 2.90447098e-04
1.72901651e-01 -3.82580366e-04 2.91479116e-04
1.73259167e-01 6.09930897e-05 2.86646423e-04
1.73616679e-01 2.79919002e-04 2.93139344e-04
1.73974189e-01 2.24298432e-04 2.84453882e-04
1.74331697e-01 -3.77340826e-04 2.82412330e-04
1.74689201e-01 4.83431532e-04 2.82770438e-04
1.75046702e-01 -1.20672853e-04 2.79006320e-04
1.75404201e-01 -2.39461493e-05 2.77301269e-04
1.75761697e-01 -8.83076516e-06 2.82693832e-04
1.76119189e-01 -6.01332785e-06 2.78052227e-04
1.76476679e-01 1.93448146e-04 2.88011393e-04
1.76834166e-01 -2.51769823e-04 2.79842890e-04
1.77191650e-01 4.58583964e-04 2.82644686e-04
1.77549132e-01 4.36257685e-04 2.81213620e-04
1.77906610e-01 3.09002817e-04 2.84185410e-04
1.78264085e-01 -5.81188069e-06 2.76958635e-04
1.78621558e-01 4.10316855e-05 2.73872473e-04
1.78979027e-01 5.47889708e-04 2.73987414e-04
1.79336494e-01 1.69206697e-04 2.81885634e-04
1.79693958e-01 -1.68379188e-04 2.76550171e-04
1.80051418e-01 1.56170368e-04 2.77556985e-04
1.80408876e-01 2.88688169e-04 2.77893462e-04
1.80766331e-01 1.37318735e-04 2.73782256e-04
1.81123783e-01 -1.06068471e-04 2.83450510e-04
1.81481232e-01 1.71337331e-04 2.76929129e-04
1.81838677e-01 -7.00558558e-05 2.83250223e-04
1.82196120e-01 7.73776699e-05 2.81073839e-04
1.82553560e-01 1.78610411e-04 2.84763904e-04
1.82910997e-01 1.66019054e-04 2.79852654e-04
1.83268431e-01 -2.76115359e-04 2.87345794e-04
1.83625862e-01 -2.23338719e-04 2.81105763e-04
1.83983290e-01 5.36680630e-05 2.81798394e-04
1.84340715e-01 4.50194807e-06 2.84986512e-04
1.84698137e-01 -2.24843688e-04 2.83481617e-04
1.85055556e-01 3.33784011e-04 2.81441580e-04
1.85412971e-01 2.43215166e-04 2.82940541e-04
1.85770384e-01 1.44689243e-04 2.83746986e-04
1.86127794e-01 -1.55320482e-04 2.88328132e-04
1.86485200e-01 9.75903623e-05 2.84823278e-04
1.86842604e-01 -1.78988228e-04 2.73512381e-04
1.87200005e-01 -7.41918153e-05 2.79758342e-04
1.87557402e-01 1.43148556e-04 2.81868539e-04
1.87914797e-01 3.92403033e-04 2.67112555e-04
1.88272188e-01 3.15125741e-04 2.70649857e-04
1.88629576e-01 3.14863090e-04 2.73066671e-04
1.88986961e-01 -7.83138927e-05 2.76789513e-04
1.89344343e-01 -5.19094918e-05 2.66242973e-04
1.89701722e-01 3.07693861e-04 2.70918955e-04
1.90059098e-01 1.13530329e-04 2.74261578e-04
1.90416471e-01 1.51466416e-04 2.73785923e-04
1.90773840e-01 8.54379659e-05 2.70290704e-04
1.91131207e-01 1.19881700e-04 2.70231905e-04
1.91488570e-01 -2.87500784e-04 2.70044612e-04
1.91845930e-01 -2.33952677e-05 2.71943055e-04
1.92203287e-01 3.04595431e-04 2.75925206e-04
1.92560641e-01 3.82633266e-04 2.75835511e-04
1.92917992e-01 1.30057770e-04 2.65059053e-04
1.93275340e-01 -2.09901202e-04 2.69264395e-04
1.93632684e-01 -3.28723979e-04 2.65915929e-04
1.93990025e-01 -2.76149044e-04 2.65847016e-04
1.94347363e-01 -1.83577479e-04 2.66881070e-04
1.94704698e-01 2.25462586e-04 2.75007869e-04
1.95062030e-01 -1.27989853e-04 2.71606456e-04
1.95419358e-01 1.44897892e-04 2.70015552e-04
1.95776684e-01 1.42986480e-04 2.71742233e-04
1.96134006e-01 -4.82069536e-04 2.69857256e-04
1.96491324e-01 -4.18510907e-04 2.74237449e-04
1.96848640e-01 2.84998436e-04 2.71633643e-04
1.97205953e-01 1.75933997e-04 2.72362365e-04
1.97563262e-01 -2.80674821e-04 2.71936028e-04
1.97920568e-01 2.49021879e-04 2.75444553e-04
1.98277870e-01 -3.34428147e-04 2.78004247e-04
1.98635170e-01 -1.69505361e-04 2.70988833e-04
1.98992466e-01 -3.97730817e-04 2.70305312e-04
1.99349759e-01 -4.59236992e-04 2.72629269e-04
1.99707049e-01 2.15775622e-04 2.70945250e-04
2.00064335e-01 2.55366679e-04 2.66431522e-04
2.00421618e-01 8.99143829e-05 2.66938766e-04
2.00778898e-01 3.21300473e-04 2.64091156e-04
2.01136174e-01 2.87625939e-04 2.67552325e-04
2.01493448e-01 1.62603203e-04 2.62082887e-04
2.01850718e-01 8.38923199e-05 2.62407274e-04
2.02207984e-01 -1.15187748e-04 2.61412531e-04
2.02565248e-01 -1.53907361e-04 2.54551208e-04
2.02922508e-01 -3.84502744e-05 2.65572910e-04
2.03279764e-01 -1.57615905e-04 2.56752002e-04
2.03637018e-01 2.61239704e-04 2.64152718e-04
2.03994268e-01 3.55159797e-04 2.55600367e-04
2.04351514e-01 -3.68543035e-04 2.60197243e-04
2.04708758e-01 1.27818429e-04 2.57937655e-04
2.05065998e-01 3.43210376e-05 2.58486771e-04
2.05423234e-01 1.08184642e-04 2.65173441e-04
2.05780467e-01 3.62753967e-04 2.56459814e-04
2.06137697e-01 2.96714373e-04 2.56671841e-04
2.06494924e-01 9.84577337e-05 2.56034813e-04
2.06852147e-01 2.21482701e-04 2.60213713e-04
2.07209367e-01 1.32223996e-04 2.59375608e-04
2.07566583e-01 3.92789888e-04 2.56361042e-04
2.07923796e-01 3.42929478e-06 2.61905770e-04
2.08281005e-01 3.90421819e-04 2.65005375e-04
2.08638211e-01 6.28423331e-05 2.57634702e-04
2.08995414e-01 -2.62092398e-04 2.54583126e-04
2.09352613e-01 8.79989269e-06 2.59398037e-04
2.09709809e-01 1.32182745e-05 2.51586155e-04
2.10067002e-01 -8.04782736e-05 2.51863093e-04
2.10424191e-01 -8.71311958e-05 2.53979009e-04
2.10781376e-01 1.44319613e-04 2.51275121e-04
2.11138558e-01 2.42643690e-04 2.54475742e-04
2.11495737e-01 2.72239918e-04 2.50546694e-04
2.11852912e-01 1.37272684e-04 2.55569531e-04
2.12210084e-01 5.58555905e-04 2.54194342e-04
2.12567252e-01 6.38861113e-05 2.51594094e-04
2.12924416e-01 -1.14085112e-04 2.49637220e-04
2.13281578e-01 3.35042763e-04 2.48787774e-04
2.13638735e-01 -6.86607417e-05 2.45841517e-04
2.13995890e-01 5.45880093e-04 2.50266735e-04
2.14353040e-01 -9.62387927e-06 2.51714352e-04
2.14710188e-01 -4.42481898e-05 2.51687599e-04
2.15067331e-01 5.76599220e-05 2.50270140e-04
2.15424471e-01 3.54576304e-04 2.46920146e-04
2.15781608e-01 -2.95011232e-04 2.47575792e-04
2.16138741e-01 1.86930089e-04 2.48208602e-04
2.16495871e-01 1.35548314e-04 2.47840682e-04
2.16852997e-01 1.91056903e-04 2.50368124e-04
2.17210119e-01 -3.89744484e-04 2.45829073e-04
2.17567238e-01 1.52480268e-04 2.47233321e-04
2.17924354e-01 1.84558691e-04 2.41614637e-04
2.18281465e-01 1.95152175e-05 2.39447571e-04
2.18638574e-01 -5.08616819e-04 2.40345227e-04
2.18995678e-01 -7.51458766e-05 2.47341639e-04
2.19352779e-01 1.19006312e-04 2.46236654e-04
2.19709877e-01 -1.64182677e-04 2.49062354e-04
2.20066971e-01 -2.90930250e-04 2.47590455e-04
2.20424061e-01 -1.77255879e-04 2.41203272e-04
2.20781147e-01 2.46209649e-05 2.37274190e-04
2.21138230e-01 -4.57798118e-04 2.36782552e-04
2.21495310e-01 4.43328076e-04 2.39354922e-04
2.21852386e-01 2.60016632e-04 2.41263767e-04
2.22209458e-01 -1.23420949e-04 2.39848854e-04
2.22566526e-01 1.82079556e-05 2.37628076e-04
2.22923591e-01 6.99640544e-05 2.40671338e-04
2.23280652e-01 -2.41527187e-04 2.38286084e-04
2.23637710e-01 1.41054625e-05 2.36640220e-04
2.23994764e-01 2.78154884e-04 2.39418709e-04
2.24351814e-01 -3.10365127e-05 2.34504092e-04
2.24708861e-01 -2.30443946e-04 2.39308528e-04
2.25065904e-01 -8.32937380e-05 2.38881788e-04
2.25422943e-01 -1.95129089e-04 2.36827841e-04
2.25779978e-01 8.68739247e-05 2.37299172e-04
2.26137010e-01 1.21869932e-04 2.39363019e-04
2.26494038e-01 1.59633532e-04 2.34754632e-04
2.26851063e-01 -4.01333442e-04 2.36950931e-04
2.27208083e-01 5.80671841e-05 2.35907437e-04
2.27565100e-01 -3.41682859e-04 2.34547306e-04
2.27922114e-01 3.14779666e-05 2.35480319e-04
2.28279123e-01 -1.24830455e-04 2.38406148e-04
2.28636129e-01 -1.50629207e-04 2.33955616e-04
2.28993131e-01 1.16782912e-05 2.34742965e-04
2.29350129e-01 -4.72933108e-04 2.31238025e-04
2.29707124e-01 -5.46261064e-05 2.29446222e-04
2.30064115e-01 -2.67195914e-04 2.30055468e-04
2.30421102e-01 -1.71191574e-04 2.33082363e-04
2.30778085e-01 -3.36589366e-04 2.35889548e-04
2.31135064e-01 1.63134422e-04 2.33772022e-04
2.31492040e-01 7.49765245e-05 2.33503994e-04
2.31849012e-01 4.03412657e-04 2.29396731e-04
2.32205980e-01 -1.30611929e-04 2.29711358e-04
2.32562944e-01 1.06342620e-04 2.33729783e-04
2.32919905e-01 -1.72210439e-04 2.31063483e-04
2.33276862e-01 8.97926821e-05 2.34776780e-04
2.33633814e-01 -1.16346498e-04 2.36034677e-04
2.33990763e-01 -3.18166356e-04 2.31327287e-04
2.34347709e-01 8.80864002e-06 2.28769059e-04
2.34704650e-01 -1.43715391e-04 2.22911295e-04
2.35061588e-01 -1.44620953e-04 2.27213153e-04
2.35418521e-01 -1.88653898e-05 2.28411554e-04
2.35775451e-01 4.87073834e-04 2.31131642e-04
2.36132377e-01 -1.70810449e-04 2.26867854e-04
2.36489299e-01 1.66975841e-04 2.29655713e-04
2.36846218e-01 8.20788077e-05 2.26372502e-04
2.37203132e-01 -4.14718248e-04 2.24106155e-04
2.37560042e-01 -4.33505435e-04 2.30691485e-04
2.37916949e-01 2.45237819e-04 2.29428960e-04
2.38273852e-01 1.52598421e-05 2.24542475e-04
2.38630751e-01 -1.37415027e-04 2.24147422e-04
2.38987645e-01 1.33050574e-04 2.28456146e-04
2.39344537e-01 -4.30432880e-05 2.23057729e-04
2.39701424e-01 3.29888054e-04 2.26067853e-04
2.40058307e-01 2.26572703e-05 2.20724337e-04
2.40415186e-01 -2.84493908e-04 2.22545379e-04
2.40772061e-01 -1.85370396e-04 2.21949581e-04
2.41128933e-01 -1.17741568e-04 2.23606635e-04
2.41485800e-01 2.12441923e-05 2.22197436e-04
2.41842664e-01 3.51840478e-04 2.28483929e-04
2.42199523e-01 2.75783985e-04 2.19787621e-04
2.42556379e-01 -2.54794132e-04 2.20028298e-04
2.42913230e-01 -2.71346816e-06 2.22673575e-04
2.43270078e-01 4.30877608e-05 2.24202288e-04
2.43626922e-01 -1.22365283e-04 2.20495182e-04
2.43983761e-01 2.36884010e-04 2.22276870e-04
2.44340597e-01 -1.02600612e-04 2.16746702e-04
2.44697429e-01 5.91979524e-05 2.19277846e-04
2.45054256e-01 1.26212658e-04 2.18872099e-04
2.45411080e-01 3.17299249e-04 2.19013568e-04
2.45767900e-01 -2.57583986e-04 2.17760820e-04
2.46124715e-01 1.89486946e-04 2.22216211e-04
2.46481527e-01 -3.33133956e-04 2.14057438e-04
2.46838334e-01 1.12090363e-04 2.17768644e-04
2.47195138e-01 2.07629030e-04 2.17128949e-04
2.47551938e-01 6.56674893e-06 2.14168096e-04
2.47908733e-01 3.30531001e-04 2.19753820e-04
2.48265524e-01 -6.32774057e-05 2.15838985e-04
2.48622312e-01 1.44299247e-04 2.18229055e-04
2.48979095e-01 -1.59091508e-05 2.17689045e-04
2.49335874e-01 -1.32586029e-04 2.12810193e-04
2.49692649e-01 1.96890510e-04 2.17172049e-04
2.50049420e-01 -2.67034881e-04 2.15098245e-04
2.50406187e-01 -3.58840611e-04 2.16468053e-04
2.50762950e-01 1.01123645e-04 2.18917653e-04
2.51119709e-01 -1.93332811e-06 2.15227694e-04
2.51476464e-01 2.61387924e-05 2.17069516e-04
2.51833214e-01 -1.02237023e-04 2.14799933e-04
2.52189961e-01 -1.62450397e-04 2.17353818e-04
2.52546703e-01 -2.98897196e-04 2.11659122e-04
2.52903441e-01 1.48012126e-04 2.11944187e-04
2.53260175e-01 4.70717852e-05 2.10314680e-04
2.53616905e-01 -1.16248681e-04 2.09798948e-04
2.53973631e-01 -1.66950492e-04 2.09424751e-04
2.54330352e-01 -1.69544317e-04 2.13875711e-04
2.54687070e-01 2.43865808e-05 2.12891263e-04
2.55043783e-01 7.06173765e-05 2.15812658e-04
2.55400492e-01 8.75384791e-05 2.15132812e-04
2.55757197e-01 -2.09261591e-04 2.09101189e-04
2.56113898e-01 2.27040794e-04 2.13120572e-04
2.56470595e-01 -1.41767897e-04 2.08081299e-04
2.56827287e-01 -3.63709073e-05 2.12820467e-04
2.57183975e-01 1.43734199e-04 2.13323230e-04
2.57540659e-01 1.60967310e-04 2.18423472e-04
2.57897339e-01 8.53721300e-05 2.14987001e-04
2.58254014e-01 1.84271471e-04 2.11746936e-04
2.58610686e-01 -6.69883986e-05 2.12351513e-04
2.58967353e-01 2.26915644e-04 2.13484941e-04
2.59324016e-01 -3.80262129e-04 2.12024067e-04
2.59680674e-01 -2.62416410e-04 2.13947048e-04
2.60037329e-01 4.89151277e-05 2.14673347e-04
2.60393979e-01 -2.19551723e-04 2.19093806e-04
2.60750625e-01 -1.63830492e-04 2.18360962e-04
2.61107266e-01 -2.46485761e-04 2.17947285e-04
2.61463904e-01 -1.25792599e-04 2.16471911e-04
2.61820537e-01 2.18099145e-05 2.14212949e-04
2.62177166e-01 1.76407967e-04 2.13439677e-04
2.62533790e-01 -7.65442913e-05 2.16047639e-04
2.62890410e-01 -9.85087453e-05 2.15872582e-04
2.63247026e-01 -7.94728614e-06 2.13938767e-04
2.63603638e-01 -2.03826962e-04 2.13317922e-04
2.63960245e-01 -1.65917200e-05 2.14933802e-04
2.64316848e-01 -1.11601536e-05 2.13649565e-04
2.64673447e-01 -2.04191682e-06 2.15183483e-04
2.65030042e-01 3.92915119e-04 2.14649132e-04
2.65386632e-01 -3.66617730e-05 2.12890432e-04
2.65743217e-01 -3.30690278e-04 2.14903868e-04
2.66099799e-01 2.47590665e-04 2.13740204e-04
2.66456376e-01 -3.74465983e-05 2.11506314e-04
2.66812948e-01 4.27395504e-05 2.15153587e-04
2.67169517e-01 -1.49125819e-04 2.11829825e-04
2.67526081e-01 1.54936381e-04 2.17409752e-04
2.67882640e-01 1.94349706e-04 2.20103045e-04
2.68239195e-01 -1.60885783e-05 2.13765913e-04
2.68595746e-01 -2.46049712e-05 2.19047269e-04
2.68952293e-01 -2.30869635e-04 2.13041513e-04
2.69308835e-01 6.98485217e-05 2.21120019e-04
2.69665372e-01 1.33949165e-04 2.21098046e-04
2.70021906e-01 2.01502027e-04 2.14717289e-04
2.70378435e-01 -1.96805053e-04 2.20725031e-04
2.70734959e-01 -2.03483190e-04 2.16959179e-04
2.71091479e-01 -8.78952629e-05 2.25423621e-04
2.71447995e-01 2.32706232e-04 2.26437004e-04
2.71804506e-01 1.61892813e-04 2.17706879e-04
2.72161012e-01 3.02958220e-04 2.25519864e-04
2.72517515e-01 2.93800513e-05 2.27077126e-04
2.72874012e-01 -3.23578246e-04 2.22912633e-04
