1.54026655e-02 5.10467069e-03 1.73720207e-03
1.57608633e-02 6.36626501e-03 1.71517659e-03
1.61190608e-02 4.26886033e-03 1.41668953e-03
1.64772580e-02 5.40101265e-03 1.50324030e-03
1.68354550e-02 4.02639239e-03 1.44376705e-03
1.71936517e-02 6.10162622e-03 1.35618787e-03
1.75518481e-02 5.75883594e-03 1.34332918e-03
1.79100442e-02 6.89096165e-03 1.34576859e-03
1.82682400e-02 6.20423211e-03 1.31232956e-03
1.86264355e-02 2.90408483e-03 1.19596268e-03
1.89846308e-02 4.38337687e-03 1.27419635e-03
1.93428257e-02 6.35804433e-03 1.15489356e-03
1.97010202e-02 7.13639332e-03 1.11699142e-03
2.00592145e-02 6.75109063e-03 1.06502214e-03
2.04174084e-02 6.60430989e-03 1.05253119e-03
2.07756020e-02 7.95464746e-03 1.07364949e-03
2.11337953e-02 6.92730817e-03 1.06926700e-03
2.14919882e-02 3.83510892e-03 1.02697771e-03
2.18501808e-02 5.25986168e-03 1.06708690e-03
2.22083729e-02 5.45824392e-03 1.06681764e-03
2.25665648e-02 6.01963946e-03 9.79091823e-04
2.29247562e-02 6.14579351e-03 9.64602348e-04
2.32829473e-02 6.00862627e-03 9.57568633e-04
2.36411380e-02 5.58915066e-03 9.62622378e-04
2.39993283e-02 6.02716504e-03 9.40863163e-04
2.43575182e-02 4.63749755e-03 9.35947985e-04
2.47157077e-02 7.48627310e-03 8.88688875e-04
2.50738968e-02 6.55463282e-03 8.84379891e-04
2.54320855e-02 6.37680656e-03 9.11402738e-04
2.57902738e-02 7.04785312e-03 9.03625462e-04
2.61484617e-02 5.24470263e-03 8.79122202e-04
2.65066491e-02 6.70166457e-03 8.84545703e-04
2.68648361e-02 7.37268442e-03 8.23643588e-04
2.72230226e-02 7.43171864e-03 8.81378958e-04
2.75812087e-02 5.98286034e-03 8.81511882e-04
2.79393943e-02 7.01439244e-03 8.56173359e-04
2.82975795e-02 6.73495595e-03 7.64242983e-04
2.86557642e-02 6.66641740e-03 8.53248878e-04
2.90139485e-02 8.76347992e-03 8.38269932e-04
2.93721323e-02 6.79204193e-03 8.37017321e-04
2.97303155e-02 5.07974334e-03 8.22087919e-04
3.00884983e-02 5.60053577e-03 8.35597877e-04
3.04466806e-02 5.98711120e-03 8.33969853e-04
3.08048624e-02 6.63626087e-03 8.33065370e-04
3.11630437e-02 7.70296851e-03 8.30134438e-04
3.15212245e-02 5.27338641e-03 8.11700947e-04
3.18794048e-02 6.25807767e-03 8.46493445e-04
3.22375845e-02 6.46114008e-03 8.00621554e-04
3.25957637e-02 5.32165572e-03 8.11582692e-04
3.29539424e-02 6.83784747e-03 8.24737462e-04
3.33121205e-02 6.06822090e-03 8.00606821e-04
3.36702981e-02 6.52230805e-03 7.71421560e-04
3.40284751e-02 6.44987683e-03 7.84644151e-04
3.43866516e-02 6.49224958e-03 8.30508262e-04
3.47448275e-02 4.47913585e-03 7.77769060e-04
3.51030028e-02 5.96922760e-03 7.29895389e-04
3.54611775e-02 5.19607423e-03 7.62849747e-04
3.58193517e-02 5.48006182e-03 7.41682040e-04
3.61775253e-02 5.61098040e-03 7.09514484e-04
3.65356983e-02 5.42090144e-03 7.72068599e-04
3.68938706e-02 5.51737739e-03 7.15372644e-04
3.72520424e-02 5.00318322e-03 7.53225032e-04
3.76102136e-02 6.40441536e-03 7.55003955e-04
3.79683841e-02 6.19574708e-03 6.96631692e-04
3.83265540e-02 5.56815741e-03 7.37845723e-04
3.86847233e-02 5.25172893e-03 6.90015714e-04
3.90428920e-02 6.81013781e-03 7.25384466e-04
3.94010600e-02 5.62261951e-03 7.03749740e-04
3.97592273e-02 4.34976426e-03 6.56851076e-04
4.01173941e-02 5.65205255e-03 6.90127842e-04
4.04755601e-02 5.48749888e-03 6.92417171e-04
4.08337255e-02 5.53664995e-03 6.63826983e-04
4.11918902e-02 5.48231266e-03 6.53135134e-04
4.15500542e-02 4.71024996e-03 6.43842693e-04
4.19082176e-02 6.46517635e-03 6.82373634e-04
4.22663802e-02 6.40369003e-03 7.19857933e-04
4.26245422e-02 4.81521846e-03 7.10422715e-04
4.29827034e-02 4.24457353e-03 7.06584179e-04
4.33408640e-02 4.85206731e-03 7.08074143e-04
4.36990238e-02 5.35228282e-03 6.65260405e-04
4.40571830e-02 4.51012621e-03 7.00844156e-04
4.44153414e-02 6.16871804e-03 6.63226006e-04
4.47734990e-02 5.74857855e-03 6.74710026e-04
4.51316560e-02 4.72718030e-03 6.77013427e-04
4.54898122e-02 5.35504747e-03 6.56172916e-04
4.58479676e-02 5.60737071e-03 6.78210979e-04
4.62061223e-02 5.25635994e-03 6.64157555e-04
4.65642762e-02 5.16756571e-03 6.65070443e-04
4.69224294e-02 5.61588197e-03 6.99473763e-04
4.72805818e-02 5.36850000e-03 6.89845448e-04
4.76387334e-02 5.70044263e-03 7.28045917e-04
4.79968842e-02 4.89320365e-03 6.23976813e-04
4.83550342e-02 3.53290405e-03 6.19661762e-04
4.87131835e-02 4.42119077e-03 6.43202780e-04
4.90713319e-02 4.27482669e-03 6.11406655e-04
4.94294795e-02 4.88185616e-03 6.28790800e-04
4.97876264e-02 5.34704488e-03 6.19751427e-04
5.01457724e-02 4.75480492e-03 6.28239072e-04
5.05039175e-02 4.97494092e-03 6.42098484e-04
5.08620619e-02 5.89120441e-03 6.03940649e-04
5.12202054e-02 4.45382169e-03 6.08045337e-04
5.15783481e-02 5.06966257e-03 6.01988702e-04
5.19364899e-02 5.06497401e-03 6.25649717e-04
5.22946308e-02 4.05294488e-03 5.96267450e-04
5.26527709e-02 4.16035956e-03 5.85819513e-04
5.30109102e-02 3.90080354e-03 5.89893262e-04
5.33690485e-02 3.81818558e-03 5.68796764e-04
5.37271860e-02 4.22373275e-03 5.71855504e-04
5.40853226e-02 5.32348619e-03 5.78713152e-04
5.44434583e-02 4.86911484e-03 5.73985085e-04
5.48015932e-02 4.74640708e-03 5.82496915e-04
5.51597271e-02 4.53458171e-03 5.85450004e-04
5.55178601e-02 4.27554268e-03 5.82253587e-04
5.58759922e-02 4.75871289e-03 5.58359924e-04
5.62341234e-02 3.89282532e-03 5.89027833e-04
5.65922536e-02 5.00468995e-03 5.69871216e-04
5.69503829e-02 4.17004914e-03 5.62471427e-04
5.73085113e-02 3.55724924e-03 5.76623856e-04
5.76666388e-02 4.08398044e-03 5.86924724e-04
5.80247653e-02 4.09324172e-03 5.79882724e-04
5.83828908e-02 4.87221058e-03 5.29002763e-04
5.87410154e-02 3.56151968e-03 5.59222129e-04
5.90991390e-02 4.23844396e-03 5.45213413e-04
5.94572616e-02 3.89005503e-03 5.70511342e-04
5.98153833e-02 4.96407048e-03 5.51557264e-04
6.01735040e-02 3.65307489e-03 5.41246802e-04
6.05316237e-02 4.88809415e-03 5.41908248e-04
6.08897424e-02 3.87082601e-03 5.37597179e-04
6.12478600e-02 3.23477478e-03 5.38306939e-04
6.16059767e-02 3.78919538e-03 5.23260196e-04
6.19640924e-02 4.05876488e-03 5.26976070e-04
6.23222071e-02 3.62118022e-03 5.10841018e-04
6.26803207e-02 3.77875628e-03 5.29782539e-04
6.30384333e-02 5.18943383e-03 5.39136061e-04
6.33965448e-02 3.55298617e-03 5.12185970e-04
6.37546554e-02 3.57215099e-03 5.34948423e-04
6.41127648e-02 4.30923781e-03 5.36100036e-04
6.44708732e-02 4.31227658e-03 5.21526384e-04
6.48289806e-02 4.32070998e-03 5.26543945e-04
6.51870869e-02 2.51145848e-03 5.20825709e-04
6.55451921e-02 3.82837529e-03 5.14042275e-04
6.59032962e-02 2.91266215e-03 5.13959832e-04
6.62613993e-02 3.53660302e-03 5.12730856e-04
6.66195012e-02 2.88179388e-03 4.96341341e-04
6.69776021e-02 2.78048511e-03 5.17371415e-04
6.73357019e-02 2.58235119e-03 4.89478203e-04
6.76938005e-02 3.21521663e-03 5.01529210e-04
6.80518981e-02 3.38370790e-03 4.81889612e-04
6.84099945e-02 3.70339811e-03 4.93593594e-04
6.87680898e-02 3.54941580e-03 5.06971951e-04
6.91261840e-02 3.43506187e-03 4.90537801e-04
6.94842770e-02 3.11327933e-03 4.80694483e-04
6.98423689e-02 3.25445025e-03 4.73748595e-04
7.02004596e-02 4.03286824e-03 4.92362875e-04
7.05585492e-02 1.93880042e-03 4.79073727e-04
7.09166377e-02 2.57505588e-03 4.86478665e-04
7.12747249e-02 2.57885689e-03 4.80080680e-04
7.16328110e-02 3.55003533e-03 4.80277472e-04
7.19908959e-02 3.44431182e-03 4.84987689e-04
7.23489796e-02 2.31469633e-03 4.78018154e-04
7.27070622e-02 2.06060461e-03 4.69609687e-04
7.30651435e-02 2.96794148e-03 4.66864266e-04
7.34232237e-02 2.76899895e-03 4.78903480e-04
7.37813026e-02 3.11339719e-03 4.73970933e-04
7.41393803e-02 4.09492063e-03 4.76032350e-04
7.44974568e-02 3.47252579e-03 4.60508763e-04
7.48555321e-02 3.80409716e-03 4.67726701e-04
7.52136061e-02 2.94635862e-03 4.68365717e-04
7.55716789e-02 2.69921859e-03 4.73107706e-04
7.59297505e-02 2.57172525e-03 4.52581453e-04
7.62878208e-02 3.58210248e-03 4.72714167e-04
7.66458899e-02 2.95176782e-03 4.59031042e-04
7.70039577e-02 2.46061315e-03 4.70560445e-04
7.73620242e-02 2.40947486e-03 4.62635607e-04
7.77200895e-02 2.63582579e-03 4.63824941e-04
7.80781535e-02 2.45076927e-03 4.50910651e-04
7.84362162e-02 1.89140848e-03 4.54502510e-04
7.87942776e-02 2.54684977e-03 4.62366200e-04
7.91523377e-02 1.44990098e-03 4.51556327e-04
7.95103965e-02 2.19434878e-03 4.57131245e-04
7.98684540e-02 1.96378279e-03 4.54340540e-04
8.02265102e-02 1.79727890e-03 4.53431627e-04
8.05845651e-02 2.28055786e-03 4.49138392e-04
8.09426186e-02 1.72100845e-03 4.47163748e-04
8.13006709e-02 2.23045272e-03 4.55915186e-04
8.16587217e-02 2.32262982e-03 4.54657922e-04
8.20167713e-02 2.22052979e-03 4.57112088e-04
8.23748195e-02 2.17545229e-03 4.52185990e-04
8.27328663e-02 3.72961256e-03 4.43594364e-04
8.30909118e-02 2.94589547e-03 4.39929420e-04
8.34489559e-02 2.73328934e-03 4.53271669e-04
8.38069986e-02 1.95753410e-03 4.48549010e-04
8.41650400e-02 1.49166198e-03 4.26110040e-04
8.45230800e-02 1.63460482e-03 4.34179791e-04
8.48811185e-02 1.92856820e-03 4.55377126e-04
8.52391557e-02 1.78788966e-03 4.40113243e-04
8.55971915e-02 2.43803808e-03 4.49356148e-04
8.59552259e-02 1.97333886e-03 4.25945320e-04
8.63132589e-02 1.55230731e-03 4.53378534e-04
8.66712904e-02 1.31753825e-03 4.38051709e-04
8.70293205e-02 1.59940574e-03 4.48656031e-04
8.73873492e-02 1.87391136e-03 4.25350045e-04
8.77453765e-02 1.83324401e-03 4.34699012e-04
8.81034023e-02 1.44851308e-03 4.33316255e-04
8.84614267e-02 1.03829554e-03 4.28958969e-04
8.88194496e-02 1.82060571e-03 4.36456579e-04
8.91774710e-02 2.92664488e-03 4.35113662e-04
8.95354910e-02 1.82781852e-03 4.32326476e-04
8.98935095e-02 1.03868806e-03 4.35094177e-04
9.02515266e-02 1.57758342e-03 4.26075564e-04
9.06095421e-02 1.72417154e-03 4.38711924e-04
9.09675562e-02 1.44295682e-03 4.47211159e-04
9.13255687e-02 1.79915561e-03 4.32620380e-04
9.16835798e-02 1.56099506e-03 4.38223310e-04
9.20415894e-02 2.03305015e-03 4.43526216e-04
9.23995974e-02 2.02711493e-03 4.39614250e-04
9.27576039e-02 1.57743779e-03 4.34021538e-04
9.31156089e-02 8.48341157e-04 4.31136070e-04
9.34736124e-02 1.94498281e-03 4.32780916e-04
9.38316143e-02 1.45246843e-03 4.23868483e-04
9.41896147e-02 9.97735203e-04 4.23184011e-04
9.45476136e-02 1.29490031e-03 4.28229490e-04
9.49056108e-02 1.18370229e-03 4.23343730e-04
9.52636066e-02 2.19883562e-03 4.12088969e-04
9.56216007e-02 1.67828219e-03 4.16987002e-04
9.59795933e-02 1.13343620e-03 4.08805972e-04
9.63375843e-02 8.36527046e-04 4.11277145e-04
9.66955738e-02 4.20454700e-04 4.02999608e-04
9.70535616e-02 1.23645490e-03 4.04699566e-04
9.74115478e-02 1.41276487e-03 4.15569294e-04
9.77695325e-02 1.36090111e-03 4.09606626e-04
9.81275155e-02 1.42362190e-03 4.08974496e-04
9.84854969e-02 7.97754798e-04 4.20155901e-04
9.88434768e-02 1.39602693e-03 4.12980279e-04
9.92014549e-02 1.53526233e-03 3.89688526e-04
9.95594315e-02 8.33075467e-04 4.04792629e-04
9.99174064e-02 9.81589981e-04 4.02644469e-04
1.00275380e-01 3.49448849e-04 3.96610029e-04
1.00633351e-01 7.37459594e-04 3.87249084e-04
1.00991321e-01 1.28361682e-03 3.95639559e-04
1.01349290e-01 9.22398742e-04 3.90013748e-04
1.01707256e-01 7.22317273e-04 3.88959882e-04
1.02065221e-01 4.97388516e-04 4.09061496e-04
1.02423184e-01 1.41059743e-03 4.04083807e-04
1.02781146e-01 1.76362969e-03 3.88970123e-04
1.03139106e-01 7.75725024e-04 3.90394955e-04
1.03497064e-01 1.08319379e-03 3.87807673e-04
1.03855021e-01 1.83483200e-03 3.96643107e-04
1.04212976e-01 1.10563017e-03 3.76202923e-04
1.04570929e-01 8.17672717e-04 3.89748536e-04
1.04928880e-01 8.99450883e-04 4.01643226e-04
1.05286830e-01 1.44097684e-03 4.03065024e-04
1.05644778e-01 6.56753092e-04 4.00032778e-04
1.06002724e-01 5.17894730e-04 3.90874510e-04
1.06360668e-01 2.11391091e-04 3.96551419e-04
1.06718611e-01 1.06077746e-03 4.04306430e-04
1.07076552e-01 7.28203046e-04 4.01714677e-04
1.07434491e-01 1.36920436e-03 3.98669271e-04
1.07792429e-01 1.25881766e-03 3.95243942e-04
1.08150364e-01 1.59426551e-03 4.04436793e-04
1.08508298e-01 1.05623653e-03 4.07822925e-04
1.08866230e-01 1.45184330e-03 4.10188939e-04
1.09224160e-01 1.63926877e-03 3.96358706e-04
1.09582089e-01 5.89509763e-04 4.04715218e-04
1.09940016e-01 1.23442846e-03 4.02355388e-04
1.10297941e-01 4.50640650e-04 3.96301593e-04
1.10655864e-01 5.19087024e-04 3.95442981e-04
1.11013785e-01 1.32791933e-03 3.82579636e-04
1.11371704e-01 5.20817815e-04 3.92981260e-04
1.11729622e-01 1.20169706e-03 4.03638707e-04
1.12087538e-01 2.77759429e-04 3.88727419e-04
1.12445452e-01 9.51361168e-04 3.89125939e-04
1.12803364e-01 9.84337841e-04 3.83999102e-04
1.13161274e-01 1.89269653e-04 3.76804482e-04
1.13519182e-01 2.24801196e-04 3.78001134e-04
1.13877089e-01 5.67932548e-04 3.77935644e-04
1.14234994e-01 6.09044454e-04 3.72876597e-04
1.14592896e-01 8.05739999e-04 3.73918449e-04
1.14950797e-01 1.61411702e-04 3.70448341e-04
1.15308696e-01 1.46737651e-04 3.76993236e-04
1.15666593e-01 9.53691244e-04 3.68368710e-04
1.16024488e-01 5.87930425e-04 3.72758518e-04
1.16382382e-01 6.40619563e-04 3.68566047e-04
1.16740273e-01 7.68072207e-04 3.77286645e-04
1.17098163e-01 5.55343462e-04 3.68402494e-04
1.17456050e-01 6.12746610e-04 3.77119185e-04
1.17813936e-01 2.98474514e-04 3.65889833e-04
1.18171819e-01 2.32512484e-04 3.73454221e-04
1.18529701e-01 8.16994068e-04 3.83965905e-04
1.18887581e-01 1.23964827e-04 3.69512375e-04
1.19245459e-01 7.81368273e-04 3.86144128e-04
1.19603335e-01 9.54146589e-04 3.79204932e-04
1.19961208e-01 1.64316758e-04 3.75301520e-04
1.20319080e-01 3.37006855e-04 3.75163837e-04
1.20676950e-01 2.45635389e-04 3.76018478e-04
1.21034818e-01 8.53750338e-04 3.72329146e-04
1.21392684e-01 6.49201242e-04 3.73309077e-04
1.21750548e-01 7.43029251e-04 3.72726431e-04
1.22108410e-01 5.42594261e-04 3.85114407e-04
1.22466270e-01 1.97968130e-04 3.72015975e-04
1.22824128e-01 3.17861965e-04 3.80079896e-04
1.23181984e-01 9.72961951e-04 3.72370443e-04
1.23539838e-01 4.77304385e-04 3.75496413e-04
1.23897690e-01 5.36770246e-04 3.78335937e-04
1.24255540e-01 8.98777089e-04 3.74033631e-04
1.24613388e-01 3.19792603e-04 3.70548367e-04
1.24971233e-01 9.06514014e-04 3.71300243e-04
1.25329077e-01 -6.59983620e-05 3.61239255e-04
1.25686919e-01 -5.41170000e-04 3.65180082e-04
1.26044758e-01 4.64877573e-04 3.57188734e-04
1.26402596e-01 9.22750598e-04 3.68301903e-04
1.26760431e-01 3.56345650e-04 3.56611677e-04
1.27118265e-01 9.57747043e-04 3.68124175e-04
1.27476096e-01 3.26607984e-04 3.62148579e-04
1.27833925e-01 1.10543963e-03 3.65981894e-04
1.28191752e-01 3.59438153e-04 3.55750278e-04
1.28549577e-01 -9.63029668e-05 3.48373442e-04
1.28907400e-01 8.30770768e-04 3.57979745e-04
1.29265221e-01 8.56961922e-04 3.59826263e-04
1.29623040e-01 5.72504547e-04 3.53286348e-04
1.29980856e-01 1.18138556e-03 3.46665502e-04
1.30338670e-01 6.20121785e-04 3.51362299e-04
1.30696483e-01 3.25201386e-04 3.47430805e-04
1.31054293e-01 3.50513055e-04 3.50749978e-04
1.31412101e-01 6.50259563e-04 3.51360931e-04
1.31769906e-01 4.04555832e-04 3.43483522e-04
1.32127710e-01 4.41495744e-04 3.57130826e-04
1.32485511e-01 5.94894432e-05 3.48421259e-04
1.32843311e-01 1.95120441e-05 3.48179839e-04
1.33201108e-01 7.30660450e-04 3.46869366e-04
1.33558903e-01 5.69801738e-04 3.44727747e-04
1.33916695e-01 3.39375658e-04 3.42456937e-04
1.34274486e-01 4.46804302e-04 3.41481300e-04
1.34632274e-01 1.03474472e-04 3.49738908e-04
1.34990060e-01 4.45340785e-04 3.38892952e-04
1.35347844e-01 1.00417365e-04 3.40616528e-04
1.35705626e-01 -1.51163860e-04 3.39290144e-04
1.36063405e-01 -1.26856951e-04 3.38543346e-04
1.36421182e-01 6.69855789e-04 3.37701604e-04
1.36778957e-01 2.77903187e-04 3.34018591e-04
1.37136730e-01 2.07707438e-04 3.32436313e-04
1.37494500e-01 4.83299818e-04 3.29499470e-04
1.37852269e-01 2.77900690e-04 3.34698398e-04
1.38210034e-01 5.58299081e-04 3.38111790e-04
1.38567798e-01 1.38496281e-04 3.28168977e-04
1.38925559e-01 3.29997758e-04 3.28070052e-04
1.39283319e-01 4.56028008e-04 3.30520637e-04
1.39641075e-01 5.06452002e-04 3.37882750e-04
1.39998830e-01 -9.03324764e-05 3.27669590e-04
1.40356582e-01 5.35703918e-04 3.28111911e-04
1.40714332e-01 3.65731093e-04 3.30085374e-04
1.41072080e-01 2.47845727e-04 3.31153321e-04
1.41429825e-01 6.84207083e-04 3.38560807e-04
1.41787568e-01 2.09701189e-04 3.28455820e-04
1.42145308e-01 5.08466223e-04 3.33357980e-04
1.42503047e-01 3.03257837e-04 3.25356544e-04
1.42860783e-01 3.55598585e-04 3.28886741e-04
1.43218516e-01 -4.15631069e-04 3.19875984e-04
1.43576247e-01 5.46281956e-04 3.28323383e-04
1.43933976e-01 1.97105962e-04 3.24329499e-04
1.44291703e-01 -2.32240477e-05 3.25878226e-04
1.44649427e-01 -4.58695374e-06 3.20934876e-04
1.45007149e-01 1.74685360e-04 3.18880842e-04
1.45364868e-01 4.18083641e-04 3.20318589e-04
1.45722585e-01 4.99631756e-04 3.17287893e-04
1.46080300e-01 3.49357927e-04 3.11731571e-04
1.46438012e-01 5.54500813e-04 3.18566993e-04
1.46795722e-01 3.48790263e-04 3.18627867e-04
1.47153429e-01 -1.35995374e-04 3.14062579e-04
1.47511134e-01 5.73339827e-04 3.13621469e-04
1.47868837e-01 7.10948571e-04 3.24127162e-04
1.48226537e-01 5.58735335e-05 3.16020285e-04
1.48584235e-01 1.97656845e-04 3.15888569e-04
1.48941930e-01 5.11519007e-05 3.19628385e-04
1.49299623e-01 6.89449624e-06 3.12384108e-04
1.49657313e-01 -4.18865235e-05 3.12586300e-04
1.50015001e-01 -2.38738056e-05 3.21258498e-04
1.50372687e-01 5.43416043e-04 3.15116423e-04
1.50730370e-01 9.47941302e-04 3.09595338e-04
1.51088050e-01 2.06374145e-04 3.11807969e-04
1.51445728e-01 -2.56378478e-05 3.06626776e-04
1.51803404e-01 2.39930305e-04 3.14211749e-04
1.52161077e-01 3.17364951e-04 3.14407347e-04
1.52518747e-01 7.51394294e-05 3.04251568e-04
1.52876416e-01 4.83411121e-04 3.15511177e-04
1.53234081e-01 -5.46630124e-06 3.06893196e-04
1.53591744e-01 2.72202552e-04 3.14477631e-04
1.53949405e-01 2.75231179e-04 3.09997159e-04
1.54307063e-01 -3.90560357e-05 3.00502342e-04
1.54664718e-01 5.88509776e-04 3.12595847e-04
1.55022371e-01 5.80112850e-04 3.11450395e-04
1.55380021e-01 6.22668545e-04 3.10073167e-04
1.55737669e-01 -1.25020616e-04 3.04129595e-04
1.56095314e-01 1.14994491e-04 3.10968493e-04
1.56452957e-01 -7.75466527e-05 3.11559755e-04
1.56810597e-01 3.42766457e-04 3.05738324e-04
1.57168235e-01 2.53367698e-04 3.06681181e-04
1.57525870e-01 4.46859296e-05 3.04919492e-04
1.57883502e-01 2.31088051e-04 2.97663717e-04
1.58241132e-01 3.58915614e-04 2.99386086e-04
1.58598759e-01 -2.30687626e-04 3.00635923e-04
1.58956384e-01 2.05854515e-04 3.03598761e-04
1.59314006e-01 -9.04905147e-05 2.89912750e-04
1.59671625e-01 1.22437460e-04 2.90842166e-04
1.60029242e-01 1.87827036e-04 3.04515554e-04
1.60386856e-01 3.73432770e-05 2.98251694e-04
1.60744468e-01 4.19778708e-04 2.99091953e-04
1.61102076e-01 1.43216442e-04 2.97661627e-04
1.61459683e-01 8.99895226e-04 3.01172894e-04
1.61817286e-01 1.02525667e-04 2.97281357e-04
1.62174887e-01 1.10443064e-04 2.96254132e-04
1.62532485e-01 1.00192548e-04 2.90747210e-04
1.62890081e-01 3.63799923e-04 2.94537907e-04
1.63247674e-01 3.19206505e-04 2.97756152e-04
1.63605264e-01 -2.57961004e-04 2.97149121e-04
1.63962852e-01 1.59077637e-04 2.96418386e-04
1.64320437e-01 3.27698052e-04 2.98497358e-04
1.64678019e-01 3.31119865e-04 2.95005378e-04
1.65035598e-01 4.06593766e-04 2.95755691e-04
1.65393175e-01 4.39365296e-04 2.98260643e-04
1.65750749e-01 1.93151995e-04 2.96277899e-04
1.66108320e-01 2.29110768e-04 2.97386617e-04
1.66465889e-01 2.22349387e-04 2.89993794e-04
1.66823455e-01 8.21025217e-04 2.88165113e-04
1.67181018e-01 3.16411900e-04 2.94738452e-04
1.67538578e-01 -1.12532692e-04 2.92289218e-04
1.67896136e-01 3.24164882e-04 2.89835937e-04
1.68253691e-01 4.36845073e-05 2.88356805e-04
1.68611243e-01 -9.84918199e-05 2.93679907e-04
1.68968792e-01 -1.55490443e-04 2.90364577e-04
1.69326339e-01 2.88257316e-04 2.94897383e-04
1.69683883e-01 5.28318428e-06 2.89526186e-04
1.70041424e-01 1.50265447e-04 2.84426070e-04
1.70398962e-01 1.43910339e-04 2.82979657e-04
1.70756497e-01 1.62748288e-04 2.91840857e-04
1.71114030e-01 1.66351313e-04 2.82649710e-04
1.71471560e-01 1.92395127e-04 2.82596814e-04
1.71829087e-01 -1.31412135e-04 2.86967416e-04
1.72186611e-01 3.86290599e-04 2.88033718e-04
1.72544132e-01 5.13270296e-04 2.86565625e-04
1.72901651e-01 -2.39117377e-04 2.87691062e-04
1.73259167e-01 -1.01791638e-04 2.85271109e-04
1.73616679e-01 -5.56110754e-05 2.82397133e-04
1.73974189e-01 -7.11646387e-06 2.78614558e-04
1.74331697e-01 1.53898375e-04 2.79395452e-04
1.74689201e-01 4.95967357e-04 2.80388398e-04
1.75046702e-01 1.51324857e-04 2.85397321e-04
1.75404201e-01 2.48958200e-05 2.87322276e-04
1.75761697e-01 3.65852773e-04 2.83733532e-04
1.76119189e-01 2.62956342e-04 2.77518346e-04
1.76476679e-01 2.21082572e-04 2.83213489e-04
1.76834166e-01 1.63495705e-04 2.85672736e-04
1.77191650e-01 6.97746764e-05 2.83821815e-04
1.77549132e-01 1.05954963e-04 2.80926879e-04
1.77906610e-01 3.57760982e-04 2.83683325e-04
1.78264085e-01 1.85900007e-04 2.83644866e-04
1.78621558e-01 3.47360028e-04 2.74585521e-04
1.78979027e-01 4.64950477e-04 2.78109847e-04
1.79336494e-01 7.22989818e-05 2.75653383e-04
1.79693958e-01 7.64501638e-04 2.78939962e-04
1.80051418e-01 3.82351992e-04 2.76840703e-04
1.80408876e-01 3.16596029e-04 2.83283361e-04
1.80766331e-01 7.16668832e-05 2.78878381e-04
1.81123783e-01 8.96360966e-04 2.84460686e-04
1.81481232e-01 2.76644579e-04 2.79002007e-04
1.81838677e-01 6.21547695e-04 2.77998491e-04
1.82196120e-01 6.33980828e-05 2.80847818e-04
1.82553560e-01 -9.28593856e-05 2.85698468e-04
1.82910997e-01 3.45003642e-04 2.81187393e-04
1.83268431e-01 5.75947703e-04 2.84770849e-04
1.83625862e-01 1.94638232e-05 2.83340619e-04
1.83983290e-01 3.80554141e-04 2.86249188e-04
1.84340715e-01 3.63194664e-04 2.84825178e-04
1.84698137e-01 4.04026348e-04 2.79949388e-04
1.85055556e-01 -1.77892772e-04 2.86708775e-04
1.85412971e-01 -5.28396458e-05 2.81494474e-04
1.85770384e-01 -5.49468764e-04 2.83241663e-04
1.86127794e-01 -7.27201182e-08 2.82160509e-04
1.86485200e-01 -5.67110485e-04 2.86255888e-04
1.86842604e-01 1.16035381e-04 2.81519412e-04
1.87200005e-01 -2.28542567e-04 2.72070589e-04
1.87557402e-01 1.75387542e-04 2.78823084e-04
1.87914797e-01 2.34615664e-04 2.76604370e-04
1.88272188e-01 1.97883843e-04 2.78972478e-04
1.88629576e-01 -1.13843154e-04 2.75903106e-04
1.88986961e-01 -1.54680837e-04 2.70737193e-04
1.89344343e-01 -6.57238417e-04 2.69157282e-04
1.89701722e-01 3.55681351e-04 2.78065579e-04
1.90059098e-01 1.29807518e-04 2.74850693e-04
1.90416471e-01 -2.61052723e-04 2.72380762e-04
1.90773840e-01 -7.84711660e-06 2.72805050e-04
1.91131207e-01 4.94040138e-04 2.77264478e-04
1.91488570e-01 -2.33157766e-04 2.70208939e-04
1.91845930e-01 -3.02632050e-04 2.73935712e-04
1.92203287e-01 -1.50425448e-04 2.70071146e-04
1.92560641e-01 -2.05169752e-04 2.72876243e-04
1.92917992e-01 2.54716701e-05 2.73014522e-04
1.93275340e-01 5.03516939e-04 2.72565320e-04
1.93632684e-01 1.17029615e-05 2.71228019e-04
1.93990025e-01 -5.00798465e-05 2.71565355e-04
1.94347363e-01 3.05642419e-04 2.70347117e-04
1.94704698e-01 1.73056971e-04 2.75195680e-04
1.95062030e-01 4.02095561e-04 2.72657737e-04
1.95419358e-01 1.82116490e-04 2.76307116e-04
1.95776684e-01 2.69464925e-04 2.70832083e-04
1.96134006e-01 -1.10814568e-04 2.71435821e-04
1.96491324e-01 1.87001063e-04 2.69196594e-04
1.96848640e-01 -1.03249757e-04 2.69396506e-04
1.97205953e-01 1.29761269e-04 2.69038934e-04
1.97563262e-01 -1.29532117e-04 2.74196336e-04
1.97920568e-01 -3.67679270e-04 2.71028533e-04
1.98277870e-01 -3.78887164e-04 2.68980912e-04
1.98635170e-01 -5.11463469e-05 2.70747265e-04
1.98992466e-01 5.91969888e-05 2.75250415e-04
1.99349759e-01 -3.64400698e-05 2.69698177e-04
1.99707049e-01 1.44508845e-05 2.68446274e-04
2.00064335e-01 1.77489503e-04 2.69387336e-04
2.00421618e-01 7.23026691e-05 2.65864410e-04
2.00778898e-01 -9.47751444e-05 2.67347008e-04
2.01136174e-01 -1.91206894e-04 2.63785642e-04
2.01493448e-01 1.65065823e-04 2.68547581e-04
2.01850718e-01 5.48577889e-04 2.57982230e-04
2.02207984e-01 3.43637920e-04 2.62782146e-04
2.02565248e-01 3.05696897e-04 2.64338147e-04
2.02922508e-01 4.80459422e-04 2.60969107e-04
2.03279764e-01 2.93959264e-04 2.63659940e-04
2.03637018e-01 5.20853282e-05 2.61960261e-04
2.03994268e-01 1.11618114e-04 2.65494237e-04
2.04351514e-01 1.20127401e-04 2.55481432e-04
2.04708758e-01 -5.21465580e-04 2.60124658e-04
2.05065998e-01 2.93040140e-04 2.57650175e-04
2.05423234e-01 -2.67576370e-04 2.61152384e-04
2.05780467e-01 9.54945758e-05 2.61143809e-04
2.06137697e-01 2.06572929e-04 2.58226999e-04
2.06494924e-01 -3.54492858e-04 2.51943239e-04
2.06852147e-01 6.32564356e-04 2.56866491e-04
2.07209367e-01 -3.88486998e-05 2.61759633e-04
2.07566583e-01 -4.28065620e-05 2.61482600e-04
2.07923796e-01 2.17288553e-04 2.58753215e-04
2.08281005e-01 -1.19033854e-04 2.55388594e-04
2.08638211e-01 -3.47996314e-05 2.55529296e-04
2.08995414e-01 3.38264071e-04 2.57934286e-04
2.09352613e-01 4.82895702e-04 2.63681374e-04
2.09709809e-01 3.53632136e-04 2.52446657e-04
2.10067002e-01 -3.41832345e-05 2.54148062e-04
2.10424191e-01 3.76149852e-05 2.57669468e-04
2.10781376e-01 2.11777490e-04 2.52849281e-04
2.11138558e-01 -1.05329362e-04 2.56333641e-04
2.11495737e-01 2.48910554e-04 2.52540361e-04
2.11852912e-01 3.35539286e-04 2.49038304e-04
2.12210084e-01 2.58210653e-04 2.49745438e-04
2.12567252e-01 3.39493400e-04 2.56881263e-04
2.12924416e-01 1.59402251e-04 2.47716454e-04
2.13281578e-01 2.18638473e-04 2.48742803e-04
2.13638735e-01 2.56199129e-04 2.47439716e-04
2.13995890e-01 -4.64310229e-05 2.47611269e-04
2.14353040e-01 1.38519378e-04 2.43631721e-04
2.14710188e-01 2.83532625e-04 2.45284927e-04
2.15067331e-01 -3.14524567e-04 2.41631874e-04
2.15424471e-01 2.34015736e-06 2.46703474e-04
2.15781608e-01 2.32247473e-04 2.47658320e-04
2.16138741e-01 9.98661031e-05 2.46701501e-04
2.16495871e-01 8.08843954e-05 2.46521886e-04
2.16852997e-01 1.39840662e-04 2.40280488e-04
2.17210119e-01 3.64272423e-04 2.42188748e-04
2.17567238e-01 4.32391233e-04 2.44012367e-04
2.17924354e-01 7.89053663e-04 2.47694330e-04
2.18281465e-01 1.99028395e-04 2.42741150e-04
2.18638574e-01 -1.28449949e-04 2.45887624e-04
2.18995678e-01 -3.58231654e-04 2.44660973e-04
2.19352779e-01 -1.70710692e-04 2.46983311e-04
2.19709877e-01 -9.19854048e-05 2.47269634e-04
2.20066971e-01 -1.42807620e-04 2.47073133e-04
2.20424061e-01 -1.52267337e-04 2.39626887e-04
2.20781147e-01 7.19874556e-05 2.42191905e-04
2.21138230e-01 -1.37690315e-04 2.41584737e-04
2.21495310e-01 1.39909953e-06 2.40760268e-04
2.21852386e-01 -1.58950300e-04 2.42029582e-04
2.22209458e-01 -1.13764090e-04 2.45103720e-04
2.22566526e-01 -1.29714831e-04 2.39229899e-04
2.22923591e-01 2.18597032e-04 2.40854723e-04
2.23280652e-01 9.00369242e-05 2.41354788e-04
2.23637710e-01 -3.24574486e-04 2.33578844e-04
2.23994764e-01 2.76047953e-04 2.45425085e-04
2.24351814e-01 2.31728837e-04 2.38241465e-04
2.24708861e-01 4.25293869e-05 2.38973366e-04
2.25065904e-01 8.53227003e-05 2.36505631e-04
2.25422943e-01 2.17996609e-04 2.38998449e-04
2.25779978e-01 1.68315235e-04 2.40925351e-04
2.26137010e-01 -1.95118766e-04 2.37121470e-04
2.26494038e-01 4.98009629e-05 2.32084010e-04
2.26851063e-01 3.24306653e-05 2.40470809e-04
2.27208083e-01 -2.10026578e-04 2.38311557e-04
2.27565100e-01 -2.62638123e-04 2.35851985e-04
2.27922114e-01 1.53259540e-04 2.37557952e-04
2.28279123e-01 4.28708967e-05 2.35140770e-04
2.28636129e-01 -2.17876389e-04 2.30000152e-04
2.28993131e-01 6.36283857e-04 2.34018493e-04
2.29350129e-01 4.00163305e-04 2.34796705e-04
2.29707124e-01 2.66329725e-04 2.30726271e-04
2.30064115e-01 9.41537818e-05 2.30963623e-04
2.30421102e-01 2.28464306e-04 2.32415477e-04
2.30778085e-01 2.46669859e-04 2.33261447e-04
2.31135064e-01 4.50129150e-04 2.38694512e-04
2.31492040e-01 2.05808795e-04 2.34937584e-04
2.31849012e-01 -4.22663929e-04 2.30909263e-04
2.32205980e-01 4.74538960e-04 2.35329132e-04
2.32562944e-01 -3.71092248e-04 2.29399407e-04
2.32919905e-01 -2.89186636e-05 2.30341132e-04
2.33276862e-01 -6.84667299e-05 2.34059355e-04
2.33633814e-01 2.70080793e-04 2.31687330e-04
2.33990763e-01 1.14151958e-04 2.25363007e-04
2.34347709e-01 1.12054426e-04 2.31910601e-04
2.34704650e-01 -3.61255745e-05 2.34593169e-04
2.35061588e-01 -2.24440296e-05 2.33474559e-04
2.35418521e-01 -2.72527004e-04 2.29920578e-04
2.35775451e-01 1.89232284e-04 2.26878851e-04
2.36132377e-01 2.38460732e-04 2.26453244e-04
2.36489299e-01 7.79277167e-06 2.26209457e-04
2.36846218e-01 1.94711374e-04 2.27246057e-04
2.37203132e-01 3.44060140e-04 2.27460589e-04
2.37560042e-01 1.84952083e-04 2.30150744e-04
2.37916949e-01 1.86163514e-04 2.25496280e-04
2.38273852e-01 3.39495257e-05 2.23829516e-04
2.38630751e-01 5.88364799e-04 2.27795784e-04
2.38987645e-01 -1.47931264e-04 2.24129744e-04
2.39344537e-01 4.09809823e-05 2.22741375e-04
2.39701424e-01 -3.06764237e-05 2.22452539e-04
2.40058307e-01 -1.65179733e-04 2.22395035e-04
2.40415186e-01 1.62664407e-05 2.22787719e-04
2.40772061e-01 1.18805153e-04 2.27403687e-04
2.41128933e-01 -5.07330706e-05 2.25092859e-04
2.41485800e-01 3.58669892e-04 2.22325693e-04
2.41842664e-01 2.83684146e-04 2.18724328e-04
2.42199523e-01 1.74866302e-04 2.21133022e-04
2.42556379e-01 3.06817031e-04 2.23428105e-04
2.42913230e-01 2.39504171e-05 2.23956089e-04
2.43270078e-01 -1.59113424e-04 2.19800603e-04
2.43626922e-01 1.38119579e-04 2.22896153e-04
2.43983761e-01 -4.96704608e-05 2.22393479e-04
2.44340597e-01 4.54720324e-05 2.22044585e-04
2.44697429e-01 -4.02335652e-04 2.18357600e-04
2.45054256e-01 1.67744942e-04 2.19475422e-04
2.45411080e-01 2.90709494e-04 2.19846502e-04
2.45767900e-01 -1.55305300e-04 2.21683092e-04
2.46124715e-01 -9.71814861e-05 2.19865197e-04
2.46481527e-01 2.53413069e-04 2.19988519e-04
2.46838334e-01 1.21877433e-04 2.18591144e-04
2.47195138e-01 8.06233921e-05 2.22386910e-04
2.47551938e-01 3.83774109e-05 2.21214633e-04
2.47908733e-01 -3.23172111e-04 2.16501422e-04
2.48265524e-01 -4.44768922e-05 2.16620145e-04
2.48622312e-01 -1.69821057e-04 2.17734399e-04
2.48979095e-01 -1.78484251e-04 2.14870057e-04
2.49335874e-01 2.82409055e-04 2.11107707e-04
2.49692649e-01 3.33718689e-04 2.17920316e-04
2.50049420e-01 2.61473015e-04 2.16921336e-04
2.50406187e-01 1.16583416e-04 2.18500036e-04
2.50762950e-01 2.86901038e-06 2.18965627e-04
2.51119709e-01 1.74892601e-04 2.14385302e-04
2.51476464e-01 5.73467402e-05 2.14520404e-04
2.51833214e-01 4.02830581e-04 2.15340213e-04
2.52189961e-01 2.46932704e-04 2.17001956e-04
2.52546703e-01 -3.43023359e-04 2.16302581e-04
2.52903441e-01 1.88123494e-04 2.15525873e-04
2.53260175e-01 -2.81588610e-04 2.15553472e-04
2.53616905e-01 -8.28938555e-05 2.09703921e-04
2.53973631e-01 -5.44959871e-06 2.14809591e-04
2.54330352e-01 -1.49916591e-04 2.11437472e-04
2.54687070e-01 -7.59147954e-05 2.11905505e-04
2.55043783e-01 -2.36535081e-04 2.11730984e-04
2.55400492e-01 -3.31953660e-04 2.08814940e-04
2.55757197e-01 -1.03941576e-04 2.11536423e-04
2.56113898e-01 1.74175885e-04 2.17137840e-04
2.56470595e-01 1.71663748e-04 2.13178634e-04
2.56827287e-01 -2.71899502e-04 2.11294343e-04
2.57183975e-01 -2.67432620e-04 2.11575441e-04
2.57540659e-01 3.59507073e-04 2.16455988e-04
2.57897339e-01 3.38710022e-05 2.15000753e-04
2.58254014e-01 6.59190448e-06 2.17177892e-04
2.58610686e-01 -2.44809062e-04 2.14800450e-04
2.58967353e-01 -2.67961282e-04 2.16433517e-04
2.59324016e-01 2.22326886e-05 2.15686046e-04
2.59680674e-01 -1.92597471e-05 2.17971814e-04
2.60037329e-01 1.08731095e-04 2.16480067e-04
2.60393979e-01 1.69844726e-04 2.17024836e-04
2.60750625e-01 -1.21085316e-05 2.17797028e-04
2.61107266e-01 3.94335882e-05 2.17451046e-04
2.61463904e-01 2.79913111e-04 2.15561946e-04
2.61820537e-01 -3.93028794e-05 2.19059850e-04
2.62177166e-01 -4.65437502e-05 2.12155245e-04
2.62533790e-01 -1.50346489e-04 2.19030861e-04
2.62890410e-01 -1.33019061e-04 2.11362197e-04
2.63247026e-01 5.17995485e-05 2.18552374e-04
2.63603638e-01 1.62927054e-04 2.13374823e-04
2.63960245e-01 7.51626659e-05 2.14854355e-04
2.64316848e-01 5.61582427e-04 2.13773376e-04
2.64673447e-01 -1.75446356e-04 2.12267574e-04
2.65030042e-01 1.51138218e-04 2.13436445e-04
2.65386632e-01 1.30602198e-04 2.13434599e-04
2.65743217e-01 3.45750594e-04 2.11533444e-04
2.66099799e-01 1.13857939e-04 2.17651494e-04
2.66456376e-01 -2.93834806e-05 2.14177566e-04
2.66812948e-01 3.61984465e-04 2.14935267e-04
2.67169517e-01 3.11163823e-04 2.09992725e-04
2.67526081e-01 -1.83794373e-04 2.17177735e-04
2.67882640e-01 6.50368893e-06 2.14976578e-04
2.68239195e-01 1.44067350e-04 2.18493065e-04
2.68595746e-01 -8.64592691e-05 2.19603886e-04
2.68952293e-01 -6.04922241e-05 2.18553266e-04
2.69308835e-01 3.82072894e-04 2.20265919e-04
2.69665372e-01 -1.04766933e-04 2.20928760e-04
2.70021906e-01 -8.63720798e-05 2.17434422e-04
2.70378435e-01 1.63778424e-04 2.23667744e-04
2.70734959e-01 2.14876711e-04 2.22665201e-04
2.71091479e-01 2.83322410e-04 2.27830934e-04
2.71447995e-01 2.55369334e-04 2.28355875e-04
2.71804506e-01 2.12045347e-05 2.24617882e-04
2.72161012e-01 -1.79688298e-04 2.23215470e-04
2.72517515e-01 -2.26795415e-04 2.21695247e-04
2.72874012e-01 -7.64577035e-05 2.27860204e-04
