1.54026655e-02 5.87723137e-02 1.83608087e-03
1.57608633e-02 5.46189636e-02 1.80737627e-03
1.61190608e-02 5.16576984e-02 1.79455769e-03
1.64772580e-02 5.33964322e-02 1.79545112e-03
1.68354550e-02 5.56509213e-02 1.65079901e-03
1.71936517e-02 5.26555630e-02 1.63869007e-03
1.75518481e-02 5.52442223e-02 1.58106652e-03
1.79100442e-02 5.38112117e-02 1.57022408e-03
1.82682400e-02 5.55894359e-02 1.51035355e-03
1.86264355e-02 5.40787984e-02 1.35874830e-03
1.89846308e-02 5.35247828e-02 1.33302730e-03
1.93428257e-02 5.29862455e-02 1.28552112e-03
1.97010202e-02 5.32769566e-02 1.29592450e-03
2.00592145e-02 5.30622965e-02 1.37662438e-03
2.04174084e-02 5.08037436e-02 1.32632950e-03
2.07756020e-02 5.27155903e-02 1.31390717e-03
2.11337953e-02 5.38376637e-02 1.25156992e-03
2.14919882e-02 5.31822703e-02 1.28892933e-03
2.18501808e-02 5.04241425e-02 1.25196546e-03
2.22083729e-02 5.03477545e-02 1.24758677e-03
2.25665648e-02 5.22935176e-02 1.27730857e-03
2.29247562e-02 5.15770164e-02 1.27607572e-03
2.32829473e-02 5.06340763e-02 1.18047939e-03
2.36411380e-02 4.93372313e-02 1.17765113e-03
2.39993283e-02 4.90391013e-02 1.18579002e-03
2.43575182e-02 4.90083912e-02 1.17564124e-03
2.47157077e-02 5.00279459e-02 1.10489751e-03
2.50738968e-02 4.85230002e-02 1.11711163e-03
2.54320855e-02 4.87953070e-02 1.12561235e-03
2.57902738e-02 4.83934609e-02 1.05244759e-03
2.61484617e-02 4.74333116e-02 1.07836489e-03
2.65066491e-02 4.80102011e-02 1.07122727e-03
2.68648361e-02 4.59307501e-02 9.75238808e-04
2.72230226e-02 4.71633438e-02 1.02507374e-03
2.75812087e-02 4.52919301e-02 1.01563313e-03
2.79393943e-02 4.46570474e-02 1.03279532e-03
2.82975795e-02 4.33599657e-02 9.72940758e-04
2.86557642e-02 4.41746941e-02 1.02104257e-03
2.90139485e-02 4.42877230e-02 1.03365079e-03
2.93721323e-02 4.47788252e-02 1.07792082e-03
2.97303155e-02 4.53190156e-02 1.03206710e-03
3.00884983e-02 4.38943271e-02 1.00261661e-03
3.04466806e-02 4.42845404e-02 1.02332497e-03
3.08048624e-02 4.23762721e-02 1.03394734e-03
3.11630437e-02 4.17274579e-02 1.02034356e-03
3.15212245e-02 3.99439103e-02 1.01623812e-03
3.18794048e-02 4.17378678e-02 9.88845881e-04
3.22375845e-02 4.03995159e-02 9.62672818e-04
3.25957637e-02 3.94723687e-02 9.32693344e-04
3.29539424e-02 3.95369944e-02 9.57407114e-04
3.33121205e-02 3.98399586e-02 1.00019026e-03
3.36702981e-02 3.92430192e-02 1.01069499e-03
3.40284751e-02 3.73175517e-02 9.47079174e-04
3.43866516e-02 3.78882534e-02 9.42725825e-04
3.47448275e-02 3.76968138e-02 9.59674923e-04
3.51030028e-02 3.73643301e-02 9.56961696e-04
3.54611775e-02 3.75521731e-02 9.00394998e-04
3.58193517e-02 3.65424906e-02 8.84283105e-04
3.61775253e-02 3.69553721e-02 9.02255354e-04
3.65356983e-02 3.70769939e-02 8.59098032e-04
3.68938706e-02 3.68584969e-02 8.83579962e-04
3.72520424e-02 3.58329397e-02 8.60577294e-04
3.76102136e-02 3.48791112e-02 8.58880459e-04
3.79683841e-02 3.48678860e-02 8.59691835e-04
3.83265540e-02 3.41902817e-02 8.31815854e-04
3.86847233e-02 3.41570461e-02 8.36646658e-04
3.90428920e-02 3.20224660e-02 8.34913913e-04
3.94010600e-02 3.39263570e-02 8.54940340e-04
3.97592273e-02 3.21882516e-02 8.42416135e-04
4.01173941e-02 3.14152518e-02 8.06935271e-04
4.04755601e-02 3.02860678e-02 8.20250019e-04
4.08337255e-02 3.02150895e-02 7.83355588e-04
4.11918902e-02 3.02390944e-02 7.70562787e-04
4.15500542e-02 3.07891160e-02 7.80080439e-04
4.19082176e-02 3.00965665e-02 7.33405997e-04
4.22663802e-02 2.95593433e-02 7.72812989e-04
4.26245422e-02 2.73784479e-02 7.84537948e-04
4.29827034e-02 2.99999116e-02 7.90773869e-04
4.33408640e-02 2.76703067e-02 8.01367628e-04
4.36990238e-02 2.88000071e-02 7.74760722e-04
4.40571830e-02 2.73450350e-02 7.86935898e-04
4.44153414e-02 2.69407340e-02 8.04830337e-04
4.47734990e-02 2.43509739e-02 7.62710813e-04
4.51316560e-02 2.59722246e-02 7.72650206e-04
4.54898122e-02 2.66344525e-02 7.95101094e-04
4.58479676e-02 2.74149544e-02 7.94741611e-04
4.62061223e-02 2.55787420e-02 7.98517661e-04
4.65642762e-02 2.43180405e-02 7.65860700e-04
4.69224294e-02 2.38455073e-02 7.59119823e-04
4.72805818e-02 2.34976092e-02 7.39192361e-04
4.76387334e-02 2.43972245e-02 7.49664411e-04
4.79968842e-02 2.47668537e-02 7.40458238e-04
4.83550342e-02 2.22446314e-02 7.04758630e-04
4.87131835e-02 2.26205810e-02 7.12131161e-04
4.90713319e-02 2.27542697e-02 7.14925231e-04
4.94294795e-02 2.10541801e-02 7.08620813e-04
4.97876264e-02 2.21843765e-02 7.12446121e-04
5.01457724e-02 2.02771917e-02 6.77723607e-04
5.05039175e-02 2.14429067e-02 6.90571559e-04
5.08620619e-02 2.10181880e-02 6.82130632e-04
5.12202054e-02 2.09062970e-02 6.81593117e-04
5.15783481e-02 2.02811254e-02 6.52999493e-04
5.19364899e-02 1.84761394e-02 6.75920078e-04
5.22946308e-02 1.94375379e-02 6.63765555e-04
5.26527709e-02 1.84817941e-02 6.54214788e-04
5.30109102e-02 1.85725664e-02 6.51708971e-04
5.33690485e-02 1.69249593e-02 6.48923631e-04
5.37271860e-02 1.87533165e-02 6.38618512e-04
5.40853226e-02 1.84966647e-02 6.59592414e-04
5.44434583e-02 1.73552863e-02 6.18244421e-04
5.48015932e-02 1.71622854e-02 6.24550214e-04
5.51597271e-02 1.70024078e-02 6.24670391e-04
5.55178601e-02 1.64522424e-02 6.50970501e-04
5.58759922e-02 1.69175766e-02 6.35362162e-04
5.62341234e-02 1.59633481e-02 6.07840316e-04
5.65922536e-02 1.54269586e-02 6.22608000e-04
5.69503829e-02 1.51161908e-02 6.07113122e-04
5.73085113e-02 1.45041414e-02 6.11596871e-04
5.76666388e-02 1.51254015e-02 6.22691733e-04
5.80247653e-02 1.48123900e-02 6.14343732e-04
5.83828908e-02 1.38435700e-02 6.19181114e-04
5.87410154e-02 1.36686473e-02 5.84710011e-04
5.90991390e-02 1.34596090e-02 5.96947389e-04
5.94572616e-02 1.39555178e-02 6.06051667e-04
5.98153833e-02 1.34034773e-02 5.90349763e-04
6.01735040e-02 1.25943410e-02 5.79444398e-04
6.05316237e-02 1.26524106e-02 5.79814630e-04
6.08897424e-02 1.23396212e-02 5.57626577e-04
6.12478600e-02 1.26965248e-02 5.69272987e-04
6.16059767e-02 1.19553966e-02 5.74271675e-04
6.19640924e-02 1.23344655e-02 5.62506237e-04
6.23222071e-02 1.15560719e-02 5.76116651e-04
6.26803207e-02 1.21414168e-02 5.38892140e-04
6.30384333e-02 1.06770770e-02 5.44993595e-04
6.33965448e-02 1.25598679e-02 5.60196630e-04
6.37546554e-02 9.97101914e-03 5.26762002e-04
6.41127648e-02 1.04546674e-02 5.54217521e-04
6.44708732e-02 1.15792106e-02 5.33631848e-04
6.48289806e-02 1.13394929e-02 5.41986698e-04
6.51870869e-02 8.39629711e-03 5.28662664e-04
6.55451921e-02 8.31387596e-03 5.08923728e-04
6.59032962e-02 9.04136440e-03 5.43168997e-04
6.62613993e-02 9.18294103e-03 5.54794348e-04
6.66195012e-02 9.37961408e-03 5.31569246e-04
6.69776021e-02 8.97246039e-03 5.34275580e-04
6.73357019e-02 8.74586284e-03 5.50055510e-04
6.76938005e-02 8.51830259e-03 5.22672434e-04
6.80518981e-02 7.89653777e-03 4.99350156e-04
6.84099945e-02 7.95894243e-03 5.08822464e-04
6.87680898e-02 8.34620513e-03 5.03507309e-04
6.91261840e-02 7.79119747e-03 5.20027995e-04
6.94842770e-02 7.68710229e-03 5.08055662e-04
6.98423689e-02 7.10149438e-03 5.11817951e-04
7.02004596e-02 7.31962456e-03 5.12151298e-04
7.05585492e-02 6.81658887e-03 5.10974429e-04
7.09166377e-02 6.96921812e-03 5.03611275e-04
7.12747249e-02 7.43059054e-03 5.19493228e-04
7.16328110e-02 5.95681589e-03 5.04929896e-04
7.19908959e-02 7.16847247e-03 4.95671187e-04
7.23489796e-02 6.18777120e-03 4.84584736e-04
7.27070622e-02 6.07093391e-03 4.97688089e-04
7.30651435e-02 6.04042401e-03 4.97395097e-04
7.34232237e-02 5.75929050e-03 5.13928886e-04
7.37813026e-02 6.88134325e-03 4.98968275e-04
7.41393803e-02 5.96080599e-03 4.86274432e-04
7.44974568e-02 5.49298311e-03 4.78437014e-04
7.48555321e-02 5.59913130e-03 4.88569001e-04
7.52136061e-02 5.50478453e-03 4.88214401e-04
7.55716789e-02 5.36362903e-03 4.88457300e-04
7.59297505e-02 5.62143544e-03 4.71013453e-04
7.62878208e-02 4.95396967e-03 4.66792419e-04
7.66458899e-02 4.02978469e-03 4.74876284e-04
7.70039577e-02 5.14690703e-03 4.52120448e-04
7.73620242e-02 4.53556399e-03 4.76447698e-04
7.77200895e-02 5.34226457e-03 4.52555407e-04
7.80781535e-02 4.91123143e-03 4.77334326e-04
7.84362162e-02 4.19973286e-03 4.47824162e-04
7.87942776e-02 4.56491322e-03 4.65572092e-04
7.91523377e-02 4.09657602e-03 4.62503381e-04
7.95103965e-02 4.22124650e-03 4.65133806e-04
7.98684540e-02 4.28546522e-03 4.65581395e-04
8.02265102e-02 4.11070577e-03 4.46739449e-04
8.05845651e-02 4.21391171e-03 4.59650096e-04
8.09426186e-02 3.78984590e-03 4.59594374e-04
8.13006709e-02 3.93582108e-03 4.62961205e-04
8.16587217e-02 3.46952597e-03 4.64532579e-04
8.20167713e-02 3.86921405e-03 4.54852405e-04
8.23748195e-02 3.29828181e-03 4.42247361e-04
8.27328663e-02 3.64592616e-03 4.44959078e-04
8.30909118e-02 4.22833760e-03 4.54857625e-04
8.34489559e-02 3.88948849e-03 4.46481266e-04
8.38069986e-02 2.89157822e-03 4.41612536e-04
8.41650400e-02 4.42018310e-03 4.44746697e-04
8.45230800e-02 2.98716419e-03 4.40790254e-04
8.48811185e-02 3.08403427e-03 4.31813253e-04
8.52391557e-02 2.26435892e-03 4.44546655e-04
8.55971915e-02 2.96656444e-03 4.46599945e-04
8.59552259e-02 2.49291437e-03 4.30005050e-04
8.63132589e-02 2.58089345e-03 4.46150927e-04
8.66712904e-02 2.96778124e-03 4.45289697e-04
8.70293205e-02 2.37349304e-03 4.53184579e-04
8.73873492e-02 1.80203147e-03 4.34883748e-04
8.77453765e-02 2.28156816e-03 4.34741698e-04
8.81034023e-02 2.56006725e-03 4.47517126e-04
8.84614267e-02 2.15356013e-03 4.40840450e-04
8.88194496e-02 2.13328532e-03 4.34567340e-04
8.91774710e-02 1.72163542e-03 4.34327473e-04
8.95354910e-02 2.29681111e-03 4.30856458e-04
8.98935095e-02 1.83103638e-03 4.36714550e-04
9.02515266e-02 1.98811179e-03 4.27694644e-04
9.06095421e-02 1.65062999e-03 4.28828922e-04
9.09675562e-02 2.49206219e-03 4.39471652e-04
9.13255687e-02 1.83575630e-03 4.33492721e-04
9.16835798e-02 2.54790076e-03 4.51509785e-04
9.20415894e-02 2.40324991e-03 4.31223997e-04
9.23995974e-02 2.01208878e-03 4.23600670e-04
9.27576039e-02 2.35079764e-03 4.27349287e-04
9.31156089e-02 1.02472652e-03 4.16028712e-04
9.34736124e-02 1.61034911e-03 4.23157797e-04
9.38316143e-02 1.99479885e-03 4.39424335e-04
9.41896147e-02 1.58377395e-03 4.36493160e-04
9.45476136e-02 1.97059984e-03 4.36495501e-04
9.49056108e-02 1.88180209e-03 4.38180083e-04
9.52636066e-02 1.46618991e-03 4.13471063e-04
9.56216007e-02 1.07020328e-03 4.31126350e-04
9.59795933e-02 2.35806742e-03 4.19966286e-04
9.63375843e-02 1.67941597e-03 3.97096715e-04
9.66955738e-02 1.37064285e-03 4.07088353e-04
9.70535616e-02 1.56162916e-03 4.02256612e-04
9.74115478e-02 1.52482309e-03 4.07339208e-04
9.77695325e-02 1.69990299e-03 4.15935256e-04
9.81275155e-02 1.96664287e-03 4.06564396e-04
9.84854969e-02 2.21968006e-03 4.05031081e-04
9.88434768e-02 1.33771648e-03 4.13209090e-04
9.92014549e-02 7.18893583e-04 4.02730126e-04
9.95594315e-02 1.09055906e-03 4.07412299e-04
9.99174064e-02 1.13831326e-03 3.94373649e-04
1.00275380e-01 1.42918475e-03 4.16799847e-04
1.00633351e-01 1.46825665e-03 4.04959426e-04
1.00991321e-01 1.84919895e-03 3.99408009e-04
1.01349290e-01 1.88459589e-03 4.02528504e-04
1.01707256e-01 1.83018972e-03 4.03567170e-04
1.02065221e-01 1.26248841e-03 3.91726750e-04
1.02423184e-01 1.64902338e-03 4.09806277e-04
1.02781146e-01 1.56427636e-03 3.88062680e-04
1.03139106e-01 1.66386531e-03 3.92929670e-04
1.03497064e-01 1.85534783e-03 3.81596608e-04
1.03855021e-01 1.71248000e-03 3.86431747e-04
1.04212976e-01 9.56434221e-04 3.94410705e-04
1.04570929e-01 1.67325278e-03 4.04863120e-04
1.04928880e-01 8.95789110e-04 3.88243838e-04
1.05286830e-01 1.05835243e-03 3.99190952e-04
1.05644778e-01 1.74961942e-03 4.13386713e-04
1.06002724e-01 6.14199006e-04 4.07027848e-04
1.06360668e-01 7.77312301e-04 4.03025639e-04
1.06718611e-01 1.11015721e-03 4.07297470e-04
1.07076552e-01 1.08025880e-03 3.99692661e-04
1.07434491e-01 6.65313532e-04 3.97276907e-04
1.07792429e-01 1.02565184e-03 4.02795672e-04
1.08150364e-01 1.98357361e-03 4.00775580e-04
1.08508298e-01 1.31670210e-03 4.05377955e-04
1.08866230e-01 1.29302480e-03 3.98209240e-04
1.09224160e-01 1.63792604e-03 4.04293821e-04
1.09582089e-01 1.72019957e-03 3.94149903e-04
1.09940016e-01 4.02608975e-04 3.99787274e-04
1.10297941e-01 1.44271953e-03 3.99795792e-04
1.10655864e-01 9.04764899e-04 4.03840320e-04
1.11013785e-01 1.28918234e-03 3.91384965e-04
1.11371704e-01 9.95958128e-04 3.82955251e-04
1.11729622e-01 7.48106886e-04 3.85779989e-04
1.12087538e-01 1.40220376e-03 3.85774035e-04
1.12445452e-01 1.23405716e-03 3.88953411e-04
1.12803364e-01 1.04291783e-03 3.78976024e-04
1.13161274e-01 1.28049117e-03 3.79005156e-04
1.13519182e-01 2.02774151e-03 3.98344859e-04
1.13877089e-01 1.41633480e-03 3.72252135e-04
1.14234994e-01 1.26038756e-03 3.82248495e-04
1.14592896e-01 1.34780061e-03 3.76982073e-04
1.14950797e-01 1.99089502e-03 3.88006982e-04
1.15308696e-01 1.43285320e-03 3.69262560e-04
1.15666593e-01 6.93487775e-04 3.82713892e-04
1.16024488e-01 1.32416110e-03 3.88575854e-04
1.16382382e-01 6.52553666e-04 3.78442086e-04
1.16740273e-01 2.70441640e-04 3.71062038e-04
1.17098163e-01 8.73004113e-04 3.68329699e-04
1.17456050e-01 7.24156037e-04 3.69567093e-04
1.17813936e-01 9.10939099e-04 3.75559162e-04
1.18171819e-01 1.01262677e-03 3.83508048e-04
1.18529701e-01 1.44307533e-03 3.78782712e-04
1.18887581e-01 1.04120713e-03 3.83187974e-04
1.19245459e-01 8.62961656e-04 3.67805893e-04
1.19603335e-01 7.73883031e-04 3.77040944e-04
1.19961208e-01 6.37704172e-04 3.80632585e-04
1.20319080e-01 1.79962034e-03 3.74302392e-04
1.20676950e-01 1.02130357e-03 3.82951373e-04
1.21034818e-01 9.33410760e-04 3.76713346e-04
1.21392684e-01 1.28101264e-03 3.87873734e-04
1.21750548e-01 5.80032230e-04 3.80035117e-04
1.22108410e-01 1.01441880e-03 3.82348189e-04
1.22466270e-01 1.55692211e-03 3.84338264e-04
1.22824128e-01 1.05203138e-03 3.72335968e-04
1.23181984e-01 1.07678993e-03 3.78254928e-04
1.23539838e-01 1.12600504e-03 3.91768297e-04
1.23897690e-01 9.36714653e-04 3.70448255e-04
1.24255540e-01 1.06559153e-03 3.74036569e-04
1.24613388e-01 6.89867690e-04 3.60989407e-04
1.24971233e-01 9.34405733e-04 3.73562041e-04
1.25329077e-01 8.07036187e-04 3.74041205e-04
1.25686919e-01 1.11458235e-03 3.63954342e-04
1.26044758e-01 9.02994120e-04 3.58133039e-04
1.26402596e-01 1.18009695e-03 3.58390201e-04
1.26760431e-01 1.47655823e-03 3.57659365e-04
1.27118265e-01 6.36568417e-04 3.57765655e-04
1.27476096e-01 8.96644600e-04 3.56938579e-04
1.27833925e-01 9.49956768e-04 3.62166855e-04
1.28191752e-01 9.52937503e-04 3.58950333e-04
1.28549577e-01 1.23379364e-03 3.63663405e-04
1.28907400e-01 1.27148467e-03 3.64485797e-04
1.29265221e-01 1.22453992e-03 3.54944232e-04
1.29623040e-01 1.36311610e-03 3.55783384e-04
1.29980856e-01 1.75637555e-04 3.56509869e-04
1.30338670e-01 4.05199913e-04 3.49860221e-04
1.30696483e-01 3.81311316e-04 3.46740064e-04
1.31054293e-01 7.49664828e-04 3.55788056e-04
1.31412101e-01 4.17324093e-04 3.55762597e-04
1.31769906e-01 2.13003246e-04 3.44917009e-04
1.32127710e-01 7.46723721e-04 3.44346196e-04
1.32485511e-01 5.14297293e-04 3.52074940e-04
1.32843311e-01 8.00613975e-04 3.45232251e-04
1.33201108e-01 7.56887422e-04 3.42427143e-04
1.33558903e-01 9.87762341e-05 3.40850134e-04
1.33916695e-01 7.75622799e-04 3.46787275e-04
1.34274486e-01 2.59590678e-04 3.40079791e-04
1.34632274e-01 6.60145710e-04 3.36408024e-04
1.34990060e-01 6.73450361e-04 3.46528777e-04
1.35347844e-01 -1.55980260e-04 3.31331337e-04
1.35705626e-01 9.43455184e-05 3.26777609e-04
1.36063405e-01 8.70166151e-04 3.36779590e-04
1.36421182e-01 6.44164965e-04 3.41826731e-04
1.36778957e-01 9.38598927e-04 3.45158548e-04
1.37136730e-01 4.85021588e-04 3.38992710e-04
1.37494500e-01 1.00211052e-03 3.34270347e-04
1.37852269e-01 6.20647839e-04 3.32019853e-04
1.38210034e-01 5.64233667e-04 3.34897554e-04
1.38567798e-01 6.52406309e-04 3.35062279e-04
1.38925559e-01 6.41477216e-04 3.28883542e-04
1.39283319e-01 9.79304557e-04 3.37025358e-04
1.39641075e-01 5.16270023e-04 3.34514962e-04
1.39998830e-01 5.95298278e-04 3.39534982e-04
1.40356582e-01 9.12710417e-04 3.30346072e-04
1.40714332e-01 7.09903909e-04 3.29532459e-04
1.41072080e-01 7.27459694e-04 3.27931125e-04
1.41429825e-01 2.75128780e-04 3.33177999e-04
1.41787568e-01 3.87352792e-04 3.32995813e-04
1.42145308e-01 3.48009768e-04 3.24849603e-04
1.42503047e-01 9.79220004e-04 3.29742549e-04
1.42860783e-01 9.99135618e-04 3.24491947e-04
1.43218516e-01 5.17916821e-04 3.27873398e-04
1.43576247e-01 6.49887993e-04 3.31449063e-04
1.43933976e-01 7.55795612e-04 3.28143104e-04
1.44291703e-01 6.81780083e-04 3.30923743e-04
1.44649427e-01 4.79914181e-04 3.24414398e-04
1.45007149e-01 5.86683732e-04 3.22752667e-04
1.45364868e-01 9.92678745e-04 3.26206022e-04
1.45722585e-01 5.14977275e-04 3.27312954e-04
1.46080300e-01 6.54368328e-04 3.19191566e-04
1.46438012e-01 7.73709787e-04 3.12662124e-04
1.46795722e-01 4.69416166e-04 3.16944601e-04
1.47153429e-01 4.28077556e-04 3.11781386e-04
1.47511134e-01 1.03864292e-05 3.14141856e-04
1.47868837e-01 2.26675733e-04 3.17088474e-04
1.48226537e-01 4.57679885e-04 3.24365466e-04
1.48584235e-01 4.79245272e-04 3.12179053e-04
1.48941930e-01 4.44892963e-04 3.17503908e-04
1.49299623e-01 3.49643867e-04 3.15675970e-04
1.49657313e-01 4.52652695e-04 3.22276783e-04
1.50015001e-01 7.33481161e-04 3.23156036e-04
1.50372687e-01 3.76707503e-04 3.17362263e-04
1.50730370e-01 3.56780174e-04 3.12402876e-04
1.51088050e-01 1.19951080e-04 3.05879186e-04
1.51445728e-01 -1.46069480e-04 3.16534517e-04
1.51803404e-01 6.92596704e-04 3.20491595e-04
1.52161077e-01 6.92172129e-04 3.20332189e-04
1.52518747e-01 6.43674043e-04 3.15007740e-04
1.52876416e-01 5.76021183e-04 3.04668714e-04
1.53234081e-01 7.26800364e-04 3.09619548e-04
1.53591744e-01 -2.75536910e-04 3.13411178e-04
1.53949405e-01 4.25173811e-04 3.11801911e-04
1.54307063e-01 4.13854331e-04 3.03865732e-04
1.54664718e-01 1.27908945e-04 3.09182337e-04
1.55022371e-01 5.30416658e-04 3.04214832e-04
1.55380021e-01 4.67588966e-04 3.02491357e-04
1.55737669e-01 2.58937541e-04 3.02069200e-04
1.56095314e-01 1.58757147e-04 3.03968401e-04
1.56452957e-01 3.50815683e-04 3.05075325e-04
1.56810597e-01 5.29527950e-04 3.04191427e-04
1.57168235e-01 1.13451167e-03 3.02151174e-04
1.57525870e-01 6.19549818e-04 3.01651431e-04
1.57883502e-01 2.66054308e-04 3.02711557e-04
1.58241132e-01 5.45712611e-04 2.99132447e-04
1.58598759e-01 -3.32569288e-04 2.98614537e-04
1.58956384e-01 1.05474634e-04 2.98176123e-04
1.59314006e-01 -6.08316480e-05 2.98451791e-04
1.59671625e-01 -1.84082942e-06 3.00270644e-04
1.60029242e-01 1.24802600e-04 2.98686751e-04
1.60386856e-01 3.28433218e-04 3.03323403e-04
1.60744468e-01 3.70501372e-04 3.05363577e-04
1.61102076e-01 4.65176851e-04 3.03509936e-04
1.61459683e-01 2.55115951e-04 3.01075343e-04
1.61817286e-01 1.36620210e-04 2.96474757e-04
1.62174887e-01 4.10229549e-05 2.96533539e-04
1.62532485e-01 8.25756751e-05 3.04333414e-04
1.62890081e-01 4.74956532e-04 3.00010174e-04
1.63247674e-01 1.55488174e-04 2.95940562e-04
1.63605264e-01 2.21941019e-04 2.96769099e-04
1.63962852e-01 5.24748833e-04 2.99441828e-04
1.64320437e-01 1.48251060e-04 2.92219538e-04
1.64678019e-01 3.95638850e-04 2.93133105e-04
1.65035598e-01 8.11303624e-04 2.92410560e-04
1.65393175e-01 4.98933705e-04 3.00033863e-04
1.65750749e-01 3.03703493e-05 2.89669560e-04
1.66108320e-01 2.86764409e-04 2.96726773e-04
1.66465889e-01 4.54270350e-04 2.96162811e-04
1.66823455e-01 7.88380897e-05 2.96812014e-04
1.67181018e-01 1.82252094e-04 2.97723400e-04
1.67538578e-01 1.10054232e-04 2.92548462e-04
1.67896136e-01 4.54802554e-04 2.87353104e-04
1.68253691e-01 3.14000713e-04 2.87685574e-04
1.68611243e-01 1.37434467e-04 2.90509415e-04
1.68968792e-01 6.14092585e-04 2.93500023e-04
1.69326339e-01 2.34530302e-04 2.93796510e-04
1.69683883e-01 7.29258808e-04 2.85100217e-04
1.70041424e-01 7.41539195e-04 2.91911956e-04
1.70398962e-01 1.30735058e-04 2.88721659e-04
1.70756497e-01 3.18444181e-04 2.80311958e-04
1.71114030e-01 1.99140922e-04 2.89216431e-04
1.71471560e-01 1.91530434e-04 2.87039456e-04
1.71829087e-01 5.84728011e-05 2.88586667e-04
1.72186611e-01 3.71707031e-04 2.86891047e-04
1.72544132e-01 1.87823185e-05 2.89353305e-04
1.72901651e-01 9.27877154e-05 2.88110420e-04
1.73259167e-01 5.08695762e-04 2.86506723e-04
1.73616679e-01 2.13327925e-04 2.88976346e-04
1.73974189e-01 -9.25050992e-05 2.91458664e-04
1.74331697e-01 -1.05723774e-04 2.85060338e-04
1.74689201e-01 2.20553684e-04 2.79609994e-04
1.75046702e-01 4.06662204e-04 2.87499140e-04
1.75404201e-01 7.52237344e-05 2.86597957e-04
1.75761697e-01 4.35109251e-04 2.84285664e-04
1.76119189e-01 2.95208938e-05 2.78774628e-04
1.76476679e-01 5.47171857e-05 2.81325856e-04
1.76834166e-01 1.64330110e-04 2.79213549e-04
1.77191650e-01 1.26813956e-04 2.79065768e-04
1.77549132e-01 4.50920774e-04 2.83129168e-04
1.77906610e-01 1.06026546e-04 2.75911193e-04
1.78264085e-01 1.91278991e-04 2.83125155e-04
1.78621558e-01 3.36754761e-05 2.75399725e-04
1.78979027e-01 3.04559368e-04 2.81272378e-04
1.79336494e-01 -1.88296434e-04 2.79649315e-04
1.79693958e-01 1.94707490e-04 2.79932424e-04
1.80051418e-01 5.94804148e-04 2.76440767e-04
1.80408876e-01 2.14833464e-04 2.73580368e-04
1.80766331e-01 2.55189667e-04 2.84484355e-04
1.81123783e-01 3.04090657e-04 2.80438239e-04
1.81481232e-01 1.77006544e-04 2.83027728e-04
1.81838677e-01 -6.29400192e-05 2.84684469e-04
1.82196120e-01 3.23154481e-04 2.80779432e-04
1.82553560e-01 7.98468895e-05 2.78519153e-04
1.82910997e-01 5.43214085e-04 2.82511795e-04
1.83268431e-01 7.66404633e-07 2.83142672e-04
1.83625862e-01 9.90776482e-05 2.86160964e-04
1.83983290e-01 8.35633550e-05 2.77589922e-04
1.84340715e-01 4.37091709e-04 2.84435855e-04
1.84698137e-01 1.26625649e-04 2.85504494e-04
1.85055556e-01 1.99016818e-04 2.78101448e-04
1.85412971e-01 -8.74311604e-05 2.86718710e-04
1.85770384e-01 9.50595296e-05 2.79891962e-04
1.86127794e-01 -9.06419440e-05 2.85138949e-04
1.86485200e-01 4.52234259e-04 2.84578884e-04
1.86842604e-01 6.56109774e-04 2.80432142e-04
1.87200005e-01 -3.67141390e-04 2.71531467e-04
1.87557402e-01 6.43544812e-04 2.74682168e-04
1.87914797e-01 5.30505148e-05 2.74180311e-04
1.88272188e-01 1.81411046e-04 2.70498481e-04
1.88629576e-01 2.52386333e-04 2.82132622e-04
1.88986961e-01 1.82043781e-04 2.70797826e-04
1.89344343e-01 2.64033761e-04 2.75786842e-04
1.89701722e-01 1.98702865e-04 2.74430681e-04
1.90059098e-01 1.99139826e-04 2.79249758e-04
1.90416471e-01 4.84114664e-05 2.75732677e-04
1.90773840e-01 -4.10240639e-05 2.76061619e-04
1.91131207e-01 -2.86566770e-04 2.73379667e-04
1.91488570e-01 6.42969804e-04 2.71901931e-04
1.91845930e-01 3.48415572e-05 2.75228626e-04
1.92203287e-01 4.69413913e-05 2.76110029e-04
1.92560641e-01 2.78120577e-04 2.73818249e-04
1.92917992e-01 1.34337830e-04 2.72788645e-04
1.93275340e-01 -9.32885519e-05 2.66973604e-04
1.93632684e-01 3.02552357e-04 2.76197849e-04
1.93990025e-01 1.67348158e-04 2.71955529e-04
1.94347363e-01 1.47820439e-05 2.70346550e-04
1.94704698e-01 3.04350655e-04 2.71295030e-04
1.95062030e-01 9.04676973e-05 2.74802979e-04
1.95419358e-01 5.32118583e-04 2.73423457e-04
1.95776684e-01 -1.03292890e-04 2.68135109e-04
1.96134006e-01 3.95209687e-05 2.67776012e-04
1.96491324e-01 3.71860273e-04 2.71501421e-04
1.96848640e-01 6.72805676e-04 2.69175485e-04
1.97205953e-01 -3.92661051e-04 2.80535181e-04
1.97563262e-01 -1.03014215e-04 2.71476549e-04
1.97920568e-01 -8.29343159e-05 2.83935252e-04
1.98277870e-01 4.04646504e-04 2.73876744e-04
1.98635170e-01 4.28044786e-04 2.75656819e-04
1.98992466e-01 2.51120542e-04 2.71184122e-04
1.99349759e-01 4.27671158e-04 2.73037133e-04
1.99707049e-01 4.02622558e-04 2.66115593e-04
2.00064335e-01 2.94074252e-04 2.63561700e-04
2.00421618e-01 1.94557218e-05 2.68750428e-04
2.00778898e-01 7.20343972e-05 2.67270244e-04
2.01136174e-01 2.18582205e-04 2.64916380e-04
2.01493448e-01 4.24950144e-04 2.60812149e-04
2.01850718e-01 -2.09108939e-04 2.60832338e-04
2.02207984e-01 1.22764263e-04 2.61849003e-04
2.02565248e-01 1.00254321e-03 2.63141829e-04
2.02922508e-01 3.57342579e-04 2.63061450e-04
2.03279764e-01 3.49868512e-06 2.58375107e-04
2.03637018e-01 4.12495181e-04 2.63749307e-04
2.03994268e-01 4.10032537e-04 2.61474363e-04
2.04351514e-01 3.14481901e-04 2.57288484e-04
2.04708758e-01 -2.84758543e-04 2.59803042e-04
2.05065998e-01 3.96680109e-04 2.57636527e-04
2.05423234e-01 2.62166361e-04 2.57265130e-04
2.05780467e-01 -3.91756287e-05 2.56985027e-04
2.06137697e-01 3.52038396e-04 2.52230005e-04
2.06494924e-01 2.84444776e-04 2.54411693e-04
2.06852147e-01 8.66272527e-05 2.47252816e-04
2.07209367e-01 4.06619016e-04 2.54902740e-04
2.07566583e-01 3.24153224e-04 2.60710923e-04
2.07923796e-01 2.73721876e-04 2.58457975e-04
2.08281005e-01 5.92034848e-04 2.59993232e-04
2.08638211e-01 -6.45642528e-05 2.54859258e-04
2.08995414e-01 2.67524950e-05 2.59207171e-04
2.09352613e-01 -3.25549957e-05 2.50948609e-04
2.09709809e-01 3.48791711e-04 2.53744809e-04
2.10067002e-01 1.90277991e-04 2.54774937e-04
2.10424191e-01 -1.05324903e-04 2.52536289e-04
2.10781376e-01 2.28719209e-04 2.55813294e-04
2.11138558e-01 1.00145771e-04 2.58982890e-04
2.11495737e-01 5.79917248e-05 2.50055698e-04
2.11852912e-01 4.27404991e-04 2.51772014e-04
2.12210084e-01 1.63337888e-04 2.54032231e-04
2.12567252e-01 2.79302656e-04 2.50597195e-04
2.12924416e-01 2.12446566e-04 2.49939062e-04
2.13281578e-01 2.44245319e-04 2.49912760e-04
2.13638735e-01 -5.05410094e-06 2.50939727e-04
2.13995890e-01 -4.96956767e-05 2.43459243e-04
2.14353040e-01 -8.15745428e-05 2.50954804e-04
2.14710188e-01 2.89080178e-04 2.53077224e-04
2.15067331e-01 1.47763775e-04 2.47335339e-04
2.15424471e-01 2.54283286e-04 2.45412319e-04
2.15781608e-01 6.48046347e-04 2.45995034e-04
2.16138741e-01 1.43604214e-04 2.43887704e-04
2.16495871e-01 4.30920012e-04 2.52331161e-04
2.16852997e-01 -1.30748273e-04 2.44136370e-04
2.17210119e-01 4.20186198e-04 2.46862712e-04
2.17567238e-01 1.47511912e-04 2.43906886e-04
2.17924354e-01 7.49704614e-05 2.46128597e-04
2.18281465e-01 -1.32380168e-04 2.43801512e-04
2.18638574e-01 5.53888417e-04 2.44252476e-04
2.18995678e-01 1.34314002e-04 2.44357450e-04
2.19352779e-01 1.46328593e-04 2.48309906e-04
2.19709877e-01 -1.09697573e-04 2.37297822e-04
2.20066971e-01 1.34558460e-04 2.43597287e-04
2.20424061e-01 -1.45656536e-04 2.40819966e-04
2.20781147e-01 -2.18938396e-04 2.40785372e-04
2.21138230e-01 4.34162252e-05 2.35908072e-04
2.21495310e-01 3.64102805e-04 2.38532480e-04
2.21852386e-01 1.61319506e-04 2.35211820e-04
2.22209458e-01 7.64123625e-05 2.40505834e-04
2.22566526e-01 1.21139845e-04 2.39483305e-04
2.22923591e-01 -4.80452041e-06 2.37379930e-04
2.23280652e-01 1.03843598e-04 2.34940581e-04
2.23637710e-01 -9.28503028e-05 2.36960753e-04
2.23994764e-01 4.57318868e-04 2.37647959e-04
2.24351814e-01 -1.10115860e-04 2.38104559e-04
2.24708861e-01 4.36945654e-04 2.42076426e-04
2.25065904e-01 -2.38627555e-05 2.38963496e-04
2.25422943e-01 7.38316776e-05 2.38767696e-04
2.25779978e-01 1.67618998e-05 2.42500954e-04
2.26137010e-01 2.54572744e-04 2.35638980e-04
2.26494038e-01 3.99621384e-04 2.39218216e-04
2.26851063e-01 1.83072837e-04 2.39178429e-04
2.27208083e-01 2.48643498e-04 2.33207340e-04
2.27565100e-01 1.03410026e-04 2.33557895e-04
2.27922114e-01 4.21586139e-04 2.36132631e-04
2.28279123e-01 1.06503289e-04 2.40487614e-04
2.28636129e-01 1.76594991e-04 2.32549896e-04
2.28993131e-01 8.74752612e-05 2.36427901e-04
2.29350129e-01 1.88211536e-04 2.35217408e-04
2.29707124e-01 -1.03282036e-04 2.33758239e-04
2.30064115e-01 5.84777313e-05 2.33983855e-04
2.30421102e-01 3.57316082e-05 2.35142229e-04
2.30778085e-01 2.87695812e-04 2.32615741e-04
2.31135064e-01 1.63711112e-04 2.33864444e-04
2.31492040e-01 3.47593119e-04 2.36391266e-04
2.31849012e-01 2.31432553e-06 2.30336293e-04
2.32205980e-01 4.57377873e-04 2.34327209e-04
2.32562944e-01 1.72642556e-04 2.36425200e-04
2.32919905e-01 3.53770057e-04 2.32567535e-04
2.33276862e-01 7.31706755e-05 2.35397452e-04
2.33633814e-01 6.37114963e-05 2.35831175e-04
2.33990763e-01 1.94359950e-04 2.28122750e-04
2.34347709e-01 1.88702874e-04 2.30292506e-04
2.34704650e-01 2.77466595e-04 2.28493921e-04
2.35061588e-01 8.82749593e-05 2.29964336e-04
2.35418521e-01 2.68905602e-04 2.34900043e-04
2.35775451e-01 -1.20272863e-04 2.24773426e-04
2.36132377e-01 2.63485714e-05 2.31601880e-04
2.36489299e-01 1.24812408e-04 2.33468541e-04
2.36846218e-01 4.83030021e-04 2.27825007e-04
2.37203132e-01 5.02841063e-04 2.27353027e-04
2.37560042e-01 5.44795437e-04 2.33234790e-04
2.37916949e-01 1.56488912e-04 2.28877374e-04
2.38273852e-01 2.94886846e-04 2.25184977e-04
2.38630751e-01 1.83909414e-04 2.24012328e-04
2.38987645e-01 -1.28251009e-04 2.23763936e-04
2.39344537e-01 -5.79303478e-05 2.23399768e-04
2.39701424e-01 2.30934272e-04 2.23728561e-04
2.40058307e-01 1.51604607e-04 2.20625914e-04
2.40415186e-01 7.19808047e-05 2.21967456e-04
2.40772061e-01 -1.83604257e-04 2.22315136e-04
2.41128933e-01 -7.05735206e-05 2.21159551e-04
2.41485800e-01 -1.11827700e-04 2.21936512e-04
2.41842664e-01 -1.18315872e-04 2.23578444e-04
2.42199523e-01 9.43795683e-05 2.22439585e-04
2.42556379e-01 6.42541734e-06 2.24879855e-04
2.42913230e-01 1.42418902e-04 2.19789810e-04
2.43270078e-01 -3.24671989e-04 2.22720172e-04
2.43626922e-01 2.58395762e-04 2.23327832e-04
2.43983761e-01 1.45130516e-04 2.25230280e-04
2.44340597e-01 1.96686489e-04 2.18346156e-04
2.44697429e-01 1.07246053e-05 2.22027710e-04
2.45054256e-01 -2.64184333e-04 2.19892642e-04
2.45411080e-01 2.20302913e-04 2.18368055e-04
2.45767900e-01 5.99467248e-05 2.20626527e-04
2.46124715e-01 6.52186235e-05 2.18745576e-04
2.46481527e-01 3.78521045e-04 2.18393572e-04
2.46838334e-01 -2.02246564e-04 2.16200396e-04
2.47195138e-01 1.59836320e-04 2.21203448e-04
2.47551938e-01 3.71412125e-04 2.16881776e-04
2.47908733e-01 3.73595438e-05 2.22872808e-04
2.48265524e-01 4.50089704e-04 2.18683649e-04
2.48622312e-01 2.88712924e-04 2.15373359e-04
2.48979095e-01 2.72095724e-05 2.16964324e-04
2.49335874e-01 2.15469601e-04 2.16769348e-04
2.49692649e-01 1.11965629e-06 2.18859393e-04
2.50049420e-01 1.35154968e-04 2.20664006e-04
2.50406187e-01 3.94588364e-04 2.16843033e-04
2.50762950e-01 -1.14176790e-04 2.17005096e-04
2.51119709e-01 4.81501376e-06 2.15123131e-04
2.51476464e-01 -4.68057272e-05 2.13514890e-04
2.51833214e-01 5.34829808e-05 2.18413439e-04
2.52189961e-01 2.85606255e-04 2.19219155e-04
2.52546703e-01 -8.36266271e-05 2.12722928e-04
2.52903441e-01 1.50287447e-04 2.12630599e-04
2.53260175e-01 2.10799839e-04 2.10722394e-04
2.53616905e-01 9.76827954e-05 2.12353270e-04
2.53973631e-01 2.04483991e-04 2.14249623e-04
2.54330352e-01 1.84796053e-04 2.09109719e-04
2.54687070e-01 8.86263239e-05 2.11661357e-04
2.55043783e-01 2.14423987e-05 2.12065103e-04
2.55400492e-01 9.29861301e-05 2.12279955e-04
2.55757197e-01 -1.76557473e-04 2.09839232e-04
2.56113898e-01 4.20361015e-04 2.15351047e-04
2.56470595e-01 2.89145955e-04 2.12133703e-04
2.56827287e-01 2.38750238e-04 2.12766444e-04
2.57183975e-01 -1.29967833e-05 2.12667015e-04
2.57540659e-01 7.46824236e-05 2.16613309e-04
2.57897339e-01 -3.40403591e-04 2.19151755e-04
2.58254014e-01 -1.33217709e-04 2.17744101e-04
2.58610686e-01 -2.01579496e-04 2.15219899e-04
2.58967353e-01 1.62161326e-04 2.16348154e-04
2.59324016e-01 7.42711359e-05 2.13084497e-04
2.59680674e-01 9.78830152e-05 2.17915481e-04
2.60037329e-01 -2.71577341e-04 2.17863757e-04
2.60393979e-01 -1.46698481e-04 2.13555214e-04
2.60750625e-01 -1.54580882e-04 2.14745975e-04
2.61107266e-01 -1.88009392e-06 2.16178753e-04
2.61463904e-01 -3.87545539e-04 2.13384820e-04
2.61820537e-01 -3.41520710e-04 2.13714654e-04
2.62177166e-01 -6.78211430e-05 2.16092112e-04
2.62533790e-01 -2.38942957e-04 2.12696343e-04
2.62890410e-01 1.20342877e-04 2.13739906e-04
2.63247026e-01 -5.11005046e-05 2.17662174e-04
2.63603638e-01 -1.34444644e-04 2.17021716e-04
2.63960245e-01 4.77861418e-05 2.17396559e-04
2.64316848e-01 1.42459593e-04 2.11920058e-04
2.64673447e-01 2.00101961e-04 2.15768326e-04
2.65030042e-01 5.52549087e-05 2.11263963e-04
2.65386632e-01 1.52501627e-04 2.15642763e-04
2.65743217e-01 -1.13277179e-04 2.14771367e-04
2.66099799e-01 3.47440047e-04 2.16920994e-04
2.66456376e-01 7.66637211e-05 2.12308087e-04
2.66812948e-01 2.09808652e-06 2.17274096e-04
2.67169517e-01 9.71353426e-05 2.13966901e-04
2.67526081e-01 -1.40375301e-05 2.21867342e-04
2.67882640e-01 2.64475556e-04 2.20010606e-04
2.68239195e-01 2.66852069e-04 2.14376115e-04
2.68595746e-01 2.95873284e-04 2.19008919e-04
2.68952293e-01 2.11906502e-04 2.18412919e-04
2.69308835e-01 2.97218832e-04 2.17661935e-04
2.69665372e-01 -1.20092291e-05 2.22430118e-04
2.70021906e-01 -3.19736201e-04 2.22463580e-04
2.70378435e-01 -8.43460674e-05 2.21271453e-04
2.70734959e-01 -2.80536669e-06 2.17328712e-04
2.71091479e-01 2.27122996e-04 2.25493694e-04
2.71447995e-01 -3.31974591e-05 2.22076616e-04
2.71804506e-01 1.67722269e-04 2.19086017e-04
2.72161012e-01 -2.51740204e-04 2.23881556e-04
2.72517515e-01 1.80834492e-04 2.28145966e-04
2.72874012e-01 1.23697242e-04 2.26705203e-04
