1.54026655e-02 -4.88677881e-04 1.65598212e-03
1.57608633e-02 7.43659243e-04 1.63170698e-03
1.61190608e-02 -6.69246189e-04 1.44818526e-03
1.64772580e-02 4.79534799e-04 1.50571463e-03
1.68354550e-02 1.19460353e-03 1.39992598e-03
1.71936517e-02 5.33268100e-04 1.31916212e-03
1.75518481e-02 2.83233407e-03 1.31752613e-03
1.79100442e-02 7.33029549e-04 1.31530331e-03
1.82682400e-02 2.29849482e-03 1.29070373e-03
1.86264355e-02 1.03782527e-03 1.18108544e-03
1.89846308e-02 1.92618734e-03 1.23781120e-03
1.93428257e-02 3.92114602e-06 1.17501937e-03
1.97010202e-02 -7.61823379e-04 1.15419301e-03
2.00592145e-02 6.67570800e-04 1.11305281e-03
2.04174084e-02 2.31293089e-03 1.05024822e-03
2.07756020e-02 1.87063104e-03 1.03245557e-03
2.11337953e-02 1.34471253e-03 1.06623835e-03
2.14919882e-02 2.76976175e-03 1.07325984e-03
2.18501808e-02 8.04900146e-04 1.02993324e-03
2.22083729e-02 2.97949635e-03 9.59967575e-04
2.25665648e-02 3.14582318e-03 9.71678349e-04
2.29247562e-02 4.62437339e-03 1.00939862e-03
2.32829473e-02 3.25997211e-03 9.87292402e-04
2.36411380e-02 2.69374568e-03 9.77968302e-04
2.39993283e-02 3.50597041e-03 9.92334295e-04
2.43575182e-02 3.57662709e-03 9.32545036e-04
2.47157077e-02 2.12102925e-03 9.32529907e-04
2.50738968e-02 1.41601247e-03 8.86330675e-04
2.54320855e-02 1.81174150e-03 8.71679676e-04
2.57902738e-02 2.75024270e-03 8.51195928e-04
2.61484617e-02 3.92855599e-03 8.94238147e-04
2.65066491e-02 2.50866729e-03 8.59471174e-04
2.68648361e-02 3.53141146e-03 8.75781539e-04
2.72230226e-02 1.60949930e-03 8.50800637e-04
2.75812087e-02 1.54566243e-03 8.41213460e-04
2.79393943e-02 2.37344031e-03 8.24815161e-04
2.82975795e-02 3.68787775e-03 8.19575260e-04
2.86557642e-02 3.11269392e-03 8.75034860e-04
2.90139485e-02 2.84209908e-03 8.09719639e-04
2.93721323e-02 2.51202280e-03 7.95899331e-04
2.97303155e-02 2.15589927e-03 8.35836892e-04
3.00884983e-02 2.34745901e-03 8.29085558e-04
3.04466806e-02 1.31043507e-03 8.37561183e-04
3.08048624e-02 1.63032367e-03 8.40870667e-04
3.11630437e-02 4.15943065e-03 8.21009312e-04
3.15212245e-02 2.85146031e-03 8.01101729e-04
3.18794048e-02 3.27364893e-03 7.92149100e-04
3.22375845e-02 3.41950955e-03 8.26948563e-04
3.25957637e-02 2.48223970e-03 8.24065686e-04
3.29539424e-02 2.63723019e-03 8.66837573e-04
3.33121205e-02 2.58935589e-03 8.27641696e-04
3.36702981e-02 1.81185757e-03 7.52367757e-04
3.40284751e-02 3.22621024e-03 8.27876492e-04
3.43866516e-02 3.80995866e-03 7.75992382e-04
3.47448275e-02 3.17621001e-03 7.74248071e-04
3.51030028e-02 3.59725027e-03 8.00231556e-04
3.54611775e-02 3.02125384e-03 7.48026018e-04
3.58193517e-02 2.91691597e-03 7.48950221e-04
3.61775253e-02 3.24785324e-03 7.54246270e-04
3.65356983e-02 4.08696430e-03 7.33457130e-04
3.68938706e-02 1.43967636e-03 6.89428136e-04
3.72520424e-02 2.65905065e-03 7.06665530e-04
3.76102136e-02 3.65514801e-03 7.23572379e-04
3.79683841e-02 3.59115860e-03 7.18094526e-04
3.83265540e-02 3.17130178e-03 6.81820586e-04
3.86847233e-02 2.34316380e-03 6.76795908e-04
3.90428920e-02 2.50192009e-03 7.28195458e-04
3.94010600e-02 2.90652407e-03 6.82343338e-04
3.97592273e-02 3.01419062e-03 6.71182059e-04
4.01173941e-02 1.96471272e-03 6.99342830e-04
4.04755601e-02 3.37560711e-03 6.79043619e-04
4.08337255e-02 2.92485493e-03 6.81142024e-04
4.11918902e-02 2.56511907e-03 6.61302530e-04
4.15500542e-02 2.76848876e-03 6.49831441e-04
4.19082176e-02 3.36789443e-03 6.55256702e-04
4.22663802e-02 1.84646820e-03 6.36049088e-04
4.26245422e-02 3.03501953e-03 6.78528952e-04
4.29827034e-02 2.09487533e-03 6.60486929e-04
4.33408640e-02 2.44670143e-03 6.80404751e-04
4.36990238e-02 3.42739315e-03 6.89003219e-04
4.40571830e-02 2.76947138e-03 6.73500933e-04
4.44153414e-02 2.42968889e-03 6.65331954e-04
4.47734990e-02 2.83457144e-03 6.52927894e-04
4.51316560e-02 2.24264389e-03 6.63261964e-04
4.54898122e-02 2.14000362e-03 6.79717634e-04
4.58479676e-02 2.02038418e-03 6.66124990e-04
4.62061223e-02 2.96391055e-03 6.49461238e-04
4.65642762e-02 9.60189093e-04 6.29335689e-04
4.69224294e-02 3.68745233e-03 6.74809389e-04
4.72805818e-02 2.09170307e-03 6.63448740e-04
4.76387334e-02 2.25184838e-03 6.85440903e-04
4.79968842e-02 2.73947946e-03 6.54744183e-04
4.83550342e-02 2.92282530e-03 6.53076180e-04
4.87131835e-02 1.67956037e-03 6.33148119e-04
4.90713319e-02 3.04413414e-03 6.39887965e-04
4.94294795e-02 2.79048240e-03 6.38836587e-04
4.97876264e-02 2.27234790e-03 6.09096250e-04
5.01457724e-02 1.72080818e-03 6.30002429e-04
5.05039175e-02 3.43460237e-03 5.85713351e-04
5.08620619e-02 3.33883576e-03 6.05770163e-04
5.12202054e-02 2.15356334e-03 5.95564609e-04
5.15783481e-02 1.70866453e-03 5.73986335e-04
5.19364899e-02 1.14626732e-03 6.00271248e-04
5.22946308e-02 2.70008307e-03 6.06251546e-04
5.26527709e-02 2.75883129e-03 5.89795867e-04
5.30109102e-02 2.28736974e-03 5.74726812e-04
5.33690485e-02 1.72864961e-03 5.97848899e-04
5.37271860e-02 2.73160165e-03 5.96151383e-04
5.40853226e-02 2.91337192e-03 5.76153210e-04
5.44434583e-02 2.66476775e-03 6.03574559e-04
5.48015932e-02 2.28623172e-03 5.75910928e-04
5.51597271e-02 2.77220411e-03 5.72668510e-04
5.55178601e-02 1.92237670e-03 5.73777324e-04
5.58759922e-02 1.74824967e-03 5.66173216e-04
5.62341234e-02 1.80582858e-03 5.43222587e-04
5.65922536e-02 2.41915887e-03 5.52926951e-04
5.69503829e-02 1.65518542e-03 5.56008044e-04
5.73085113e-02 2.65747468e-03 5.53137877e-04
5.76666388e-02 2.32190702e-03 5.62178851e-04
5.80247653e-02 1.03084964e-03 5.49449239e-04
5.83828908e-02 2.05293074e-03 5.22169802e-04
5.87410154e-02 8.69469731e-04 5.33507831e-04
5.90991390e-02 1.71032572e-03 5.66932437e-04
5.94572616e-02 2.62846500e-03 5.60012200e-04
5.98153833e-02 1.41033713e-03 5.34253798e-04
6.01735040e-02 1.14618772e-03 5.56943755e-04
6.05316237e-02 1.73165822e-03 5.35918383e-04
6.08897424e-02 1.32357735e-03 5.14981043e-04
6.12478600e-02 1.69319905e-03 5.22720402e-04
6.16059767e-02 1.42864686e-03 5.30766607e-04
6.19640924e-02 1.77372571e-03 5.24081768e-04
6.23222071e-02 2.22289914e-03 5.21534970e-04
6.26803207e-02 2.67565780e-03 5.13159975e-04
6.30384333e-02 1.95628423e-03 5.32350718e-04
6.33965448e-02 1.74237400e-03 5.08554238e-04
6.37546554e-02 1.98734248e-03 5.40117334e-04
6.41127648e-02 1.86207493e-03 5.19126869e-04
6.44708732e-02 1.37426579e-03 5.13531331e-04
6.48289806e-02 1.70886232e-03 5.08579858e-04
6.51870869e-02 1.71338612e-03 5.10017096e-04
6.55451921e-02 1.48649853e-03 5.15753755e-04
6.59032962e-02 1.57565137e-03 5.18490158e-04
6.62613993e-02 2.20423647e-03 5.10439377e-04
6.66195012e-02 8.49752311e-04 4.98705360e-04
6.69776021e-02 1.38744260e-03 5.03405291e-04
6.73357019e-02 1.69938564e-03 5.07494070e-04
6.76938005e-02 1.38454731e-03 5.05352515e-04
6.80518981e-02 1.59276156e-03 4.98902393e-04
6.84099945e-02 2.34357930e-03 4.78510534e-04
6.87680898e-02 1.36806452e-03 4.91423636e-04
6.91261840e-02 2.18453379e-03 4.88050953e-04
6.94842770e-02 6.35998820e-04 4.97178701e-04
6.98423689e-02 2.01349551e-03 5.07968485e-04
7.02004596e-02 1.24858077e-03 4.72916524e-04
7.05585492e-02 1.44650235e-03 4.86941596e-04
7.09166377e-02 2.00085164e-03 4.72220981e-04
7.12747249e-02 2.03135226e-03 4.65781915e-04
7.16328110e-02 1.48036232e-03 4.68984721e-04
7.19908959e-02 1.14602368e-03 4.76830188e-04
7.23489796e-02 9.47947895e-04 4.83546801e-04
7.27070622e-02 8.84818265e-04 4.77180632e-04
7.30651435e-02 1.06624233e-03 4.81360449e-04
7.34232237e-02 2.20985157e-03 4.69724279e-04
7.37813026e-02 8.61577435e-04 4.73103852e-04
7.41393803e-02 2.07013082e-03 4.54349858e-04
7.44974568e-02 1.82565881e-03 4.89118964e-04
7.48555321e-02 2.15739504e-03 4.57648955e-04
7.52136061e-02 1.43513580e-03 4.69791879e-04
7.55716789e-02 1.54788579e-03 4.53471025e-04
7.59297505e-02 1.05532792e-03 4.53154880e-04
7.62878208e-02 1.10471412e-03 4.75677768e-04
7.66458899e-02 1.14120998e-03 4.69705158e-04
7.70039577e-02 1.30157049e-03 4.43606087e-04
7.73620242e-02 1.85612093e-03 4.45426687e-04
7.77200895e-02 2.09468808e-03 4.68210085e-04
7.80781535e-02 1.98053536e-03 4.46500118e-04
7.84362162e-02 1.76152823e-03 4.61468594e-04
7.87942776e-02 8.60915921e-04 4.58539588e-04
7.91523377e-02 5.83911478e-04 4.48052878e-04
7.95103965e-02 1.24716467e-03 4.54642781e-04
7.98684540e-02 1.34381552e-03 4.49434668e-04
8.02265102e-02 -3.53228398e-05 4.63219082e-04
8.05845651e-02 7.26880952e-04 4.57076320e-04
8.09426186e-02 6.09554341e-04 4.35566671e-04
8.13006709e-02 1.02755010e-03 4.44283185e-04
8.16587217e-02 1.32722939e-03 4.52692735e-04
8.20167713e-02 4.24381401e-04 4.32881076e-04
8.23748195e-02 1.71216721e-03 4.43762078e-04
8.27328663e-02 9.79983531e-04 4.37687104e-04
8.30909118e-02 1.47539628e-04 4.28256282e-04
8.34489559e-02 1.55316161e-03 4.35414090e-04
8.38069986e-02 4.50722788e-04 4.22559834e-04
8.41650400e-02 1.68279003e-03 4.31849373e-04
8.45230800e-02 1.05743535e-03 4.44349428e-04
8.48811185e-02 7.08677764e-04 4.47082910e-04
8.52391557e-02 9.04755428e-04 4.52913965e-04
8.55971915e-02 1.20679229e-03 4.39206130e-04
8.59552259e-02 6.00289455e-04 4.47772754e-04
8.63132589e-02 8.78742134e-04 4.37564891e-04
8.66712904e-02 9.61855217e-04 4.45279281e-04
8.70293205e-02 2.39725705e-04 4.28791633e-04
8.73873492e-02 8.07108750e-04 4.39462443e-04
8.77453765e-02 7.04192718e-04 4.28460648e-04
8.81034023e-02 1.19852520e-03 4.56912058e-04
8.84614267e-02 9.99095450e-04 4.46562843e-04
8.88194496e-02 9.52720708e-04 4.35796930e-04
8.91774710e-02 7.83322821e-04 4.43754595e-04
8.95354910e-02 6.77329055e-04 4.20646295e-04
8.98935095e-02 6.65172012e-04 4.29980261e-04
9.02515266e-02 1.18575791e-03 4.38721792e-04
9.06095421e-02 1.04562504e-03 4.41880030e-04
9.09675562e-02 6.04156450e-04 4.18553309e-04
9.13255687e-02 7.36056036e-04 4.49316412e-04
9.16835798e-02 1.24816407e-03 4.38114712e-04
9.20415894e-02 1.12515325e-03 4.30099856e-04
9.23995974e-02 4.90699062e-04 4.17058488e-04
9.27576039e-02 4.80665208e-04 4.24995572e-04
9.31156089e-02 5.16491059e-04 4.24595962e-04
9.34736124e-02 1.23328177e-03 4.29402405e-04
9.38316143e-02 1.24300030e-03 4.15535134e-04
9.41896147e-02 9.36129192e-04 4.15668833e-04
9.45476136e-02 7.71296799e-04 4.11583361e-04
9.49056108e-02 -1.66177664e-04 4.16873192e-04
9.52636066e-02 7.79939643e-04 4.20745607e-04
9.56216007e-02 1.05740300e-05 4.11215728e-04
9.59795933e-02 -5.82513980e-05 3.97544216e-04
9.63375843e-02 5.16545612e-04 3.98299850e-04
9.66955738e-02 3.26076847e-04 4.08006777e-04
9.70535616e-02 1.57057595e-04 4.10755022e-04
9.74115478e-02 -8.28207320e-05 4.05691855e-04
9.77695325e-02 5.17548671e-04 4.06776654e-04
9.81275155e-02 3.89945396e-04 4.07130952e-04
9.84854969e-02 8.36143086e-04 4.15292838e-04
9.88434768e-02 1.22259461e-03 4.06061134e-04
9.92014549e-02 6.96244864e-04 4.07250003e-04
9.95594315e-02 2.28008270e-04 4.00049033e-04
9.99174064e-02 6.97393121e-04 4.08607335e-04
1.00275380e-01 3.20396631e-04 4.01214358e-04
1.00633351e-01 8.51271806e-04 4.09527372e-04
1.00991321e-01 4.80506920e-04 3.87240876e-04
1.01349290e-01 7.58504596e-04 4.04545654e-04
1.01707256e-01 5.75894178e-04 3.89055574e-04
1.02065221e-01 -5.44352625e-04 3.85439243e-04
1.02423184e-01 2.47455389e-06 4.01831345e-04
1.02781146e-01 -2.00905909e-04 3.86003363e-04
1.03139106e-01 4.32650948e-04 3.83701906e-04
1.03497064e-01 3.90375954e-04 3.92202413e-04
1.03855021e-01 7.00078748e-04 3.85457250e-04
1.04212976e-01 6.52969102e-04 4.02484362e-04
1.04570929e-01 3.14225873e-04 3.97015292e-04
1.04928880e-01 7.71602450e-05 3.97243850e-04
1.05286830e-01 8.72369969e-04 3.97962510e-04
1.05644778e-01 4.97626323e-04 4.03484998e-04
1.06002724e-01 5.75839971e-04 3.95580735e-04
1.06360668e-01 -9.96397078e-05 4.00660015e-04
1.06718611e-01 3.86216356e-04 3.96109616e-04
1.07076552e-01 1.21094853e-04 3.92224890e-04
1.07434491e-01 3.12472996e-04 3.99323994e-04
1.07792429e-01 5.55673908e-04 4.07598484e-04
1.08150364e-01 9.72967930e-05 4.08416828e-04
1.08508298e-01 4.58393210e-04 4.08817909e-04
1.08866230e-01 6.05995930e-04 3.96228725e-04
1.09224160e-01 4.37189473e-04 3.86850027e-04
1.09582089e-01 -3.97213626e-05 3.84826565e-04
1.09940016e-01 5.25538257e-05 3.91302803e-04
1.10297941e-01 8.22105126e-04 3.91697021e-04
1.10655864e-01 6.83530628e-04 3.94413243e-04
1.11013785e-01 -2.66071911e-04 3.81163660e-04
1.11371704e-01 4.66932082e-04 3.89809034e-04
1.11729622e-01 8.03414883e-05 3.82963703e-04
1.12087538e-01 -2.49590449e-04 3.92939069e-04
1.12445452e-01 2.79810414e-04 3.75620708e-04
1.12803364e-01 5.83369167e-04 3.80478227e-04
1.13161274e-01 5.48877398e-04 3.92982420e-04
1.13519182e-01 -2.39390308e-04 3.84718392e-04
1.13877089e-01 -1.68052426e-04 3.76642343e-04
1.14234994e-01 1.44348085e-05 3.73563068e-04
1.14592896e-01 7.81915238e-04 3.70386654e-04
1.14950797e-01 8.69176313e-04 3.75647012e-04
1.15308696e-01 -5.02840085e-06 3.64901583e-04
1.15666593e-01 -2.15080964e-04 3.68779122e-04
1.16024488e-01 1.03901531e-04 3.67688827e-04
1.16382382e-01 6.82580331e-04 3.64435489e-04
1.16740273e-01 4.74162319e-05 3.63436352e-04
1.17098163e-01 2.74716239e-04 3.62050125e-04
1.17456050e-01 -1.99329415e-04 3.76405917e-04
1.17813936e-01 -5.82366140e-05 3.79612369e-04
1.18171819e-01 -2.14017300e-04 3.67455511e-04
1.18529701e-01 1.67610841e-04 3.68480081e-04
1.18887581e-01 1.68728169e-05 3.78460510e-04
1.19245459e-01 3.93239203e-05 3.59133270e-04
1.19603335e-01 3.68806781e-04 3.64761351e-04
1.19961208e-01 2.99673149e-04 3.72849864e-04
1.20319080e-01 6.96792521e-06 3.80100243e-04
1.20676950e-01 7.06398138e-04 3.76361783e-04
1.21034818e-01 -5.31387616e-05 3.78700335e-04
1.21392684e-01 -1.89042220e-04 3.71575638e-04
1.21750548e-01 1.88458888e-04 3.83943417e-04
1.22108410e-01 4.33743983e-04 3.94599092e-04
1.22466270e-01 1.72436140e-04 3.72992295e-04
1.22824128e-01 9.00394675e-04 3.83504749e-04
1.23181984e-01 3.90464855e-04 3.75764607e-04
1.23539838e-01 -5.67786855e-04 3.71254736e-04
1.23897690e-01 -3.53167107e-05 3.72734404e-04
1.24255540e-01 3.63718787e-04 3.82559744e-04
1.24613388e-01 2.70953039e-04 3.71829395e-04
1.24971233e-01 3.60770801e-04 3.65421113e-04
1.25329077e-01 6.58464371e-06 3.64741750e-04
1.25686919e-01 -1.40613554e-05 3.67203789e-04
1.26044758e-01 6.32122657e-04 3.61096282e-04
1.26402596e-01 2.82469643e-05 3.68383908e-04
1.26760431e-01 -3.31973190e-04 3.59616830e-04
1.27118265e-01 2.50810233e-04 3.66199784e-04
1.27476096e-01 -5.22165399e-06 3.58816101e-04
1.27833925e-01 6.03736877e-04 3.56134414e-04
1.28191752e-01 -1.59956717e-04 3.57724563e-04
1.28549577e-01 4.60649387e-05 3.60258020e-04
1.28907400e-01 8.78248825e-04 3.63067704e-04
1.29265221e-01 9.41911244e-04 3.52950048e-04
1.29623040e-01 -1.29217424e-04 3.47333609e-04
1.29980856e-01 -1.52775865e-04 3.53452132e-04
1.30338670e-01 2.50545365e-05 3.47601941e-04
1.30696483e-01 3.48409486e-04 3.46409748e-04
1.31054293e-01 1.69388832e-04 3.47634145e-04
1.31412101e-01 -1.53129851e-04 3.58072503e-04
1.31769906e-01 -1.94100626e-06 3.47380315e-04
1.32127710e-01 5.62631994e-05 3.47648971e-04
1.32485511e-01 4.93767495e-04 3.45130603e-04
1.32843311e-01 6.71793976e-04 3.56167784e-04
1.33201108e-01 3.62937977e-04 3.47348857e-04
1.33558903e-01 1.19694942e-04 3.45228812e-04
1.33916695e-01 -9.17991165e-05 3.42403805e-04
1.34274486e-01 2.49080278e-04 3.42845501e-04
1.34632274e-01 2.09418214e-04 3.43844820e-04
1.34990060e-01 3.20154196e-05 3.41542305e-04
1.35347844e-01 -6.06579567e-05 3.31576102e-04
1.35705626e-01 -7.63093473e-05 3.28401984e-04
1.36063405e-01 1.35180439e-04 3.35340514e-04
1.36421182e-01 1.63265659e-04 3.28795984e-04
1.36778957e-01 -1.22974183e-04 3.33994801e-04
1.37136730e-01 3.28911717e-04 3.32703962e-04
1.37494500e-01 -2.13655614e-04 3.28943667e-04
1.37852269e-01 4.18576008e-05 3.31420926e-04
1.38210034e-01 6.81963589e-04 3.32991204e-04
1.38567798e-01 -2.28259547e-04 3.30315558e-04
1.38925559e-01 4.52661479e-04 3.27166672e-04
1.39283319e-01 4.28862041e-04 3.30502621e-04
1.39641075e-01 3.75564405e-04 3.24589577e-04
1.39998830e-01 -1.84554798e-04 3.30366642e-04
1.40356582e-01 2.97215377e-04 3.33862057e-04
1.40714332e-01 6.25063829e-04 3.33614798e-04
1.41072080e-01 -5.12325749e-04 3.30954604e-04
1.41429825e-01 5.76492941e-05 3.29364244e-04
1.41787568e-01 -2.27220111e-04 3.25355248e-04
1.42145308e-01 1.44882006e-04 3.23301235e-04
1.42503047e-01 1.43208257e-04 3.25436545e-04
1.42860783e-01 -2.10930517e-04 3.24246319e-04
1.43218516e-01 -1.03171151e-03 3.21092135e-04
1.43576247e-01 -2.24187745e-05 3.18726520e-04
1.43933976e-01 -3.57838380e-04 3.18499543e-04
1.44291703e-01 3.14228532e-04 3.20583363e-04
1.44649427e-01 4.59785175e-04 3.25229407e-04
1.45007149e-01 -1.28645629e-04 3.14376394e-04
1.45364868e-01 6.97160119e-04 3.20782606e-04
1.45722585e-01 3.03168291e-04 3.19513016e-04
1.46080300e-01 1.55055548e-04 3.19681277e-04
1.46438012e-01 -1.32840035e-05 3.22039980e-04
1.46795722e-01 1.76818351e-04 3.20640464e-04
1.47153429e-01 6.90967868e-04 3.18092935e-04
1.47511134e-01 2.11729906e-04 3.17125249e-04
1.47868837e-01 -6.74373392e-05 3.13371597e-04
1.48226537e-01 -4.86452451e-04 3.18488545e-04
1.48584235e-01 2.96124432e-04 3.20533078e-04
1.48941930e-01 1.21273012e-05 3.14878208e-04
1.49299623e-01 1.70869838e-04 3.09041848e-04
1.49657313e-01 -4.52141454e-05 3.18751442e-04
1.50015001e-01 1.96391113e-04 3.13762886e-04
1.50372687e-01 5.96922807e-05 3.11958330e-04
1.50730370e-01 8.18770801e-05 3.09534140e-04
1.51088050e-01 6.11728550e-04 3.19705844e-04
1.51445728e-01 -1.69750494e-04 3.18198433e-04
1.51803404e-01 3.32389447e-04 3.11619828e-04
1.52161077e-01 -3.54671334e-05 3.10923481e-04
1.52518747e-01 5.11486041e-04 3.10563136e-04
1.52876416e-01 7.21978272e-04 3.10038355e-04
1.53234081e-01 -2.63236447e-04 3.10373018e-04
1.53591744e-01 -1.30973570e-05 3.08540435e-04
1.53949405e-01 -6.31018603e-04 3.13281313e-04
1.54307063e-01 6.49662134e-06 3.10364761e-04
1.54664718e-01 1.70435902e-04 3.02335836e-04
1.55022371e-01 1.00720209e-04 3.04534530e-04
1.55380021e-01 2.56189506e-04 3.10106399e-04
1.55737669e-01 5.44046791e-04 3.09627111e-04
1.56095314e-01 2.80607749e-04 3.07390981e-04
1.56452957e-01 6.97316733e-05 3.06314220e-04
1.56810597e-01 2.07004140e-04 3.04801792e-04
1.57168235e-01 -4.32237307e-04 2.97749163e-04
1.57525870e-01 -2.20686243e-05 3.03098019e-04
1.57883502e-01 -1.95359763e-04 3.02029477e-04
1.58241132e-01 -5.21212088e-04 3.05799150e-04
1.58598759e-01 2.02701898e-04 2.98030905e-04
1.58956384e-01 -2.00878514e-04 2.92760285e-04
1.59314006e-01 -1.26466240e-04 3.01726668e-04
1.59671625e-01 -1.40290446e-04 2.98929006e-04
1.60029242e-01 3.18842832e-04 2.99522178e-04
1.60386856e-01 7.99241117e-05 3.05751939e-04
1.60744468e-01 4.16555016e-04 3.02131778e-04
1.61102076e-01 -7.45140395e-05 3.00910012e-04
1.61459683e-01 -1.69600235e-04 3.03300681e-04
1.61817286e-01 -1.98392366e-04 2.97081487e-04
1.62174887e-01 1.99179319e-04 3.03651813e-04
1.62532485e-01 9.03661526e-05 2.96542759e-04
1.62890081e-01 3.50540311e-04 2.96839142e-04
1.63247674e-01 4.71436185e-04 3.02876235e-04
1.63605264e-01 1.21720388e-04 3.02010487e-04
1.63962852e-01 1.88911343e-04 2.95364401e-04
1.64320437e-01 -3.28336521e-04 2.87205816e-04
1.64678019e-01 -6.93328800e-05 2.94198166e-04
1.65035598e-01 2.47983475e-04 2.94625425e-04
1.65393175e-01 -1.10652011e-04 2.89711965e-04
1.65750749e-01 -1.30185925e-04 2.98227434e-04
1.66108320e-01 -5.54194246e-06 2.94089713e-04
1.66465889e-01 -1.58606546e-04 2.96513114e-04
1.66823455e-01 -2.49503638e-04 2.92945086e-04
1.67181018e-01 -4.06775000e-04 2.89618009e-04
1.67538578e-01 -3.89203462e-05 2.97622176e-04
1.67896136e-01 2.87021602e-05 2.93416239e-04
1.68253691e-01 1.04743709e-04 2.92196021e-04
1.68611243e-01 -4.99738008e-04 2.87414674e-04
1.68968792e-01 4.15201337e-04 2.92979789e-04
1.69326339e-01 -1.60318844e-04 2.88833853e-04
1.69683883e-01 -1.23352315e-04 2.90187414e-04
1.70041424e-01 -6.65045334e-05 2.83512070e-04
1.70398962e-01 1.55023491e-04 2.86549167e-04
1.70756497e-01 3.95279257e-04 2.82553622e-04
1.71114030e-01 1.51447164e-04 2.84865658e-04
1.71471560e-01 5.56176233e-05 2.92366084e-04
1.71829087e-01 -1.43081523e-04 2.80773259e-04
1.72186611e-01 1.74472297e-05 2.89152269e-04
1.72544132e-01 6.98789501e-04 2.83524677e-04
1.72901651e-01 2.76733930e-04 2.93562695e-04
1.73259167e-01 3.62779791e-04 2.84981122e-04
1.73616679e-01 -2.03691170e-04 2.91431293e-04
1.73974189e-01 2.36034929e-04 2.89900674e-04
1.74331697e-01 -4.64070589e-04 2.80867959e-04
1.74689201e-01 -2.55756167e-04 2.79942317e-04
1.75046702e-01 -3.39408079e-04 2.86935285e-04
1.75404201e-01 -2.28872640e-04 2.81592354e-04
1.75761697e-01 2.98803674e-04 2.81763122e-04
1.76119189e-01 3.15172966e-05 2.82321206e-04
1.76476679e-01 7.29587579e-05 2.78511566e-04
1.76834166e-01 3.72590907e-04 2.85319782e-04
1.77191650e-01 5.35090580e-04 2.81529531e-04
1.77549132e-01 -2.33682578e-04 2.78649757e-04
1.77906610e-01 1.81928099e-05 2.81285367e-04
1.78264085e-01 1.51842683e-04 2.85223058e-04
1.78621558e-01 -2.77856522e-04 2.75567207e-04
1.78979027e-01 1.37259956e-04 2.76696755e-04
1.79336494e-01 5.86958281e-05 2.76800826e-04
1.79693958e-01 -1.30639307e-04 2.76668897e-04
1.80051418e-01 1.61529239e-05 2.81064426e-04
1.80408876e-01 3.47356889e-05 2.79471282e-04
1.80766331e-01 1.00026769e-04 2.76980783e-04
1.81123783e-01 -2.19813811e-05 2.79094617e-04
1.81481232e-01 -1.36071502e-04 2.81253475e-04
1.81838677e-01 -1.62316729e-04 2.81911770e-04
1.82196120e-01 -1.00222678e-04 2.82819757e-04
1.82553560e-01 -9.49688290e-05 2.86032724e-04
1.82910997e-01 2.32387816e-04 2.83615276e-04
1.83268431e-01 -4.13166572e-05 2.79174363e-04
1.83625862e-01 6.60095758e-04 2.81591029e-04
1.83983290e-01 3.98913289e-05 2.86215297e-04
1.84340715e-01 2.78385578e-04 2.81164125e-04
1.84698137e-01 -8.78158778e-05 2.81120359e-04
1.85055556e-01 2.52235846e-05 2.84270524e-04
1.85412971e-01 -2.61141130e-05 2.85741939e-04
1.85770384e-01 6.37088788e-05 2.81720816e-04
1.86127794e-01 1.77993699e-04 2.82043382e-04
1.86485200e-01 2.14238833e-04 2.80925698e-04
1.86842604e-01 2.26347072e-04 2.79426928e-04
1.87200005e-01 -1.66785440e-04 2.79023486e-04
1.87557402e-01 -1.64662791e-04 2.78563171e-04
1.87914797e-01 1.02707490e-04 2.76601921e-04
1.88272188e-01 2.71374297e-04 2.78089148e-04
1.88629576e-01 4.50300979e-04 2.71821100e-04
1.88986961e-01 -2.45230757e-04 2.75931808e-04
1.89344343e-01 -4.74156254e-04 2.78223545e-04
1.89701722e-01 1.30326170e-04 2.75311520e-04
1.90059098e-01 2.84400806e-04 2.72247918e-04
1.90416471e-01 2.48458933e-04 2.79141380e-04
1.90773840e-01 -9.20990460e-05 2.72018063e-04
1.91131207e-01 -3.21859402e-05 2.72665673e-04
1.91488570e-01 5.07532087e-04 2.73301486e-04
1.91845930e-01 1.03980904e-04 2.75461091e-04
1.92203287e-01 -2.81317609e-04 2.71670987e-04
1.92560641e-01 -7.54488618e-05 2.70464352e-04
1.92917992e-01 4.54163935e-04 2.64281673e-04
1.93275340e-01 4.03809194e-04 2.69586111e-04
1.93632684e-01 -1.65334987e-04 2.69149310e-04
1.93990025e-01 4.40190645e-04 2.68044995e-04
1.94347363e-01 2.96802317e-04 2.73726172e-04
1.94704698e-01 8.55677556e-05 2.73619364e-04
1.95062030e-01 -1.86787417e-04 2.73389091e-04
1.95419358e-01 -4.00436244e-04 2.73250429e-04
1.95776684e-01 8.70992594e-05 2.73072241e-04
1.96134006e-01 -8.61829503e-05 2.69744396e-04
1.96491324e-01 -1.15669308e-04 2.69114276e-04
1.96848640e-01 -3.66086708e-04 2.70291737e-04
1.97205953e-01 -1.58784265e-04 2.73687880e-04
1.97563262e-01 -1.27809457e-04 2.72201727e-04
1.97920568e-01 -2.46014214e-04 2.70871076e-04
1.98277870e-01 2.53250055e-04 2.73987349e-04
1.98635170e-01 -3.40721942e-04 2.73145650e-04
1.98992466e-01 -1.30027985e-04 2.69732318e-04
1.99349759e-01 7.44685408e-05 2.68347686e-04
1.99707049e-01 -2.03297043e-04 2.71790865e-04
2.00064335e-01 -3.31822475e-04 2.68768033e-04
2.00421618e-01 2.96548081e-04 2.63340370e-04
2.00778898e-01 -1.84139749e-05 2.68083080e-04
2.01136174e-01 1.79589396e-04 2.64003752e-04
2.01493448e-01 3.09736827e-04 2.68047033e-04
2.01850718e-01 -1.48802857e-04 2.65213076e-04
2.02207984e-01 1.31916772e-04 2.66154229e-04
2.02565248e-01 4.49972028e-04 2.64283544e-04
2.02922508e-01 6.40110855e-04 2.66043254e-04
2.03279764e-01 6.97717879e-05 2.62629574e-04
2.03637018e-01 -1.09725819e-04 2.52821243e-04
2.03994268e-01 2.85664304e-04 2.59701141e-04
2.04351514e-01 2.93105867e-04 2.62033969e-04
2.04708758e-01 2.71433911e-04 2.57916568e-04
2.05065998e-01 4.22253480e-05 2.54498363e-04
2.05423234e-01 -2.69962734e-04 2.56886835e-04
2.05780467e-01 4.53503224e-05 2.59841646e-04
2.06137697e-01 -1.92600261e-04 2.54311448e-04
2.06494924e-01 3.56690026e-04 2.59190913e-04
2.06852147e-01 2.18048949e-04 2.54186947e-04
2.07209367e-01 4.28946436e-05 2.60020047e-04
2.07566583e-01 5.48628227e-04 2.58289206e-04
2.07923796e-01 3.67572616e-04 2.57055088e-04
2.08281005e-01 1.77389070e-04 2.56741170e-04
2.08638211e-01 4.92292099e-04 2.57582802e-04
2.08995414e-01 3.00271434e-04 2.59183468e-04
2.09352613e-01 -1.44294436e-04 2.49697443e-04
2.09709809e-01 1.44563787e-04 2.48618270e-04
2.10067002e-01 -4.47464963e-05 2.60778496e-04
2.10424191e-01 3.88978380e-06 2.58652546e-04
2.10781376e-01 6.67688821e-05 2.59620178e-04
2.11138558e-01 2.35379373e-04 2.54690715e-04
2.11495737e-01 1.08900372e-04 2.48597206e-04
2.11852912e-01 -1.61505741e-04 2.47132770e-04
2.12210084e-01 4.49154494e-04 2.51103926e-04
2.12567252e-01 -1.72122661e-05 2.47931795e-04
2.12924416e-01 -5.56654662e-04 2.46468311e-04
2.13281578e-01 -4.02794272e-05 2.47789227e-04
2.13638735e-01 -2.20187762e-04 2.47650513e-04
2.13995890e-01 -2.64903104e-04 2.48697533e-04
2.14353040e-01 6.53821600e-05 2.52236429e-04
2.14710188e-01 -4.37496171e-04 2.44966347e-04
2.15067331e-01 -9.13499220e-05 2.44565060e-04
2.15424471e-01 -2.84345510e-04 2.41006780e-04
2.15781608e-01 -2.61508878e-04 2.48048412e-04
2.16138741e-01 1.56901221e-04 2.48129039e-04
2.16495871e-01 -1.98014899e-04 2.46226598e-04
2.16852997e-01 3.86390956e-04 2.48993279e-04
2.17210119e-01 -5.69072571e-05 2.43247964e-04
2.17567238e-01 -2.58599726e-04 2.47321916e-04
2.17924354e-01 -1.40387101e-04 2.45417294e-04
2.18281465e-01 -1.24042023e-04 2.44166336e-04
2.18638574e-01 1.82579636e-04 2.47035356e-04
2.18995678e-01 1.44778904e-04 2.44078207e-04
2.19352779e-01 2.22423246e-04 2.46097117e-04
2.19709877e-01 -1.20933245e-04 2.43826523e-04
2.20066971e-01 1.30254918e-04 2.39214867e-04
2.20424061e-01 -3.74152122e-04 2.42654642e-04
2.20781147e-01 3.35218657e-05 2.39387498e-04
2.21138230e-01 -1.89113505e-04 2.36034028e-04
2.21495310e-01 -3.11305389e-04 2.32229925e-04
2.21852386e-01 -2.42672065e-04 2.40669519e-04
2.22209458e-01 -1.60465143e-04 2.37860437e-04
2.22566526e-01 -1.95271277e-04 2.35200115e-04
2.22923591e-01 1.58601647e-05 2.41674512e-04
2.23280652e-01 -6.79146194e-05 2.34846503e-04
2.23637710e-01 1.27629356e-04 2.32891503e-04
2.23994764e-01 -1.16976162e-04 2.38577685e-04
2.24351814e-01 3.71857843e-05 2.34899941e-04
2.24708861e-01 -8.86419667e-05 2.37458788e-04
2.25065904e-01 1.71328917e-04 2.38323739e-04
2.25422943e-01 4.30823878e-04 2.33980659e-04
2.25779978e-01 2.06991987e-04 2.32466130e-04
2.26137010e-01 1.67671421e-04 2.35564396e-04
2.26494038e-01 3.16038384e-04 2.39405831e-04
2.26851063e-01 1.02290624e-04 2.33830373e-04
2.27208083e-01 -1.17915667e-05 2.38214034e-04
2.27565100e-01 1.34488087e-04 2.37251832e-04
2.27922114e-01 -1.44761840e-04 2.33687785e-04
2.28279123e-01 -4.96167730e-07 2.37560325e-04
2.28636129e-01 1.63555341e-04 2.35343311e-04
2.28993131e-01 -4.05218980e-04 2.28847695e-04
2.29350129e-01 1.95647367e-04 2.31824227e-04
2.29707124e-01 -1.26008366e-05 2.33995029e-04
2.30064115e-01 4.90244064e-04 2.31199145e-04
2.30421102e-01 -1.60381873e-04 2.33984070e-04
2.30778085e-01 6.90556369e-06 2.31351887e-04
2.31135064e-01 4.27647021e-04 2.36614951e-04
2.31492040e-01 1.52272784e-05 2.30812793e-04
2.31849012e-01 -3.96973458e-04 2.31235839e-04
2.32205980e-01 2.40698643e-04 2.32685211e-04
2.32562944e-01 -8.42075781e-05 2.29377552e-04
2.32919905e-01 -1.08997051e-04 2.29243895e-04
2.33276862e-01 4.55290938e-05 2.33236535e-04
2.33633814e-01 1.17645705e-04 2.33587831e-04
2.33990763e-01 7.15976805e-05 2.30920324e-04
2.34347709e-01 -1.37024485e-04 2.28374551e-04
2.34704650e-01 -1.74175947e-05 2.31866766e-04
2.35061588e-01 1.09756966e-05 2.30099278e-04
2.35418521e-01 -2.10334232e-04 2.26685337e-04
2.35775451e-01 1.43756853e-04 2.24013911e-04
2.36132377e-01 2.78908476e-05 2.29845460e-04
2.36489299e-01 1.59782256e-04 2.29649653e-04
2.36846218e-01 7.47967461e-05 2.29564841e-04
2.37203132e-01 -2.50566596e-04 2.23462770e-04
2.37560042e-01 3.04554601e-05 2.26953604e-04
2.37916949e-01 -2.81093802e-05 2.25459266e-04
2.38273852e-01 8.22113798e-05 2.28305863e-04
2.38630751e-01 2.36235056e-05 2.24947697e-04
2.38987645e-01 -4.88060043e-04 2.20824368e-04
2.39344537e-01 -2.79364315e-04 2.20022842e-04
2.39701424e-01 -5.35231826e-05 2.24934431e-04
2.40058307e-01 -3.00373650e-04 2.23138319e-04
2.40415186e-01 -2.29242569e-05 2.22850397e-04
2.40772061e-01 -9.96817840e-05 2.23778451e-04
2.41128933e-01 -1.37010950e-04 2.22701432e-04
2.41485800e-01 1.85559642e-04 2.22964274e-04
2.41842664e-01 9.42541515e-05 2.26285669e-04
2.42199523e-01 3.12976233e-04 2.22426098e-04
2.42556379e-01 -1.96716342e-04 2.24499696e-04
2.42913230e-01 2.05600208e-04 2.20398196e-04
2.43270078e-01 3.20493066e-06 2.18315480e-04
2.43626922e-01 2.22676495e-04 2.22135700e-04
2.43983761e-01 1.20256490e-04 2.21564507e-04
2.44340597e-01 -3.84113475e-04 2.16295487e-04
2.44697429e-01 1.67793705e-04 2.17256083e-04
2.45054256e-01 -2.07673996e-04 2.17628440e-04
2.45411080e-01 -2.26436241e-04 2.18734309e-04
2.45767900e-01 1.66544574e-04 2.16147636e-04
2.46124715e-01 -1.09923157e-04 2.19527252e-04
2.46481527e-01 4.05042554e-05 2.14638342e-04
2.46838334e-01 1.01569798e-04 2.17564684e-04
2.47195138e-01 8.35469420e-05 2.13756679e-04
2.47551938e-01 -6.78651969e-05 2.17126588e-04
2.47908733e-01 -2.93694482e-04 2.16351019e-04
2.48265524e-01 4.34714693e-05 2.18356365e-04
2.48622312e-01 -3.78863659e-05 2.17656677e-04
2.48979095e-01 6.96048860e-06 2.15360029e-04
2.49335874e-01 3.89096570e-05 2.16353259e-04
2.49692649e-01 -1.68434378e-04 2.16713761e-04
2.50049420e-01 1.11852735e-04 2.18870212e-04
2.50406187e-01 5.68580202e-05 2.14306684e-04
2.50762950e-01 -1.92185490e-05 2.16422913e-04
2.51119709e-01 1.98405566e-04 2.19674395e-04
2.51476464e-01 2.04094085e-04 2.15958131e-04
2.51833214e-01 7.37977999e-05 2.11696497e-04
2.52189961e-01 3.45541035e-05 2.17813005e-04
2.52546703e-01 -3.26451055e-04 2.12288758e-04
2.52903441e-01 9.09733608e-05 2.16487347e-04
2.53260175e-01 -1.56930333e-04 2.12517751e-04
2.53616905e-01 2.30134812e-04 2.11034495e-04
2.53973631e-01 3.43337190e-05 2.12596206e-04
2.54330352e-01 -1.74744384e-04 2.12335405e-04
2.54687070e-01 -1.04873544e-04 2.11061697e-04
2.55043783e-01 -3.76799067e-04 2.10550972e-04
2.55400492e-01 1.81848249e-04 2.11791707e-04
2.55757197e-01 8.11866886e-05 2.13482090e-04
2.56113898e-01 2.43287824e-04 2.14182019e-04
2.56470595e-01 -1.76242544e-04 2.11908706e-04
2.56827287e-01 -1.04561123e-04 2.15701545e-04
2.57183975e-01 1.01633809e-06 2.14668320e-04
2.57540659e-01 8.06490051e-05 2.16909312e-04
2.57897339e-01 -2.65245273e-04 2.10388606e-04
2.58254014e-01 3.14808703e-04 2.13869090e-04
2.58610686e-01 -1.08073117e-04 2.14327209e-04
2.58967353e-01 -3.42882795e-05 2.14222829e-04
2.59324016e-01 -2.19533171e-04 2.15989517e-04
2.59680674e-01 -9.95576215e-05 2.18135651e-04
2.60037329e-01 7.84559563e-05 2.13182853e-04
2.60393979e-01 -1.69886418e-04 2.10718792e-04
2.60750625e-01 -2.71908649e-05 2.13077740e-04
2.61107266e-01 2.41327847e-04 2.15541001e-04
2.61463904e-01 4.34953159e-04 2.16558054e-04
2.61820537e-01 2.74360795e-04 2.20070045e-04
2.62177166e-01 -1.03733168e-04 2.15337589e-04
2.62533790e-01 -2.02021332e-04 2.13964430e-04
2.62890410e-01 2.18358674e-04 2.13978315e-04
2.63247026e-01 -4.29081814e-04 2.10288731e-04
2.63603638e-01 -1.75461607e-04 2.12068041e-04
2.63960245e-01 2.23191174e-04 2.18226974e-04
2.64316848e-01 -1.55749409e-04 2.12017466e-04
2.64673447e-01 2.68705831e-06 2.13756188e-04
2.65030042e-01 1.57698528e-04 2.14880338e-04
2.65386632e-01 1.26443349e-04 2.12768445e-04
2.65743217e-01 2.95522886e-04 2.14791056e-04
2.66099799e-01 2.41878019e-04 2.19034854e-04
2.66456376e-01 -1.72260616e-04 2.14628108e-04
2.66812948e-01 1.60783475e-05 2.15285725e-04
2.67169517e-01 5.36069458e-04 2.17809474e-04
2.67526081e-01 3.98079476e-05 2.15615943e-04
2.67882640e-01 -1.86066453e-04 2.17775651e-04
2.68239195e-01 -1.02351324e-04 2.14814957e-04
2.68595746e-01 -8.81765033e-05 2.15723691e-04
2.68952293e-01 3.72125544e-04 2.15128752e-04
2.69308835e-01 -5.31560434e-05 2.20257191e-04
2.69665372e-01 -2.73742482e-04 2.18329277e-04
2.70021906e-01 -3.79816872e-04 2.17720402e-04
2.70378435e-01 -1.48423507e-04 2.21107813e-04
2.70734959e-01 -3.23084510e-04 2.22912605e-04
2.71091479e-01 3.68055684e-04 2.26124041e-04
2.71447995e-01 2.01711956e-04 2.21108132e-04
2.71804506e-01 2.72088357e-04 2.23577080e-04
2.72161012e-01 1.23125955e-04 2.23732603e-04
2.72517515e-01 -5.43372065e-05 2.26125405e-04
2.72874012e-01 4.31345835e-05 2.26656578e-04
