1.54026655e-02 3.35034092e-04 1.65813990e-03
1.57608633e-02 2.48963432e-04 1.65141046e-03
1.61190608e-02 1.36194380e-03 1.54138635e-03
1.64772580e-02 -3.48400058e-03 1.49180648e-03
1.68354550e-02 -3.04751365e-04 1.37414805e-03
1.71936517e-02 -2.56474572e-03 1.35496988e-03
1.75518481e-02 2.31170088e-04 1.35573488e-03
1.79100442e-02 -2.80038060e-04 1.33082491e-03
1.82682400e-02 6.75704985e-04 1.22583985e-03
1.86264355e-02 -2.27177973e-05 1.24929704e-03
1.89846308e-02 -2.09807231e-04 1.19511524e-03
1.93428257e-02 1.15227602e-03 1.15065753e-03
1.97010202e-02 6.51624676e-04 1.10090966e-03
2.00592145e-02 2.41995148e-04 1.11115057e-03
2.04174084e-02 1.49592282e-03 1.06867029e-03
2.07756020e-02 -1.21939538e-03 1.09366611e-03
2.11337953e-02 1.73738192e-03 9.98286592e-04
2.14919882e-02 2.16770365e-04 1.05070115e-03
2.18501808e-02 -1.13661063e-03 1.03787922e-03
2.22083729e-02 7.91059349e-05 1.00163964e-03
2.25665648e-02 1.88513296e-03 9.66587430e-04
2.29247562e-02 3.56387280e-04 9.01293721e-04
2.32829473e-02 9.59190807e-04 9.72755229e-04
2.36411380e-02 1.72897011e-05 9.69798546e-04
2.39993283e-02 2.12876485e-04 9.39040989e-04
2.43575182e-02 -1.47582735e-03 9.05751059e-04
2.47157077e-02 -4.39895411e-04 8.70418053e-04
2.50738968e-02 1.36544351e-05 8.79935570e-04
2.54320855e-02 7.46700906e-05 9.09514915e-04
2.57902738e-02 -5.47362842e-04 8.50248056e-04
2.61484617e-02 -3.76410672e-04 8.49629959e-04
2.65066491e-02 3.65390871e-04 8.38883593e-04
2.68648361e-02 -5.10455879e-04 8.36350938e-04
2.72230226e-02 -7.03376610e-04 8.14702721e-04
2.75812087e-02 -7.83693971e-04 7.83936954e-04
2.79393943e-02 -5.26179531e-04 7.88158507e-04
2.82975795e-02 3.66103429e-04 7.52554852e-04
2.86557642e-02 4.06038934e-04 8.59821882e-04
2.90139485e-02 -5.51224604e-05 7.84147097e-04
2.93721323e-02 9.74417896e-04 7.80927751e-04
2.97303155e-02 3.78295927e-04 8.54973061e-04
3.00884983e-02 -1.74023869e-03 8.16713152e-04
3.04466806e-02 5.61131558e-04 8.11380402e-04
3.08048624e-02 4.54876536e-04 7.86113088e-04
3.11630437e-02 3.88887462e-04 7.78443110e-04
3.15212245e-02 -6.36309811e-04 7.57733025e-04
3.18794048e-02 -1.43990818e-04 7.66541182e-04
3.22375845e-02 -7.03332838e-05 8.12407212e-04
3.25957637e-02 6.09292182e-04 7.93085755e-04
3.29539424e-02 6.74745531e-04 8.11719447e-04
3.33121205e-02 8.28484428e-04 7.79292165e-04
3.36702981e-02 1.40523164e-04 7.71796616e-04
3.40284751e-02 1.59763038e-03 8.16915633e-04
3.43866516e-02 -6.90014611e-04 7.64304006e-04
3.47448275e-02 -6.63477658e-05 7.38348751e-04
3.51030028e-02 7.22037801e-04 7.19526497e-04
3.54611775e-02 -5.13112540e-04 7.45119766e-04
3.58193517e-02 1.70140044e-04 7.46941900e-04
3.61775253e-02 7.17952929e-04 7.02517409e-04
3.65356983e-02 1.59520047e-03 7.38416842e-04
3.68938706e-02 5.43892586e-04 7.44658345e-04
3.72520424e-02 -3.23627567e-04 6.86758116e-04
3.76102136e-02 5.57906027e-04 6.87448841e-04
3.79683841e-02 -1.47016659e-04 6.85069603e-04
3.83265540e-02 5.70738008e-05 7.18630059e-04
3.86847233e-02 7.37811794e-05 7.01581116e-04
3.90428920e-02 1.74347153e-05 6.66229546e-04
3.94010600e-02 1.18205276e-03 6.75114100e-04
3.97592273e-02 -9.74994279e-04 6.60234979e-04
4.01173941e-02 -1.77352404e-04 6.51075361e-04
4.04755601e-02 -1.27945776e-03 6.67489691e-04
4.08337255e-02 -8.56201571e-04 6.57912205e-04
4.11918902e-02 -9.39174735e-04 6.20443841e-04
4.15500542e-02 2.21121185e-04 6.45573258e-04
4.19082176e-02 1.20154095e-04 6.32217959e-04
4.22663802e-02 4.14447074e-04 6.59692679e-04
4.26245422e-02 -3.31500060e-04 6.69894993e-04
4.29827034e-02 6.62752575e-04 6.30209400e-04
4.33408640e-02 2.85795231e-04 6.47445010e-04
4.36990238e-02 1.36893553e-04 6.22755198e-04
4.40571830e-02 -2.50907090e-04 6.67494844e-04
4.44153414e-02 -4.29364708e-04 6.77067239e-04
4.47734990e-02 7.17810817e-04 6.54206635e-04
4.51316560e-02 2.81462811e-04 6.52720146e-04
4.54898122e-02 -2.27123304e-04 6.43014796e-04
4.58479676e-02 6.16078172e-04 6.54130079e-04
4.62061223e-02 1.22185982e-05 6.34192895e-04
4.65642762e-02 6.32648714e-05 6.11339610e-04
4.69224294e-02 9.11582301e-04 6.62717889e-04
4.72805818e-02 -1.57327428e-03 6.36044968e-04
4.76387334e-02 -2.30999175e-04 6.28269173e-04
4.79968842e-02 -4.12123331e-04 6.24628123e-04
4.83550342e-02 -6.23491686e-04 6.44294327e-04
4.87131835e-02 -4.19296786e-04 5.98979781e-04
4.90713319e-02 -9.05433322e-04 6.08338566e-04
4.94294795e-02 1.71867993e-03 6.19384485e-04
4.97876264e-02 2.30422173e-04 6.20535312e-04
5.01457724e-02 -5.64479695e-04 6.19055807e-04
5.05039175e-02 1.12458319e-05 6.05260795e-04
5.08620619e-02 -1.02739175e-04 5.64313572e-04
5.12202054e-02 1.42551464e-03 5.71619568e-04
5.15783481e-02 1.09681551e-03 5.90280325e-04
5.19364899e-02 2.83844937e-04 5.93671767e-04
5.22946308e-02 -6.27757450e-06 5.90596875e-04
5.26527709e-02 -8.68535842e-05 5.92312879e-04
5.30109102e-02 5.61068650e-04 5.76445443e-04
5.33690485e-02 8.59078824e-05 5.61797408e-04
5.37271860e-02 5.25816588e-04 5.81103365e-04
5.40853226e-02 -2.16318528e-04 5.86289859e-04
5.44434583e-02 6.20366048e-05 5.73314293e-04
5.48015932e-02 2.91892731e-04 5.87286654e-04
5.51597271e-02 -5.30219553e-04 5.50704865e-04
5.55178601e-02 -3.56602721e-04 5.69550122e-04
5.58759922e-02 -8.72088277e-04 5.48829452e-04
5.62341234e-02 -1.84075055e-05 5.47809077e-04
5.65922536e-02 -3.85478251e-04 5.42555742e-04
5.69503829e-02 1.25699848e-03 5.64209023e-04
5.73085113e-02 5.86976362e-04 5.33393022e-04
5.76666388e-02 1.22266046e-04 5.60244618e-04
5.80247653e-02 1.22000080e-03 5.38961644e-04
5.83828908e-02 1.20371420e-04 5.43765125e-04
5.87410154e-02 -4.01980514e-04 5.22063033e-04
5.90991390e-02 -2.62153457e-04 5.30715277e-04
5.94572616e-02 -3.51416859e-04 5.57014487e-04
5.98153833e-02 -1.11911817e-04 5.55862794e-04
6.01735040e-02 -1.82357716e-04 4.95428246e-04
6.05316237e-02 -6.74715233e-04 5.11850711e-04
6.08897424e-02 -4.70978253e-05 5.26741139e-04
6.12478600e-02 1.81371322e-03 5.45635714e-04
6.16059767e-02 1.22062831e-03 5.27701824e-04
6.19640924e-02 -3.56812183e-04 5.09271953e-04
6.23222071e-02 -2.50942172e-04 5.19643527e-04
6.26803207e-02 -5.99048986e-04 5.10488400e-04
6.30384333e-02 2.85652756e-04 5.11010913e-04
6.33965448e-02 2.98682706e-04 5.05797638e-04
6.37546554e-02 1.06106748e-04 5.08630235e-04
6.41127648e-02 -1.59309516e-04 5.20223682e-04
6.44708732e-02 -1.31300962e-05 5.02209397e-04
6.48289806e-02 -2.88945212e-04 5.06694183e-04
6.51870869e-02 -5.14425162e-04 5.02430726e-04
6.55451921e-02 5.21285299e-04 5.10781095e-04
6.59032962e-02 4.69279689e-04 4.85944157e-04
6.62613993e-02 -7.19207531e-04 4.76377620e-04
6.66195012e-02 -4.93921287e-05 4.93886472e-04
6.69776021e-02 6.65644184e-04 5.06065387e-04
6.73357019e-02 7.87917516e-05 4.99795476e-04
6.76938005e-02 -2.03040722e-04 4.84317516e-04
6.80518981e-02 -5.08550630e-04 4.97899965e-04
6.84099945e-02 -4.92705169e-04 4.82686631e-04
6.87680898e-02 1.65371194e-04 4.87385040e-04
6.91261840e-02 -2.69926424e-04 4.53893594e-04
6.94842770e-02 -3.69452299e-04 4.73911663e-04
6.98423689e-02 5.05337000e-04 4.72973821e-04
7.02004596e-02 -2.46656530e-04 4.86456729e-04
7.05585492e-02 4.81539645e-04 4.67538518e-04
7.09166377e-02 2.60226949e-04 4.80621989e-04
7.12747249e-02 -1.70148723e-04 4.88186730e-04
7.16328110e-02 -1.09305833e-04 4.91754056e-04
7.19908959e-02 3.92800411e-04 4.64040511e-04
7.23489796e-02 5.27925022e-04 4.65270322e-04
7.27070622e-02 -1.28506731e-04 4.68577022e-04
7.30651435e-02 2.36002814e-04 4.76322193e-04
7.34232237e-02 -1.32804720e-06 4.78438863e-04
7.37813026e-02 6.96888833e-05 4.63618781e-04
7.41393803e-02 -7.15242108e-04 4.74530538e-04
7.44974568e-02 -7.66231627e-05 4.73276205e-04
7.48555321e-02 -4.95859807e-04 4.57873007e-04
7.52136061e-02 4.00138053e-05 4.52115330e-04
7.55716789e-02 -1.37262056e-04 4.56971361e-04
7.59297505e-02 2.75227972e-04 4.47258621e-04
7.62878208e-02 5.16590633e-04 4.76337462e-04
7.66458899e-02 -5.38503650e-05 4.37063748e-04
7.70039577e-02 9.02648390e-05 4.66768915e-04
7.73620242e-02 5.84308819e-04 4.71869199e-04
7.77200895e-02 -1.86915957e-04 4.49062306e-04
7.80781535e-02 -1.92330390e-04 4.45090464e-04
7.84362162e-02 2.31806726e-04 4.46630137e-04
7.87942776e-02 -2.24221454e-04 4.55187163e-04
7.91523377e-02 -9.26031338e-04 4.32880437e-04
7.95103965e-02 -2.34719097e-04 4.44208256e-04
7.98684540e-02 -3.56710994e-04 4.46294655e-04
8.02265102e-02 -1.31631103e-04 4.56176487e-04
8.05845651e-02 4.84598767e-04 4.37603029e-04
8.09426186e-02 -8.67996778e-05 4.51449441e-04
8.13006709e-02 3.49398389e-04 4.50600224e-04
8.16587217e-02 3.48770625e-04 4.45883149e-04
8.20167713e-02 -6.86815154e-05 4.39245703e-04
8.23748195e-02 -5.45278558e-04 4.57787521e-04
8.27328663e-02 -8.90545981e-04 4.27765950e-04
8.30909118e-02 2.26837920e-04 4.25673212e-04
8.34489559e-02 8.90169276e-04 4.31833197e-04
8.38069986e-02 -1.35269556e-04 4.32328388e-04
8.41650400e-02 -6.00144936e-04 4.30137954e-04
8.45230800e-02 -3.04684294e-04 4.16863568e-04
8.48811185e-02 9.62446284e-05 4.30910323e-04
8.52391557e-02 -4.85066801e-04 4.40531464e-04
8.55971915e-02 -3.08529457e-04 4.39345884e-04
8.59552259e-02 -9.47500225e-05 4.42333533e-04
8.63132589e-02 -5.43815195e-04 4.21530249e-04
8.66712904e-02 1.57657397e-04 4.56650431e-04
8.70293205e-02 -4.38846871e-04 4.37084929e-04
8.73873492e-02 -3.77119567e-04 4.40261484e-04
8.77453765e-02 -1.23368204e-03 4.18707653e-04
8.81034023e-02 -5.05694149e-05 4.32452559e-04
8.84614267e-02 -3.74942621e-04 4.31877031e-04
8.88194496e-02 -1.27272275e-04 4.23917699e-04
8.91774710e-02 -2.46804608e-04 4.26729800e-04
8.95354910e-02 -3.80687672e-04 4.22216101e-04
8.98935095e-02 -5.49585729e-04 4.16967151e-04
9.02515266e-02 1.77731020e-05 4.24100220e-04
9.06095421e-02 -4.67641731e-04 4.28168102e-04
9.09675562e-02 5.88093477e-04 4.33354543e-04
9.13255687e-02 2.25089234e-04 4.25727794e-04
9.16835798e-02 -3.61123626e-04 4.23917650e-04
9.20415894e-02 2.16680870e-04 4.41106865e-04
9.23995974e-02 -7.34053863e-04 4.24122208e-04
9.27576039e-02 1.03131900e-04 4.28674143e-04
9.31156089e-02 4.12055063e-04 4.31606753e-04
9.34736124e-02 8.96823834e-05 4.12789318e-04
9.38316143e-02 3.48543197e-04 4.14851127e-04
9.41896147e-02 4.75010882e-05 4.25636405e-04
9.45476136e-02 -4.48021046e-04 4.15218774e-04
9.49056108e-02 1.95443609e-04 4.09333823e-04
9.52636066e-02 -8.70004669e-05 4.23093393e-04
9.56216007e-02 -1.36169687e-04 4.06931052e-04
9.59795933e-02 1.35914484e-04 4.03480568e-04
9.63375843e-02 -1.42292553e-04 3.96746097e-04
9.66955738e-02 -9.36011454e-05 4.10146509e-04
9.70535616e-02 2.30761513e-04 4.05126487e-04
9.74115478e-02 5.70614350e-04 4.00655120e-04
9.77695325e-02 7.56524746e-04 4.07784514e-04
9.81275155e-02 2.95120332e-04 4.02799666e-04
9.84854969e-02 -4.41018058e-04 4.06786573e-04
9.88434768e-02 -3.35141147e-04 4.02947796e-04
9.92014549e-02 -1.42677980e-04 4.00892002e-04
9.95594315e-02 -8.29597079e-04 4.06413978e-04
9.99174064e-02 -2.62983674e-04 3.97617014e-04
1.00275380e-01 -2.43183704e-04 3.98987119e-04
1.00633351e-01 -2.15561991e-04 3.81379921e-04
1.00991321e-01 -1.03978387e-04 3.84055599e-04
1.01349290e-01 -1.42378105e-04 3.88436479e-04
1.01707256e-01 -2.63864535e-04 3.78904344e-04
1.02065221e-01 -1.66256125e-04 3.93329207e-04
1.02423184e-01 6.61574923e-04 3.90326217e-04
1.02781146e-01 7.71990320e-04 3.96099414e-04
1.03139106e-01 1.42256591e-04 3.93539527e-04
1.03497064e-01 1.08954420e-03 3.95331086e-04
1.03855021e-01 -2.39125393e-04 3.87324905e-04
1.04212976e-01 -3.52725709e-05 4.02234463e-04
1.04570929e-01 -3.40684685e-04 4.03949841e-04
1.04928880e-01 -2.93301436e-04 3.93572697e-04
1.05286830e-01 -2.30564705e-04 4.04272327e-04
1.05644778e-01 1.54412506e-04 3.87620771e-04
1.06002724e-01 -1.31745285e-03 3.99525321e-04
1.06360668e-01 -5.01093771e-04 4.05469044e-04
1.06718611e-01 -5.03517334e-04 4.04895985e-04
1.07076552e-01 2.09640203e-04 3.95523211e-04
1.07434491e-01 -6.29405147e-05 3.96713501e-04
1.07792429e-01 4.08540915e-04 3.97698497e-04
1.08150364e-01 1.02366261e-03 3.88780527e-04
1.08508298e-01 -1.36335944e-04 4.01288327e-04
1.08866230e-01 8.26401329e-04 4.03564638e-04
1.09224160e-01 -1.39730722e-04 3.93323352e-04
1.09582089e-01 -2.84856823e-05 3.96259345e-04
1.09940016e-01 8.94741610e-04 4.17289472e-04
1.10297941e-01 -2.33979599e-04 3.99983893e-04
1.10655864e-01 -1.99653319e-04 3.80147581e-04
1.11013785e-01 -9.69568602e-05 3.87337074e-04
1.11371704e-01 8.48399742e-05 3.81592572e-04
1.11729622e-01 4.24707767e-04 3.88161242e-04
1.12087538e-01 -2.44612407e-05 3.81743381e-04
1.12445452e-01 -3.70201747e-04 3.86828384e-04
1.12803364e-01 -5.22964607e-05 3.82044399e-04
1.13161274e-01 2.23342330e-05 3.72951492e-04
1.13519182e-01 -1.23135857e-04 3.88958062e-04
1.13877089e-01 1.39406213e-04 3.71286659e-04
1.14234994e-01 -4.14542788e-04 3.77393193e-04
1.14592896e-01 3.05408495e-04 3.73627147e-04
1.14950797e-01 5.18233839e-04 3.73604916e-04
1.15308696e-01 3.01780054e-04 3.76279060e-04
1.15666593e-01 -9.14809365e-05 3.83995138e-04
1.16024488e-01 1.94703447e-04 3.75836681e-04
1.16382382e-01 2.71372409e-04 3.64619720e-04
1.16740273e-01 -1.65781568e-04 3.75617396e-04
1.17098163e-01 6.88807670e-04 3.62973723e-04
1.17456050e-01 -1.77127859e-04 3.60390370e-04
1.17813936e-01 -1.70876330e-04 3.68967948e-04
1.18171819e-01 6.20408662e-04 3.69796593e-04
1.18529701e-01 -1.25576791e-04 3.71223890e-04
1.18887581e-01 -2.12945102e-04 3.78914343e-04
1.19245459e-01 -4.66757745e-04 3.73070511e-04
1.19603335e-01 -4.15504379e-05 3.71650297e-04
1.19961208e-01 2.35436165e-05 3.71505515e-04
1.20319080e-01 4.63679132e-06 3.73772508e-04
1.20676950e-01 -2.51192400e-04 3.80113181e-04
1.21034818e-01 8.21993300e-06 3.78473655e-04
1.21392684e-01 1.53795547e-04 3.78988980e-04
1.21750548e-01 -3.62528990e-04 3.83206986e-04
1.22108410e-01 -4.02214311e-04 3.80761141e-04
1.22466270e-01 -5.46894942e-04 3.76981139e-04
1.22824128e-01 -1.71159897e-04 3.83581061e-04
1.23181984e-01 5.82072211e-04 3.72535332e-04
1.23539838e-01 9.88529847e-04 3.86634294e-04
1.23897690e-01 3.41950996e-04 3.73113176e-04
1.24255540e-01 -5.75144783e-05 3.70865191e-04
1.24613388e-01 4.03045468e-04 3.70047158e-04
1.24971233e-01 4.43793162e-04 3.56400681e-04
1.25329077e-01 2.05270951e-04 3.65942566e-04
1.25686919e-01 -1.63063889e-04 3.74021464e-04
1.26044758e-01 1.51645580e-04 3.65313487e-04
1.26402596e-01 -3.25776881e-05 3.55460708e-04
1.26760431e-01 -2.67922837e-04 3.56309849e-04
1.27118265e-01 4.26396868e-04 3.65106535e-04
1.27476096e-01 3.11149606e-04 3.61336144e-04
1.27833925e-01 -1.35463127e-04 3.48383773e-04
1.28191752e-01 2.02437349e-04 3.55856236e-04
1.28549577e-01 4.02713558e-04 3.56812792e-04
1.28907400e-01 -9.20179055e-05 3.48568792e-04
1.29265221e-01 3.87715775e-04 3.58080448e-04
1.29623040e-01 2.74199604e-04 3.54326406e-04
1.29980856e-01 -1.46128661e-04 3.58782416e-04
1.30338670e-01 3.42964659e-06 3.51441375e-04
1.30696483e-01 9.20242064e-05 3.50362910e-04
1.31054293e-01 -3.73788209e-04 3.44336739e-04
1.31412101e-01 -8.41154107e-05 3.50463171e-04
1.31769906e-01 -6.16650023e-05 3.34445233e-04
1.32127710e-01 -3.21297701e-04 3.41293026e-04
1.32485511e-01 -1.41816242e-04 3.38734405e-04
1.32843311e-01 -4.78321286e-04 3.45121706e-04
1.33201108e-01 -2.75884731e-04 3.43879356e-04
1.33558903e-01 7.19197591e-05 3.39809566e-04
1.33916695e-01 -4.93851398e-04 3.42009327e-04
1.34274486e-01 7.55437234e-04 3.38401576e-04
1.34632274e-01 2.78842615e-05 3.42380748e-04
1.34990060e-01 1.47191565e-04 3.42783113e-04
1.35347844e-01 9.43905465e-05 3.45767751e-04
1.35705626e-01 2.38188707e-04 3.31378742e-04
1.36063405e-01 6.75429518e-04 3.37060454e-04
1.36421182e-01 6.47111390e-05 3.30278221e-04
1.36778957e-01 -5.58458438e-04 3.28565911e-04
1.37136730e-01 4.91603218e-05 3.31123272e-04
1.37494500e-01 6.71222029e-05 3.37339479e-04
1.37852269e-01 4.01751584e-04 3.33945269e-04
1.38210034e-01 5.68686989e-06 3.35710997e-04
1.38567798e-01 2.25595221e-04 3.29023328e-04
1.38925559e-01 3.75372633e-04 3.35823416e-04
1.39283319e-01 -7.54207074e-05 3.27884154e-04
1.39641075e-01 -1.11793001e-04 3.29065893e-04
1.39998830e-01 -3.58595305e-05 3.35157304e-04
1.40356582e-01 -1.21016641e-04 3.32884089e-04
1.40714332e-01 3.03620070e-04 3.27475838e-04
1.41072080e-01 -2.70629988e-04 3.27845587e-04
1.41429825e-01 5.49207417e-04 3.23290346e-04
1.41787568e-01 5.09938941e-05 3.28560683e-04
1.42145308e-01 -2.79196735e-05 3.28425470e-04
1.42503047e-01 2.16509623e-04 3.32096137e-04
1.42860783e-01 -3.80398132e-05 3.27697261e-04
1.43218516e-01 1.13200305e-04 3.26799205e-04
1.43576247e-01 3.99644805e-05 3.23875022e-04
1.43933976e-01 4.37760986e-05 3.22953787e-04
1.44291703e-01 2.48703978e-07 3.26496902e-04
1.44649427e-01 -8.33923893e-05 3.26708567e-04
1.45007149e-01 -3.15979103e-05 3.20192661e-04
1.45364868e-01 -1.55822388e-04 3.16897072e-04
1.45722585e-01 -2.24952397e-04 3.11114768e-04
1.46080300e-01 2.64102242e-04 3.18446807e-04
1.46438012e-01 -3.14533599e-04 3.22378279e-04
1.46795722e-01 -2.16592911e-04 3.14636393e-04
1.47153429e-01 -1.19436769e-04 3.27360550e-04
1.47511134e-01 1.83917942e-04 3.17704079e-04
1.47868837e-01 2.30949974e-04 3.20717087e-04
1.48226537e-01 -2.51361601e-04 3.14567509e-04
1.48584235e-01 1.46498102e-04 3.17666512e-04
1.48941930e-01 -1.86824484e-04 3.12943074e-04
1.49299623e-01 -1.71692134e-04 3.14141495e-04
1.49657313e-01 2.64660843e-04 3.16745812e-04
1.50015001e-01 -2.57010098e-04 3.12385153e-04
1.50372687e-01 -6.36346747e-04 3.17928094e-04
1.50730370e-01 -2.10988050e-04 3.10398595e-04
1.51088050e-01 -6.56396903e-05 3.10084853e-04
1.51445728e-01 3.02445621e-05 3.07310417e-04
1.51803404e-01 -4.54603845e-04 3.10733747e-04
1.52161077e-01 -5.37307630e-05 3.18329867e-04
1.52518747e-01 4.08009760e-05 3.16302995e-04
1.52876416e-01 7.42585252e-05 3.06113093e-04
1.53234081e-01 -1.09316437e-04 3.14058000e-04
1.53591744e-01 1.19921073e-04 3.06643022e-04
1.53949405e-01 -3.79558266e-04 3.05645380e-04
1.54307063e-01 2.92563539e-04 3.04294803e-04
1.54664718e-01 -5.79719410e-04 3.07984139e-04
1.55022371e-01 -2.50525888e-04 3.06593000e-04
1.55380021e-01 -3.98478367e-04 3.12559850e-04
1.55737669e-01 5.52215559e-05 3.07044940e-04
1.56095314e-01 -4.02152530e-04 3.11437514e-04
1.56452957e-01 4.32581490e-05 3.07372386e-04
1.56810597e-01 4.60492376e-04 3.11329167e-04
1.57168235e-01 4.83221314e-05 3.13082253e-04
1.57525870e-01 -1.31414379e-05 3.01618507e-04
1.57883502e-01 -2.18694381e-04 2.98874844e-04
1.58241132e-01 2.30610334e-05 2.96856199e-04
1.58598759e-01 -1.98773092e-04 2.99856421e-04
1.58956384e-01 -2.71139475e-04 2.99062597e-04
1.59314006e-01 -1.02487468e-04 2.92144074e-04
1.59671625e-01 2.55355374e-05 2.97464383e-04
1.60029242e-01 9.77827059e-04 3.09392871e-04
1.60386856e-01 6.30439205e-05 2.91032654e-04
1.60744468e-01 -5.28224602e-04 2.99298846e-04
1.61102076e-01 -2.32585642e-05 2.93925657e-04
1.61459683e-01 -2.12441916e-04 2.97498678e-04
1.61817286e-01 4.12826363e-04 2.98367971e-04
1.62174887e-01 -1.34600023e-04 2.97762675e-04
1.62532485e-01 -5.57810264e-04 2.94199495e-04
1.62890081e-01 4.94287828e-04 2.96581573e-04
1.63247674e-01 -4.22037026e-05 2.96244906e-04
1.63605264e-01 -2.63713551e-04 2.92584841e-04
1.63962852e-01 -2.95731386e-04 2.90496794e-04
1.64320437e-01 2.05258315e-04 2.92045279e-04
1.64678019e-01 1.52690758e-04 2.94833761e-04
1.65035598e-01 1.27858903e-04 2.90438060e-04
1.65393175e-01 1.34654861e-04 2.94235598e-04
1.65750749e-01 -2.08059903e-04 2.94354463e-04
1.66108320e-01 3.01511686e-04 2.93472053e-04
1.66465889e-01 -4.72206146e-04 2.87298779e-04
1.66823455e-01 -1.50306978e-04 2.93453737e-04
1.67181018e-01 -1.05096447e-05 3.00184589e-04
1.67538578e-01 3.26345867e-05 2.89162246e-04
1.67896136e-01 -2.26015842e-04 2.94399836e-04
1.68253691e-01 -3.89520659e-04 2.93770617e-04
1.68611243e-01 -5.19095961e-04 2.92345597e-04
1.68968792e-01 -2.86418017e-04 2.86172986e-04
1.69326339e-01 6.80744532e-04 2.90439108e-04
1.69683883e-01 -2.77631561e-04 2.84839026e-04
1.70041424e-01 -2.29597735e-04 2.85218881e-04
1.70398962e-01 1.74162749e-05 2.87341826e-04
1.70756497e-01 4.39803810e-04 2.92229795e-04
1.71114030e-01 3.53806338e-05 2.89465697e-04
1.71471560e-01 1.30091112e-04 2.83522819e-04
1.71829087e-01 -7.55331159e-05 2.86891512e-04
1.72186611e-01 3.26772341e-04 2.90366770e-04
1.72544132e-01 2.41964343e-04 2.86584509e-04
1.72901651e-01 3.80017309e-04 2.84625980e-04
1.73259167e-01 4.18565638e-05 2.83277964e-04
1.73616679e-01 -4.16986144e-05 2.88603824e-04
1.73974189e-01 -2.17981180e-04 2.86616330e-04
1.74331697e-01 -2.43208382e-04 2.82592970e-04
1.74689201e-01 -3.33921769e-04 2.80769031e-04
1.75046702e-01 -3.12897492e-04 2.81120565e-04
1.75404201e-01 2.40574178e-04 2.87842219e-04
1.75761697e-01 -1.28482273e-04 2.73950520e-04
1.76119189e-01 2.65116505e-04 2.83503519e-04
1.76476679e-01 -9.11744611e-05 2.80392083e-04
1.76834166e-01 -4.15721571e-04 2.79152301e-04
1.77191650e-01 3.17295335e-04 2.83732556e-04
1.77549132e-01 1.34408119e-04 2.82304540e-04
1.77906610e-01 -6.40468929e-04 2.75091301e-04
1.78264085e-01 2.95490905e-05 2.84781909e-04
1.78621558e-01 -9.67728088e-05 2.75926364e-04
1.78979027e-01 9.67949718e-05 2.73971957e-04
1.79336494e-01 -4.86731707e-04 2.76309420e-04
1.79693958e-01 1.77986720e-04 2.78369214e-04
1.80051418e-01 -1.37130393e-05 2.79387994e-04
1.80408876e-01 2.10691496e-06 2.84222493e-04
1.80766331e-01 -2.95139458e-04 2.76923296e-04
1.81123783e-01 2.35501301e-04 2.81482907e-04
1.81481232e-01 8.02130740e-04 2.85016298e-04
1.81838677e-01 -9.80685541e-05 2.82215029e-04
1.82196120e-01 4.94356559e-04 2.86882743e-04
1.82553560e-01 2.65979048e-04 2.84749970e-04
1.82910997e-01 3.81778019e-04 2.82296700e-04
1.83268431e-01 -1.95000786e-05 2.81016660e-04
1.83625862e-01 -3.35150478e-04 2.82483053e-04
1.83983290e-01 -5.25080941e-06 2.84594576e-04
1.84340715e-01 7.70680471e-05 2.84047427e-04
1.84698137e-01 8.19360042e-05 2.85691247e-04
1.85055556e-01 -7.68631365e-06 2.82369578e-04
1.85412971e-01 3.36275647e-04 2.83531299e-04
1.85770384e-01 4.92180208e-06 2.80397687e-04
1.86127794e-01 -4.12618761e-05 2.78946507e-04
1.86485200e-01 -1.42160303e-04 2.76103520e-04
1.86842604e-01 -3.11850623e-04 2.77292036e-04
1.87200005e-01 -2.59455597e-04 2.76410918e-04
1.87557402e-01 -2.36707496e-04 2.71448851e-04
1.87914797e-01 5.32612646e-05 2.75474650e-04
1.88272188e-01 -1.67978611e-04 2.73993219e-04
1.88629576e-01 -2.00599192e-04 2.77509511e-04
1.88986961e-01 -1.10916624e-04 2.70572242e-04
1.89344343e-01 -7.30294311e-05 2.71070651e-04
1.89701722e-01 -5.89617348e-04 2.67919641e-04
1.90059098e-01 -5.37882026e-05 2.66539316e-04
1.90416471e-01 -1.31871487e-04 2.69059962e-04
1.90773840e-01 -3.01626866e-04 2.70365965e-04
1.91131207e-01 5.20587991e-04 2.69222891e-04
1.91488570e-01 -5.01017572e-07 2.73101630e-04
1.91845930e-01 -3.15131037e-04 2.75096781e-04
1.92203287e-01 -8.13397380e-05 2.72343159e-04
1.92560641e-01 1.81401325e-04 2.68227791e-04
1.92917992e-01 5.03028149e-04 2.68020320e-04
1.93275340e-01 2.66172183e-04 2.69127245e-04
1.93632684e-01 7.31539776e-06 2.70567100e-04
1.93990025e-01 1.01039050e-04 2.73948387e-04
1.94347363e-01 1.50640480e-04 2.75896224e-04
1.94704698e-01 1.34280481e-04 2.78500869e-04
1.95062030e-01 -2.41966829e-04 2.75043921e-04
1.95419358e-01 -2.47721820e-04 2.72640678e-04
1.95776684e-01 1.82080241e-04 2.69035059e-04
1.96134006e-01 2.14642191e-04 2.63370923e-04
1.96491324e-01 8.85822300e-06 2.68978074e-04
1.96848640e-01 4.13384650e-06 2.72036117e-04
1.97205953e-01 1.67725547e-04 2.69609187e-04
1.97563262e-01 1.89071667e-04 2.66228007e-04
1.97920568e-01 2.58263395e-04 2.67162051e-04
1.98277870e-01 -6.57513215e-05 2.69476274e-04
1.98635170e-01 7.13275178e-05 2.70588464e-04
1.98992466e-01 -2.19228451e-04 2.73537376e-04
1.99349759e-01 2.24186247e-04 2.76880098e-04
1.99707049e-01 8.30566019e-05 2.68218145e-04
2.00064335e-01 -1.21622770e-04 2.66977961e-04
2.00421618e-01 -1.85858356e-04 2.68468843e-04
2.00778898e-01 -5.54730340e-04 2.64119085e-04
2.01136174e-01 -2.15764450e-04 2.66526018e-04
2.01493448e-01 9.79245289e-05 2.66335935e-04
2.01850718e-01 1.93791675e-04 2.54428848e-04
2.02207984e-01 1.35292715e-05 2.61759070e-04
2.02565248e-01 1.18665622e-04 2.56014257e-04
2.02922508e-01 -7.30037288e-06 2.63433574e-04
2.03279764e-01 -1.89696600e-04 2.63155571e-04
2.03637018e-01 -4.01742689e-04 2.57093580e-04
2.03994268e-01 1.20573957e-05 2.60887524e-04
2.04351514e-01 -4.58750888e-04 2.61912656e-04
2.04708758e-01 1.53054997e-04 2.60701182e-04
2.05065998e-01 -3.39195204e-04 2.65317765e-04
2.05423234e-01 -7.06211634e-05 2.64378681e-04
2.05780467e-01 -4.85570332e-06 2.56256900e-04
2.06137697e-01 6.02957262e-05 2.56268828e-04
2.06494924e-01 5.54516406e-04 2.57313050e-04
2.06852147e-01 -1.08039687e-04 2.59018218e-04
2.07209367e-01 -1.07052344e-04 2.60870755e-04
2.07566583e-01 2.66791432e-04 2.54727304e-04
2.07923796e-01 -3.27031458e-04 2.54377216e-04
2.08281005e-01 1.99986334e-04 2.55509826e-04
2.08638211e-01 3.20768810e-04 2.60626159e-04
2.08995414e-01 3.64994826e-04 2.59190104e-04
2.09352613e-01 1.44451467e-04 2.51597536e-04
2.09709809e-01 1.01782336e-04 2.56332328e-04
2.10067002e-01 8.91519213e-04 2.53625864e-04
2.10424191e-01 4.03893152e-04 2.53168068e-04
2.10781376e-01 1.67155729e-04 2.52383636e-04
2.11138558e-01 4.02956852e-05 2.54063253e-04
2.11495737e-01 -4.37054398e-04 2.49604622e-04
2.11852912e-01 -1.11666543e-05 2.54066899e-04
2.12210084e-01 -1.42695862e-04 2.55361375e-04
2.12567252e-01 -1.50492238e-04 2.48825373e-04
2.12924416e-01 3.72478845e-04 2.45843157e-04
2.13281578e-01 -2.12160783e-04 2.49118131e-04
2.13638735e-01 2.89662820e-04 2.50613013e-04
2.13995890e-01 1.78089349e-04 2.49355893e-04
2.14353040e-01 -7.96804395e-04 2.49981490e-04
2.14710188e-01 1.81072238e-04 2.45892670e-04
2.15067331e-01 -2.48929904e-04 2.45479021e-04
2.15424471e-01 8.50316086e-05 2.43245297e-04
2.15781608e-01 2.17579803e-04 2.49423389e-04
2.16138741e-01 4.41607683e-04 2.44992412e-04
2.16495871e-01 1.70858381e-04 2.45843622e-04
2.16852997e-01 -1.58334389e-04 2.48975592e-04
2.17210119e-01 8.82624451e-05 2.46093513e-04
2.17567238e-01 -2.08895533e-05 2.43494356e-04
2.17924354e-01 3.30315237e-04 2.42958446e-04
2.18281465e-01 -2.67962487e-04 2.49544355e-04
2.18638574e-01 5.81299009e-05 2.47678677e-04
2.18995678e-01 9.95294729e-05 2.46522820e-04
2.19352779e-01 -1.36707770e-05 2.46222544e-04
2.19709877e-01 -1.51731129e-05 2.41295689e-04
2.20066971e-01 -1.05546937e-04 2.39399605e-04
2.20424061e-01 4.56094346e-04 2.44421647e-04
2.20781147e-01 3.60647224e-04 2.39383264e-04
2.21138230e-01 -1.99471457e-04 2.41235911e-04
2.21495310e-01 -1.08348862e-04 2.36004491e-04
2.21852386e-01 1.34237112e-04 2.36595740e-04
2.22209458e-01 8.92819743e-05 2.38417419e-04
2.22566526e-01 -3.63629511e-04 2.39289572e-04
2.22923591e-01 2.39663302e-04 2.36480133e-04
2.23280652e-01 2.92256332e-05 2.34577593e-04
2.23637710e-01 -8.75286028e-06 2.38973869e-04
2.23994764e-01 -3.16874167e-04 2.38418346e-04
2.24351814e-01 -3.06947667e-04 2.34741231e-04
2.24708861e-01 8.46777245e-05 2.36484905e-04
2.25065904e-01 1.20320139e-04 2.36689659e-04
2.25422943e-01 2.61821643e-04 2.41489907e-04
2.25779978e-01 -1.24347802e-04 2.32885054e-04
2.26137010e-01 -1.17724544e-04 2.38671081e-04
2.26494038e-01 2.21610398e-04 2.32883694e-04
2.26851063e-01 6.07542935e-05 2.37882784e-04
2.27208083e-01 2.00976410e-04 2.36786173e-04
2.27565100e-01 -2.07903969e-04 2.39334273e-04
2.27922114e-01 5.20434079e-05 2.38075903e-04
2.28279123e-01 -1.91389676e-04 2.35732342e-04
2.28636129e-01 -1.24584975e-04 2.29178234e-04
2.28993131e-01 -1.56525901e-04 2.33847049e-04
2.29350129e-01 2.46637674e-05 2.33371400e-04
2.29707124e-01 -2.52383995e-05 2.32218937e-04
2.30064115e-01 2.77932447e-04 2.32934154e-04
2.30421102e-01 2.95915060e-04 2.31645349e-04
2.30778085e-01 -1.50876642e-04 2.30737621e-04
2.31135064e-01 2.54789184e-04 2.30826181e-04
2.31492040e-01 9.27718734e-05 2.30545626e-04
2.31849012e-01 -7.92243906e-05 2.30845365e-04
2.32205980e-01 -2.33194796e-04 2.32119536e-04
2.32562944e-01 1.06997658e-04 2.31633686e-04
2.32919905e-01 -2.61083580e-04 2.30591021e-04
2.33276862e-01 2.46679108e-04 2.31624588e-04
2.33633814e-01 1.88132724e-05 2.31825427e-04
2.33990763e-01 -1.94389489e-04 2.32965423e-04
2.34347709e-01 -1.14550195e-04 2.27514838e-04
2.34704650e-01 7.73530288e-05 2.25790389e-04
2.35061588e-01 -1.43938640e-04 2.27096714e-04
2.35418521e-01 2.45756698e-04 2.25545781e-04
2.35775451e-01 1.08882664e-04 2.26655617e-04
2.36132377e-01 8.25131852e-05 2.28564980e-04
2.36489299e-01 -5.06081841e-05 2.29576395e-04
2.36846218e-01 -2.13919598e-04 2.25719132e-04
2.37203132e-01 -6.40660726e-05 2.27754133e-04
2.37560042e-01 8.29355049e-05 2.29419896e-04
2.37916949e-01 4.16880302e-04 2.30361546e-04
2.38273852e-01 -1.22033665e-04 2.28323304e-04
2.38630751e-01 -7.21613823e-05 2.25456223e-04
2.38987645e-01 9.53021600e-05 2.26498035e-04
2.39344537e-01 -1.41121825e-04 2.26443801e-04
2.39701424e-01 -3.07360912e-04 2.23420973e-04
2.40058307e-01 -3.21219992e-04 2.26064904e-04
2.40415186e-01 -3.10100011e-04 2.20032440e-04
2.40772061e-01 -1.87015099e-04 2.21563416e-04
2.41128933e-01 -3.51301005e-05 2.25356999e-04
2.41485800e-01 -3.69180007e-05 2.23335927e-04
2.41842664e-01 3.12097266e-04 2.24151427e-04
2.42199523e-01 1.93813825e-04 2.19648000e-04
2.42556379e-01 -2.04281206e-04 2.21019766e-04
2.42913230e-01 -5.09887783e-05 2.21681634e-04
2.43270078e-01 -3.07120781e-04 2.20954393e-04
2.43626922e-01 2.48401273e-06 2.21340845e-04
2.43983761e-01 -7.11489748e-05 2.22175463e-04
2.44340597e-01 3.66262179e-04 2.21503573e-04
2.44697429e-01 -2.04209032e-05 2.16966020e-04
2.45054256e-01 -2.87329925e-04 2.18857870e-04
2.45411080e-01 3.93413340e-04 2.22895691e-04
2.45767900e-01 1.49910348e-04 2.20344982e-04
2.46124715e-01 2.70929731e-04 2.20719083e-04
2.46481527e-01 5.71003553e-05 2.16563332e-04
2.46838334e-01 -3.65896676e-04 2.17194233e-04
2.47195138e-01 1.04967731e-04 2.17909531e-04
2.47551938e-01 1.71401702e-04 2.17114578e-04
2.47908733e-01 -1.29630695e-04 2.17538283e-04
2.48265524e-01 1.73800796e-04 2.12036919e-04
2.48622312e-01 -8.03042712e-05 2.19424203e-04
2.48979095e-01 1.06640372e-05 2.16279789e-04
2.49335874e-01 -1.52035393e-04 2.17103446e-04
2.49692649e-01 -2.57529262e-04 2.18730453e-04
2.50049420e-01 1.16004704e-04 2.15209947e-04
2.50406187e-01 7.71562013e-05 2.15894791e-04
2.50762950e-01 -1.74979822e-04 2.17822608e-04
2.51119709e-01 -4.88377347e-04 2.14041138e-04
2.51476464e-01 -1.44043901e-04 2.17135106e-04
2.51833214e-01 3.95922555e-04 2.21424612e-04
2.52189961e-01 1.23773498e-05 2.24058952e-04
2.52546703e-01 3.11061220e-04 2.19237570e-04
2.52903441e-01 -2.99458325e-04 2.11754543e-04
2.53260175e-01 -3.69740443e-05 2.14718521e-04
2.53616905e-01 -2.42650117e-04 2.11153503e-04
2.53973631e-01 -3.14247223e-04 2.12428689e-04
2.54330352e-01 1.54346300e-04 2.12219764e-04
2.54687070e-01 4.01384695e-05 2.13619675e-04
2.55043783e-01 -1.77045360e-04 2.14297011e-04
2.55400492e-01 -4.32200880e-05 2.11792639e-04
2.55757197e-01 -1.46562107e-05 2.10611527e-04
2.56113898e-01 -2.73051782e-05 2.08186799e-04
2.56470595e-01 -6.35052031e-05 2.12808146e-04
2.56827287e-01 1.55867477e-04 2.09639832e-04
2.57183975e-01 9.19950358e-05 2.10292884e-04
2.57540659e-01 2.91407765e-04 2.16681334e-04
2.57897339e-01 -3.66356564e-05 2.16923573e-04
2.58254014e-01 4.18620606e-04 2.17990506e-04
2.58610686e-01 5.00942493e-04 2.20478185e-04
2.58967353e-01 -3.56580768e-05 2.16809410e-04
2.59324016e-01 1.73071900e-04 2.16336340e-04
2.59680674e-01 -2.18917618e-05 2.18156240e-04
2.60037329e-01 2.49892040e-04 2.17086910e-04
2.60393979e-01 -1.33268213e-04 2.17069011e-04
2.60750625e-01 -2.24210099e-04 2.15828257e-04
2.61107266e-01 6.53270814e-05 2.12050409e-04
2.61463904e-01 2.93165866e-04 2.15764785e-04
2.61820537e-01 -2.66116420e-04 2.15629302e-04
2.62177166e-01 -8.58875894e-05 2.13674006e-04
2.62533790e-01 4.55725905e-05 2.13817345e-04
2.62890410e-01 2.61424554e-04 2.16631646e-04
2.63247026e-01 1.14279829e-04 2.13870951e-04
2.63603638e-01 -1.21444015e-04 2.10024701e-04
2.63960245e-01 1.12612221e-04 2.14246765e-04
2.64316848e-01 -3.24870369e-04 2.14541431e-04
2.64673447e-01 -3.63591872e-04 2.10174211e-04
2.65030042e-01 -3.24225715e-04 2.11505715e-04
2.65386632e-01 -1.17961179e-04 2.13362994e-04
2.65743217e-01 -1.69516632e-04 2.14373092e-04
2.66099799e-01 -5.38073989e-05 2.20946906e-04
2.66456376e-01 4.60529151e-04 2.16664274e-04
2.66812948e-01 3.38882553e-05 2.10040289e-04
2.67169517e-01 -2.50940802e-04 2.13703524e-04
2.67526081e-01 -2.33929282e-05 2.14325162e-04
2.67882640e-01 -1.72722745e-04 2.15084295e-04
2.68239195e-01 -9.51052798e-05 2.14106898e-04
2.68595746e-01 3.02956668e-04 2.14840708e-04
2.68952293e-01 -2.50953752e-04 2.15526315e-04
2.69308835e-01 1.75176747e-04 2.18097487e-04
2.69665372e-01 1.34250929e-04 2.19503476e-04
2.70021906e-01 -5.25951516e-05 2.21760390e-04
2.70378435e-01 3.74336958e-04 2.24461514e-04
2.70734959e-01 -3.73016719e-04 2.22826567e-04
2.71091479e-01 1.55116771e-04 2.25448630e-04
2.71447995e-01 -7.17955919e-05 2.20836424e-04
2.71804506e-01 2.37442165e-05 2.22275014e-04
2.72161012e-01 8.53491581e-05 2.19071149e-04
2.72517515e-01 2.09440141e-04 2.23047451e-04
2.72874012e-01 -5.60222406e-05 2.23974931e-04
