1.54026655e-02 3.16969112e-02 1.75195789e-03
1.57608633e-02 3.26780962e-02 1.73850324e-03
1.61190608e-02 3.12785884e-02 1.67635912e-03
1.64772580e-02 3.21771596e-02 1.67007198e-03
1.68354550e-02 3.12748310e-02 1.47295171e-03
1.71936517e-02 3.32515574e-02 1.47645097e-03
1.75518481e-02 3.47970360e-02 1.49791109e-03
1.79100442e-02 3.32957734e-02 1.35804725e-03
1.82682400e-02 2.93382025e-02 1.41599515e-03
1.86264355e-02 2.96587503e-02 1.36114914e-03
1.89846308e-02 3.00850489e-02 1.47561068e-03
1.93428257e-02 3.09603683e-02 1.29710406e-03
1.97010202e-02 3.13122628e-02 1.17810711e-03
2.00592145e-02 3.16662114e-02 1.24429822e-03
2.04174084e-02 3.16679150e-02 1.26514918e-03
2.07756020e-02 3.17318380e-02 1.24352758e-03
2.11337953e-02 3.19511738e-02 1.14578070e-03
2.14919882e-02 3.06534172e-02 1.18477964e-03
2.18501808e-02 2.98459571e-02 1.18716026e-03
2.22083729e-02 3.04008897e-02 1.08150594e-03
2.25665648e-02 2.94633759e-02 1.06363625e-03
2.29247562e-02 2.95849033e-02 1.14561664e-03
2.32829473e-02 2.84616409e-02 1.05195600e-03
2.36411380e-02 3.00716218e-02 1.10711576e-03
2.39993283e-02 2.85984875e-02 1.01751325e-03
2.43575182e-02 2.84360120e-02 1.07385724e-03
2.47157077e-02 2.82469529e-02 1.02807382e-03
2.50738968e-02 2.81954537e-02 9.68516234e-04
2.54320855e-02 2.97425629e-02 1.01126426e-03
2.57902738e-02 2.71689161e-02 1.02121177e-03
2.61484617e-02 2.61800749e-02 9.24299640e-04
2.65066491e-02 2.76715596e-02 9.77150755e-04
2.68648361e-02 2.68810152e-02 9.66004663e-04
2.72230226e-02 2.65439853e-02 1.00517938e-03
2.75812087e-02 2.73099006e-02 1.01580855e-03
2.79393943e-02 2.83020967e-02 9.55018443e-04
2.82975795e-02 2.75326297e-02 8.96992345e-04
2.86557642e-02 2.80041402e-02 9.62669801e-04
2.90139485e-02 2.59399652e-02 9.72555169e-04
2.93721323e-02 2.67512026e-02 9.94424103e-04
2.97303155e-02 2.72557249e-02 9.43276812e-04
3.00884983e-02 2.62363859e-02 9.22350033e-04
3.04466806e-02 2.54399782e-02 9.04646644e-04
3.08048624e-02 2.49968288e-02 9.23624597e-04
3.11630437e-02 2.53282999e-02 9.60637052e-04
3.15212245e-02 2.49646291e-02 9.33934185e-04
3.18794048e-02 2.24331590e-02 9.12707819e-04
3.22375845e-02 2.41485694e-02 8.96145668e-04
3.25957637e-02 2.46759163e-02 8.88799511e-04
3.29539424e-02 2.12281020e-02 8.61950808e-04
3.33121205e-02 2.40447525e-02 9.05004095e-04
3.36702981e-02 2.28998390e-02 9.45742557e-04
3.40284751e-02 2.35841843e-02 9.06907579e-04
3.43866516e-02 2.18764036e-02 8.97371992e-04
3.47448275e-02 2.30740568e-02 8.50324806e-04
3.51030028e-02 2.34307627e-02 8.95210746e-04
3.54611775e-02 2.16137750e-02 8.13774269e-04
3.58193517e-02 2.17703108e-02 7.98025932e-04
3.61775253e-02 2.05465962e-02 8.25087019e-04
3.65356983e-02 2.12222540e-02 8.55361153e-04
3.68938706e-02 2.10088610e-02 8.14901786e-04
3.72520424e-02 1.98926004e-02 7.97684244e-04
3.76102136e-02 2.16424595e-02 7.80636311e-04
3.79683841e-02 2.13033263e-02 7.98169975e-04
3.83265540e-02 2.05363666e-02 7.77335151e-04
3.86847233e-02 2.02628526e-02 7.91502646e-04
3.90428920e-02 1.95860625e-02 7.66158621e-04
3.94010600e-02 2.00047250e-02 7.88879702e-04
3.97592273e-02 1.87213876e-02 7.37751707e-04
4.01173941e-02 1.98501895e-02 7.43385733e-04
4.04755601e-02 1.85724455e-02 7.96452275e-04
4.08337255e-02 1.82866303e-02 7.01478796e-04
4.11918902e-02 1.81558323e-02 7.25931946e-04
4.15500542e-02 1.70124805e-02 7.20211166e-04
4.19082176e-02 1.66718677e-02 7.17778641e-04
4.22663802e-02 1.70057520e-02 7.28219374e-04
4.26245422e-02 1.81524631e-02 7.12006344e-04
4.29827034e-02 1.72511291e-02 7.68420989e-04
4.33408640e-02 1.53715811e-02 7.41827965e-04
4.36990238e-02 1.69263907e-02 7.40172728e-04
4.40571830e-02 1.71508451e-02 7.32540321e-04
4.44153414e-02 1.71155783e-02 7.12046582e-04
4.47734990e-02 1.60545667e-02 7.38744236e-04
4.51316560e-02 1.62646272e-02 7.35276602e-04
4.54898122e-02 1.47595319e-02 7.30201512e-04
4.58479676e-02 1.70372782e-02 7.35130779e-04
4.62061223e-02 1.62901362e-02 6.97652492e-04
4.65642762e-02 1.48339903e-02 7.33190899e-04
4.69224294e-02 1.55775140e-02 6.92485802e-04
4.72805818e-02 1.42490640e-02 7.29510471e-04
4.76387334e-02 1.37336559e-02 6.81069857e-04
4.79968842e-02 1.37883579e-02 6.80267435e-04
4.83550342e-02 1.44041417e-02 6.92693087e-04
4.87131835e-02 1.40428261e-02 6.74504985e-04
4.90713319e-02 1.28407802e-02 6.60276068e-04
4.94294795e-02 1.36661481e-02 6.79562599e-04
4.97876264e-02 1.31473743e-02 6.63576719e-04
5.01457724e-02 1.30799387e-02 6.69054133e-04
5.05039175e-02 1.30395371e-02 6.77997298e-04
5.08620619e-02 1.16024413e-02 6.14352542e-04
5.12202054e-02 1.35125880e-02 6.53520103e-04
5.15783481e-02 1.17630467e-02 6.27252999e-04
5.19364899e-02 9.95576520e-03 6.47818482e-04
5.22946308e-02 1.04690459e-02 6.09826897e-04
5.26527709e-02 1.18017196e-02 6.24506269e-04
5.30109102e-02 1.13923062e-02 6.09627163e-04
5.33690485e-02 1.16119152e-02 6.04621612e-04
5.37271860e-02 1.07738402e-02 6.11858385e-04
5.40853226e-02 1.16034549e-02 6.00502819e-04
5.44434583e-02 1.09062803e-02 6.33696633e-04
5.48015932e-02 1.01205070e-02 6.03729316e-04
5.51597271e-02 1.00385890e-02 5.84245503e-04
5.55178601e-02 1.04809665e-02 5.96636506e-04
5.58759922e-02 9.74905212e-03 5.96919241e-04
5.62341234e-02 1.02197006e-02 5.97472915e-04
5.65922536e-02 9.77219999e-03 5.86479343e-04
5.69503829e-02 8.05150733e-03 6.09763191e-04
5.73085113e-02 8.53938722e-03 5.67988957e-04
5.76666388e-02 8.96509285e-03 5.83586907e-04
5.80247653e-02 9.02343261e-03 5.65483414e-04
5.83828908e-02 9.28798395e-03 5.80119992e-04
5.87410154e-02 8.17914777e-03 5.61229094e-04
5.90991390e-02 8.37230876e-03 5.58094574e-04
5.94572616e-02 8.17881446e-03 5.50211594e-04
5.98153833e-02 7.71268956e-03 5.60709702e-04
6.01735040e-02 8.17628049e-03 5.63501672e-04
6.05316237e-02 7.85417946e-03 5.50469355e-04
6.08897424e-02 7.31571072e-03 5.32758505e-04
6.12478600e-02 7.81241789e-03 5.40686726e-04
6.16059767e-02 7.13610691e-03 5.58281593e-04
6.19640924e-02 6.47173733e-03 5.47641313e-04
6.23222071e-02 7.20195792e-03 5.40762799e-04
6.26803207e-02 6.74104571e-03 5.54436708e-04
6.30384333e-02 6.30215969e-03 5.34703245e-04
6.33965448e-02 6.79464754e-03 5.34632472e-04
6.37546554e-02 5.87225890e-03 5.32982981e-04
6.41127648e-02 6.41799012e-03 5.50920907e-04
6.44708732e-02 6.75120539e-03 5.43783700e-04
6.48289806e-02 6.06808130e-03 5.55627325e-04
6.51870869e-02 6.58886021e-03 5.37707276e-04
6.55451921e-02 4.48836055e-03 5.14192420e-04
6.59032962e-02 4.58653524e-03 5.12701507e-04
6.62613993e-02 5.03361990e-03 5.16481585e-04
6.66195012e-02 4.40453183e-03 5.14914564e-04
6.69776021e-02 5.31094708e-03 5.25176730e-04
6.73357019e-02 5.34891837e-03 5.15717464e-04
6.76938005e-02 5.30785004e-03 5.23128665e-04
6.80518981e-02 4.57483481e-03 5.09805099e-04
6.84099945e-02 4.34084033e-03 5.11824519e-04
6.87680898e-02 5.62606449e-03 4.98048264e-04
6.91261840e-02 4.04058190e-03 5.00933201e-04
6.94842770e-02 4.28304309e-03 4.82047831e-04
6.98423689e-02 4.16134714e-03 5.10180763e-04
7.02004596e-02 4.81695159e-03 5.11894731e-04
7.05585492e-02 4.73427509e-03 4.77616600e-04
7.09166377e-02 4.85657188e-03 5.12809118e-04
7.12747249e-02 4.51661430e-03 5.12110401e-04
7.16328110e-02 3.82269865e-03 4.78332873e-04
7.19908959e-02 3.08423520e-03 4.91032988e-04
7.23489796e-02 3.81152306e-03 4.84713704e-04
7.27070622e-02 3.87024833e-03 4.78546312e-04
7.30651435e-02 4.21138053e-03 4.95957312e-04
7.34232237e-02 3.71099999e-03 4.74931132e-04
7.37813026e-02 4.05255903e-03 4.84719266e-04
7.41393803e-02 3.46815746e-03 4.82497432e-04
7.44974568e-02 2.38710880e-03 4.81631363e-04
7.48555321e-02 2.98571697e-03 4.62592948e-04
7.52136061e-02 3.11055951e-03 4.80114871e-04
7.55716789e-02 2.77828666e-03 4.57142417e-04
7.59297505e-02 3.22294904e-03 4.67453944e-04
7.62878208e-02 2.50770713e-03 4.81586470e-04
7.66458899e-02 2.95694949e-03 4.48011544e-04
7.70039577e-02 2.85856628e-03 4.63187152e-04
7.73620242e-02 2.44432753e-03 4.54589213e-04
7.77200895e-02 2.59731980e-03 4.58305658e-04
7.80781535e-02 2.33309639e-03 4.62408638e-04
7.84362162e-02 3.11409033e-03 4.47051224e-04
7.87942776e-02 2.89382389e-03 4.59635333e-04
7.91523377e-02 2.86546897e-03 4.48740130e-04
7.95103965e-02 1.93294726e-03 4.43125021e-04
7.98684540e-02 1.62957412e-03 4.55937701e-04
8.02265102e-02 1.59996528e-03 4.51000861e-04
8.05845651e-02 2.73231745e-03 4.52090386e-04
8.09426186e-02 2.31185912e-03 4.47200190e-04
8.13006709e-02 2.00159934e-03 4.54033321e-04
8.16587217e-02 2.37966805e-03 4.49994408e-04
8.20167713e-02 2.06448175e-03 4.59515918e-04
8.23748195e-02 2.03518786e-03 4.50657877e-04
8.27328663e-02 1.47910830e-03 4.46581199e-04
8.30909118e-02 2.04939472e-03 4.52734005e-04
8.34489559e-02 1.45223351e-03 4.25915781e-04
8.38069986e-02 1.87855068e-03 4.33745035e-04
8.41650400e-02 1.87170393e-03 4.40495503e-04
8.45230800e-02 2.09677437e-03 4.35745248e-04
8.48811185e-02 1.53359798e-03 4.31328991e-04
8.52391557e-02 1.28270859e-03 4.35618413e-04
8.55971915e-02 1.01820238e-03 4.45017384e-04
8.59552259e-02 1.21813273e-03 4.41243928e-04
8.63132589e-02 1.91887208e-03 4.43905105e-04
8.66712904e-02 2.23716595e-03 4.54951398e-04
8.70293205e-02 1.42219218e-03 4.58496159e-04
8.73873492e-02 1.67701033e-03 4.41681665e-04
8.77453765e-02 1.63220937e-03 4.37767628e-04
8.81034023e-02 1.13888174e-03 4.31141282e-04
8.84614267e-02 1.09485220e-03 4.44450850e-04
8.88194496e-02 1.13081284e-03 4.33593711e-04
8.91774710e-02 6.90939208e-04 4.16627934e-04
8.95354910e-02 1.91039219e-03 4.26871499e-04
8.98935095e-02 1.55615467e-03 4.45286662e-04
9.02515266e-02 7.43632998e-04 4.28349023e-04
9.06095421e-02 1.16947979e-03 4.31017717e-04
9.09675562e-02 1.19626435e-03 4.31515268e-04
9.13255687e-02 1.72442365e-03 4.29972100e-04
9.16835798e-02 1.74130154e-03 4.35718128e-04
9.20415894e-02 1.41109711e-03 4.21395766e-04
9.23995974e-02 8.55069370e-04 4.45763633e-04
9.27576039e-02 1.10848380e-03 4.30301928e-04
9.31156089e-02 2.06564252e-03 4.36939237e-04
9.34736124e-02 1.38076221e-03 4.32083568e-04
9.38316143e-02 1.07258716e-03 4.09219757e-04
9.41896147e-02 9.16320881e-04 4.25100438e-04
9.45476136e-02 6.96995933e-04 4.33769152e-04
9.49056108e-02 1.58497681e-03 4.13996152e-04
9.52636066e-02 1.16150625e-03 4.19798575e-04
9.56216007e-02 8.76694163e-04 4.04451100e-04
9.59795933e-02 1.31770059e-03 4.08507693e-04
9.63375843e-02 8.22712283e-04 4.09404726e-04
9.66955738e-02 1.27324656e-03 4.16697898e-04
9.70535616e-02 7.76301781e-04 4.12833942e-04
9.74115478e-02 5.06357678e-04 3.95561069e-04
9.77695325e-02 1.16154739e-03 4.06820093e-04
9.81275155e-02 1.01680490e-03 4.01179593e-04
9.84854969e-02 2.35675287e-04 4.04565009e-04
9.88434768e-02 1.28935758e-03 4.08314812e-04
9.92014549e-02 9.55073182e-04 4.07417640e-04
9.95594315e-02 8.42445905e-04 4.07414857e-04
9.99174064e-02 1.46539626e-03 3.92424631e-04
1.00275380e-01 8.12999676e-04 4.03770301e-04
1.00633351e-01 7.32607721e-04 3.95933345e-04
1.00991321e-01 -1.69705883e-04 3.80975024e-04
1.01349290e-01 4.72377547e-04 3.93923959e-04
1.01707256e-01 1.25970745e-04 3.94227378e-04
1.02065221e-01 6.01506453e-04 3.87043970e-04
1.02423184e-01 7.62110348e-04 3.95657933e-04
1.02781146e-01 7.35236692e-04 3.91838295e-04
1.03139106e-01 1.24980767e-03 3.93402538e-04
1.03497064e-01 8.77651355e-04 3.80999300e-04
1.03855021e-01 7.13360584e-04 3.92628786e-04
1.04212976e-01 7.89437803e-04 3.91610917e-04
1.04570929e-01 1.04961903e-03 3.98132117e-04
1.04928880e-01 1.07293480e-03 3.99155364e-04
1.05286830e-01 4.82025762e-04 3.86355477e-04
1.05644778e-01 5.25857808e-04 3.90160180e-04
1.06002724e-01 3.61401561e-04 3.88780803e-04
1.06360668e-01 6.97918220e-04 3.87488645e-04
1.06718611e-01 5.93377076e-04 3.89139745e-04
1.07076552e-01 4.65678511e-04 4.06599663e-04
1.07434491e-01 3.81857251e-04 4.15105220e-04
1.07792429e-01 2.83294060e-04 4.00608010e-04
1.08150364e-01 3.15876794e-04 3.96691626e-04
1.08508298e-01 8.09975902e-04 3.94722747e-04
1.08866230e-01 7.73257692e-04 3.96534189e-04
1.09224160e-01 8.26460962e-04 4.01279392e-04
1.09582089e-01 3.81212557e-04 3.89750729e-04
1.09940016e-01 4.36120869e-04 4.06254662e-04
1.10297941e-01 5.97309192e-04 3.94982173e-04
1.10655864e-01 1.95413765e-04 3.80092051e-04
1.11013785e-01 7.50840923e-04 3.91645720e-04
1.11371704e-01 1.19435227e-03 3.89821233e-04
1.11729622e-01 8.32077311e-04 3.88845965e-04
1.12087538e-01 7.50776033e-04 3.80051129e-04
1.12445452e-01 5.03612414e-04 3.75974535e-04
1.12803364e-01 1.01182705e-03 3.84380129e-04
1.13161274e-01 3.41661155e-04 3.79376922e-04
1.13519182e-01 7.37643055e-04 3.92078364e-04
1.13877089e-01 7.28277306e-04 3.75309492e-04
1.14234994e-01 5.70824784e-04 3.77697133e-04
1.14592896e-01 5.47807450e-04 3.70216569e-04
1.14950797e-01 1.80776319e-04 3.72930021e-04
1.15308696e-01 7.45227106e-04 3.64582356e-04
1.15666593e-01 7.42368349e-04 3.69254626e-04
1.16024488e-01 6.65927473e-04 3.71365398e-04
1.16382382e-01 3.67643765e-04 3.60168995e-04
1.16740273e-01 6.61597755e-04 3.73107674e-04
1.17098163e-01 2.11509635e-04 3.69750196e-04
1.17456050e-01 9.32527500e-04 3.73768050e-04
1.17813936e-01 4.49366567e-04 3.63709846e-04
1.18171819e-01 6.43718727e-04 3.77061536e-04
1.18529701e-01 1.18788962e-03 3.76631303e-04
1.18887581e-01 9.21448030e-04 3.75156589e-04
1.19245459e-01 1.12761255e-03 3.83614084e-04
1.19603335e-01 4.84032015e-04 3.58215785e-04
1.19961208e-01 8.57059160e-04 3.74806768e-04
1.20319080e-01 7.61728495e-04 3.79900832e-04
1.20676950e-01 7.83447233e-04 3.82746776e-04
1.21034818e-01 2.46940716e-05 3.77666717e-04
1.21392684e-01 3.31131597e-05 3.73373861e-04
1.21750548e-01 6.05909102e-04 3.72016885e-04
1.22108410e-01 5.19845474e-04 3.84581414e-04
1.22466270e-01 2.76417691e-05 3.73529083e-04
1.22824128e-01 6.70498899e-04 3.80003139e-04
1.23181984e-01 2.79558085e-04 3.72432483e-04
1.23539838e-01 5.83789997e-04 3.80925277e-04
1.23897690e-01 1.75191919e-04 3.72378133e-04
1.24255540e-01 4.19763413e-04 3.72424956e-04
1.24613388e-01 -4.55624229e-05 3.71911978e-04
1.24971233e-01 5.93590901e-04 3.69773143e-04
1.25329077e-01 7.98094156e-04 3.77002467e-04
1.25686919e-01 7.43967763e-04 3.68803081e-04
1.26044758e-01 1.03218026e-03 3.67159108e-04
1.26402596e-01 5.20009058e-04 3.68010291e-04
1.26760431e-01 5.00868400e-04 3.56917138e-04
1.27118265e-01 4.04855801e-04 3.60436550e-04
1.27476096e-01 2.64558771e-04 3.60110571e-04
1.27833925e-01 1.15580281e-03 3.57313334e-04
1.28191752e-01 8.83044621e-04 3.51126774e-04
1.28549577e-01 3.08639365e-04 3.50877411e-04
1.28907400e-01 5.66319994e-04 3.54088771e-04
1.29265221e-01 1.99348615e-04 3.52388072e-04
1.29623040e-01 6.46973161e-04 3.43693073e-04
1.29980856e-01 3.06976396e-04 3.55989306e-04
1.30338670e-01 2.43277226e-04 3.46660164e-04
1.30696483e-01 9.50487616e-04 3.49360136e-04
1.31054293e-01 1.01911275e-03 3.52633263e-04
1.31412101e-01 4.98239739e-04 3.45223283e-04
1.31769906e-01 2.91174354e-04 3.44564603e-04
1.32127710e-01 4.26328329e-04 3.50146537e-04
1.32485511e-01 2.38456578e-05 3.45575284e-04
1.32843311e-01 3.64043574e-04 3.39552773e-04
1.33201108e-01 5.19237517e-04 3.49249112e-04
1.33558903e-01 4.14154714e-04 3.49535670e-04
1.33916695e-01 1.30084507e-04 3.36967625e-04
1.34274486e-01 6.29694659e-04 3.47182562e-04
1.34632274e-01 7.51151217e-04 3.44293559e-04
1.34990060e-01 3.10236400e-04 3.44165452e-04
1.35347844e-01 5.06054770e-04 3.34169784e-04
1.35705626e-01 3.02414041e-04 3.36416461e-04
1.36063405e-01 3.25658623e-04 3.33490256e-04
1.36421182e-01 1.93753709e-04 3.33089766e-04
1.36778957e-01 2.69475365e-04 3.37398160e-04
1.37136730e-01 -3.08373083e-04 3.40124697e-04
1.37494500e-01 4.52901721e-04 3.29963230e-04
1.37852269e-01 -2.84308181e-04 3.32729839e-04
1.38210034e-01 2.91748758e-04 3.32090601e-04
1.38567798e-01 1.25570661e-04 3.30065443e-04
1.38925559e-01 1.68930478e-04 3.29054678e-04
1.39283319e-01 2.24239779e-04 3.37879226e-04
1.39641075e-01 2.05115508e-04 3.34108815e-04
1.39998830e-01 4.11770836e-05 3.35341620e-04
1.40356582e-01 -3.36028779e-04 3.35553213e-04
1.40714332e-01 2.53089658e-04 3.30572624e-04
1.41072080e-01 3.38772322e-04 3.33265421e-04
1.41429825e-01 8.08624085e-05 3.32617245e-04
1.41787568e-01 -5.04965460e-04 3.34102448e-04
1.42145308e-01 7.02592557e-04 3.37229334e-04
1.42503047e-01 9.19337431e-04 3.29078572e-04
1.42860783e-01 6.24587595e-04 3.28394549e-04
1.43218516e-01 4.26997754e-04 3.25504453e-04
1.43576247e-01 8.20908141e-04 3.32744415e-04
1.43933976e-01 5.53186796e-05 3.23496038e-04
1.44291703e-01 2.38010211e-04 3.16614216e-04
1.44649427e-01 1.38433405e-04 3.26913623e-04
1.45007149e-01 -2.50351258e-04 3.12531628e-04
1.45364868e-01 3.92616118e-04 3.27186243e-04
1.45722585e-01 1.53287890e-04 3.23816739e-04
1.46080300e-01 3.73094037e-04 3.18398661e-04
1.46438012e-01 2.51115456e-04 3.18968309e-04
1.46795722e-01 1.54645969e-04 3.17401003e-04
1.47153429e-01 1.20269803e-04 3.20344405e-04
1.47511134e-01 7.98232087e-05 3.13692465e-04
1.47868837e-01 -7.86713520e-05 3.20620019e-04
1.48226537e-01 2.92795120e-04 3.21070566e-04
1.48584235e-01 6.24038641e-04 3.27931963e-04
1.48941930e-01 3.39728281e-04 3.18505036e-04
1.49299623e-01 3.24930867e-04 3.16625860e-04
1.49657313e-01 -1.38202346e-05 3.11706852e-04
1.50015001e-01 3.21589153e-04 3.18447802e-04
1.50372687e-01 -2.02174359e-04 3.10599633e-04
1.50730370e-01 1.79987030e-04 3.16349068e-04
1.51088050e-01 7.57350249e-04 3.12197091e-04
1.51445728e-01 4.58424855e-04 3.19292787e-04
1.51803404e-01 2.35186856e-04 3.15935396e-04
1.52161077e-01 -4.16464481e-05 3.12078259e-04
1.52518747e-01 1.86906903e-04 3.14305166e-04
1.52876416e-01 -1.70992514e-04 3.05775586e-04
1.53234081e-01 1.17275728e-04 3.11427336e-04
1.53591744e-01 3.45531646e-04 3.12303899e-04
1.53949405e-01 1.81925038e-04 3.14543232e-04
1.54307063e-01 1.79533098e-04 3.09699977e-04
1.54664718e-01 -3.76866979e-05 3.06240678e-04
1.55022371e-01 5.63900867e-04 3.12318316e-04
1.55380021e-01 5.11312757e-04 3.10336250e-04
1.55737669e-01 2.11183348e-04 3.08693373e-04
1.56095314e-01 9.41759036e-05 3.08293179e-04
1.56452957e-01 -1.11795358e-04 3.02744791e-04
1.56810597e-01 -1.54681372e-04 3.00493911e-04
1.57168235e-01 1.51265998e-04 3.04028884e-04
1.57525870e-01 2.58760893e-04 3.04597614e-04
1.57883502e-01 7.42199174e-04 3.05500457e-04
1.58241132e-01 6.25698795e-04 3.05062276e-04
1.58598759e-01 -6.68758013e-05 3.01512864e-04
1.58956384e-01 -6.39732409e-05 3.04226058e-04
1.59314006e-01 -8.34119318e-05 2.99651152e-04
1.59671625e-01 7.46503007e-05 3.00834748e-04
1.60029242e-01 1.21864133e-04 3.02182335e-04
1.60386856e-01 -3.70272397e-06 2.99925661e-04
1.60744468e-01 1.35551087e-04 3.02798970e-04
1.61102076e-01 9.65983860e-04 2.99581965e-04
1.61459683e-01 8.74433353e-05 2.91701331e-04
1.61817286e-01 -4.33141966e-04 2.96623926e-04
1.62174887e-01 1.13041659e-04 2.95641822e-04
1.62532485e-01 -1.96879123e-05 2.99380473e-04
1.62890081e-01 5.12579262e-05 2.95851424e-04
1.63247674e-01 5.02851336e-04 2.99009435e-04
1.63605264e-01 4.04239707e-04 3.03146177e-04
1.63962852e-01 4.79302752e-05 2.93332558e-04
1.64320437e-01 -3.22812006e-05 2.89946930e-04
1.64678019e-01 4.97364985e-04 2.98045290e-04
1.65035598e-01 -3.33867523e-04 2.91470285e-04
1.65393175e-01 6.51235806e-05 2.96429738e-04
1.65750749e-01 -3.79168727e-04 2.90850102e-04
1.66108320e-01 1.91453632e-04 2.93240321e-04
1.66465889e-01 5.85519897e-04 2.93019470e-04
1.66823455e-01 2.00659332e-04 2.96661797e-04
1.67181018e-01 -3.36181639e-04 2.97230061e-04
1.67538578e-01 -8.31821170e-04 2.88799441e-04
1.67896136e-01 -2.06920083e-05 2.90441019e-04
1.68253691e-01 -3.03678764e-04 2.87619499e-04
1.68611243e-01 4.33594119e-05 2.93145771e-04
1.68968792e-01 5.27383411e-04 2.95807077e-04
1.69326339e-01 2.39773618e-04 2.91840730e-04
1.69683883e-01 2.24593195e-04 2.92780657e-04
1.70041424e-01 3.63313580e-04 2.86216318e-04
1.70398962e-01 4.17127715e-04 2.89021555e-04
1.70756497e-01 2.54204835e-04 2.80852267e-04
1.71114030e-01 -1.69631107e-04 2.88325058e-04
1.71471560e-01 8.17921793e-05 2.93412006e-04
1.71829087e-01 2.20329427e-04 2.83672283e-04
1.72186611e-01 2.29724594e-04 2.88314431e-04
1.72544132e-01 4.42222860e-04 2.84795209e-04
1.72901651e-01 1.04582957e-04 2.79829272e-04
1.73259167e-01 3.85543165e-04 2.87006099e-04
1.73616679e-01 4.38644311e-04 2.89070241e-04
1.73974189e-01 5.55837835e-04 2.86870073e-04
1.74331697e-01 4.75803220e-04 2.89086683e-04
1.74689201e-01 1.70379640e-04 2.86181928e-04
1.75046702e-01 -4.15778673e-05 2.80069327e-04
1.75404201e-01 -7.08732883e-05 2.76782907e-04
1.75761697e-01 3.00494983e-05 2.80960292e-04
1.76119189e-01 2.15134624e-04 2.87394541e-04
1.76476679e-01 -3.76603202e-04 2.85356541e-04
1.76834166e-01 -1.82183909e-04 2.79353488e-04
1.77191650e-01 2.64532070e-04 2.84044805e-04
1.77549132e-01 1.61315204e-04 2.80371365e-04
1.77906610e-01 3.12239597e-05 2.80649087e-04
1.78264085e-01 1.36924071e-04 2.77235143e-04
1.78621558e-01 3.53633308e-04 2.83448971e-04
1.78979027e-01 -2.10364801e-04 2.77443016e-04
1.79336494e-01 -2.63765503e-04 2.72183892e-04
1.79693958e-01 -4.11148197e-04 2.74072355e-04
1.80051418e-01 -1.83604117e-04 2.87229799e-04
1.80408876e-01 4.12732955e-04 2.85809896e-04
1.80766331e-01 5.30629748e-04 2.84977445e-04
1.81123783e-01 6.28251508e-05 2.80647333e-04
1.81481232e-01 2.72898980e-05 2.81734926e-04
1.81838677e-01 -2.16052854e-04 2.80339740e-04
1.82196120e-01 4.85817349e-04 2.81760917e-04
1.82553560e-01 3.83071402e-05 2.82105060e-04
1.82910997e-01 2.82503513e-04 2.87317988e-04
1.83268431e-01 -2.83544635e-05 2.82481257e-04
1.83625862e-01 -1.92062386e-04 2.82113050e-04
1.83983290e-01 -3.89041743e-05 2.88408215e-04
1.84340715e-01 1.73533355e-04 2.85436497e-04
1.84698137e-01 9.05382091e-06 2.82644291e-04
1.85055556e-01 -5.39851376e-04 2.79161934e-04
1.85412971e-01 -5.51907844e-04 2.84617829e-04
1.85770384e-01 -8.34450412e-04 2.84268052e-04
1.86127794e-01 8.78037012e-05 2.82249981e-04
1.86485200e-01 -9.47682826e-05 2.79010380e-04
1.86842604e-01 3.66153225e-05 2.85973565e-04
1.87200005e-01 -2.17870387e-04 2.74077277e-04
1.87557402e-01 1.18492011e-04 2.77050471e-04
1.87914797e-01 4.42482656e-04 2.77100298e-04
1.88272188e-01 9.20008239e-05 2.77399053e-04
1.88629576e-01 -1.73204453e-04 2.72775998e-04
1.88986961e-01 2.36363884e-04 2.70552354e-04
1.89344343e-01 -1.73955372e-04 2.72325723e-04
1.89701722e-01 9.01563484e-05 2.75363953e-04
1.90059098e-01 -2.32215655e-04 2.74683501e-04
1.90416471e-01 8.11608121e-05 2.72712399e-04
1.90773840e-01 4.54384451e-05 2.74918765e-04
1.91131207e-01 -3.36132519e-04 2.70243177e-04
1.91488570e-01 1.74816114e-04 2.71527947e-04
1.91845930e-01 -4.31744130e-04 2.70798040e-04
1.92203287e-01 2.11364421e-04 2.71636438e-04
1.92560641e-01 -5.26816909e-04 2.68492896e-04
1.92917992e-01 -9.28323202e-06 2.73562434e-04
1.93275340e-01 -9.98390067e-05 2.64809270e-04
1.93632684e-01 -3.83092553e-04 2.66532112e-04
1.93990025e-01 6.09521175e-05 2.74053258e-04
1.94347363e-01 5.23742045e-04 2.74723874e-04
1.94704698e-01 -1.63669423e-04 2.78218089e-04
1.95062030e-01 3.10125112e-04 2.74860008e-04
1.95419358e-01 -2.24218618e-05 2.75510000e-04
1.95776684e-01 -4.84004436e-04 2.72550628e-04
1.96134006e-01 3.94043612e-04 2.72345595e-04
1.96491324e-01 1.12093017e-04 2.73387306e-04
1.96848640e-01 -2.09473491e-05 2.67957065e-04
1.97205953e-01 -2.71590366e-04 2.73582753e-04
1.97563262e-01 -3.14386254e-04 2.75816585e-04
1.97920568e-01 -2.99384368e-04 2.78036910e-04
1.98277870e-01 3.72745206e-05 2.69053395e-04
1.98635170e-01 1.07472388e-04 2.69301707e-04
1.98992466e-01 2.92420778e-04 2.71179498e-04
1.99349759e-01 3.40492868e-04 2.70450214e-04
1.99707049e-01 3.37467411e-04 2.68558698e-04
2.00064335e-01 -3.00880139e-05 2.68996863e-04
2.00421618e-01 -1.57860753e-04 2.69822609e-04
2.00778898e-01 -1.48171504e-04 2.67758341e-04
2.01136174e-01 -5.41519110e-05 2.69680751e-04
2.01493448e-01 3.43818973e-04 2.59481930e-04
2.01850718e-01 6.22515765e-05 2.64597962e-04
2.02207984e-01 7.52474619e-05 2.65064195e-04
2.02565248e-01 -6.32416154e-04 2.55389915e-04
2.02922508e-01 -1.45652508e-04 2.59528207e-04
2.03279764e-01 -3.56748357e-04 2.57079715e-04
2.03637018e-01 3.91404508e-04 2.61290515e-04
2.03994268e-01 -2.62045241e-04 2.57377878e-04
2.04351514e-01 7.24186562e-04 2.63848751e-04
2.04708758e-01 1.94662146e-04 2.58521161e-04
2.05065998e-01 -1.97246832e-05 2.58479784e-04
2.05423234e-01 9.92865356e-05 2.63557852e-04
2.05780467e-01 2.79185743e-04 2.59450565e-04
2.06137697e-01 4.74457677e-04 2.56101293e-04
2.06494924e-01 -1.70811583e-04 2.57120970e-04
2.06852147e-01 3.69459364e-04 2.58217556e-04
2.07209367e-01 2.43974570e-06 2.57346308e-04
2.07566583e-01 -6.60468437e-05 2.55858358e-04
2.07923796e-01 4.52702278e-04 2.51009109e-04
2.08281005e-01 -3.95546377e-04 2.59620566e-04
2.08638211e-01 -5.29523509e-05 2.54295579e-04
2.08995414e-01 6.40241272e-04 2.55468808e-04
2.09352613e-01 2.80325507e-05 2.58030918e-04
2.09709809e-01 1.83148839e-04 2.56692859e-04
2.10067002e-01 3.55781481e-04 2.54663417e-04
2.10424191e-01 -1.53341290e-05 2.53518856e-04
2.10781376e-01 3.61984341e-04 2.52051683e-04
2.11138558e-01 -9.01796950e-05 2.53051403e-04
2.11495737e-01 2.45383865e-04 2.52739233e-04
2.11852912e-01 2.44509998e-04 2.48753991e-04
2.12210084e-01 -3.88622699e-05 2.50696001e-04
2.12567252e-01 -1.18301174e-04 2.47914162e-04
2.12924416e-01 -3.31793291e-04 2.50026129e-04
2.13281578e-01 5.65396343e-05 2.51092510e-04
2.13638735e-01 3.52527970e-04 2.48074257e-04
2.13995890e-01 3.04164071e-04 2.52592694e-04
2.14353040e-01 8.24426851e-05 2.49015884e-04
2.14710188e-01 6.58445688e-05 2.48818876e-04
2.15067331e-01 -1.68411557e-04 2.44969765e-04
2.15424471e-01 -2.94553920e-04 2.45936876e-04
2.15781608e-01 -1.49500291e-04 2.45257752e-04
2.16138741e-01 -3.01114741e-04 2.44123841e-04
2.16495871e-01 2.78548085e-04 2.44138185e-04
2.16852997e-01 -3.15754622e-04 2.46459379e-04
2.17210119e-01 5.81200090e-05 2.40009519e-04
2.17567238e-01 -9.39214737e-06 2.45148264e-04
2.17924354e-01 -5.34807737e-05 2.40858205e-04
2.18281465e-01 -1.34260790e-04 2.41884998e-04
2.18638574e-01 -7.74854905e-05 2.39229413e-04
2.18995678e-01 -2.12365217e-05 2.43587814e-04
2.19352779e-01 9.04943277e-05 2.43652605e-04
2.19709877e-01 -4.23938064e-05 2.48385225e-04
2.20066971e-01 4.99288415e-05 2.47069484e-04
2.20424061e-01 3.52779000e-04 2.41564583e-04
2.20781147e-01 -1.39118261e-05 2.38869183e-04
2.21138230e-01 -2.62585704e-04 2.38605217e-04
2.21495310e-01 3.02385577e-04 2.36467989e-04
2.21852386e-01 -2.31299953e-04 2.35603422e-04
2.22209458e-01 -8.91348869e-05 2.38471444e-04
2.22566526e-01 1.91975794e-04 2.31629936e-04
2.22923591e-01 1.63462930e-05 2.35736659e-04
2.23280652e-01 -5.82279198e-06 2.35689523e-04
2.23637710e-01 -5.82144198e-04 2.34329685e-04
2.23994764e-01 1.45643058e-04 2.38182319e-04
2.24351814e-01 -2.43021895e-04 2.34869376e-04
2.24708861e-01 -3.64546144e-04 2.35839997e-04
2.25065904e-01 7.58238003e-06 2.42635050e-04
2.25422943e-01 2.61540526e-04 2.39483662e-04
2.25779978e-01 -1.52370191e-04 2.35041299e-04
2.26137010e-01 2.82828115e-05 2.34601881e-04
2.26494038e-01 -2.23174051e-04 2.33044623e-04
2.26851063e-01 -2.91498512e-04 2.35304389e-04
2.27208083e-01 2.30064758e-04 2.33162807e-04
2.27565100e-01 -6.92034517e-05 2.33963925e-04
2.27922114e-01 -1.83435317e-05 2.34149509e-04
2.28279123e-01 2.18892431e-05 2.38496742e-04
2.28636129e-01 -1.49979929e-04 2.31707623e-04
2.28993131e-01 -2.07855248e-04 2.33076027e-04
2.29350129e-01 -3.91132049e-04 2.36233440e-04
2.29707124e-01 7.95129756e-05 2.32832807e-04
2.30064115e-01 1.40414557e-04 2.34163823e-04
2.30421102e-01 -1.31566166e-04 2.30366893e-04
2.30778085e-01 -1.41631984e-04 2.33149719e-04
2.31135064e-01 -7.37401309e-05 2.28743238e-04
2.31492040e-01 2.56693219e-04 2.34270542e-04
2.31849012e-01 -1.92339120e-04 2.30646342e-04
2.32205980e-01 4.42904364e-04 2.31528675e-04
2.32562944e-01 6.80452792e-04 2.33768968e-04
2.32919905e-01 4.56301793e-04 2.34457989e-04
2.33276862e-01 -4.96379895e-05 2.33991459e-04
2.33633814e-01 -9.62049539e-05 2.29164843e-04
2.33990763e-01 -1.82818218e-04 2.25446155e-04
2.34347709e-01 -1.93324405e-04 2.23027857e-04
2.34704650e-01 -1.78000972e-04 2.28342684e-04
2.35061588e-01 -1.49522373e-04 2.29248890e-04
2.35418521e-01 8.88292873e-05 2.30306926e-04
2.35775451e-01 -2.51188387e-04 2.26806740e-04
2.36132377e-01 -8.92442190e-05 2.30092171e-04
2.36489299e-01 1.38499647e-04 2.30787749e-04
2.36846218e-01 -1.37720843e-04 2.28226088e-04
2.37203132e-01 -8.75283672e-05 2.24411090e-04
2.37560042e-01 9.71934760e-05 2.27663929e-04
2.37916949e-01 -2.44739113e-04 2.21876167e-04
2.38273852e-01 1.01632674e-04 2.21425210e-04
2.38630751e-01 -1.46761782e-04 2.22717364e-04
2.38987645e-01 -3.37205793e-04 2.24108895e-04
2.39344537e-01 6.33479043e-04 2.24778559e-04
2.39701424e-01 9.60621011e-05 2.26135505e-04
2.40058307e-01 -1.13238557e-05 2.20094217e-04
2.40415186e-01 -2.50169297e-04 2.19778706e-04
2.40772061e-01 3.45632811e-04 2.22187740e-04
2.41128933e-01 1.98094140e-04 2.23960301e-04
2.41485800e-01 -3.65255853e-04 2.19752139e-04
2.41842664e-01 -3.22792675e-04 2.21513915e-04
2.42199523e-01 1.75786577e-04 2.20595482e-04
2.42556379e-01 8.69523189e-05 2.24294198e-04
2.42913230e-01 4.05211010e-04 2.20410481e-04
2.43270078e-01 2.45743519e-05 2.20771160e-04
2.43626922e-01 1.02261070e-04 2.20125438e-04
2.43983761e-01 2.88686699e-04 2.21015542e-04
2.44340597e-01 -1.64773301e-04 2.19924910e-04
2.44697429e-01 -1.84307685e-04 2.20674185e-04
2.45054256e-01 -1.39780122e-04 2.15458879e-04
2.45411080e-01 7.16707767e-07 2.18382962e-04
2.45767900e-01 -6.01495671e-04 2.16680215e-04
2.46124715e-01 1.86489690e-04 2.19161452e-04
2.46481527e-01 5.37186897e-04 2.20884028e-04
2.46838334e-01 -1.06775350e-04 2.18317461e-04
2.47195138e-01 1.05169751e-04 2.16754330e-04
2.47551938e-01 6.48631040e-05 2.15908201e-04
2.47908733e-01 1.88172344e-04 2.17083266e-04
2.48265524e-01 -1.75091713e-04 2.14481300e-04
2.48622312e-01 -1.42492669e-05 2.18078403e-04
2.48979095e-01 -1.49606644e-04 2.15082704e-04
2.49335874e-01 1.73628778e-04 2.16427018e-04
2.49692649e-01 -7.72178019e-05 2.15990365e-04
2.50049420e-01 -2.21027429e-04 2.16889005e-04
2.50406187e-01 -8.96641407e-05 2.18501765e-04
2.50762950e-01 1.45463049e-04 2.17515317e-04
2.51119709e-01 4.76826986e-04 2.19209149e-04
2.51476464e-01 3.38206793e-05 2.12603436e-04
2.51833214e-01 -7.28055861e-05 2.12053454e-04
2.52189961e-01 1.11050295e-04 2.09629520e-04
2.52546703e-01 -2.55270340e-04 2.15800880e-04
2.52903441e-01 -2.37784666e-05 2.12735434e-04
2.53260175e-01 -1.76958033e-04 2.12591743e-04
2.53616905e-01 -1.23694480e-04 2.11690488e-04
2.53973631e-01 1.94248758e-05 2.12367941e-04
2.54330352e-01 -1.86472618e-04 2.11134179e-04
2.54687070e-01 3.57529066e-04 2.15195033e-04
2.55043783e-01 1.88986032e-04 2.10745717e-04
2.55400492e-01 6.11133486e-05 2.12383888e-04
2.55757197e-01 2.92524789e-04 2.11657180e-04
2.56113898e-01 5.55810415e-04 2.14728705e-04
2.56470595e-01 1.34009337e-04 2.11396882e-04
2.56827287e-01 4.97438794e-05 2.12080578e-04
2.57183975e-01 1.89313382e-04 2.14587089e-04
2.57540659e-01 2.19190498e-04 2.15133798e-04
2.57897339e-01 1.41395237e-04 2.16253615e-04
2.58254014e-01 3.24461245e-04 2.17943830e-04
2.58610686e-01 4.61134269e-05 2.15625314e-04
2.58967353e-01 -2.64960737e-05 2.12565032e-04
2.59324016e-01 1.47251138e-04 2.18433003e-04
2.59680674e-01 -7.42225170e-06 2.17085289e-04
2.60037329e-01 -3.96490439e-05 2.19061171e-04
2.60393979e-01 -3.23586084e-04 2.10848448e-04
2.60750625e-01 6.03288409e-05 2.15224860e-04
2.61107266e-01 -2.99556900e-04 2.16723486e-04
2.61463904e-01 -6.26274238e-04 2.16250425e-04
2.61820537e-01 -1.21096100e-04 2.15773852e-04
2.62177166e-01 -2.59099556e-04 2.15215578e-04
2.62533790e-01 -1.28571870e-04 2.13858084e-04
2.62890410e-01 2.96726741e-04 2.15225400e-04
2.63247026e-01 -2.48441660e-05 2.11464750e-04
2.63603638e-01 1.89411829e-04 2.14948485e-04
2.63960245e-01 -8.26491022e-05 2.10333856e-04
2.64316848e-01 2.96491407e-04 2.13886836e-04
2.64673447e-01 2.13404697e-04 2.12435037e-04
2.65030042e-01 8.55685630e-05 2.12870728e-04
2.65386632e-01 -2.07217776e-04 2.10560460e-04
2.65743217e-01 1.64503843e-04 2.11828820e-04
2.66099799e-01 2.22152531e-04 2.15247490e-04
2.66456376e-01 8.07593622e-05 2.11654184e-04
2.66812948e-01 1.74587982e-04 2.14663091e-04
2.67169517e-01 3.94254804e-04 2.20019335e-04
2.67526081e-01 2.44461682e-04 2.17454360e-04
2.67882640e-01 7.22555142e-05 2.22292732e-04
2.68239195e-01 -3.95166792e-04 2.09440877e-04
2.68595746e-01 -1.70018322e-04 2.19985359e-04
2.68952293e-01 6.34690470e-04 2.14819754e-04
2.69308835e-01 -2.49795478e-04 2.17808628e-04
2.69665372e-01 1.36562329e-04 2.18236351e-04
2.70021906e-01 8.88717202e-05 2.20841372e-04
2.70378435e-01 7.41315243e-05 2.24926000e-04
2.70734959e-01 -8.27023183e-06 2.23128855e-04
2.71091479e-01 5.83542587e-05 2.27614475e-04
2.71447995e-01 2.11794315e-05 2.25705536e-04
2.71804506e-01 -1.51234300e-04 2.21978380e-04
2.72161012e-01 3.20450410e-04 2.24332712e-04
2.72517515e-01 1.79173328e-04 2.20628528e-04
2.72874012e-01 5.79202251e-05 2.25280772e-04
