1.54026655e-02 1.99548252e-02 1.72331199e-03
1.57608633e-02 2.22758845e-02 1.66381129e-03
1.61190608e-02 2.14873426e-02 1.63599857e-03
1.64772580e-02 2.10628949e-02 1.54600742e-03
1.68354550e-02 2.25003982e-02 1.41755384e-03
1.71936517e-02 2.14827880e-02 1.41935845e-03
1.75518481e-02 2.03675190e-02 1.48819783e-03
1.79100442e-02 2.13538828e-02 1.37160747e-03
1.82682400e-02 2.24683575e-02 1.40362957e-03
1.86264355e-02 2.25126172e-02 1.37837712e-03
1.89846308e-02 2.11866332e-02 1.33412546e-03
1.93428257e-02 2.05118938e-02 1.22433574e-03
1.97010202e-02 2.10155563e-02 1.16046548e-03
2.00592145e-02 2.10431911e-02 1.14264614e-03
2.04174084e-02 2.46014007e-02 1.19294244e-03
2.07756020e-02 2.26143629e-02 1.12845073e-03
2.11337953e-02 2.21717105e-02 1.16667955e-03
2.14919882e-02 2.08743298e-02 1.18790076e-03
2.18501808e-02 2.26543636e-02 1.13001198e-03
2.22083729e-02 2.16297457e-02 1.12093173e-03
2.25665648e-02 2.00937582e-02 1.09890564e-03
2.29247562e-02 2.18166500e-02 1.04299770e-03
2.32829473e-02 2.07758423e-02 1.05294816e-03
2.36411380e-02 2.12395806e-02 1.02515783e-03
2.39993283e-02 2.08546769e-02 1.04302257e-03
2.43575182e-02 2.20877545e-02 1.04578007e-03
2.47157077e-02 2.26277393e-02 9.79373617e-04
2.50738968e-02 2.16411484e-02 9.98157381e-04
2.54320855e-02 2.15074160e-02 9.32875821e-04
2.57902738e-02 2.06844712e-02 9.42266209e-04
2.61484617e-02 2.07417696e-02 1.00567530e-03
2.65066491e-02 2.10952602e-02 9.16209809e-04
2.68648361e-02 2.17434057e-02 9.61268844e-04
2.72230226e-02 2.20988009e-02 9.14076578e-04
2.75812087e-02 2.15705711e-02 9.11282893e-04
2.79393943e-02 2.03763883e-02 8.86913193e-04
2.82975795e-02 2.27459177e-02 9.27523625e-04
2.86557642e-02 2.08715296e-02 9.87299241e-04
2.90139485e-02 2.07252448e-02 8.45052370e-04
2.93721323e-02 2.23042266e-02 9.42821502e-04
2.97303155e-02 2.12786668e-02 9.16337745e-04
3.00884983e-02 2.01142551e-02 9.34137944e-04
3.04466806e-02 2.09054722e-02 9.57261746e-04
3.08048624e-02 2.14944224e-02 9.45548319e-04
3.11630437e-02 2.05783931e-02 9.56502810e-04
3.15212245e-02 1.98443584e-02 9.29895045e-04
3.18794048e-02 1.99976544e-02 9.00977577e-04
3.22375845e-02 2.12286757e-02 9.24614599e-04
3.25957637e-02 1.93701454e-02 9.12221867e-04
3.29539424e-02 2.05439361e-02 8.64877674e-04
3.33121205e-02 1.96501587e-02 8.54469973e-04
3.36702981e-02 1.93047758e-02 8.84128814e-04
3.40284751e-02 2.03546348e-02 8.82218305e-04
3.43866516e-02 1.92597538e-02 8.40704660e-04
3.47448275e-02 1.99847789e-02 8.48631496e-04
3.51030028e-02 1.85752793e-02 8.74657905e-04
3.54611775e-02 2.02513726e-02 8.79619175e-04
3.58193517e-02 1.91238401e-02 8.05578494e-04
3.61775253e-02 1.85798714e-02 7.92770506e-04
3.65356983e-02 1.94201643e-02 8.28252281e-04
3.68938706e-02 1.82170700e-02 8.37447548e-04
3.72520424e-02 1.90061336e-02 8.24892244e-04
3.76102136e-02 1.75197756e-02 8.11263317e-04
3.79683841e-02 1.88515801e-02 7.69455232e-04
3.83265540e-02 1.90976599e-02 7.51694473e-04
3.86847233e-02 1.82389215e-02 7.97749271e-04
3.90428920e-02 1.84990971e-02 8.04333364e-04
3.94010600e-02 1.92307920e-02 7.83457663e-04
3.97592273e-02 1.92626710e-02 7.67676948e-04
4.01173941e-02 1.69687812e-02 7.70132870e-04
4.04755601e-02 1.84416197e-02 7.74760853e-04
4.08337255e-02 1.71562613e-02 7.19474617e-04
4.11918902e-02 1.86873810e-02 7.11551498e-04
4.15500542e-02 1.80484559e-02 7.06216578e-04
4.19082176e-02 1.91748105e-02 7.08638652e-04
4.22663802e-02 1.77789575e-02 7.48534832e-04
4.26245422e-02 1.88997922e-02 7.26740863e-04
4.29827034e-02 1.71558900e-02 7.41876149e-04
4.33408640e-02 1.61837948e-02 7.32730007e-04
4.36990238e-02 1.67381371e-02 7.59419612e-04
4.40571830e-02 1.79378756e-02 7.42676743e-04
4.44153414e-02 1.74176297e-02 7.49310760e-04
4.47734990e-02 1.59934270e-02 7.27593028e-04
4.51316560e-02 1.67915940e-02 7.25703417e-04
4.54898122e-02 1.79837721e-02 7.14292689e-04
4.58479676e-02 1.55296674e-02 7.33511644e-04
4.62061223e-02 1.61481754e-02 7.31351140e-04
4.65642762e-02 1.73097429e-02 7.28859794e-04
4.69224294e-02 1.61693392e-02 7.35561251e-04
4.72805818e-02 1.68428470e-02 7.40922559e-04
4.76387334e-02 1.68108677e-02 7.50977540e-04
4.79968842e-02 1.66395739e-02 6.91513130e-04
4.83550342e-02 1.68989898e-02 7.08731903e-04
4.87131835e-02 1.51300242e-02 6.81105247e-04
4.90713319e-02 1.53273961e-02 6.66521232e-04
4.94294795e-02 1.64813790e-02 6.85735365e-04
4.97876264e-02 1.52798854e-02 6.76831538e-04
5.01457724e-02 1.62932981e-02 6.55834740e-04
5.05039175e-02 1.59391786e-02 6.72686552e-04
5.08620619e-02 1.64902735e-02 6.62861609e-04
5.12202054e-02 1.48845743e-02 6.57572824e-04
5.15783481e-02 1.45097730e-02 6.54901624e-04
5.19364899e-02 1.43944356e-02 6.59577180e-04
5.22946308e-02 1.49244499e-02 6.35625383e-04
5.26527709e-02 1.47956679e-02 6.36996905e-04
5.30109102e-02 1.46993230e-02 6.21022289e-04
5.33690485e-02 1.45554508e-02 6.30695992e-04
5.37271860e-02 1.55489982e-02 6.23225067e-04
5.40853226e-02 1.45162986e-02 6.33466534e-04
5.44434583e-02 1.37918654e-02 6.28271852e-04
5.48015932e-02 1.41651540e-02 6.25586757e-04
5.51597271e-02 1.45295978e-02 6.36566895e-04
5.55178601e-02 1.44414466e-02 6.08114344e-04
5.58759922e-02 1.33848492e-02 6.05107281e-04
5.62341234e-02 1.42594985e-02 6.23487779e-04
5.65922536e-02 1.37485958e-02 6.16795358e-04
5.69503829e-02 1.32218799e-02 6.15804645e-04
5.73085113e-02 1.30658413e-02 5.96420849e-04
5.76666388e-02 1.36865174e-02 6.02968475e-04
5.80247653e-02 1.37458036e-02 6.04030818e-04
5.83828908e-02 1.32566043e-02 6.38292618e-04
5.87410154e-02 1.23685852e-02 5.85424292e-04
5.90991390e-02 1.27738258e-02 5.72390719e-04
5.94572616e-02 1.24380078e-02 5.69702770e-04
5.98153833e-02 1.29165379e-02 5.74215304e-04
6.01735040e-02 1.24604901e-02 5.80270198e-04
6.05316237e-02 1.30582684e-02 5.84673677e-04
6.08897424e-02 1.30185561e-02 5.94240959e-04
6.12478600e-02 1.24208692e-02 5.67813116e-04
6.16059767e-02 1.26140602e-02 5.77355268e-04
6.19640924e-02 1.17437161e-02 5.83863164e-04
6.23222071e-02 1.26687282e-02 5.72734437e-04
6.26803207e-02 1.12003596e-02 5.53409591e-04
6.30384333e-02 1.19463906e-02 5.49354080e-04
6.33965448e-02 1.10565255e-02 5.34483768e-04
6.37546554e-02 1.19725710e-02 5.65910748e-04
6.41127648e-02 1.11160953e-02 5.48376349e-04
6.44708732e-02 1.27078484e-02 5.56606222e-04
6.48289806e-02 1.18197226e-02 5.37166001e-04
6.51870869e-02 1.11263388e-02 5.64201846e-04
6.55451921e-02 1.11440615e-02 5.55153875e-04
6.59032962e-02 1.14472597e-02 5.19579383e-04
6.62613993e-02 1.10794744e-02 5.41850243e-04
6.66195012e-02 1.00018005e-02 5.33281609e-04
6.69776021e-02 9.63834257e-03 5.29363283e-04
6.73357019e-02 1.15388372e-02 5.48767671e-04
6.76938005e-02 1.02584453e-02 5.11258861e-04
6.80518981e-02 1.03549139e-02 5.28889892e-04
6.84099945e-02 9.42830839e-03 5.22799365e-04
6.87680898e-02 1.03513449e-02 5.00732632e-04
6.91261840e-02 9.29333705e-03 5.16651716e-04
6.94842770e-02 9.51560657e-03 5.11880941e-04
6.98423689e-02 9.30419051e-03 5.11056189e-04
7.02004596e-02 9.77304901e-03 5.15714885e-04
7.05585492e-02 9.59886550e-03 4.91775839e-04
7.09166377e-02 1.00702547e-02 5.16773022e-04
7.12747249e-02 9.25885009e-03 5.17770388e-04
7.16328110e-02 9.85087216e-03 5.14124264e-04
7.19908959e-02 9.26302058e-03 5.04336840e-04
7.23489796e-02 8.83044561e-03 5.04370574e-04
7.27070622e-02 9.12176974e-03 4.92219022e-04
7.30651435e-02 9.35943592e-03 5.06344747e-04
7.34232237e-02 9.00545125e-03 4.96237705e-04
7.37813026e-02 9.73252607e-03 5.03906996e-04
7.41393803e-02 8.94021398e-03 5.03442172e-04
7.44974568e-02 8.73126173e-03 5.00197698e-04
7.48555321e-02 9.46092489e-03 5.04486524e-04
7.52136061e-02 8.56295569e-03 4.96272494e-04
7.55716789e-02 8.84212115e-03 4.80800738e-04
7.59297505e-02 8.55501354e-03 4.77238648e-04
7.62878208e-02 8.23082470e-03 4.84359939e-04
7.66458899e-02 8.69550637e-03 5.00452339e-04
7.70039577e-02 8.19580998e-03 4.75823621e-04
7.73620242e-02 8.25582398e-03 4.71568754e-04
7.77200895e-02 7.30270181e-03 4.79645124e-04
7.80781535e-02 7.85029479e-03 4.65765899e-04
7.84362162e-02 6.96041058e-03 4.59887918e-04
7.87942776e-02 7.14660741e-03 4.73756260e-04
7.91523377e-02 6.95992106e-03 4.52568220e-04
7.95103965e-02 7.63463731e-03 4.87733523e-04
7.98684540e-02 7.79881508e-03 4.82052903e-04
8.02265102e-02 7.63773359e-03 4.75831281e-04
8.05845651e-02 7.26046408e-03 4.69195396e-04
8.09426186e-02 6.94940532e-03 4.75781998e-04
8.13006709e-02 6.86183864e-03 4.74852825e-04
8.16587217e-02 6.39881846e-03 4.64637556e-04
8.20167713e-02 6.98492105e-03 4.63077742e-04
8.23748195e-02 7.54171720e-03 4.61715902e-04
8.27328663e-02 6.91867387e-03 4.53825253e-04
8.30909118e-02 6.69770784e-03 4.63891635e-04
8.34489559e-02 7.13896161e-03 4.42568728e-04
8.38069986e-02 5.92856142e-03 4.48100926e-04
8.41650400e-02 6.06338667e-03 4.41670827e-04
8.45230800e-02 6.79086408e-03 4.27966732e-04
8.48811185e-02 5.87977094e-03 4.63808116e-04
8.52391557e-02 6.83937533e-03 4.53186271e-04
8.55971915e-02 6.59160526e-03 4.62072437e-04
8.59552259e-02 6.12960619e-03 4.54119283e-04
8.63132589e-02 5.71203389e-03 4.45430744e-04
8.66712904e-02 5.90135523e-03 4.55384533e-04
8.70293205e-02 5.95371598e-03 4.44556582e-04
8.73873492e-02 6.49105132e-03 4.63418850e-04
8.77453765e-02 6.29401390e-03 4.49964805e-04
8.81034023e-02 5.98526824e-03 4.40023590e-04
8.84614267e-02 5.24861768e-03 4.36538408e-04
8.88194496e-02 5.42726833e-03 4.45028063e-04
8.91774710e-02 5.58799265e-03 4.48294666e-04
8.95354910e-02 5.26986120e-03 4.53333364e-04
8.98935095e-02 5.00771482e-03 4.59269703e-04
9.02515266e-02 5.66674452e-03 4.44146128e-04
9.06095421e-02 5.45940718e-03 4.57175987e-04
9.09675562e-02 4.89426405e-03 4.37907905e-04
9.13255687e-02 5.62047812e-03 4.42818247e-04
9.16835798e-02 5.12370672e-03 4.33587526e-04
9.20415894e-02 5.60303879e-03 4.51633129e-04
9.23995974e-02 5.56708054e-03 4.34349114e-04
9.27576039e-02 5.54299960e-03 4.36170990e-04
9.31156089e-02 5.23919179e-03 4.44405843e-04
9.34736124e-02 4.87507017e-03 4.45832089e-04
9.38316143e-02 4.89933390e-03 4.42423810e-04
9.41896147e-02 4.73953910e-03 4.35928728e-04
9.45476136e-02 5.03718623e-03 4.38886074e-04
9.49056108e-02 3.83957696e-03 4.26539461e-04
9.52636066e-02 4.78847808e-03 4.23863235e-04
9.56216007e-02 4.69272466e-03 4.16574223e-04
9.59795933e-02 5.51471885e-03 4.26458292e-04
9.63375843e-02 5.13016285e-03 4.22512188e-04
9.66955738e-02 4.06188631e-03 4.22215471e-04
9.70535616e-02 4.45880500e-03 4.17805512e-04
9.74115478e-02 4.02055652e-03 4.23440721e-04
9.77695325e-02 4.26392668e-03 4.15856922e-04
9.81275155e-02 4.60311270e-03 4.22257215e-04
9.84854969e-02 3.65548728e-03 4.32642204e-04
9.88434768e-02 3.72676324e-03 4.09297382e-04
9.92014549e-02 4.42109770e-03 4.17509672e-04
9.95594315e-02 3.64974480e-03 4.19727459e-04
9.99174064e-02 3.48203842e-03 4.23179830e-04
1.00275380e-01 3.85165443e-03 4.05793084e-04
1.00633351e-01 4.00068911e-03 4.08387242e-04
1.00991321e-01 3.58333248e-03 4.14385077e-04
1.01349290e-01 3.36410140e-03 4.03786678e-04
1.01707256e-01 3.42669249e-03 4.07455043e-04
1.02065221e-01 3.08130165e-03 3.99606640e-04
1.02423184e-01 3.26124797e-03 4.04176498e-04
1.02781146e-01 3.30039708e-03 4.09036427e-04
1.03139106e-01 3.31261280e-03 4.08391866e-04
1.03497064e-01 3.71490840e-03 3.96132784e-04
1.03855021e-01 2.76635064e-03 3.94096987e-04
1.04212976e-01 3.27537233e-03 4.04490130e-04
1.04570929e-01 2.75548262e-03 4.01495135e-04
1.04928880e-01 3.11589720e-03 3.99969484e-04
1.05286830e-01 3.35225205e-03 3.99723371e-04
1.05644778e-01 3.02057375e-03 4.05000716e-04
1.06002724e-01 2.72766731e-03 4.10382530e-04
1.06360668e-01 3.37869751e-03 4.08710166e-04
1.06718611e-01 2.63814890e-03 4.07942781e-04
1.07076552e-01 2.81739348e-03 4.02529145e-04
1.07434491e-01 3.51177480e-03 4.06662913e-04
1.07792429e-01 2.61576360e-03 4.00264160e-04
1.08150364e-01 2.46394926e-03 4.01936416e-04
1.08508298e-01 3.65879668e-03 4.05836023e-04
1.08866230e-01 2.65905863e-03 3.92471484e-04
1.09224160e-01 3.38893809e-03 4.18248722e-04
1.09582089e-01 2.45337871e-03 4.00671233e-04
1.09940016e-01 2.45491567e-03 3.97575381e-04
1.10297941e-01 2.41919861e-03 4.02152402e-04
1.10655864e-01 2.75977127e-03 4.00969664e-04
1.11013785e-01 1.87530640e-03 3.96195870e-04
1.11371704e-01 2.78728781e-03 3.99336954e-04
1.11729622e-01 2.48039751e-03 3.88668454e-04
1.12087538e-01 2.10884338e-03 3.88258481e-04
1.12445452e-01 2.58886719e-03 3.88261500e-04
1.12803364e-01 2.55357805e-03 3.82911474e-04
1.13161274e-01 1.61637482e-03 3.84894119e-04
1.13519182e-01 1.63702693e-03 3.92253895e-04
1.13877089e-01 2.24683661e-03 3.75421000e-04
1.14234994e-01 2.37764662e-03 3.75612469e-04
1.14592896e-01 2.41399467e-03 3.72406388e-04
1.14950797e-01 1.69320562e-03 3.73355675e-04
1.15308696e-01 2.95564881e-03 3.84275574e-04
1.15666593e-01 2.46065952e-03 3.79257120e-04
1.16024488e-01 2.96405785e-03 3.91326934e-04
1.16382382e-01 1.88192185e-03 3.64391315e-04
1.16740273e-01 2.42736595e-03 3.76140954e-04
1.17098163e-01 1.48566469e-03 3.63501966e-04
1.17456050e-01 2.05572166e-03 3.79680419e-04
1.17813936e-01 1.40640527e-03 3.77240815e-04
1.18171819e-01 2.37688587e-03 3.88489165e-04
1.18529701e-01 1.89237812e-03 3.80974339e-04
1.18887581e-01 1.79948189e-03 3.84105804e-04
1.19245459e-01 1.81892549e-03 3.77499659e-04
1.19603335e-01 2.13955500e-03 3.78500055e-04
1.19961208e-01 2.38240869e-03 3.70949720e-04
1.20319080e-01 1.85126434e-03 3.80461326e-04
1.20676950e-01 1.83958487e-03 3.83857307e-04
1.21034818e-01 2.03184703e-03 3.84343246e-04
1.21392684e-01 1.54288193e-03 3.81548836e-04
1.21750548e-01 1.28769406e-03 3.76710354e-04
1.22108410e-01 1.04513919e-03 3.74008451e-04
1.22466270e-01 8.04617584e-04 3.78795911e-04
1.22824128e-01 1.86316030e-03 3.89212979e-04
1.23181984e-01 9.47334457e-04 3.75441486e-04
1.23539838e-01 1.96694485e-03 3.79975279e-04
1.23897690e-01 1.68838212e-03 3.76764245e-04
1.24255540e-01 2.33018804e-03 3.70568835e-04
1.24613388e-01 1.65685931e-03 3.63821085e-04
1.24971233e-01 9.95200457e-04 3.66791063e-04
1.25329077e-01 1.59445268e-03 3.68727300e-04
1.25686919e-01 2.10958821e-03 3.65856843e-04
1.26044758e-01 1.21383136e-03 3.61957431e-04
1.26402596e-01 1.42448262e-03 3.73608104e-04
1.26760431e-01 1.72921487e-03 3.61015786e-04
1.27118265e-01 1.84331479e-03 3.62483381e-04
1.27476096e-01 2.06685569e-03 3.65364179e-04
1.27833925e-01 1.65331270e-03 3.56187822e-04
1.28191752e-01 1.05902802e-03 3.54192399e-04
1.28549577e-01 1.17463589e-03 3.55012609e-04
1.28907400e-01 1.25746809e-03 3.57347242e-04
1.29265221e-01 2.01368335e-03 3.57239137e-04
1.29623040e-01 1.74293099e-03 3.52933339e-04
1.29980856e-01 1.25396062e-03 3.58536848e-04
1.30338670e-01 9.99492579e-04 3.71166229e-04
1.30696483e-01 7.84143452e-04 3.47548935e-04
1.31054293e-01 6.58055060e-04 3.49719558e-04
1.31412101e-01 1.60816750e-03 3.56381551e-04
1.31769906e-01 1.51534965e-03 3.57544442e-04
1.32127710e-01 1.33892083e-03 3.48633819e-04
1.32485511e-01 1.43912114e-03 3.54756991e-04
1.32843311e-01 3.98170670e-04 3.44399886e-04
1.33201108e-01 8.61039086e-04 3.46074979e-04
1.33558903e-01 4.13375555e-04 3.49956337e-04
1.33916695e-01 1.46852399e-03 3.41582861e-04
1.34274486e-01 8.79650330e-04 3.45538369e-04
1.34632274e-01 1.07693597e-03 3.40529816e-04
1.34990060e-01 1.68961480e-03 3.47270544e-04
1.35347844e-01 1.28315983e-03 3.47646836e-04
1.35705626e-01 9.97001008e-04 3.38644216e-04
1.36063405e-01 1.52340293e-03 3.46255422e-04
1.36421182e-01 8.87800742e-04 3.36368073e-04
1.36778957e-01 6.20947972e-04 3.39329987e-04
1.37136730e-01 -1.35197034e-04 3.39559304e-04
1.37494500e-01 1.30372111e-03 3.34250275e-04
1.37852269e-01 1.21201430e-03 3.31000854e-04
1.38210034e-01 8.10991350e-04 3.32798885e-04
1.38567798e-01 5.23855526e-04 3.25256773e-04
1.38925559e-01 7.42270565e-04 3.26978769e-04
1.39283319e-01 4.10492391e-04 3.30399481e-04
1.39641075e-01 1.13014487e-03 3.31050267e-04
1.39998830e-01 1.06993107e-03 3.34142283e-04
1.40356582e-01 6.00210730e-04 3.31857494e-04
1.40714332e-01 6.87832311e-04 3.31022205e-04
1.41072080e-01 7.76480004e-04 3.32521542e-04
1.41429825e-01 5.29246583e-04 3.29318573e-04
1.41787568e-01 9.89334281e-04 3.32779638e-04
1.42145308e-01 1.11129497e-03 3.26819454e-04
1.42503047e-01 9.53771275e-04 3.31786110e-04
1.42860783e-01 4.84339046e-04 3.25333923e-04
1.43218516e-01 8.93479938e-04 3.31479541e-04
1.43576247e-01 7.65140259e-04 3.28410676e-04
1.43933976e-01 9.86551730e-04 3.27625988e-04
1.44291703e-01 1.51920401e-03 3.27794609e-04
1.44649427e-01 8.81612314e-04 3.27145184e-04
1.45007149e-01 3.43932963e-04 3.24151000e-04
1.45364868e-01 4.14054032e-04 3.18607022e-04
1.45722585e-01 5.12112466e-04 3.18915553e-04
1.46080300e-01 6.73371209e-04 3.21508928e-04
1.46438012e-01 6.37346746e-04 3.24415772e-04
1.46795722e-01 7.86340821e-04 3.13405442e-04
1.47153429e-01 6.00392270e-04 3.22147407e-04
1.47511134e-01 1.22883791e-03 3.24460937e-04
1.47868837e-01 7.72109862e-04 3.17205034e-04
1.48226537e-01 6.85035140e-04 3.18375338e-04
1.48584235e-01 7.85768276e-04 3.21627441e-04
1.48941930e-01 4.34930261e-04 3.20763718e-04
1.49299623e-01 6.67393775e-04 3.13493702e-04
1.49657313e-01 8.22343571e-04 3.17865064e-04
1.50015001e-01 1.53335599e-03 3.20848374e-04
1.50372687e-01 7.02366043e-04 3.18752149e-04
1.50730370e-01 5.80289382e-04 3.13992779e-04
1.51088050e-01 1.09702611e-03 3.10926254e-04
1.51445728e-01 7.48152898e-04 3.15833225e-04
1.51803404e-01 1.08891058e-03 3.12167175e-04
1.52161077e-01 8.67511499e-04 3.08875039e-04
1.52518747e-01 9.64679933e-04 3.10589208e-04
1.52876416e-01 6.14621630e-04 3.06886954e-04
1.53234081e-01 7.24039861e-04 3.08079250e-04
1.53591744e-01 1.09080105e-03 3.05629095e-04
1.53949405e-01 2.39062176e-04 3.08420516e-04
1.54307063e-01 7.89239958e-04 3.09004554e-04
1.54664718e-01 5.85426410e-04 3.04182232e-04
1.55022371e-01 5.00429179e-04 3.08570081e-04
1.55380021e-01 2.93061992e-04 3.11222285e-04
1.55737669e-01 1.02338353e-03 3.06708728e-04
1.56095314e-01 1.00897121e-03 3.06678994e-04
1.56452957e-01 5.91435863e-04 3.07865964e-04
1.56810597e-01 7.87957948e-04 3.02057373e-04
1.57168235e-01 3.01077333e-04 3.02849236e-04
1.57525870e-01 3.65223093e-05 3.05353220e-04
1.57883502e-01 5.90138470e-04 3.04615442e-04
1.58241132e-01 9.03682599e-04 3.04461803e-04
1.58598759e-01 6.09168972e-04 2.99177472e-04
1.58956384e-01 2.98187383e-04 3.00850686e-04
1.59314006e-01 1.00596997e-03 2.99492155e-04
1.59671625e-01 8.89515063e-04 3.01955563e-04
1.60029242e-01 4.84712586e-04 3.01369441e-04
1.60386856e-01 7.13349181e-04 3.00739098e-04
1.60744468e-01 2.88971406e-04 3.05284297e-04
1.61102076e-01 7.68155531e-04 3.02576696e-04
1.61459683e-01 3.02731277e-04 2.93840477e-04
1.61817286e-01 7.37678490e-04 3.04158792e-04
1.62174887e-01 2.92312101e-04 3.00814096e-04
1.62532485e-01 1.21881590e-03 3.03407857e-04
1.62890081e-01 3.72690806e-04 2.99248131e-04
1.63247674e-01 9.14699558e-04 3.00582825e-04
1.63605264e-01 3.15934981e-04 3.01260002e-04
1.63962852e-01 6.73721112e-04 2.91726512e-04
1.64320437e-01 3.65432380e-04 2.98185643e-04
1.64678019e-01 3.22256104e-04 2.99801707e-04
1.65035598e-01 2.82797372e-04 2.95250546e-04
1.65393175e-01 5.13964962e-04 2.95977645e-04
1.65750749e-01 4.88591054e-04 2.95908080e-04
1.66108320e-01 5.98380859e-04 2.98037430e-04
1.66465889e-01 5.02443027e-04 3.02980410e-04
1.66823455e-01 -6.30915539e-05 2.90594196e-04
1.67181018e-01 -1.65413911e-05 2.92772084e-04
1.67538578e-01 3.04569442e-04 2.95610124e-04
1.67896136e-01 3.37708750e-04 3.00364782e-04
1.68253691e-01 3.51766661e-04 2.93448202e-04
1.68611243e-01 -3.23738236e-04 2.94096617e-04
1.68968792e-01 6.02213124e-04 2.90409627e-04
1.69326339e-01 3.85440992e-04 2.91310919e-04
1.69683883e-01 6.40521604e-04 2.87062746e-04
1.70041424e-01 2.61615495e-04 2.87521931e-04
1.70398962e-01 -2.65974576e-05 2.85007004e-04
1.70756497e-01 4.73963861e-04 2.84904862e-04
1.71114030e-01 5.15321804e-04 2.94521989e-04
1.71471560e-01 4.25279066e-04 2.86577533e-04
1.71829087e-01 -2.43314316e-04 2.81363525e-04
1.72186611e-01 3.40187988e-04 2.84810142e-04
1.72544132e-01 1.23507623e-04 2.88452123e-04
1.72901651e-01 5.74367799e-04 2.87540776e-04
1.73259167e-01 9.29903748e-04 2.85062048e-04
1.73616679e-01 6.89839941e-04 2.82696005e-04
1.73974189e-01 2.43163560e-04 2.89233340e-04
1.74331697e-01 2.89107860e-04 2.78601174e-04
1.74689201e-01 7.48058068e-04 2.80546853e-04
1.75046702e-01 2.21507008e-04 2.81415232e-04
1.75404201e-01 4.21656555e-04 2.85841133e-04
1.75761697e-01 6.12404060e-04 2.87735338e-04
1.76119189e-01 5.37566834e-05 2.82288609e-04
1.76476679e-01 7.29828314e-05 2.81171714e-04
1.76834166e-01 1.90076336e-04 2.82216646e-04
1.77191650e-01 2.97364962e-04 2.78290755e-04
1.77549132e-01 5.95497205e-04 2.82872983e-04
1.77906610e-01 4.90008607e-04 2.82047797e-04
1.78264085e-01 2.86921233e-04 2.80792852e-04
1.78621558e-01 1.49274365e-04 2.78567142e-04
1.78979027e-01 3.41406713e-04 2.77875792e-04
1.79336494e-01 5.56692804e-04 2.75577700e-04
1.79693958e-01 3.07939507e-04 2.77238633e-04
1.80051418e-01 5.77784817e-04 2.77342891e-04
1.80408876e-01 -6.64034731e-05 2.76227984e-04
1.80766331e-01 2.77994899e-04 2.76464925e-04
1.81123783e-01 2.39189219e-04 2.82362911e-04
1.81481232e-01 4.75494478e-04 2.82441649e-04
1.81838677e-01 1.41332868e-04 2.81534833e-04
1.82196120e-01 1.75997286e-04 2.86162795e-04
1.82553560e-01 -5.68753826e-05 2.90890876e-04
1.82910997e-01 1.00537491e-03 2.89945218e-04
1.83268431e-01 4.67036919e-04 2.88170046e-04
1.83625862e-01 2.49013706e-04 2.87729910e-04
1.83983290e-01 5.19421823e-05 2.89495695e-04
1.84340715e-01 7.65549888e-04 2.84700810e-04
1.84698137e-01 6.55315609e-04 2.85278168e-04
1.85055556e-01 -3.62190451e-05 2.79649714e-04
1.85412971e-01 2.67055762e-04 2.82009464e-04
1.85770384e-01 -1.78356672e-04 2.82198359e-04
1.86127794e-01 3.64519160e-04 2.79621619e-04
1.86485200e-01 2.71712054e-04 2.76143783e-04
1.86842604e-01 7.45796375e-04 2.79537475e-04
1.87200005e-01 2.94484842e-04 2.76916943e-04
1.87557402e-01 5.88537320e-04 2.77797403e-04
1.87914797e-01 1.40424372e-04 2.80601301e-04
1.88272188e-01 -9.44014462e-05 2.77473290e-04
1.88629576e-01 2.18209034e-04 2.70823676e-04
1.88986961e-01 7.59504669e-04 2.73353382e-04
1.89344343e-01 4.39154993e-04 2.70930217e-04
1.89701722e-01 9.52447219e-05 2.75375775e-04
1.90059098e-01 -8.22771306e-05 2.73388491e-04
1.90416471e-01 1.87478866e-04 2.79128016e-04
1.90773840e-01 4.67207205e-04 2.76361362e-04
1.91131207e-01 3.83955612e-04 2.72696471e-04
1.91488570e-01 1.45578328e-04 2.76243938e-04
1.91845930e-01 6.16487786e-04 2.65121249e-04
1.92203287e-01 3.78351058e-04 2.70092194e-04
1.92560641e-01 -2.73777342e-04 2.69016818e-04
1.92917992e-01 -1.85734292e-04 2.63518185e-04
1.93275340e-01 3.16063183e-04 2.66955034e-04
1.93632684e-01 5.51891613e-04 2.79526885e-04
1.93990025e-01 2.42809829e-04 2.73009859e-04
1.94347363e-01 2.81403092e-05 2.68655417e-04
1.94704698e-01 3.52687925e-05 2.76337178e-04
1.95062030e-01 1.79830241e-04 2.67946762e-04
1.95419358e-01 5.38384405e-04 2.73677347e-04
1.95776684e-01 5.73884712e-04 2.68997440e-04
1.96134006e-01 -2.61758392e-05 2.68153417e-04
1.96491324e-01 -1.78793985e-04 2.70313207e-04
1.96848640e-01 3.35230983e-04 2.75952772e-04
1.97205953e-01 3.19739146e-04 2.71193604e-04
1.97563262e-01 4.25443139e-04 2.70096422e-04
1.97920568e-01 1.62551198e-04 2.75552934e-04
1.98277870e-01 1.37837732e-04 2.77752429e-04
1.98635170e-01 1.89194973e-04 2.67551079e-04
1.98992466e-01 2.18028774e-04 2.77999734e-04
1.99349759e-01 -3.10575033e-05 2.72736897e-04
1.99707049e-01 -3.21697814e-04 2.72138300e-04
2.00064335e-01 5.51413386e-04 2.69208848e-04
2.00421618e-01 3.46166092e-04 2.67920878e-04
2.00778898e-01 1.05964142e-04 2.69417658e-04
2.01136174e-01 3.96252510e-05 2.62122447e-04
2.01493448e-01 3.16042186e-04 2.67015649e-04
2.01850718e-01 -5.19354830e-05 2.63034825e-04
2.02207984e-01 2.43808511e-04 2.68025517e-04
2.02565248e-01 -9.48051909e-05 2.61416034e-04
2.02922508e-01 2.48224219e-04 2.61132529e-04
2.03279764e-01 2.28453615e-04 2.58933453e-04
2.03637018e-01 3.84764754e-04 2.61270803e-04
2.03994268e-01 2.27085328e-04 2.65836971e-04
2.04351514e-01 4.57312640e-04 2.60601561e-04
2.04708758e-01 4.10274133e-04 2.62170568e-04
2.05065998e-01 4.15671897e-04 2.63077764e-04
2.05423234e-01 1.57669439e-04 2.59340948e-04
2.05780467e-01 4.86867585e-04 2.58067534e-04
2.06137697e-01 3.13157552e-04 2.55284986e-04
2.06494924e-01 1.80758405e-04 2.58186062e-04
2.06852147e-01 4.23913122e-04 2.56460428e-04
2.07209367e-01 2.68633282e-04 2.57279469e-04
2.07566583e-01 3.73210447e-04 2.61422774e-04
2.07923796e-01 -2.71865413e-04 2.58961650e-04
2.08281005e-01 4.76097796e-04 2.56324187e-04
2.08638211e-01 1.29471997e-04 2.53505556e-04
2.08995414e-01 2.73926024e-04 2.55197001e-04
2.09352613e-01 7.28470745e-04 2.56956696e-04
2.09709809e-01 4.76698034e-04 2.56480498e-04
2.10067002e-01 5.87661243e-04 2.53696385e-04
2.10424191e-01 2.53130000e-04 2.54914452e-04
2.10781376e-01 5.36194349e-04 2.48348076e-04
2.11138558e-01 6.20324135e-05 2.51616506e-04
2.11495737e-01 5.39843357e-04 2.51472714e-04
2.11852912e-01 1.73689397e-04 2.50842098e-04
2.12210084e-01 1.24789277e-04 2.50345114e-04
2.12567252e-01 -2.16730838e-04 2.49804277e-04
2.12924416e-01 -5.49204231e-04 2.46082347e-04
2.13281578e-01 4.22339133e-04 2.51963306e-04
2.13638735e-01 5.04003212e-05 2.45312138e-04
2.13995890e-01 -2.77092851e-04 2.43638326e-04
2.14353040e-01 1.76751823e-04 2.45205575e-04
2.14710188e-01 -6.15437878e-05 2.48537939e-04
2.15067331e-01 1.59246285e-04 2.53004770e-04
2.15424471e-01 -2.43236152e-04 2.45752178e-04
2.15781608e-01 -1.25215390e-04 2.46283030e-04
2.16138741e-01 -3.75615992e-05 2.44557477e-04
2.16495871e-01 9.65314587e-05 2.43061297e-04
2.16852997e-01 1.74726543e-05 2.41593901e-04
2.17210119e-01 -1.42459828e-04 2.42165348e-04
2.17567238e-01 1.90918782e-04 2.45910057e-04
2.17924354e-01 -2.80229621e-04 2.47366746e-04
2.18281465e-01 4.05776585e-04 2.44198112e-04
2.18638574e-01 3.22472404e-04 2.42497141e-04
2.18995678e-01 1.57784344e-04 2.42781520e-04
2.19352779e-01 3.54815278e-04 2.40774309e-04
2.19709877e-01 5.07468962e-04 2.45233607e-04
2.20066971e-01 6.00195992e-04 2.47818954e-04
2.20424061e-01 4.19836531e-04 2.43098717e-04
2.20781147e-01 -1.86215318e-04 2.37631772e-04
2.21138230e-01 -9.00933933e-05 2.37257693e-04
2.21495310e-01 2.88891881e-04 2.42084796e-04
2.21852386e-01 2.95708502e-04 2.36986591e-04
2.22209458e-01 4.91367506e-05 2.43412970e-04
2.22566526e-01 2.28663528e-04 2.36957228e-04
2.22923591e-01 1.46924170e-04 2.38114400e-04
2.23280652e-01 1.10084527e-04 2.38006486e-04
2.23637710e-01 2.00194982e-05 2.45263299e-04
2.23994764e-01 7.05230336e-05 2.40295094e-04
2.24351814e-01 1.35594204e-04 2.35608707e-04
2.24708861e-01 3.96685895e-04 2.39576240e-04
2.25065904e-01 4.24421714e-04 2.38929937e-04
2.25422943e-01 1.76666543e-04 2.35976511e-04
2.25779978e-01 5.48527038e-05 2.37887523e-04
2.26137010e-01 2.21961942e-04 2.38847076e-04
2.26494038e-01 4.56538076e-04 2.37693784e-04
2.26851063e-01 1.30688737e-04 2.37777685e-04
2.27208083e-01 1.71837198e-04 2.33013167e-04
2.27565100e-01 1.58199547e-04 2.34942150e-04
2.27922114e-01 5.08324141e-04 2.34470781e-04
2.28279123e-01 3.48817923e-04 2.36157395e-04
2.28636129e-01 4.87416312e-05 2.34574111e-04
2.28993131e-01 -1.08218990e-05 2.40127442e-04
2.29350129e-01 9.80264466e-05 2.36436761e-04
2.29707124e-01 2.38786835e-04 2.34343237e-04
2.30064115e-01 2.69289658e-04 2.34100798e-04
2.30421102e-01 4.21064895e-04 2.31093982e-04
2.30778085e-01 -3.01592020e-04 2.27251695e-04
2.31135064e-01 -3.89218439e-04 2.28315097e-04
2.31492040e-01 -2.71620593e-04 2.31368925e-04
2.31849012e-01 5.22244815e-04 2.34891087e-04
2.32205980e-01 1.90361629e-04 2.35569470e-04
2.32562944e-01 -5.01625153e-06 2.31596683e-04
2.32919905e-01 1.31771621e-05 2.30147722e-04
2.33276862e-01 3.77640356e-04 2.33796464e-04
2.33633814e-01 2.95120874e-04 2.31189989e-04
2.33990763e-01 3.05581120e-04 2.35526631e-04
2.34347709e-01 -1.01455209e-04 2.32805268e-04
2.34704650e-01 2.58480452e-04 2.28194341e-04
2.35061588e-01 4.29410898e-04 2.29858964e-04
2.35418521e-01 1.14412077e-04 2.26481907e-04
2.35775451e-01 -7.21395123e-05 2.26738157e-04
2.36132377e-01 4.29401016e-06 2.26313204e-04
2.36489299e-01 1.46277630e-04 2.27687075e-04
2.36846218e-01 2.51679154e-04 2.28617843e-04
2.37203132e-01 1.36659008e-04 2.28972343e-04
2.37560042e-01 2.85409765e-04 2.26503663e-04
2.37916949e-01 5.02099486e-04 2.26399702e-04
2.38273852e-01 8.68360365e-05 2.25123141e-04
2.38630751e-01 1.33594790e-04 2.29616448e-04
2.38987645e-01 -1.92597940e-04 2.22823607e-04
2.39344537e-01 1.38958840e-04 2.24665685e-04
2.39701424e-01 2.30088577e-04 2.19954209e-04
2.40058307e-01 1.71518789e-04 2.24444596e-04
2.40415186e-01 4.92947651e-04 2.24719406e-04
2.40772061e-01 3.31427164e-05 2.19996096e-04
2.41128933e-01 2.07036394e-05 2.23085079e-04
2.41485800e-01 9.97420166e-05 2.27295446e-04
2.41842664e-01 -1.23507155e-04 2.21950335e-04
2.42199523e-01 2.39287377e-04 2.24781888e-04
2.42556379e-01 3.01647991e-04 2.22497171e-04
2.42913230e-01 4.89541058e-04 2.22825903e-04
2.43270078e-01 1.98070347e-04 2.17870057e-04
2.43626922e-01 1.59141030e-05 2.22854349e-04
2.43983761e-01 -1.94865219e-04 2.20514714e-04
2.44340597e-01 3.96616220e-06 2.21731601e-04
2.44697429e-01 2.70187804e-05 2.20895898e-04
2.45054256e-01 1.81983819e-04 2.20798823e-04
2.45411080e-01 3.60562939e-04 2.23840909e-04
2.45767900e-01 -7.44232375e-05 2.18617222e-04
2.46124715e-01 2.24646670e-04 2.19330986e-04
2.46481527e-01 3.25078779e-05 2.19481500e-04
2.46838334e-01 -1.18561254e-04 2.15647610e-04
2.47195138e-01 3.97221846e-04 2.15173480e-04
2.47551938e-01 5.66332499e-05 2.13516368e-04
2.47908733e-01 2.97936717e-04 2.17668254e-04
2.48265524e-01 4.61859953e-04 2.16518267e-04
2.48622312e-01 2.58516318e-04 2.16178775e-04
2.48979095e-01 1.22900192e-04 2.18835832e-04
2.49335874e-01 2.81784901e-04 2.23710634e-04
2.49692649e-01 3.27792511e-04 2.21584740e-04
2.50049420e-01 3.52417982e-04 2.17002289e-04
2.50406187e-01 5.85959005e-04 2.15837217e-04
2.50762950e-01 3.53624887e-04 2.16529790e-04
2.51119709e-01 9.74552538e-05 2.12577604e-04
2.51476464e-01 6.39625864e-05 2.14629655e-04
2.51833214e-01 2.20727676e-04 2.14168138e-04
2.52189961e-01 3.62834463e-04 2.15158573e-04
2.52546703e-01 1.09556603e-04 2.16744717e-04
2.52903441e-01 2.53467013e-04 2.13674001e-04
2.53260175e-01 3.17319202e-04 2.15540430e-04
2.53616905e-01 7.55832322e-04 2.13489598e-04
2.53973631e-01 3.93886130e-04 2.13002499e-04
2.54330352e-01 6.90485040e-05 2.13421703e-04
2.54687070e-01 2.49130955e-04 2.16194675e-04
2.55043783e-01 2.11968415e-04 2.13839121e-04
2.55400492e-01 5.34735698e-05 2.10278125e-04
2.55757197e-01 1.52559969e-04 2.12843691e-04
2.56113898e-01 4.30927021e-04 2.21033863e-04
2.56470595e-01 1.64660080e-04 2.13772172e-04
2.56827287e-01 -1.27381389e-05 2.11073388e-04
2.57183975e-01 -4.62748123e-05 2.16423996e-04
2.57540659e-01 -2.64784011e-04 2.14207205e-04
2.57897339e-01 8.37099259e-05 2.12663886e-04
2.58254014e-01 3.88901356e-04 2.17048358e-04
2.58610686e-01 2.28118963e-04 2.13193647e-04
2.58967353e-01 6.94474625e-04 2.19009901e-04
2.59324016e-01 2.22121421e-04 2.18096958e-04
2.59680674e-01 3.49220331e-04 2.14029815e-04
2.60037329e-01 1.83014911e-04 2.15353867e-04
2.60393979e-01 -2.85247642e-05 2.16723189e-04
2.60750625e-01 7.37490939e-05 2.14876654e-04
2.61107266e-01 5.29525041e-04 2.14440149e-04
2.61463904e-01 4.86984332e-04 2.16232564e-04
2.61820537e-01 1.29654639e-04 2.15099264e-04
2.62177166e-01 7.25077807e-05 2.13540338e-04
2.62533790e-01 1.31422174e-04 2.15410335e-04
2.62890410e-01 4.54653399e-04 2.17043043e-04
2.63247026e-01 3.50910676e-04 2.17391503e-04
2.63603638e-01 1.40080664e-04 2.13712981e-04
2.63960245e-01 1.83215436e-04 2.14557729e-04
2.64316848e-01 9.43239503e-05 2.14895245e-04
2.64673447e-01 3.52400578e-04 2.15495125e-04
2.65030042e-01 1.76565679e-04 2.10927456e-04
2.65386632e-01 2.07316377e-04 2.14817329e-04
2.65743217e-01 4.16202137e-04 2.16290491e-04
2.66099799e-01 3.20873069e-04 2.16476513e-04
2.66456376e-01 4.35312728e-05 2.14737768e-04
2.66812948e-01 3.05268184e-04 2.19400434e-04
2.67169517e-01 4.55863342e-04 2.17160933e-04
2.67526081e-01 -1.19848159e-04 2.14829937e-04
2.67882640e-01 -8.30030670e-05 2.15254683e-04
2.68239195e-01 1.94632884e-04 2.17217827e-04
2.68595746e-01 3.08745764e-06 2.15900702e-04
2.68952293e-01 1.63829260e-04 2.19020176e-04
2.69308835e-01 3.73994950e-04 2.20518088e-04
2.69665372e-01 4.55047871e-04 2.20643181e-04
2.70021906e-01 1.46123314e-04 2.20593984e-04
2.70378435e-01 4.96480096e-04 2.21687572e-04
2.70734959e-01 2.59845364e-04 2.19719184e-04
2.71091479e-01 -1.16591869e-04 2.23730807e-04
2.71447995e-01 3.57632523e-04 2.22775540e-04
2.71804506e-01 -4.46080255e-05 2.23619209e-04
2.72161012e-01 2.88868766e-04 2.26795329e-04
2.72517515e-01 -1.57390937e-04 2.25326400e-04
2.72874012e-01 -1.18361535e-04 2.24935264e-04
