1.54026655e-02 5.19719288e-02 1.95000939e-03
1.57608633e-02 5.33448761e-02 1.81025688e-03
1.61190608e-02 5.32925359e-02 1.80360174e-03
1.64772580e-02 5.09741032e-02 1.71074064e-03
1.68354550e-02 5.15140966e-02 1.65825314e-03
1.71936517e-02 5.28166493e-02 1.57944694e-03
1.75518481e-02 5.19677229e-02 1.56875884e-03
1.79100442e-02 5.10405520e-02 1.57594847e-03
1.82682400e-02 5.10757082e-02 1.52372468e-03
1.86264355e-02 5.01990062e-02 1.41883622e-03
1.89846308e-02 5.00320312e-02 1.43486349e-03
1.93428257e-02 5.10865889e-02 1.44674274e-03
1.97010202e-02 4.89444306e-02 1.32959569e-03
2.00592145e-02 5.27518656e-02 1.31464043e-03
2.04174084e-02 4.88195956e-02 1.33404750e-03
2.07756020e-02 4.93738601e-02 1.27268734e-03
2.11337953e-02 4.90362751e-02 1.32097792e-03
2.14919882e-02 4.89244832e-02 1.30279870e-03
2.18501808e-02 4.58815280e-02 1.19277582e-03
2.22083729e-02 4.72035582e-02 1.17305810e-03
2.25665648e-02 4.55437838e-02 1.15972217e-03
2.29247562e-02 4.83237393e-02 1.17390534e-03
2.32829473e-02 4.74416309e-02 1.13973766e-03
2.36411380e-02 4.72129138e-02 1.14027301e-03
2.39993283e-02 4.54851893e-02 1.13379724e-03
2.43575182e-02 4.59127053e-02 1.10891308e-03
2.47157077e-02 4.50979972e-02 1.14439568e-03
2.50738968e-02 4.50277518e-02 1.03992322e-03
2.54320855e-02 4.51528732e-02 1.15883110e-03
2.57902738e-02 4.48062479e-02 1.10971788e-03
2.61484617e-02 4.51680424e-02 1.06016687e-03
2.65066491e-02 4.26466534e-02 1.02437343e-03
2.68648361e-02 4.37942205e-02 1.02390920e-03
2.72230226e-02 4.14565724e-02 9.84350400e-04
2.75812087e-02 4.42879269e-02 1.01238393e-03
2.79393943e-02 4.31166402e-02 1.01045669e-03
2.82975795e-02 4.07973763e-02 1.04137414e-03
2.86557642e-02 4.23728694e-02 1.00127959e-03
2.90139485e-02 4.09311007e-02 1.04917237e-03
2.93721323e-02 4.11641923e-02 1.03481849e-03
2.97303155e-02 4.03536373e-02 1.02521673e-03
3.00884983e-02 3.83984423e-02 1.00231886e-03
3.04466806e-02 4.03804991e-02 1.03529629e-03
3.08048624e-02 3.95821745e-02 1.00958075e-03
3.11630437e-02 3.97509260e-02 1.03517215e-03
3.15212245e-02 3.95578788e-02 1.02963829e-03
3.18794048e-02 3.83374311e-02 9.64694167e-04
3.22375845e-02 3.87108485e-02 9.79226851e-04
3.25957637e-02 3.78449641e-02 9.36590950e-04
3.29539424e-02 3.61789798e-02 9.99355941e-04
3.33121205e-02 3.70110749e-02 1.00880474e-03
3.36702981e-02 3.63975310e-02 9.64022485e-04
3.40284751e-02 3.73848326e-02 9.87002258e-04
3.43866516e-02 3.61652366e-02 9.77623896e-04
3.47448275e-02 3.54535134e-02 9.70073385e-04
3.51030028e-02 3.72766242e-02 8.83054196e-04
3.54611775e-02 3.49260478e-02 9.29950771e-04
3.58193517e-02 3.49418552e-02 8.98181626e-04
3.61775253e-02 3.16103501e-02 9.03860458e-04
3.65356983e-02 3.33672228e-02 8.71369271e-04
3.68938706e-02 3.17319621e-02 8.29582980e-04
3.72520424e-02 3.24732251e-02 8.70236596e-04
3.76102136e-02 3.19829027e-02 8.54200233e-04
3.79683841e-02 3.19826986e-02 8.75042228e-04
3.83265540e-02 3.14863384e-02 8.32110797e-04
3.86847233e-02 3.11751812e-02 8.59033898e-04
3.90428920e-02 3.03388009e-02 8.02063322e-04
3.94010600e-02 2.94079456e-02 7.90678679e-04
3.97592273e-02 2.98470217e-02 8.24978682e-04
4.01173941e-02 2.93910018e-02 8.22776668e-04
4.04755601e-02 2.81001284e-02 7.66769691e-04
4.08337255e-02 2.91205696e-02 7.72732617e-04
4.11918902e-02 2.99775141e-02 7.75780593e-04
4.15500542e-02 2.74254316e-02 7.79064060e-04
4.19082176e-02 2.75388261e-02 7.87665147e-04
4.22663802e-02 2.80947136e-02 7.71479423e-04
4.26245422e-02 2.84552280e-02 7.80141390e-04
4.29827034e-02 2.62309121e-02 7.92200680e-04
4.33408640e-02 2.60004422e-02 7.80740858e-04
4.36990238e-02 2.62968280e-02 7.68203904e-04
4.40571830e-02 2.60762577e-02 7.75940198e-04
4.44153414e-02 2.68008230e-02 7.64822795e-04
4.47734990e-02 2.50312353e-02 8.01754705e-04
4.51316560e-02 2.57330198e-02 7.60225784e-04
4.54898122e-02 2.46953346e-02 7.50830460e-04
4.58479676e-02 2.38668158e-02 7.55866688e-04
4.62061223e-02 2.29824019e-02 7.36233738e-04
4.65642762e-02 2.22141329e-02 7.36634583e-04
4.69224294e-02 2.20040960e-02 7.80024805e-04
4.72805818e-02 2.24663598e-02 7.25624985e-04
4.76387334e-02 2.21116192e-02 7.26940569e-04
4.79968842e-02 2.18873890e-02 7.44761279e-04
4.83550342e-02 2.15548262e-02 7.06541211e-04
4.87131835e-02 2.17646396e-02 7.63105728e-04
4.90713319e-02 2.07892993e-02 7.12275605e-04
4.94294795e-02 2.07109240e-02 7.16903609e-04
4.97876264e-02 2.03813630e-02 6.87848998e-04
5.01457724e-02 1.96387655e-02 6.97775341e-04
5.05039175e-02 2.04880685e-02 6.59031816e-04
5.08620619e-02 1.98446693e-02 6.46911072e-04
5.12202054e-02 1.90269704e-02 6.81418114e-04
5.15783481e-02 1.98026220e-02 6.46792965e-04
5.19364899e-02 1.66145779e-02 6.31950208e-04
5.22946308e-02 1.80496001e-02 6.27327836e-04
5.26527709e-02 1.78662343e-02 6.67393373e-04
5.30109102e-02 1.75617370e-02 6.40235257e-04
5.33690485e-02 1.83987059e-02 6.33138228e-04
5.37271860e-02 1.58398729e-02 6.55414386e-04
5.40853226e-02 1.71354387e-02 6.65579191e-04
5.44434583e-02 1.73658024e-02 6.73575661e-04
5.48015932e-02 1.58935491e-02 6.39310054e-04
5.51597271e-02 1.57350024e-02 6.16906854e-04
5.55178601e-02 1.58574096e-02 6.35052979e-04
5.58759922e-02 1.50618901e-02 5.96782793e-04
5.62341234e-02 1.56642725e-02 5.82418721e-04
5.65922536e-02 1.50878855e-02 6.22980976e-04
5.69503829e-02 1.48999626e-02 6.10192947e-04
5.73085113e-02 1.42953456e-02 5.93903509e-04
5.76666388e-02 1.38037752e-02 5.92745201e-04
5.80247653e-02 1.40691704e-02 5.84890760e-04
5.83828908e-02 1.35829395e-02 5.98634585e-04
5.87410154e-02 1.29339326e-02 5.85007511e-04
5.90991390e-02 1.33317719e-02 5.83910486e-04
5.94572616e-02 1.30017709e-02 5.96790275e-04
5.98153833e-02 1.31927686e-02 5.87829014e-04
6.01735040e-02 1.33827332e-02 5.82780024e-04
6.05316237e-02 1.18810408e-02 5.70858865e-04
6.08897424e-02 1.11129704e-02 5.65661330e-04
6.12478600e-02 1.03495302e-02 5.65615886e-04
6.16059767e-02 1.15957625e-02 5.61663138e-04
6.19640924e-02 1.22895986e-02 5.58291284e-04
6.23222071e-02 1.10918227e-02 5.47384888e-04
6.26803207e-02 1.04350496e-02 5.67877413e-04
6.30384333e-02 1.07097632e-02 5.55675423e-04
6.33965448e-02 9.67661270e-03 5.42724488e-04
6.37546554e-02 1.04396297e-02 5.46689337e-04
6.41127648e-02 9.99171768e-03 5.47724139e-04
6.44708732e-02 1.08882269e-02 5.60000037e-04
6.48289806e-02 9.92139702e-03 5.36487776e-04
6.51870869e-02 8.98931367e-03 5.42592301e-04
6.55451921e-02 9.15878999e-03 5.29886212e-04
6.59032962e-02 9.22803303e-03 5.21487465e-04
6.62613993e-02 9.24011372e-03 5.44751647e-04
6.66195012e-02 8.32100950e-03 5.44511664e-04
6.69776021e-02 8.26338429e-03 5.15770680e-04
6.73357019e-02 7.42667056e-03 5.20804462e-04
6.76938005e-02 7.02469024e-03 5.29629692e-04
6.80518981e-02 6.91032247e-03 5.15715835e-04
6.84099945e-02 7.10405654e-03 5.02534988e-04
6.87680898e-02 7.10851639e-03 4.99784379e-04
6.91261840e-02 7.55353980e-03 5.05228091e-04
6.94842770e-02 7.32855330e-03 5.02871324e-04
6.98423689e-02 7.46688783e-03 5.00191478e-04
7.02004596e-02 7.29792907e-03 5.02629396e-04
7.05585492e-02 7.33384291e-03 4.93255964e-04
7.09166377e-02 6.24112157e-03 4.96172784e-04
7.12747249e-02 6.54599403e-03 5.00834657e-04
7.16328110e-02 5.98314328e-03 4.91674996e-04
7.19908959e-02 6.45452442e-03 4.98808642e-04
7.23489796e-02 6.81815948e-03 4.94282008e-04
7.27070622e-02 5.03505466e-03 4.90610413e-04
7.30651435e-02 6.02278840e-03 5.07025327e-04
7.34232237e-02 5.47959563e-03 4.69630805e-04
7.37813026e-02 5.08652470e-03 4.89779922e-04
7.41393803e-02 5.17879708e-03 4.70749678e-04
7.44974568e-02 5.64826184e-03 4.75724231e-04
7.48555321e-02 6.57978105e-03 4.84589689e-04
7.52136061e-02 5.86422681e-03 4.84386391e-04
7.55716789e-02 4.67376101e-03 4.70662247e-04
7.59297505e-02 4.48341039e-03 4.73758325e-04
7.62878208e-02 4.60363986e-03 4.71825188e-04
7.66458899e-02 4.28896613e-03 4.70536299e-04
7.70039577e-02 4.44082846e-03 4.58571006e-04
7.73620242e-02 4.84749277e-03 4.73786895e-04
7.77200895e-02 3.81066128e-03 4.59924042e-04
7.80781535e-02 3.75746842e-03 4.62819543e-04
7.84362162e-02 4.49938179e-03 4.60645850e-04
7.87942776e-02 4.36269579e-03 4.46080736e-04
7.91523377e-02 3.13973240e-03 4.52536246e-04
7.95103965e-02 3.55007949e-03 4.45592098e-04
7.98684540e-02 3.54837947e-03 4.48470109e-04
8.02265102e-02 3.54014732e-03 4.69266073e-04
8.05845651e-02 4.50628022e-03 4.61054118e-04
8.09426186e-02 3.86933190e-03 4.49561013e-04
8.13006709e-02 3.80216523e-03 4.58605899e-04
8.16587217e-02 3.23500933e-03 4.50996346e-04
8.20167713e-02 3.07045173e-03 4.54520405e-04
8.23748195e-02 3.19201820e-03 4.45829257e-04
8.27328663e-02 4.33465369e-03 4.43696670e-04
8.30909118e-02 3.68600053e-03 4.31196048e-04
8.34489559e-02 3.30963771e-03 4.43657146e-04
8.38069986e-02 3.52587190e-03 4.50156890e-04
8.41650400e-02 2.60465910e-03 4.42712716e-04
8.45230800e-02 2.35312460e-03 4.52522144e-04
8.48811185e-02 2.44387066e-03 4.30781757e-04
8.52391557e-02 2.81813232e-03 4.35991346e-04
8.55971915e-02 3.16941546e-03 4.39707353e-04
8.59552259e-02 2.22097330e-03 4.49738308e-04
8.63132589e-02 2.29653995e-03 4.45820105e-04
8.66712904e-02 2.93813573e-03 4.46011244e-04
8.70293205e-02 2.58531928e-03 4.36783502e-04
8.73873492e-02 2.24306834e-03 4.33498272e-04
8.77453765e-02 2.39053867e-03 4.32831389e-04
8.81034023e-02 1.65777116e-03 4.21687096e-04
8.84614267e-02 1.93563578e-03 4.31541892e-04
8.88194496e-02 2.18541256e-03 4.37475653e-04
8.91774710e-02 1.86845304e-03 4.40925837e-04
8.95354910e-02 2.32125535e-03 4.40454938e-04
8.98935095e-02 2.26848443e-03 4.37259578e-04
9.02515266e-02 1.81028268e-03 4.35505746e-04
9.06095421e-02 1.51172995e-03 4.41169149e-04
9.09675562e-02 1.20173185e-03 4.32858118e-04
9.13255687e-02 1.95981105e-03 4.42185497e-04
9.16835798e-02 2.59257495e-03 4.35062279e-04
9.20415894e-02 2.28558706e-03 4.38469370e-04
9.23995974e-02 2.10735236e-03 4.45647301e-04
9.27576039e-02 1.68887809e-03 4.22501962e-04
9.31156089e-02 1.93560287e-03 4.25093284e-04
9.34736124e-02 1.40270031e-03 4.26205882e-04
9.38316143e-02 1.72596328e-03 4.21915593e-04
9.41896147e-02 1.99594234e-03 4.22405258e-04
9.45476136e-02 1.92495220e-03 4.24118106e-04
9.49056108e-02 1.07474248e-03 4.27318561e-04
9.52636066e-02 1.93471942e-03 4.20885727e-04
9.56216007e-02 9.38151099e-04 4.07450732e-04
9.59795933e-02 1.72381629e-03 4.04823160e-04
9.63375843e-02 1.30063225e-03 4.03862527e-04
9.66955738e-02 2.15055718e-03 4.17050072e-04
9.70535616e-02 1.78408116e-03 4.17321645e-04
9.74115478e-02 1.57789868e-03 4.02778831e-04
9.77695325e-02 2.01502409e-03 4.08957870e-04
9.81275155e-02 2.19319218e-03 4.15871191e-04
9.84854969e-02 1.45845983e-03 4.10839307e-04
9.88434768e-02 1.58936543e-03 3.98916655e-04
9.92014549e-02 1.23303049e-03 4.07049540e-04
9.95594315e-02 1.78290843e-03 4.03284949e-04
9.99174064e-02 2.01230927e-03 4.00962264e-04
1.00275380e-01 1.93804592e-03 4.27587074e-04
1.00633351e-01 1.24559922e-03 3.99017531e-04
1.00991321e-01 8.60822028e-04 3.94231531e-04
1.01349290e-01 1.70953399e-03 4.05976552e-04
1.01707256e-01 8.80640612e-04 3.98344846e-04
1.02065221e-01 1.20718326e-03 3.91532131e-04
1.02423184e-01 1.45155268e-03 3.95641441e-04
1.02781146e-01 1.50126566e-03 3.86918954e-04
1.03139106e-01 9.08934621e-04 3.99127466e-04
1.03497064e-01 1.46208564e-03 3.88984038e-04
1.03855021e-01 1.47424643e-03 3.88770967e-04
1.04212976e-01 1.34795214e-03 3.97392706e-04
1.04570929e-01 1.25396487e-03 3.96829361e-04
1.04928880e-01 1.85319262e-03 3.93789915e-04
1.05286830e-01 1.67837109e-03 4.06423409e-04
1.05644778e-01 1.28936170e-03 3.88729428e-04
1.06002724e-01 8.37551279e-04 3.93318657e-04
1.06360668e-01 1.17617657e-03 4.00746180e-04
1.06718611e-01 1.44836239e-03 3.89525508e-04
1.07076552e-01 7.29062932e-04 3.98225018e-04
1.07434491e-01 1.43459020e-03 3.96399401e-04
1.07792429e-01 1.47005593e-03 3.89330689e-04
1.08150364e-01 1.84370712e-03 3.96816392e-04
1.08508298e-01 1.62326932e-03 3.99990402e-04
1.08866230e-01 6.97188074e-04 3.89976360e-04
1.09224160e-01 1.75305453e-03 4.00815716e-04
1.09582089e-01 -5.01352885e-04 3.98702438e-04
1.09940016e-01 1.09374801e-03 4.02277722e-04
1.10297941e-01 8.12304941e-04 4.00107885e-04
1.10655864e-01 1.06603574e-03 3.81834664e-04
1.11013785e-01 8.70902606e-04 3.84734681e-04
1.11371704e-01 1.19067243e-03 3.79909470e-04
1.11729622e-01 1.06299101e-03 3.84453223e-04
1.12087538e-01 7.15062988e-04 3.86617893e-04
1.12445452e-01 6.19027679e-04 3.77455903e-04
1.12803364e-01 1.09233174e-03 3.71995423e-04
1.13161274e-01 1.21730201e-03 3.78768693e-04
1.13519182e-01 4.21077669e-04 3.92370451e-04
1.13877089e-01 6.62669899e-04 3.78343285e-04
1.14234994e-01 9.32515642e-04 3.70650699e-04
1.14592896e-01 9.08465904e-04 3.75628615e-04
1.14950797e-01 2.33310658e-04 3.84105599e-04
1.15308696e-01 5.34262401e-04 3.74967845e-04
1.15666593e-01 1.04362649e-03 3.79649777e-04
1.16024488e-01 7.61330576e-04 3.78322286e-04
1.16382382e-01 9.66916599e-04 3.70848210e-04
1.16740273e-01 1.49341662e-03 3.67646957e-04
1.17098163e-01 9.55814649e-04 3.76992077e-04
1.17456050e-01 9.54975627e-04 3.74468403e-04
1.17813936e-01 4.38038099e-04 3.72775410e-04
1.18171819e-01 2.23164692e-04 3.71482875e-04
1.18529701e-01 1.44802160e-03 3.79510631e-04
1.18887581e-01 1.13953137e-03 3.78751291e-04
1.19245459e-01 6.03680139e-04 3.85958430e-04
1.19603335e-01 8.96681243e-04 3.72928032e-04
1.19961208e-01 7.03048804e-04 3.75491519e-04
1.20319080e-01 7.39990442e-04 3.69401131e-04
1.20676950e-01 7.15687324e-04 3.83751762e-04
1.21034818e-01 1.00893577e-03 3.80118039e-04
1.21392684e-01 1.29338666e-03 3.68095517e-04
1.21750548e-01 8.18539731e-04 3.89412861e-04
1.22108410e-01 1.02984719e-03 3.80954902e-04
1.22466270e-01 1.62750250e-03 3.82198674e-04
1.22824128e-01 1.22224097e-03 3.86809316e-04
1.23181984e-01 3.38926371e-04 3.79440424e-04
1.23539838e-01 1.01443663e-03 3.80717778e-04
1.23897690e-01 5.29837013e-04 3.76526195e-04
1.24255540e-01 1.02325262e-03 3.83901053e-04
1.24613388e-01 7.38598715e-04 3.69768804e-04
1.24971233e-01 1.41734983e-03 3.65728052e-04
1.25329077e-01 1.02520695e-03 3.69173662e-04
1.25686919e-01 8.16080662e-04 3.65247336e-04
1.26044758e-01 1.10853013e-03 3.75967172e-04
1.26402596e-01 4.88064219e-04 3.64477051e-04
1.26760431e-01 8.65706919e-04 3.64899989e-04
1.27118265e-01 5.26898235e-04 3.55440961e-04
1.27476096e-01 7.61835067e-04 3.53486329e-04
1.27833925e-01 6.98591680e-04 3.48106775e-04
1.28191752e-01 1.14406516e-03 3.60371753e-04
1.28549577e-01 5.65578182e-04 3.52490634e-04
1.28907400e-01 8.04487890e-04 3.53197266e-04
1.29265221e-01 1.10132350e-03 3.54678793e-04
1.29623040e-01 5.84808028e-04 3.58674449e-04
1.29980856e-01 9.08450666e-04 3.53750499e-04
1.30338670e-01 7.57299486e-04 3.45042591e-04
1.30696483e-01 2.71897022e-04 3.46413143e-04
1.31054293e-01 6.78363945e-04 3.50921746e-04
1.31412101e-01 9.40765457e-04 3.49920586e-04
1.31769906e-01 8.73265724e-04 3.42519515e-04
1.32127710e-01 4.95052619e-04 3.42599612e-04
1.32485511e-01 7.74466790e-04 3.40447705e-04
1.32843311e-01 3.07978402e-04 3.48172314e-04
1.33201108e-01 1.05588136e-03 3.46706901e-04
1.33558903e-01 5.75379872e-04 3.47818816e-04
1.33916695e-01 4.97883107e-04 3.46096109e-04
1.34274486e-01 1.34296628e-03 3.46742559e-04
1.34632274e-01 6.29472563e-04 3.39776034e-04
1.34990060e-01 4.44643994e-04 3.37913425e-04
1.35347844e-01 5.01607271e-04 3.42494027e-04
1.35705626e-01 2.09898762e-04 3.33507355e-04
1.36063405e-01 1.01905345e-03 3.33932852e-04
1.36421182e-01 2.74468274e-04 3.41293061e-04
1.36778957e-01 3.26564600e-04 3.34534682e-04
1.37136730e-01 3.02530962e-04 3.38862478e-04
1.37494500e-01 4.56916163e-04 3.36116822e-04
1.37852269e-01 2.67328412e-04 3.25457272e-04
1.38210034e-01 -5.80179890e-06 3.29716061e-04
1.38567798e-01 8.65620558e-04 3.29686163e-04
1.38925559e-01 7.80480139e-04 3.35720598e-04
1.39283319e-01 3.33091726e-04 3.30092779e-04
1.39641075e-01 6.39957828e-04 3.32973384e-04
1.39998830e-01 1.14667033e-03 3.31703997e-04
1.40356582e-01 6.73120161e-04 3.23515846e-04
1.40714332e-01 5.36678276e-04 3.27357525e-04
1.41072080e-01 4.79895962e-04 3.38345897e-04
1.41429825e-01 8.24054088e-04 3.26914961e-04
1.41787568e-01 2.52639004e-04 3.20174339e-04
1.42145308e-01 9.51618165e-05 3.17684504e-04
1.42503047e-01 1.91555197e-04 3.27232091e-04
1.42860783e-01 9.96579362e-05 3.25930515e-04
1.43218516e-01 -1.77399318e-04 3.21448093e-04
1.43576247e-01 3.32974775e-06 3.20563995e-04
1.43933976e-01 7.33624127e-04 3.27415337e-04
1.44291703e-01 9.44014386e-04 3.30534137e-04
1.44649427e-01 3.80330386e-04 3.24512845e-04
1.45007149e-01 4.98219447e-04 3.20105832e-04
1.45364868e-01 6.02055649e-04 3.15544672e-04
1.45722585e-01 5.89638195e-04 3.14403148e-04
1.46080300e-01 4.41097857e-04 3.19259854e-04
1.46438012e-01 5.51454304e-04 3.14420292e-04
1.46795722e-01 5.05645707e-04 3.24735038e-04
1.47153429e-01 1.93195677e-04 3.12326537e-04
1.47511134e-01 5.52304706e-04 3.20206233e-04
1.47868837e-01 8.68361740e-04 3.14906485e-04
1.48226537e-01 -1.98780604e-04 3.07518751e-04
1.48584235e-01 5.59298117e-04 3.19382126e-04
1.48941930e-01 -1.53574316e-04 3.13066550e-04
1.49299623e-01 2.81636538e-04 3.25139954e-04
1.49657313e-01 7.71138778e-04 3.17076547e-04
1.50015001e-01 7.59568283e-04 3.18141097e-04
1.50372687e-01 9.99305515e-04 3.15464722e-04
1.50730370e-01 1.38911997e-04 3.10519856e-04
1.51088050e-01 3.86974957e-04 3.07416083e-04
1.51445728e-01 2.66736055e-04 3.18324067e-04
1.51803404e-01 5.06350854e-04 3.03681077e-04
1.52161077e-01 9.28756492e-04 3.16252594e-04
1.52518747e-01 7.62926044e-04 3.05880378e-04
1.52876416e-01 1.09862063e-03 3.09898912e-04
1.53234081e-01 4.21699527e-04 3.10361191e-04
1.53591744e-01 1.35328086e-04 3.09951415e-04
1.53949405e-01 2.46213337e-04 3.17169204e-04
1.54307063e-01 4.64131441e-04 3.12156347e-04
1.54664718e-01 7.10218558e-04 3.14420837e-04
1.55022371e-01 6.09311586e-04 3.10193891e-04
1.55380021e-01 3.96326570e-06 3.10597693e-04
1.55737669e-01 3.39533120e-04 3.08645597e-04
1.56095314e-01 1.08508869e-04 3.04359571e-04
1.56452957e-01 -1.35046286e-04 3.09705027e-04
1.56810597e-01 4.65934616e-04 3.07105662e-04
1.57168235e-01 -8.46124779e-05 3.04603956e-04
1.57525870e-01 8.99064087e-04 3.05025712e-04
1.57883502e-01 2.19576039e-04 3.00448603e-04
1.58241132e-01 8.32582844e-04 3.07322488e-04
1.58598759e-01 5.58766448e-04 3.02614827e-04
1.58956384e-01 3.27912236e-04 3.01162591e-04
1.59314006e-01 5.99216553e-04 3.03835260e-04
1.59671625e-01 4.73449265e-04 2.99092293e-04
1.60029242e-01 -4.70250240e-05 3.04703712e-04
1.60386856e-01 5.99777051e-04 3.02887746e-04
1.60744468e-01 4.77361724e-04 3.01547432e-04
1.61102076e-01 7.01504040e-05 2.99596259e-04
1.61459683e-01 6.14672077e-04 3.00168870e-04
1.61817286e-01 5.19980572e-04 2.99163517e-04
1.62174887e-01 -8.83686305e-05 3.05134117e-04
1.62532485e-01 8.57162469e-05 2.97818480e-04
1.62890081e-01 1.35630825e-04 2.98651377e-04
1.63247674e-01 5.03959264e-04 2.97587457e-04
1.63605264e-01 -1.53271900e-04 2.99972984e-04
1.63962852e-01 8.06600604e-04 2.94904818e-04
1.64320437e-01 3.08435720e-04 2.98344660e-04
1.64678019e-01 4.24382048e-04 2.97653026e-04
1.65035598e-01 -3.09300797e-04 2.88762953e-04
1.65393175e-01 1.84454681e-04 2.99073077e-04
1.65750749e-01 1.17110001e-04 2.94666773e-04
1.66108320e-01 -2.65170935e-04 2.90515141e-04
1.66465889e-01 5.60067112e-04 2.90159367e-04
1.66823455e-01 -6.39767787e-05 2.94974694e-04
1.67181018e-01 7.43259498e-05 2.94765621e-04
1.67538578e-01 2.14028127e-05 2.90288962e-04
1.67896136e-01 3.63259962e-04 2.89805734e-04
1.68253691e-01 2.93082854e-04 2.89026695e-04
1.68611243e-01 1.36884638e-04 2.88857599e-04
1.68968792e-01 1.79921430e-04 2.89217338e-04
1.69326339e-01 2.19917178e-04 2.90375001e-04
1.69683883e-01 1.94364903e-04 2.81274567e-04
1.70041424e-01 5.00307518e-04 2.92470949e-04
1.70398962e-01 -1.35161673e-04 2.85391816e-04
1.70756497e-01 3.26546587e-04 2.88484486e-04
1.71114030e-01 -1.20278195e-04 2.85622831e-04
1.71471560e-01 7.48319567e-04 2.95280975e-04
1.71829087e-01 3.69059061e-04 2.87978483e-04
1.72186611e-01 3.44852243e-04 2.88130416e-04
1.72544132e-01 4.11802278e-04 2.85262582e-04
1.72901651e-01 4.94088325e-04 2.91046966e-04
1.73259167e-01 -2.44203818e-04 2.86664353e-04
1.73616679e-01 -1.86142561e-04 2.78512970e-04
1.73974189e-01 4.54684048e-05 2.89752801e-04
1.74331697e-01 -6.90314701e-05 2.85009918e-04
1.74689201e-01 3.93878283e-05 2.81930944e-04
1.75046702e-01 4.63849078e-04 2.79427363e-04
1.75404201e-01 5.17068381e-05 2.78231318e-04
1.75761697e-01 8.48044225e-05 2.83928349e-04
1.76119189e-01 1.94398851e-04 2.84373859e-04
1.76476679e-01 6.55744959e-04 2.82547000e-04
1.76834166e-01 -2.38239006e-05 2.80205719e-04
1.77191650e-01 1.44833634e-04 2.74758476e-04
1.77549132e-01 -6.04852079e-05 2.86209229e-04
1.77906610e-01 2.28112235e-04 2.82366584e-04
1.78264085e-01 3.81598960e-04 2.76999650e-04
1.78621558e-01 1.10955381e-04 2.78851937e-04
1.78979027e-01 -2.85863120e-04 2.82221735e-04
1.79336494e-01 1.19549130e-04 2.79598646e-04
1.79693958e-01 -2.02812802e-04 2.72444354e-04
1.80051418e-01 4.08660176e-05 2.71471504e-04
1.80408876e-01 1.19664664e-04 2.80680825e-04
1.80766331e-01 5.82461941e-04 2.89071104e-04
1.81123783e-01 8.15745671e-04 2.86479655e-04
1.81481232e-01 7.07465679e-04 2.86622740e-04
1.81838677e-01 5.86222283e-05 2.83950313e-04
1.82196120e-01 8.88354324e-05 2.79023866e-04
1.82553560e-01 1.53252100e-05 2.83749568e-04
1.82910997e-01 1.92498265e-04 2.79529880e-04
1.83268431e-01 7.45232803e-04 2.85859064e-04
1.83625862e-01 1.12331706e-04 2.81006221e-04
1.83983290e-01 -1.20565173e-04 2.83199505e-04
1.84340715e-01 2.60495415e-04 2.93671358e-04
1.84698137e-01 -9.96028073e-05 2.86756434e-04
1.85055556e-01 -2.91179487e-04 2.82877965e-04
1.85412971e-01 3.23659817e-04 2.80614987e-04
1.85770384e-01 -2.76787768e-05 2.92027741e-04
1.86127794e-01 2.17976860e-04 2.79479431e-04
1.86485200e-01 -4.59501110e-04 2.83910038e-04
1.86842604e-01 2.46575975e-04 2.72880019e-04
1.87200005e-01 3.50032177e-04 2.75793039e-04
1.87557402e-01 5.85351721e-04 2.71723877e-04
1.87914797e-01 3.24011775e-04 2.72533640e-04
1.88272188e-01 -6.70952621e-05 2.73995880e-04
1.88629576e-01 -1.50256549e-04 2.74340717e-04
1.88986961e-01 2.25192991e-04 2.76144189e-04
1.89344343e-01 3.05547242e-04 2.78042907e-04
1.89701722e-01 1.16161858e-04 2.70644564e-04
1.90059098e-01 2.01986236e-04 2.78537622e-04
1.90416471e-01 1.39951939e-04 2.75593584e-04
1.90773840e-01 8.27619438e-05 2.71063711e-04
1.91131207e-01 4.90742791e-04 2.72635399e-04
1.91488570e-01 4.18267241e-04 2.69592162e-04
1.91845930e-01 8.14871010e-05 2.71850565e-04
1.92203287e-01 2.87926255e-04 2.75036396e-04
1.92560641e-01 5.09119289e-04 2.66133971e-04
1.92917992e-01 6.84026110e-04 2.67232445e-04
1.93275340e-01 4.04269907e-04 2.68814249e-04
1.93632684e-01 -2.10609818e-04 2.69220870e-04
1.93990025e-01 2.57899579e-04 2.72884750e-04
1.94347363e-01 2.89563832e-04 2.72655078e-04
1.94704698e-01 1.71313976e-04 2.68053623e-04
1.95062030e-01 7.87206165e-04 2.75535708e-04
1.95419358e-01 -2.15780801e-05 2.69327737e-04
1.95776684e-01 3.19431400e-04 2.69844264e-04
1.96134006e-01 -2.11752911e-04 2.62466239e-04
1.96491324e-01 1.38922796e-04 2.72240952e-04
1.96848640e-01 -2.90428478e-04 2.73152905e-04
1.97205953e-01 9.01609268e-06 2.66760512e-04
1.97563262e-01 3.24669818e-04 2.68844622e-04
1.97920568e-01 1.94833045e-04 2.72761243e-04
1.98277870e-01 7.84477434e-05 2.70392740e-04
1.98635170e-01 1.28183485e-04 2.77182651e-04
1.98992466e-01 2.06615902e-04 2.74670472e-04
1.99349759e-01 3.51289227e-04 2.71219621e-04
1.99707049e-01 -2.85639061e-04 2.67118755e-04
2.00064335e-01 4.45214021e-04 2.63084643e-04
2.00421618e-01 2.96342554e-05 2.71662090e-04
2.00778898e-01 5.82284498e-04 2.69219030e-04
2.01136174e-01 -2.62460063e-04 2.65079134e-04
2.01493448e-01 3.37617252e-04 2.71388465e-04
2.01850718e-01 5.47235775e-05 2.57236473e-04
2.02207984e-01 1.45883161e-04 2.65006708e-04
2.02565248e-01 2.59003840e-04 2.63985774e-04
2.02922508e-01 2.55492603e-04 2.63224477e-04
2.03279764e-01 1.41527246e-04 2.55158641e-04
2.03637018e-01 1.05117147e-04 2.58681365e-04
2.03994268e-01 8.29699673e-05 2.54829342e-04
2.04351514e-01 2.71236384e-04 2.54509079e-04
2.04708758e-01 -1.10929660e-04 2.57701111e-04
2.05065998e-01 1.78281585e-04 2.54194380e-04
2.05423234e-01 3.43820514e-04 2.59825264e-04
2.05780467e-01 1.33190679e-04 2.57022752e-04
2.06137697e-01 4.68919512e-04 2.57525856e-04
2.06494924e-01 3.03505573e-04 2.55533791e-04
2.06852147e-01 -4.61261432e-04 2.52362034e-04
2.07209367e-01 -1.07923051e-04 2.55202328e-04
2.07566583e-01 1.35415537e-04 2.55049824e-04
2.07923796e-01 4.77115787e-04 2.60536638e-04
2.08281005e-01 -1.15708506e-04 2.56016532e-04
2.08638211e-01 -4.84136619e-05 2.55451038e-04
2.08995414e-01 2.38917144e-04 2.54529933e-04
2.09352613e-01 1.58736683e-05 2.53544747e-04
2.09709809e-01 1.50746583e-04 2.54938533e-04
2.10067002e-01 4.26460771e-04 2.53655577e-04
2.10424191e-01 5.62339528e-04 2.50247085e-04
2.10781376e-01 -1.14945861e-05 2.54229791e-04
2.11138558e-01 -7.22659806e-06 2.53614960e-04
2.11495737e-01 -5.70933244e-05 2.52466121e-04
2.11852912e-01 -5.65567669e-04 2.46430079e-04
2.12210084e-01 4.91988478e-04 2.45931248e-04
2.12567252e-01 -3.10251584e-04 2.50120999e-04
2.12924416e-01 -7.02695417e-05 2.48214000e-04
2.13281578e-01 3.68646811e-06 2.51057925e-04
2.13638735e-01 -4.65635945e-04 2.44316045e-04
2.13995890e-01 2.25249191e-04 2.44336764e-04
2.14353040e-01 1.00362597e-04 2.44714437e-04
2.14710188e-01 1.27053262e-04 2.51440244e-04
2.15067331e-01 1.84780947e-04 2.52047030e-04
2.15424471e-01 2.92258073e-04 2.47056843e-04
2.15781608e-01 1.19019512e-04 2.45278770e-04
2.16138741e-01 3.57041291e-04 2.43305048e-04
2.16495871e-01 1.83418427e-04 2.50075547e-04
2.16852997e-01 1.39052304e-04 2.50663906e-04
2.17210119e-01 8.08339318e-05 2.46207742e-04
2.17567238e-01 7.35864405e-05 2.44778812e-04
2.17924354e-01 6.99821287e-05 2.42119343e-04
2.18281465e-01 1.27175393e-04 2.43814526e-04
2.18638574e-01 4.55991357e-04 2.41237971e-04
2.18995678e-01 -4.32040506e-04 2.37484618e-04
2.19352779e-01 2.00862752e-04 2.40440184e-04
2.19709877e-01 1.66831989e-05 2.43606568e-04
2.20066971e-01 1.98295670e-04 2.43782066e-04
2.20424061e-01 -1.07196337e-04 2.41288807e-04
2.20781147e-01 3.87413722e-05 2.46175686e-04
2.21138230e-01 1.12281954e-04 2.40503589e-04
2.21495310e-01 4.39127108e-04 2.42465243e-04
2.21852386e-01 -1.08321977e-04 2.38646866e-04
2.22209458e-01 -1.18182351e-04 2.40409044e-04
2.22566526e-01 7.57374024e-06 2.38016732e-04
2.22923591e-01 -2.02990520e-04 2.39803202e-04
2.23280652e-01 2.75411712e-04 2.35349426e-04
2.23637710e-01 3.70189536e-05 2.36269833e-04
2.23994764e-01 1.99185803e-04 2.37736658e-04
2.24351814e-01 3.29333312e-05 2.35489112e-04
2.24708861e-01 1.14192717e-06 2.37622545e-04
2.25065904e-01 -1.23506629e-04 2.43782428e-04
2.25422943e-01 -6.68199195e-05 2.38840037e-04
2.25779978e-01 3.81064594e-04 2.40443424e-04
2.26137010e-01 2.58733983e-04 2.40366986e-04
2.26494038e-01 2.43491690e-04 2.38877372e-04
2.26851063e-01 -7.72966602e-05 2.37561972e-04
2.27208083e-01 5.41924469e-05 2.34460393e-04
2.27565100e-01 1.83910717e-04 2.30646335e-04
2.27922114e-01 5.35385669e-04 2.34712192e-04
2.28279123e-01 2.58318835e-04 2.38657410e-04
2.28636129e-01 2.25507001e-04 2.35296465e-04
2.28993131e-01 2.89075364e-05 2.36164320e-04
2.29350129e-01 4.12895245e-04 2.34092328e-04
2.29707124e-01 -2.79899461e-04 2.34079922e-04
2.30064115e-01 2.61334029e-04 2.33586160e-04
2.30421102e-01 5.67739410e-04 2.33583486e-04
2.30778085e-01 5.22643279e-04 2.33911307e-04
2.31135064e-01 3.10025892e-04 2.30137133e-04
2.31492040e-01 1.02979608e-04 2.32729411e-04
2.31849012e-01 3.64157247e-04 2.33797227e-04
2.32205980e-01 5.82688287e-04 2.32454698e-04
2.32562944e-01 2.10682681e-04 2.31405809e-04
2.32919905e-01 5.08512892e-04 2.31767668e-04
2.33276862e-01 4.42324935e-04 2.30385817e-04
2.33633814e-01 4.33338686e-04 2.31399993e-04
2.33990763e-01 2.17310495e-04 2.33238585e-04
2.34347709e-01 6.36632090e-05 2.27730612e-04
2.34704650e-01 7.84778347e-05 2.26648223e-04
2.35061588e-01 6.26710722e-05 2.27476558e-04
2.35418521e-01 -2.74565876e-04 2.29836518e-04
2.35775451e-01 1.20334898e-04 2.30405196e-04
2.36132377e-01 -7.60340152e-05 2.29383053e-04
2.36489299e-01 -4.67060838e-05 2.25586656e-04
2.36846218e-01 2.18213529e-04 2.24473574e-04
2.37203132e-01 -3.62923754e-04 2.23820036e-04
2.37560042e-01 3.35468480e-04 2.29422254e-04
2.37916949e-01 3.29167539e-04 2.24822414e-04
2.38273852e-01 2.41648577e-05 2.20210243e-04
2.38630751e-01 3.12493216e-05 2.23536701e-04
2.38987645e-01 1.20329739e-04 2.31348680e-04
2.39344537e-01 1.95918674e-04 2.30834607e-04
2.39701424e-01 3.25054894e-04 2.24610568e-04
2.40058307e-01 2.05826262e-05 2.19370277e-04
2.40415186e-01 -5.02751544e-05 2.23584195e-04
2.40772061e-01 -1.05407469e-05 2.22222470e-04
2.41128933e-01 5.81895615e-04 2.20270961e-04
2.41485800e-01 8.43301080e-05 2.23982844e-04
2.41842664e-01 -1.42098123e-04 2.24418940e-04
2.42199523e-01 -1.26214487e-04 2.27569482e-04
2.42556379e-01 4.27661830e-04 2.26788136e-04
2.42913230e-01 -1.61559459e-05 2.23477825e-04
2.43270078e-01 1.69725553e-04 2.19828812e-04
2.43626922e-01 1.40373059e-04 2.25089679e-04
2.43983761e-01 -2.60942773e-05 2.19826393e-04
2.44340597e-01 4.29161696e-04 2.19148307e-04
2.44697429e-01 -5.88344452e-05 2.21288734e-04
2.45054256e-01 1.51764514e-04 2.18110744e-04
2.45411080e-01 -2.22151140e-04 2.18028869e-04
2.45767900e-01 6.82796757e-05 2.18603787e-04
2.46124715e-01 -2.66166990e-05 2.18430105e-04
2.46481527e-01 2.93636398e-04 2.15186583e-04
2.46838334e-01 2.78152119e-04 2.18146738e-04
2.47195138e-01 8.16796785e-05 2.21015846e-04
2.47551938e-01 -9.59804338e-05 2.15750805e-04
2.47908733e-01 -2.38796763e-05 2.17889642e-04
2.48265524e-01 1.33936095e-04 2.14514636e-04
2.48622312e-01 1.33256068e-04 2.17721545e-04
2.48979095e-01 2.54634348e-04 2.17876288e-04
2.49335874e-01 -2.90477778e-05 2.16752440e-04
2.49692649e-01 -5.36492433e-05 2.14783699e-04
2.50049420e-01 3.36274129e-04 2.18077325e-04
2.50406187e-01 -1.82037463e-04 2.15009601e-04
2.50762950e-01 2.38080679e-05 2.15244965e-04
2.51119709e-01 -1.51059894e-04 2.11871397e-04
2.51476464e-01 -8.85732910e-05 2.13921996e-04
2.51833214e-01 -1.04309380e-04 2.15107724e-04
2.52189961e-01 2.92696513e-04 2.11884874e-04
2.52546703e-01 -3.02523539e-04 2.13218888e-04
2.52903441e-01 2.37477919e-04 2.11098057e-04
2.53260175e-01 3.51874348e-04 2.13672633e-04
2.53616905e-01 2.24416909e-04 2.10360366e-04
2.53973631e-01 2.19626384e-04 2.14669929e-04
2.54330352e-01 2.21456764e-04 2.18214404e-04
2.54687070e-01 1.54157006e-04 2.11889181e-04
2.55043783e-01 -2.37873218e-05 2.13595773e-04
2.55400492e-01 -9.36745089e-05 2.10275093e-04
2.55757197e-01 1.57245168e-04 2.12839280e-04
2.56113898e-01 4.99788991e-04 2.14833108e-04
2.56470595e-01 1.33285134e-04 2.11880896e-04
2.56827287e-01 1.75136859e-04 2.14842523e-04
2.57183975e-01 3.40208586e-04 2.16103926e-04
2.57540659e-01 1.08916339e-04 2.21123981e-04
2.57897339e-01 1.10327174e-04 2.19060528e-04
2.58254014e-01 -1.97975163e-05 2.15238071e-04
2.58610686e-01 1.27338506e-04 2.14194884e-04
2.58967353e-01 -3.48486092e-05 2.11754845e-04
2.59324016e-01 8.59647193e-06 2.15114248e-04
2.59680674e-01 -1.90366468e-06 2.14934980e-04
2.60037329e-01 -2.25624410e-05 2.17268685e-04
2.60393979e-01 1.11186844e-04 2.15114301e-04
2.60750625e-01 -1.26843699e-04 2.17626402e-04
2.61107266e-01 -3.88009911e-04 2.14955108e-04
2.61463904e-01 7.40882075e-05 2.12519660e-04
2.61820537e-01 1.46302452e-05 2.15757178e-04
2.62177166e-01 -8.08619768e-05 2.17364119e-04
2.62533790e-01 -2.73374381e-05 2.16238428e-04
2.62890410e-01 -4.72433272e-05 2.19523740e-04
2.63247026e-01 2.13658927e-04 2.16504352e-04
2.63603638e-01 -9.25712770e-05 2.11730719e-04
2.63960245e-01 2.58856814e-04 2.16879402e-04
2.64316848e-01 1.95049759e-04 2.12735976e-04
2.64673447e-01 8.36143377e-05 2.10307207e-04
2.65030042e-01 5.40776237e-05 2.10425653e-04
2.65386632e-01 3.31880788e-04 2.13727038e-04
2.65743217e-01 3.51451565e-04 2.16063799e-04
2.66099799e-01 1.80837489e-04 2.16265952e-04
2.66456376e-01 -5.80504402e-05 2.12726336e-04
2.66812948e-01 2.17188443e-04 2.17336350e-04
2.67169517e-01 1.61996906e-04 2.16968341e-04
2.67526081e-01 8.94522725e-05 2.18155501e-04
2.67882640e-01 -3.14712130e-04 2.15987481e-04
2.68239195e-01 3.62313885e-04 2.19855311e-04
2.68595746e-01 4.24570345e-04 2.19942987e-04
2.68952293e-01 2.75759719e-04 2.15819170e-04
2.69308835e-01 3.36628044e-04 2.20021141e-04
2.69665372e-01 3.72919318e-05 2.18441541e-04
2.70021906e-01 1.76621095e-04 2.21741015e-04
2.70378435e-01 3.99823209e-05 2.23946322e-04
2.70734959e-01 -8.07569232e-06 2.21401269e-04
2.71091479e-01 2.43524951e-04 2.25345112e-04
2.71447995e-01 7.16548246e-05 2.28595202e-04
2.71804506e-01 1.84312781e-04 2.26489367e-04
2.72161012e-01 2.65022535e-04 2.25546000e-04
2.72517515e-01 3.07627998e-04 2.28448731e-04
2.72874012e-01 3.62569697e-04 2.26408190e-04
