1.54026655e-02 2.41721646e-02 1.74621399e-03
1.57608633e-02 2.56122741e-02 1.80871008e-03
1.61190608e-02 2.55671238e-02 1.60017774e-03
1.64772580e-02 2.57557056e-02 1.60288314e-03
1.68354550e-02 2.73231145e-02 1.51112820e-03
1.71936517e-02 2.40550341e-02 1.53159621e-03
1.75518481e-02 2.46436214e-02 1.43812389e-03
1.79100442e-02 2.51630353e-02 1.42989881e-03
1.82682400e-02 2.52384497e-02 1.41543946e-03
1.86264355e-02 2.73338671e-02 1.28962801e-03
1.89846308e-02 2.68479061e-02 1.31824446e-03
1.93428257e-02 2.52015372e-02 1.28043187e-03
1.97010202e-02 2.58594479e-02 1.20378213e-03
2.00592145e-02 2.49595142e-02 1.28385513e-03
2.04174084e-02 2.60762624e-02 1.27131193e-03
2.07756020e-02 2.50089307e-02 1.28190091e-03
2.11337953e-02 2.65364964e-02 1.20724724e-03
2.14919882e-02 2.54123250e-02 1.15748774e-03
2.18501808e-02 2.45478250e-02 1.20511314e-03
2.22083729e-02 2.42999879e-02 1.19761429e-03
2.25665648e-02 2.42079352e-02 1.15052858e-03
2.29247562e-02 2.41457216e-02 1.12801048e-03
2.32829473e-02 2.53444863e-02 1.12172543e-03
2.36411380e-02 2.70350569e-02 1.18677013e-03
2.39993283e-02 2.46404325e-02 1.11647931e-03
2.43575182e-02 2.23378679e-02 1.04328306e-03
2.47157077e-02 2.28886848e-02 1.03572705e-03
2.50738968e-02 2.54986134e-02 9.53562114e-04
2.54320855e-02 2.33534678e-02 9.60108721e-04
2.57902738e-02 2.14254088e-02 9.90841805e-04
2.61484617e-02 2.22801921e-02 1.00219437e-03
2.65066491e-02 2.21686321e-02 9.60781447e-04
2.68648361e-02 2.11566287e-02 9.49855831e-04
2.72230226e-02 2.12644962e-02 9.23870849e-04
2.75812087e-02 2.11830217e-02 9.38650454e-04
2.79393943e-02 2.26953776e-02 9.20947716e-04
2.82975795e-02 2.15995915e-02 9.26857993e-04
2.86557642e-02 2.17980232e-02 9.23888558e-04
2.90139485e-02 2.06319443e-02 9.44406051e-04
2.93721323e-02 2.07015990e-02 9.02102639e-04
2.97303155e-02 1.99127252e-02 8.98909152e-04
3.00884983e-02 2.07062679e-02 9.71229148e-04
3.04466806e-02 2.10271902e-02 9.02942597e-04
3.08048624e-02 2.14301253e-02 9.40749300e-04
3.11630437e-02 2.03673313e-02 9.28759633e-04
3.15212245e-02 2.12771388e-02 9.68581479e-04
3.18794048e-02 1.98628529e-02 9.20758751e-04
3.22375845e-02 2.06948623e-02 8.60933384e-04
3.25957637e-02 2.01735387e-02 9.09358252e-04
3.29539424e-02 2.03376526e-02 8.94334832e-04
3.33121205e-02 1.85007615e-02 8.95477121e-04
3.36702981e-02 1.99914711e-02 8.50120944e-04
3.40284751e-02 1.96081472e-02 8.66103664e-04
3.43866516e-02 1.78635639e-02 8.37911487e-04
3.47448275e-02 1.93083541e-02 8.29134566e-04
3.51030028e-02 1.88023413e-02 7.91900589e-04
3.54611775e-02 1.86387312e-02 8.43838376e-04
3.58193517e-02 1.80858121e-02 8.16355660e-04
3.61775253e-02 1.74276639e-02 8.10883661e-04
3.65356983e-02 1.72095013e-02 8.11728052e-04
3.68938706e-02 1.89220833e-02 7.59411446e-04
3.72520424e-02 1.71308053e-02 7.79136827e-04
3.76102136e-02 1.67721241e-02 8.04876651e-04
3.79683841e-02 1.81736170e-02 7.90556083e-04
3.83265540e-02 1.66283308e-02 7.72522213e-04
3.86847233e-02 1.45116459e-02 7.72570622e-04
3.90428920e-02 1.62944642e-02 7.47976467e-04
3.94010600e-02 1.58413986e-02 7.80673823e-04
3.97592273e-02 1.57207788e-02 7.36443620e-04
4.01173941e-02 1.57093503e-02 7.37254551e-04
4.04755601e-02 1.50002840e-02 7.48838321e-04
4.08337255e-02 1.50996305e-02 7.61563710e-04
4.11918902e-02 1.50810247e-02 7.27724752e-04
4.15500542e-02 1.47001422e-02 7.03102420e-04
4.19082176e-02 1.46527959e-02 6.83770510e-04
4.22663802e-02 1.43720441e-02 7.19639031e-04
4.26245422e-02 1.41731255e-02 7.36055794e-04
4.29827034e-02 1.40124976e-02 7.34432012e-04
4.33408640e-02 1.32582245e-02 7.39694644e-04
4.36990238e-02 1.38367711e-02 7.35168475e-04
4.40571830e-02 1.28207830e-02 6.78027207e-04
4.44153414e-02 1.25813869e-02 7.30007502e-04
4.47734990e-02 1.21756822e-02 6.85945423e-04
4.51316560e-02 1.27031422e-02 7.40139799e-04
4.54898122e-02 1.33052843e-02 7.39470848e-04
4.58479676e-02 1.31803451e-02 7.52103949e-04
4.62061223e-02 1.18088417e-02 7.23227561e-04
4.65642762e-02 1.21518725e-02 7.03136631e-04
4.69224294e-02 1.31149260e-02 7.34699188e-04
4.72805818e-02 1.21099520e-02 6.84691033e-04
4.76387334e-02 1.20937235e-02 7.13689831e-04
4.79968842e-02 1.12089004e-02 6.69028947e-04
4.83550342e-02 1.10312932e-02 6.79840665e-04
4.87131835e-02 1.10978830e-02 6.47372305e-04
4.90713319e-02 9.99096173e-03 6.43602659e-04
4.94294795e-02 1.00282063e-02 6.64329850e-04
4.97876264e-02 1.06300876e-02 6.51341649e-04
5.01457724e-02 1.01832928e-02 6.39494833e-04
5.05039175e-02 9.82132175e-03 6.35452926e-04
5.08620619e-02 1.03456996e-02 6.33725123e-04
5.12202054e-02 9.92775580e-03 6.45678146e-04
5.15783481e-02 8.95773916e-03 6.44201166e-04
5.19364899e-02 9.70944277e-03 6.61200560e-04
5.22946308e-02 1.01672446e-02 6.35423904e-04
5.26527709e-02 8.93476392e-03 6.05104486e-04
5.30109102e-02 9.78579287e-03 5.97195867e-04
5.33690485e-02 8.95620778e-03 5.95390730e-04
5.37271860e-02 8.64179660e-03 6.18222116e-04
5.40853226e-02 8.09512518e-03 5.93556874e-04
5.44434583e-02 8.06402384e-03 6.01190092e-04
5.48015932e-02 7.26765499e-03 6.00480240e-04
5.51597271e-02 8.35372015e-03 6.08715622e-04
5.55178601e-02 8.20524765e-03 6.11765751e-04
5.58759922e-02 7.77206371e-03 5.87404961e-04
5.62341234e-02 8.42007226e-03 6.22628351e-04
5.65922536e-02 7.36026570e-03 5.78053756e-04
5.69503829e-02 7.09058943e-03 5.44374931e-04
5.73085113e-02 7.68076793e-03 5.73651540e-04
5.76666388e-02 7.82066365e-03 5.59279895e-04
5.80247653e-02 7.24429853e-03 5.57714055e-04
5.83828908e-02 7.70847213e-03 5.73246295e-04
5.87410154e-02 7.47186808e-03 5.56142422e-04
5.90991390e-02 6.46061349e-03 5.53203551e-04
5.94572616e-02 7.04270419e-03 5.39992363e-04
5.98153833e-02 6.52336112e-03 5.41263177e-04
6.01735040e-02 5.71475307e-03 5.35848781e-04
6.05316237e-02 5.82301652e-03 5.76167088e-04
6.08897424e-02 5.51072756e-03 5.37252182e-04
6.12478600e-02 5.18930579e-03 5.52905465e-04
6.16059767e-02 5.76420714e-03 5.57354349e-04
6.19640924e-02 5.83858310e-03 5.55109257e-04
6.23222071e-02 5.89928866e-03 5.52560595e-04
6.26803207e-02 5.80940363e-03 5.24762150e-04
6.30384333e-02 5.06122393e-03 5.39042552e-04
6.33965448e-02 5.82230941e-03 5.13269057e-04
6.37546554e-02 5.83708091e-03 5.41859643e-04
6.41127648e-02 5.66633974e-03 5.45423696e-04
6.44708732e-02 5.30773833e-03 5.06826733e-04
6.48289806e-02 4.55744974e-03 5.34349545e-04
6.51870869e-02 4.33830837e-03 5.19283070e-04
6.55451921e-02 4.50684510e-03 5.38141606e-04
6.59032962e-02 4.25572809e-03 5.21020857e-04
6.62613993e-02 4.41192579e-03 5.01094555e-04
6.66195012e-02 4.69240495e-03 5.08303931e-04
6.69776021e-02 4.38491648e-03 5.15730003e-04
6.73357019e-02 3.90675443e-03 5.03435404e-04
6.76938005e-02 4.21015031e-03 4.89642236e-04
6.80518981e-02 3.97034955e-03 5.05852884e-04
6.84099945e-02 3.83277978e-03 4.84357807e-04
6.87680898e-02 4.28430440e-03 4.77825317e-04
6.91261840e-02 3.96310352e-03 4.76318972e-04
6.94842770e-02 3.18609328e-03 4.73454066e-04
6.98423689e-02 3.44179517e-03 4.78121690e-04
7.02004596e-02 3.65269485e-03 4.84003045e-04
7.05585492e-02 2.84813823e-03 4.75900549e-04
7.09166377e-02 2.88181039e-03 4.88473735e-04
7.12747249e-02 2.80154634e-03 4.77895808e-04
7.16328110e-02 2.54830074e-03 4.83253183e-04
7.19908959e-02 3.19948939e-03 4.71636637e-04
7.23489796e-02 2.65923966e-03 4.85585333e-04
7.27070622e-02 3.06818532e-03 4.73476587e-04
7.30651435e-02 3.15210167e-03 4.80343280e-04
7.34232237e-02 2.00120935e-03 4.74331095e-04
7.37813026e-02 2.41131645e-03 4.82058412e-04
7.41393803e-02 3.54005252e-03 4.74289900e-04
7.44974568e-02 3.22405081e-03 4.94675146e-04
7.48555321e-02 1.52558332e-03 4.73731848e-04
7.52136061e-02 2.90973304e-03 4.72608145e-04
7.55716789e-02 2.79005931e-03 4.62802141e-04
7.59297505e-02 2.47014444e-03 4.54562860e-04
7.62878208e-02 3.09195726e-03 4.65084327e-04
7.66458899e-02 2.67868759e-03 4.75506969e-04
7.70039577e-02 2.39346826e-03 4.70738043e-04
7.73620242e-02 2.88774063e-03 4.49111004e-04
7.77200895e-02 1.45009103e-03 4.34927017e-04
7.80781535e-02 2.10991663e-03 4.61244080e-04
7.84362162e-02 2.10882833e-03 4.50300890e-04
7.87942776e-02 2.11741330e-03 4.70132816e-04
7.91523377e-02 2.05414848e-03 4.51389719e-04
7.95103965e-02 1.71752128e-03 4.49641404e-04
7.98684540e-02 1.36398695e-03 4.38970872e-04
8.02265102e-02 1.61414518e-03 4.48787481e-04
8.05845651e-02 2.18517140e-03 4.46942118e-04
8.09426186e-02 1.32941940e-03 4.58416201e-04
8.13006709e-02 1.09914527e-03 4.61227912e-04
8.16587217e-02 1.31140002e-03 4.50095066e-04
8.20167713e-02 1.92584811e-03 4.33832197e-04
8.23748195e-02 2.39848481e-03 4.45233018e-04
8.27328663e-02 1.35258637e-03 4.33519814e-04
8.30909118e-02 1.52291365e-03 4.33198355e-04
8.34489559e-02 6.56990751e-05 4.33991046e-04
8.38069986e-02 6.58203281e-04 4.39987959e-04
8.41650400e-02 1.11899576e-03 4.33077072e-04
8.45230800e-02 1.51168153e-03 4.32709072e-04
8.48811185e-02 1.72852585e-03 4.39398443e-04
8.52391557e-02 6.94755246e-04 4.34801351e-04
8.55971915e-02 2.18098186e-03 4.43355020e-04
8.59552259e-02 1.19057672e-03 4.42180081e-04
8.63132589e-02 1.96766852e-03 4.48406697e-04
8.66712904e-02 1.72151827e-03 4.35225956e-04
8.70293205e-02 1.67379669e-03 4.47059078e-04
8.73873492e-02 1.35139664e-04 4.31387905e-04
8.77453765e-02 1.27114706e-03 4.26736352e-04
8.81034023e-02 1.55456055e-03 4.35152284e-04
8.84614267e-02 8.27865294e-04 4.44176902e-04
8.88194496e-02 1.21558852e-03 4.37177056e-04
8.91774710e-02 1.26654134e-03 4.30660828e-04
8.95354910e-02 9.09972341e-04 4.25555161e-04
8.98935095e-02 1.07018304e-03 4.24294635e-04
9.02515266e-02 7.26313241e-04 4.29235044e-04
9.06095421e-02 8.92249887e-04 4.29544684e-04
9.09675562e-02 1.32322550e-03 4.34893751e-04
9.13255687e-02 9.76981068e-04 4.29432142e-04
9.16835798e-02 7.13283413e-04 4.17785593e-04
9.20415894e-02 1.64983433e-04 4.25448858e-04
9.23995974e-02 1.12342615e-04 4.44138960e-04
9.27576039e-02 1.45965472e-03 4.39078927e-04
9.31156089e-02 1.28924596e-03 4.29922745e-04
9.34736124e-02 1.58108083e-03 4.15958442e-04
9.38316143e-02 1.67793063e-03 4.19009107e-04
9.41896147e-02 3.58150586e-04 4.23310578e-04
9.45476136e-02 6.37344880e-04 4.22953245e-04
9.49056108e-02 9.14423026e-04 4.25243889e-04
9.52636066e-02 1.63570812e-03 4.20042361e-04
9.56216007e-02 9.75736286e-04 4.04303718e-04
9.59795933e-02 2.52952128e-04 3.94620150e-04
9.63375843e-02 5.87551897e-04 4.14387549e-04
9.66955738e-02 1.16516755e-03 4.09039485e-04
9.70535616e-02 4.20549883e-04 3.99248434e-04
9.74115478e-02 5.57812951e-04 3.96476505e-04
9.77695325e-02 1.37398019e-03 4.20181513e-04
9.81275155e-02 2.51652760e-04 4.05206920e-04
9.84854969e-02 4.96486664e-04 4.03989721e-04
9.88434768e-02 1.83156194e-03 4.05761032e-04
9.92014549e-02 4.38392842e-04 3.90222953e-04
9.95594315e-02 1.68739901e-04 4.04860328e-04
9.99174064e-02 8.72127986e-04 4.00996587e-04
1.00275380e-01 9.08222796e-04 3.94514932e-04
1.00633351e-01 9.74585385e-04 3.98273054e-04
1.00991321e-01 6.81486534e-04 3.90307054e-04
1.01349290e-01 2.26873381e-04 3.90825967e-04
1.01707256e-01 -1.05565673e-04 3.88318178e-04
1.02065221e-01 -4.02925005e-04 3.86839300e-04
1.02423184e-01 3.12956492e-04 3.95934177e-04
1.02781146e-01 7.63286316e-04 3.92070422e-04
1.03139106e-01 1.07124132e-03 3.92789258e-04
1.03497064e-01 2.69916078e-04 3.83888661e-04
1.03855021e-01 2.43647278e-04 3.94664114e-04
1.04212976e-01 3.88373840e-05 3.85804716e-04
1.04570929e-01 7.84325552e-04 3.89902953e-04
1.04928880e-01 6.83270805e-04 3.91837747e-04
1.05286830e-01 7.81919981e-04 4.00699876e-04
1.05644778e-01 6.48135787e-04 4.06938017e-04
1.06002724e-01 8.80426374e-04 3.99612557e-04
1.06360668e-01 5.57173663e-04 4.09031664e-04
1.06718611e-01 -6.35050244e-04 3.97485926e-04
1.07076552e-01 1.20928827e-04 3.99656947e-04
1.07434491e-01 9.35984583e-04 3.93133800e-04
1.07792429e-01 1.23665200e-03 4.02923378e-04
1.08150364e-01 1.35021794e-03 3.98867821e-04
1.08508298e-01 2.31189244e-04 3.95899928e-04
1.08866230e-01 2.00156394e-04 3.94719048e-04
1.09224160e-01 8.26790772e-04 4.03065269e-04
1.09582089e-01 5.12231159e-04 3.99074152e-04
1.09940016e-01 1.34855555e-03 3.95953605e-04
1.10297941e-01 2.89640895e-04 3.83362580e-04
1.10655864e-01 5.74090468e-04 3.90318133e-04
1.11013785e-01 4.28442399e-04 3.95593842e-04
1.11371704e-01 2.01135291e-05 3.80030114e-04
1.11729622e-01 5.03568030e-04 3.93842305e-04
1.12087538e-01 5.91993003e-04 3.84130243e-04
1.12445452e-01 2.55572144e-04 3.82659360e-04
1.12803364e-01 1.33174585e-04 3.88786681e-04
1.13161274e-01 1.30776640e-07 3.84879000e-04
1.13519182e-01 2.43231112e-04 3.76056890e-04
1.13877089e-01 6.67609471e-04 3.84776086e-04
1.14234994e-01 1.45780954e-04 3.68343779e-04
1.14592896e-01 8.74348495e-04 3.70799221e-04
1.14950797e-01 6.41650206e-04 3.71245214e-04
1.15308696e-01 8.02006884e-04 3.77687895e-04
1.15666593e-01 1.48712033e-04 3.76692077e-04
1.16024488e-01 9.05294552e-04 3.73463414e-04
1.16382382e-01 5.03450107e-04 3.69724501e-04
1.16740273e-01 5.04219995e-04 3.69182999e-04
1.17098163e-01 6.99333725e-04 3.57863615e-04
1.17456050e-01 7.91240610e-04 3.72902332e-04
1.17813936e-01 -4.44316466e-05 3.69987066e-04
1.18171819e-01 -1.49965070e-04 3.78738058e-04
1.18529701e-01 1.14806040e-04 3.59950222e-04
1.18887581e-01 6.03070882e-04 3.74464439e-04
1.19245459e-01 2.31613433e-04 3.91104089e-04
1.19603335e-01 3.32782804e-04 3.73367543e-04
1.19961208e-01 1.05193375e-04 3.70750186e-04
1.20319080e-01 -2.06049993e-04 3.67272668e-04
1.20676950e-01 -2.03526840e-04 3.75530532e-04
1.21034818e-01 7.35830357e-04 3.83685043e-04
1.21392684e-01 1.77663445e-04 3.75659002e-04
1.21750548e-01 4.34389621e-05 3.94194347e-04
1.22108410e-01 7.88739940e-04 3.81611777e-04
1.22466270e-01 2.26102246e-04 3.69486936e-04
1.22824128e-01 4.21027227e-04 3.80839554e-04
1.23181984e-01 5.81905579e-04 3.83264965e-04
1.23539838e-01 3.52198075e-04 3.80632538e-04
1.23897690e-01 3.80771952e-04 3.75535249e-04
1.24255540e-01 1.52227874e-04 3.70556299e-04
1.24613388e-01 2.42477826e-04 3.73143694e-04
1.24971233e-01 -1.30059244e-04 3.59704610e-04
1.25329077e-01 -2.44679251e-04 3.56563500e-04
1.25686919e-01 4.00661143e-04 3.63221046e-04
1.26044758e-01 4.40080097e-04 3.57596466e-04
1.26402596e-01 8.32973709e-05 3.66987495e-04
1.26760431e-01 5.58288016e-04 3.60284569e-04
1.27118265e-01 2.84722937e-04 3.61575958e-04
1.27476096e-01 8.80752661e-04 3.61336776e-04
1.27833925e-01 2.51913804e-04 3.59570737e-04
1.28191752e-01 6.83778129e-04 3.63046145e-04
1.28549577e-01 2.97397210e-04 3.56864384e-04
1.28907400e-01 6.21766361e-04 3.57134900e-04
1.29265221e-01 6.24298512e-04 3.58849969e-04
1.29623040e-01 5.97529103e-04 3.54503150e-04
1.29980856e-01 8.65679049e-04 3.60567025e-04
1.30338670e-01 4.43766089e-04 3.48299811e-04
1.30696483e-01 2.10666842e-04 3.49459142e-04
1.31054293e-01 1.52065494e-04 3.50526992e-04
1.31412101e-01 5.84051374e-04 3.53016631e-04
1.31769906e-01 2.92688442e-04 3.44243843e-04
1.32127710e-01 1.13468059e-03 3.49327203e-04
1.32485511e-01 3.53683066e-04 3.41818327e-04
1.32843311e-01 -3.44858015e-04 3.45712515e-04
1.33201108e-01 5.02105448e-04 3.44570760e-04
1.33558903e-01 6.50478368e-04 3.40466624e-04
1.33916695e-01 7.53232537e-04 3.43912605e-04
1.34274486e-01 5.11400876e-04 3.45791547e-04
1.34632274e-01 6.87905112e-04 3.42624414e-04
1.34990060e-01 3.27716462e-04 3.44105818e-04
1.35347844e-01 4.07405902e-04 3.45345716e-04
1.35705626e-01 -1.69592808e-04 3.28356140e-04
1.36063405e-01 4.08594383e-04 3.34451068e-04
1.36421182e-01 2.00858653e-04 3.30423976e-04
1.36778957e-01 3.39851319e-04 3.40038688e-04
1.37136730e-01 4.39969676e-04 3.33025817e-04
1.37494500e-01 8.87882787e-04 3.34230902e-04
1.37852269e-01 9.96940059e-05 3.36644167e-04
1.38210034e-01 5.69353798e-04 3.30577418e-04
1.38567798e-01 1.88408052e-04 3.33425073e-04
1.38925559e-01 5.46172843e-04 3.29883469e-04
1.39283319e-01 4.42106309e-04 3.24559876e-04
1.39641075e-01 4.49925465e-04 3.28809818e-04
1.39998830e-01 4.32735821e-04 3.36118884e-04
1.40356582e-01 3.40971124e-04 3.32507423e-04
1.40714332e-01 3.43820595e-04 3.36304923e-04
1.41072080e-01 3.09074690e-04 3.27236766e-04
1.41429825e-01 -3.87854226e-04 3.26565903e-04
1.41787568e-01 -3.01830907e-04 3.33386873e-04
1.42145308e-01 1.72571500e-04 3.24427292e-04
1.42503047e-01 7.68132672e-05 3.25528591e-04
1.42860783e-01 9.74111011e-05 3.23741409e-04
1.43218516e-01 3.66721424e-04 3.28806492e-04
1.43576247e-01 4.39626955e-04 3.30111791e-04
1.43933976e-01 5.30378552e-04 3.24803266e-04
1.44291703e-01 4.74746042e-04 3.28296236e-04
1.44649427e-01 -2.27860910e-04 3.27040980e-04
1.45007149e-01 5.00596853e-04 3.19803394e-04
1.45364868e-01 2.85393530e-04 3.23586575e-04
1.45722585e-01 5.62283662e-04 3.21318506e-04
1.46080300e-01 2.53783932e-04 3.22124488e-04
1.46438012e-01 -5.26685283e-05 3.22820327e-04
1.46795722e-01 5.54694526e-04 3.16541763e-04
1.47153429e-01 2.99601625e-04 3.12343883e-04
1.47511134e-01 1.72359664e-04 3.22488772e-04
1.47868837e-01 1.03893323e-03 3.21680007e-04
1.48226537e-01 -1.17979161e-05 3.11379046e-04
1.48584235e-01 3.42562624e-04 3.16242638e-04
1.48941930e-01 1.74557910e-04 3.13806068e-04
1.49299623e-01 2.14914124e-05 3.11562142e-04
1.49657313e-01 1.98754770e-04 3.18728394e-04
1.50015001e-01 2.72633193e-04 3.12247528e-04
1.50372687e-01 2.39471145e-04 3.13168643e-04
1.50730370e-01 -2.73135127e-04 3.19775367e-04
1.51088050e-01 3.09507213e-05 3.14099331e-04
1.51445728e-01 -3.38446689e-04 3.10653846e-04
1.51803404e-01 -1.43540773e-04 3.09396690e-04
1.52161077e-01 6.54015108e-05 3.03054544e-04
1.52518747e-01 2.06662930e-04 3.07198281e-04
1.52876416e-01 1.49698096e-04 3.01607853e-04
1.53234081e-01 3.21573040e-04 3.09891324e-04
1.53591744e-01 1.42167363e-04 3.01562337e-04
1.53949405e-01 6.15869958e-05 3.09046333e-04
1.54307063e-01 1.27106806e-04 3.04534169e-04
1.54664718e-01 5.28510452e-04 3.11249593e-04
1.55022371e-01 -6.34832280e-05 3.07990827e-04
1.55380021e-01 2.58671088e-04 3.07024472e-04
1.55737669e-01 -1.42462982e-05 3.06065547e-04
1.56095314e-01 3.23803072e-04 3.04609633e-04
1.56452957e-01 2.88167156e-04 3.07898753e-04
1.56810597e-01 1.38622856e-04 3.13497295e-04
1.57168235e-01 1.72059972e-04 3.06557599e-04
1.57525870e-01 2.13640371e-04 3.06785128e-04
1.57883502e-01 -9.08867309e-05 3.08777264e-04
1.58241132e-01 7.12011460e-04 3.11615012e-04
1.58598759e-01 4.16023985e-04 2.99385240e-04
1.58956384e-01 3.98528823e-04 2.96284102e-04
1.59314006e-01 2.89644761e-04 2.98189681e-04
1.59671625e-01 8.16871576e-05 3.01358456e-04
1.60029242e-01 -1.75349869e-04 3.05140445e-04
1.60386856e-01 3.62530825e-04 2.96921031e-04
1.60744468e-01 -3.14548395e-05 2.96059278e-04
1.61102076e-01 4.80794231e-04 3.03728743e-04
1.61459683e-01 1.49292664e-04 3.00845823e-04
1.61817286e-01 -1.72508444e-04 2.95613150e-04
1.62174887e-01 -1.98375395e-04 2.99958366e-04
1.62532485e-01 -1.48239517e-04 2.97264937e-04
1.62890081e-01 -1.81192209e-04 3.01504392e-04
1.63247674e-01 1.58002385e-04 2.93905553e-04
1.63605264e-01 -4.41519881e-05 2.95864847e-04
1.63962852e-01 8.96447153e-05 2.98526428e-04
1.64320437e-01 -1.92192655e-04 3.01613606e-04
1.64678019e-01 4.68742536e-04 2.96109301e-04
1.65035598e-01 -1.96235384e-04 3.00395406e-04
1.65393175e-01 -4.21478924e-04 3.00782150e-04
1.65750749e-01 -6.27168795e-04 2.98363501e-04
1.66108320e-01 1.91744037e-04 2.91855574e-04
1.66465889e-01 -6.86135648e-05 2.87954976e-04
1.66823455e-01 -2.36716113e-05 2.93450528e-04
1.67181018e-01 6.39683787e-05 3.00666458e-04
1.67538578e-01 -1.10247708e-04 2.91875310e-04
1.67896136e-01 -1.28561628e-04 2.85474617e-04
1.68253691e-01 3.02066533e-04 2.90343162e-04
1.68611243e-01 1.86495004e-05 2.86382010e-04
1.68968792e-01 -3.69490137e-04 2.84844552e-04
1.69326339e-01 4.16440583e-04 2.89480601e-04
1.69683883e-01 2.40115164e-04 2.88235595e-04
1.70041424e-01 2.64090643e-04 2.86526887e-04
1.70398962e-01 1.69240353e-04 2.86727181e-04
1.70756497e-01 3.19564138e-04 2.92380706e-04
1.71114030e-01 1.04471838e-04 2.89099366e-04
1.71471560e-01 4.23431090e-05 2.83864096e-04
1.71829087e-01 1.27434926e-04 2.86063518e-04
1.72186611e-01 4.03648583e-04 2.94615504e-04
1.72544132e-01 4.10793635e-05 2.77948342e-04
1.72901651e-01 5.93643582e-05 2.85784878e-04
1.73259167e-01 6.21408538e-04 2.87251914e-04
1.73616679e-01 -1.25989052e-04 2.82998991e-04
1.73974189e-01 5.69476765e-04 2.86016835e-04
1.74331697e-01 6.15654903e-04 2.84647722e-04
1.74689201e-01 1.16478515e-04 2.80657534e-04
1.75046702e-01 7.06700617e-05 2.84834475e-04
1.75404201e-01 1.12497369e-04 2.87770451e-04
1.75761697e-01 -1.01956359e-04 2.80705727e-04
1.76119189e-01 -1.61095158e-04 2.78658831e-04
1.76476679e-01 -1.01545350e-04 2.83031073e-04
1.76834166e-01 2.22716747e-04 2.85944394e-04
1.77191650e-01 1.41982611e-04 2.80017651e-04
1.77549132e-01 -7.24156882e-04 2.82426714e-04
1.77906610e-01 -1.87407546e-04 2.78106504e-04
1.78264085e-01 2.11492937e-04 2.81638589e-04
1.78621558e-01 2.24074914e-04 2.80354214e-04
1.78979027e-01 2.69125281e-04 2.75256104e-04
1.79336494e-01 -8.76208314e-05 2.74269684e-04
1.79693958e-01 -9.20465539e-05 2.74493868e-04
1.80051418e-01 2.70797862e-04 2.80502552e-04
1.80408876e-01 2.66179198e-04 2.77035995e-04
1.80766331e-01 -1.85251885e-05 2.81541522e-04
1.81123783e-01 -3.79562299e-04 2.78042701e-04
1.81481232e-01 -2.32788364e-04 2.76569593e-04
1.81838677e-01 -6.24324449e-04 2.85957370e-04
1.82196120e-01 -7.24840718e-05 2.89177698e-04
1.82553560e-01 -3.00260508e-05 2.89041655e-04
1.82910997e-01 -3.77294105e-04 2.78417495e-04
1.83268431e-01 -3.52945547e-04 2.76655843e-04
1.83625862e-01 1.91829546e-04 2.90550957e-04
1.83983290e-01 -9.52843028e-05 2.82522353e-04
1.84340715e-01 -4.19990414e-04 2.87643371e-04
1.84698137e-01 -3.79594065e-05 2.90171594e-04
1.85055556e-01 -2.76511880e-04 2.87345019e-04
1.85412971e-01 8.59304661e-04 2.86953353e-04
1.85770384e-01 -2.80707419e-04 2.83263091e-04
1.86127794e-01 3.33206800e-04 2.81327670e-04
1.86485200e-01 -2.61966114e-04 2.74305302e-04
1.86842604e-01 2.17853774e-04 2.73708405e-04
1.87200005e-01 3.09303798e-04 2.81528440e-04
1.87557402e-01 3.24991630e-05 2.80169076e-04
1.87914797e-01 -3.09558690e-04 2.67711490e-04
1.88272188e-01 2.69750132e-04 2.72155969e-04
1.88629576e-01 1.00371100e-05 2.72187312e-04
1.88986961e-01 1.86188665e-04 2.74336746e-04
1.89344343e-01 2.09246040e-04 2.81581418e-04
1.89701722e-01 1.75459477e-04 2.66516247e-04
1.90059098e-01 3.46521187e-04 2.74948099e-04
1.90416471e-01 1.93899433e-04 2.76872736e-04
1.90773840e-01 -7.12984960e-06 2.74563871e-04
1.91131207e-01 -7.04622550e-04 2.67097802e-04
1.91488570e-01 -4.51560177e-05 2.63644717e-04
1.91845930e-01 -1.60558905e-04 2.66329630e-04
1.92203287e-01 -2.01885216e-04 2.68107790e-04
1.92560641e-01 1.06058442e-04 2.67959266e-04
1.92917992e-01 -9.32110124e-05 2.62136738e-04
1.93275340e-01 2.92869282e-05 2.71427038e-04
1.93632684e-01 1.28197009e-04 2.67431384e-04
1.93990025e-01 -6.05920086e-05 2.76112834e-04
1.94347363e-01 -1.90374260e-06 2.70208823e-04
1.94704698e-01 -9.19829262e-05 2.69563491e-04
1.95062030e-01 9.11243847e-05 2.69343042e-04
1.95419358e-01 1.33362145e-04 2.71536857e-04
1.95776684e-01 5.03343552e-04 2.73620425e-04
1.96134006e-01 1.90006433e-04 2.71094197e-04
1.96491324e-01 -1.67377458e-04 2.74755345e-04
1.96848640e-01 -7.40107756e-05 2.75117935e-04
1.97205953e-01 5.65038926e-05 2.76025265e-04
1.97563262e-01 1.09599944e-04 2.68849628e-04
1.97920568e-01 6.48820965e-05 2.76031885e-04
1.98277870e-01 -2.12160222e-04 2.75399516e-04
1.98635170e-01 5.01235346e-04 2.72543576e-04
1.98992466e-01 -1.59929470e-04 2.68640969e-04
1.99349759e-01 9.96713149e-05 2.73405436e-04
1.99707049e-01 -5.21124890e-04 2.64461567e-04
2.00064335e-01 -3.37332716e-04 2.69151345e-04
2.00421618e-01 -4.41310436e-04 2.71546133e-04
2.00778898e-01 3.01670961e-04 2.67600884e-04
2.01136174e-01 5.68174195e-04 2.66940269e-04
2.01493448e-01 -2.76999218e-04 2.65296133e-04
2.01850718e-01 -5.54300435e-04 2.63755774e-04
2.02207984e-01 2.72837715e-05 2.61127123e-04
2.02565248e-01 2.38717764e-04 2.61700762e-04
2.02922508e-01 1.60871453e-04 2.64639936e-04
2.03279764e-01 3.62936499e-04 2.61918182e-04
2.03637018e-01 -3.06041431e-04 2.55707995e-04
2.03994268e-01 1.56244905e-04 2.59088867e-04
2.04351514e-01 -3.48887417e-04 2.54515822e-04
2.04708758e-01 -6.24190805e-04 2.60071509e-04
2.05065998e-01 -3.04818746e-05 2.56444862e-04
2.05423234e-01 1.50854532e-04 2.58959451e-04
2.05780467e-01 3.06702619e-04 2.57328728e-04
2.06137697e-01 1.76158379e-04 2.55868124e-04
2.06494924e-01 1.18548220e-04 2.54526494e-04
2.06852147e-01 4.67838645e-04 2.60616080e-04
2.07209367e-01 1.80801956e-05 2.50558350e-04
2.07566583e-01 3.62539487e-05 2.61637659e-04
2.07923796e-01 4.82561587e-04 2.62914091e-04
2.08281005e-01 1.47335333e-04 2.56802449e-04
2.08638211e-01 -4.62025660e-04 2.57296822e-04
2.08995414e-01 -1.50049051e-04 2.54302846e-04
2.09352613e-01 -1.97369926e-04 2.51919125e-04
2.09709809e-01 1.70041150e-04 2.52666926e-04
2.10067002e-01 -1.87740535e-04 2.51505083e-04
2.10424191e-01 1.04486094e-04 2.54512658e-04
2.10781376e-01 -2.69629519e-04 2.50160917e-04
2.11138558e-01 -1.16024671e-04 2.53315397e-04
2.11495737e-01 -2.67440014e-04 2.50070719e-04
2.11852912e-01 -2.32836979e-04 2.53021926e-04
2.12210084e-01 -2.17112490e-04 2.50909946e-04
2.12567252e-01 2.27099891e-04 2.52895893e-04
2.12924416e-01 2.52789438e-04 2.47307822e-04
2.13281578e-01 1.09483179e-05 2.45675352e-04
2.13638735e-01 4.51018098e-04 2.47214626e-04
2.13995890e-01 4.05750963e-04 2.48319494e-04
2.14353040e-01 -9.83546721e-05 2.45162664e-04
2.14710188e-01 -2.55391132e-04 2.47652687e-04
2.15067331e-01 6.00689699e-05 2.49955510e-04
2.15424471e-01 -2.93628091e-04 2.46336563e-04
2.15781608e-01 2.79244161e-05 2.50229908e-04
2.16138741e-01 2.48608210e-04 2.44224539e-04
2.16495871e-01 -1.64263577e-04 2.40955830e-04
2.16852997e-01 1.88586292e-04 2.45804203e-04
2.17210119e-01 5.28879806e-05 2.47611321e-04
2.17567238e-01 -2.14963824e-04 2.43732048e-04
2.17924354e-01 -2.29496953e-04 2.41321279e-04
2.18281465e-01 -2.82634654e-04 2.41542404e-04
2.18638574e-01 -3.39598887e-05 2.45174725e-04
2.18995678e-01 2.80117345e-04 2.41694660e-04
2.19352779e-01 -2.65711793e-05 2.43199056e-04
2.19709877e-01 3.45084277e-06 2.47351350e-04
2.20066971e-01 -4.94152437e-05 2.37683250e-04
2.20424061e-01 2.39020446e-04 2.39843127e-04
2.20781147e-01 4.80442242e-05 2.39066120e-04
2.21138230e-01 3.93399721e-04 2.43030815e-04
2.21495310e-01 1.89443665e-04 2.40579119e-04
2.21852386e-01 7.68219429e-05 2.38217026e-04
2.22209458e-01 2.83164079e-04 2.36147513e-04
2.22566526e-01 -2.78399769e-04 2.36732927e-04
2.22923591e-01 1.96967234e-04 2.37178024e-04
2.23280652e-01 1.17061760e-04 2.39260835e-04
2.23637710e-01 1.63100676e-05 2.43422896e-04
2.23994764e-01 4.44420086e-05 2.39641723e-04
2.24351814e-01 4.18494242e-04 2.37990809e-04
2.24708861e-01 2.53642738e-04 2.39176913e-04
2.25065904e-01 4.81773192e-04 2.40172540e-04
2.25422943e-01 2.36407732e-04 2.40563424e-04
2.25779978e-01 -3.08405480e-04 2.37134677e-04
2.26137010e-01 3.19019223e-04 2.33390218e-04
2.26494038e-01 2.83017895e-04 2.35728175e-04
2.26851063e-01 1.44603295e-05 2.37886108e-04
2.27208083e-01 3.78982070e-04 2.38643769e-04
2.27565100e-01 1.86326409e-04 2.37750519e-04
2.27922114e-01 -1.13248367e-04 2.33151818e-04
2.28279123e-01 -1.60972490e-04 2.36236872e-04
2.28636129e-01 -1.68848059e-04 2.32989597e-04
2.28993131e-01 -3.47267106e-04 2.34478275e-04
2.29350129e-01 1.23101664e-04 2.31643538e-04
2.29707124e-01 1.20447152e-04 2.32266672e-04
2.30064115e-01 3.86795321e-04 2.33214442e-04
2.30421102e-01 4.15112446e-04 2.35661651e-04
2.30778085e-01 4.05617884e-04 2.42015155e-04
2.31135064e-01 -1.81267631e-04 2.28777324e-04
2.31492040e-01 2.41365335e-04 2.37018170e-04
2.31849012e-01 -4.14239493e-04 2.30767510e-04
2.32205980e-01 -1.10809899e-04 2.29807606e-04
2.32562944e-01 1.00903005e-05 2.31241604e-04
2.32919905e-01 -1.05922371e-04 2.30820509e-04
2.33276862e-01 -2.08788381e-04 2.29929966e-04
2.33633814e-01 -3.46723736e-04 2.30958288e-04
2.33990763e-01 -7.92262258e-05 2.28791533e-04
2.34347709e-01 2.64501725e-04 2.29152071e-04
2.34704650e-01 1.29373415e-04 2.27512455e-04
2.35061588e-01 -1.98577124e-04 2.29595866e-04
2.35418521e-01 -2.65579153e-04 2.25800956e-04
2.35775451e-01 -1.00442470e-04 2.27676221e-04
2.36132377e-01 -5.96128172e-05 2.26212215e-04
2.36489299e-01 4.34448502e-04 2.24379513e-04
2.36846218e-01 3.34480837e-04 2.28617935e-04
2.37203132e-01 5.16186944e-06 2.26698102e-04
2.37560042e-01 -1.43681421e-04 2.25981987e-04
2.37916949e-01 -8.48327167e-05 2.23953157e-04
2.38273852e-01 2.55653376e-05 2.22962687e-04
2.38630751e-01 -4.50278863e-06 2.26192248e-04
2.38987645e-01 -3.85801682e-04 2.24021324e-04
2.39344537e-01 2.59907528e-04 2.24921121e-04
2.39701424e-01 3.50296710e-04 2.27748513e-04
2.40058307e-01 2.52734564e-05 2.20916129e-04
2.40415186e-01 1.37902211e-04 2.26371795e-04
2.40772061e-01 2.02173039e-05 2.22065284e-04
2.41128933e-01 -1.39728336e-04 2.20453798e-04
2.41485800e-01 3.24575164e-05 2.21710817e-04
2.41842664e-01 1.51682664e-05 2.25235516e-04
2.42199523e-01 9.16405676e-05 2.22326488e-04
2.42556379e-01 4.73263136e-05 2.22804589e-04
2.42913230e-01 -2.19769510e-04 2.17218146e-04
2.43270078e-01 3.12547737e-04 2.23352182e-04
2.43626922e-01 -2.11012110e-04 2.21787995e-04
2.43983761e-01 -2.28239245e-05 2.22034183e-04
2.44340597e-01 -2.17979605e-05 2.22067382e-04
2.44697429e-01 6.10294588e-05 2.18410177e-04
2.45054256e-01 1.63360116e-05 2.17881136e-04
2.45411080e-01 -1.81284105e-04 2.17488980e-04
2.45767900e-01 3.13678237e-04 2.19943613e-04
2.46124715e-01 -4.77125700e-05 2.15268589e-04
2.46481527e-01 1.18888331e-04 2.16750551e-04
2.46838334e-01 3.10476013e-07 2.17315937e-04
2.47195138e-01 1.19364825e-04 2.22154233e-04
2.47551938e-01 5.48771002e-05 2.18038055e-04
2.47908733e-01 -4.60814004e-05 2.16166068e-04
2.48265524e-01 3.41284465e-04 2.15535707e-04
2.48622312e-01 -3.30146009e-04 2.14759667e-04
2.48979095e-01 3.18204439e-04 2.19864079e-04
2.49335874e-01 -3.22480751e-04 2.14978696e-04
2.49692649e-01 4.31192984e-06 2.17531456e-04
2.50049420e-01 2.37263256e-04 2.14753455e-04
2.50406187e-01 -5.88845386e-05 2.14359901e-04
2.50762950e-01 -2.77137542e-04 2.11859131e-04
2.51119709e-01 -1.31482551e-04 2.14898722e-04
2.51476464e-01 1.32240583e-04 2.13084125e-04
2.51833214e-01 2.17814800e-04 2.14667039e-04
2.52189961e-01 5.12839568e-05 2.12943162e-04
2.52546703e-01 3.65888978e-04 2.13073682e-04
2.52903441e-01 -1.73434264e-04 2.12174553e-04
2.53260175e-01 8.63954547e-05 2.11443739e-04
2.53616905e-01 8.82795888e-06 2.13691535e-04
2.53973631e-01 -1.65261407e-06 2.11941628e-04
2.54330352e-01 -2.40206627e-05 2.14163923e-04
2.54687070e-01 1.10682154e-04 2.13209052e-04
2.55043783e-01 8.57594227e-06 2.14517032e-04
2.55400492e-01 -6.96712974e-05 2.09177474e-04
2.55757197e-01 2.48992716e-04 2.10410716e-04
2.56113898e-01 -2.06861789e-04 2.12898238e-04
2.56470595e-01 5.15148989e-05 2.14253999e-04
2.56827287e-01 -7.59091920e-05 2.11340145e-04
2.57183975e-01 -2.21364081e-04 2.16040821e-04
2.57540659e-01 -6.34691822e-05 2.15175919e-04
2.57897339e-01 -9.50274851e-05 2.15514178e-04
2.58254014e-01 -3.29059554e-04 2.14793974e-04
2.58610686e-01 1.10478555e-04 2.09775209e-04
2.58967353e-01 5.95703631e-05 2.18569803e-04
2.59324016e-01 9.13324064e-05 2.14869836e-04
2.59680674e-01 4.79853472e-04 2.17394752e-04
2.60037329e-01 -1.99484819e-04 2.10781014e-04
2.60393979e-01 -3.14273198e-04 2.17617230e-04
2.60750625e-01 3.08166664e-04 2.18490171e-04
2.61107266e-01 -1.61341358e-04 2.15092407e-04
2.61463904e-01 -9.51377885e-06 2.16525554e-04
2.61820537e-01 -7.55278186e-05 2.17033039e-04
2.62177166e-01 4.10649765e-04 2.18634730e-04
2.62533790e-01 2.34266073e-04 2.12849974e-04
2.62890410e-01 -9.11254307e-06 2.12909978e-04
2.63247026e-01 2.97268958e-05 2.14618350e-04
2.63603638e-01 1.20363839e-04 2.12148671e-04
2.63960245e-01 -9.90028891e-05 2.12148976e-04
2.64316848e-01 2.11268165e-04 2.13156639e-04
2.64673447e-01 3.46626099e-04 2.11148118e-04
2.65030042e-01 -1.90690391e-04 2.12946451e-04
2.65386632e-01 3.40302222e-04 2.15085384e-04
2.65743217e-01 2.27336038e-04 2.15247405e-04
2.66099799e-01 5.98380925e-05 2.10254640e-04
2.66456376e-01 -2.53439095e-04 2.13353847e-04
2.66812948e-01 1.91997493e-04 2.15888361e-04
2.67169517e-01 6.27232144e-05 2.15987365e-04
2.67526081e-01 3.38080796e-04 2.18031640e-04
2.67882640e-01 1.04652738e-04 2.19635959e-04
2.68239195e-01 -1.04239798e-04 2.14862321e-04
2.68595746e-01 5.60274817e-05 2.19476918e-04
2.68952293e-01 3.38415114e-05 2.18361178e-04
2.69308835e-01 -1.16103485e-05 2.18233986e-04
2.69665372e-01 -5.27560587e-04 2.14441099e-04
2.70021906e-01 1.49842299e-05 2.23525975e-04
2.70378435e-01 2.85699286e-04 2.25598629e-04
2.70734959e-01 -2.20029273e-04 2.22498940e-04
2.71091479e-01 -2.90007156e-04 2.21592460e-04
2.71447995e-01 -4.02325377e-04 2.19588503e-04
2.71804506e-01 -3.30931862e-04 2.24542941e-04
2.72161012e-01 -2.66407062e-04 2.25070985e-04
2.72517515e-01 1.13010525e-04 2.22731633e-04
2.72874012e-01 -2.08857999e-04 2.29715393e-04
