1.54026655e-02 -3.52144942e-03 1.67438527e-03
1.57608633e-02 -2.38191605e-03 1.57185739e-03
1.61190608e-02 -3.28502297e-03 1.53794185e-03
1.64772580e-02 -2.03108692e-03 1.45618271e-03
1.68354550e-02 -6.55664569e-04 1.40075600e-03
1.71936517e-02 1.64854907e-03 1.35484682e-03
1.75518481e-02 -2.37056302e-03 1.24791956e-03
1.79100442e-02 -1.85255422e-04 1.25312691e-03
1.82682400e-02 -1.14172275e-03 1.20383187e-03
1.86264355e-02 -3.13270108e-03 1.16114290e-03
1.89846308e-02 -7.39973039e-04 1.15251975e-03
1.93428257e-02 2.45336065e-03 1.19250178e-03
1.97010202e-02 -2.24540293e-04 1.14587776e-03
2.00592145e-02 -5.96502137e-04 1.04523638e-03
2.04174084e-02 5.83232295e-04 1.06526117e-03
2.07756020e-02 1.42442682e-03 1.15829590e-03
2.11337953e-02 5.63380402e-04 1.03502617e-03
2.14919882e-02 -1.26422607e-03 1.02746905e-03
2.18501808e-02 -6.17920644e-04 9.63197334e-04
2.22083729e-02 -4.83559419e-04 9.65140248e-04
2.25665648e-02 -1.06645449e-03 9.50045561e-04
2.29247562e-02 -1.42866402e-04 9.79067091e-04
2.32829473e-02 3.38975604e-04 9.48442292e-04
2.36411380e-02 -8.46151169e-04 9.14809493e-04
2.39993283e-02 -6.61573664e-04 9.34035077e-04
2.43575182e-02 1.13199856e-04 8.66083608e-04
2.47157077e-02 -4.90077957e-04 8.51624360e-04
2.50738968e-02 -9.46905595e-04 9.42486638e-04
2.54320855e-02 -2.84418017e-04 8.63163162e-04
2.57902738e-02 -3.87047923e-04 8.65574829e-04
2.61484617e-02 5.83304930e-04 8.43962970e-04
2.65066491e-02 1.68564464e-04 8.44384257e-04
2.68648361e-02 -3.18838727e-04 8.25722137e-04
2.72230226e-02 7.97568037e-04 7.88856855e-04
2.75812087e-02 1.94654079e-04 8.04019878e-04
2.79393943e-02 -4.44871649e-04 8.29060539e-04
2.82975795e-02 1.17331222e-03 8.09538505e-04
2.86557642e-02 -3.77220485e-04 8.08729384e-04
2.90139485e-02 -1.65378175e-04 8.35614566e-04
2.93721323e-02 1.17449901e-03 8.34264706e-04
2.97303155e-02 1.43759543e-03 8.29997621e-04
3.00884983e-02 6.81562176e-04 7.86720824e-04
3.04466806e-02 -4.45135677e-04 8.13987135e-04
3.08048624e-02 5.51297570e-04 8.24373221e-04
3.11630437e-02 1.21911906e-03 8.55168919e-04
3.15212245e-02 1.48812447e-03 8.49400341e-04
3.18794048e-02 1.69429566e-04 7.96618380e-04
3.22375845e-02 -2.20132171e-04 7.85802024e-04
3.25957637e-02 -1.14211960e-03 7.96997511e-04
3.29539424e-02 -3.20518184e-04 7.63172560e-04
3.33121205e-02 -9.96245869e-04 7.78961854e-04
3.36702981e-02 6.78601307e-04 7.85720481e-04
3.40284751e-02 5.71064679e-04 7.49433318e-04
3.43866516e-02 8.66427816e-04 8.13360094e-04
3.47448275e-02 3.31543189e-04 7.10444168e-04
3.51030028e-02 7.73576555e-04 7.30725256e-04
3.54611775e-02 5.18327231e-04 7.23298737e-04
3.58193517e-02 9.24943060e-04 7.14855436e-04
3.61775253e-02 6.80362346e-04 7.37170836e-04
3.65356983e-02 1.03404831e-03 7.42876941e-04
3.68938706e-02 7.52129874e-04 7.30737649e-04
3.72520424e-02 2.55999269e-04 7.01024473e-04
3.76102136e-02 -2.90505056e-05 6.98147100e-04
3.79683841e-02 5.45798709e-04 7.15220764e-04
3.83265540e-02 4.56455451e-04 6.89804189e-04
3.86847233e-02 1.30082485e-03 7.11198584e-04
3.90428920e-02 2.16160286e-04 6.74178001e-04
3.94010600e-02 2.31914025e-04 6.93889424e-04
3.97592273e-02 5.12981300e-04 6.83375412e-04
4.01173941e-02 1.21126699e-03 6.68598469e-04
4.04755601e-02 -1.33619899e-06 6.50883886e-04
4.08337255e-02 -2.51329853e-04 6.36353630e-04
4.11918902e-02 -1.96391327e-04 6.59034637e-04
4.15500542e-02 6.30581339e-04 6.35204294e-04
4.19082176e-02 -9.28839854e-05 6.24494242e-04
4.22663802e-02 1.01882290e-03 6.54307320e-04
4.26245422e-02 -9.33167803e-04 6.26524305e-04
4.29827034e-02 8.16264565e-04 6.73327190e-04
4.33408640e-02 1.54711595e-03 6.84363277e-04
4.36990238e-02 -1.01936108e-04 6.47847422e-04
4.40571830e-02 7.92385474e-04 6.61287181e-04
4.44153414e-02 7.31497684e-04 6.72333167e-04
4.47734990e-02 -4.64461390e-04 6.40274325e-04
4.51316560e-02 7.57978523e-04 6.71746003e-04
4.54898122e-02 3.60239424e-04 6.80513867e-04
4.58479676e-02 1.90187713e-04 6.52461143e-04
4.62061223e-02 4.73676414e-04 6.49353288e-04
4.65642762e-02 -2.46995943e-04 6.42271756e-04
4.69224294e-02 2.23174195e-04 6.56380622e-04
4.72805818e-02 7.46332668e-04 6.46381764e-04
4.76387334e-02 2.58229001e-03 6.54030769e-04
4.79968842e-02 1.36801848e-03 6.57019711e-04
4.83550342e-02 8.42470653e-04 6.28912935e-04
4.87131835e-02 7.06824445e-04 6.25798099e-04
4.90713319e-02 1.43416046e-03 5.94862941e-04
4.94294795e-02 1.69283932e-03 6.28872897e-04
4.97876264e-02 6.24228071e-04 5.81955128e-04
5.01457724e-02 5.05513725e-05 6.13332188e-04
5.05039175e-02 -1.94540210e-04 6.02062376e-04
5.08620619e-02 7.71629403e-04 5.75116426e-04
5.12202054e-02 1.16715049e-03 6.03770117e-04
5.15783481e-02 3.29494716e-04 5.98158748e-04
5.19364899e-02 4.52186823e-04 5.89905839e-04
5.22946308e-02 7.67330823e-04 5.93901697e-04
5.26527709e-02 2.82601098e-04 5.87380047e-04
5.30109102e-02 1.70057414e-03 5.81002454e-04
5.33690485e-02 1.46255718e-03 5.79811439e-04
5.37271860e-02 1.28648167e-03 5.98678193e-04
5.40853226e-02 -6.42046083e-04 5.59709354e-04
5.44434583e-02 -2.54601509e-04 5.60361055e-04
5.48015932e-02 3.44069790e-04 5.50917471e-04
5.51597271e-02 1.27009444e-04 5.56861968e-04
5.55178601e-02 6.46220787e-04 5.71654959e-04
5.58759922e-02 -8.41306038e-05 5.64342623e-04
5.62341234e-02 -3.28644172e-04 5.46092072e-04
5.65922536e-02 4.11745058e-04 5.53537424e-04
5.69503829e-02 6.15432581e-04 5.47254758e-04
5.73085113e-02 1.44569486e-03 5.62213069e-04
5.76666388e-02 1.61741485e-04 5.34656949e-04
5.80247653e-02 2.20045285e-04 5.21571666e-04
5.83828908e-02 6.88849648e-04 5.51384627e-04
5.87410154e-02 3.43028199e-04 5.11391800e-04
5.90991390e-02 5.56035747e-04 5.29484523e-04
5.94572616e-02 4.38970009e-04 5.39111776e-04
5.98153833e-02 -3.58505712e-05 5.19671047e-04
6.01735040e-02 4.44729538e-04 5.38598721e-04
6.05316237e-02 -2.94224502e-04 5.33902302e-04
6.08897424e-02 8.13064552e-04 5.30664506e-04
6.12478600e-02 1.61822936e-04 5.21020318e-04
6.16059767e-02 -8.60653645e-04 5.11031208e-04
6.19640924e-02 1.62201169e-03 5.17281100e-04
6.23222071e-02 1.45595545e-04 5.20866129e-04
6.26803207e-02 -3.32966101e-04 5.04501242e-04
6.30384333e-02 -2.55748822e-04 4.95303014e-04
6.33965448e-02 1.68968764e-04 5.03863683e-04
6.37546554e-02 4.96500168e-04 5.15564789e-04
6.41127648e-02 9.13252081e-04 5.28073861e-04
6.44708732e-02 8.72186788e-06 4.93158107e-04
6.48289806e-02 6.18737714e-05 4.98747391e-04
6.51870869e-02 8.09826377e-04 5.16117267e-04
6.55451921e-02 -6.72392201e-05 4.92083656e-04
6.59032962e-02 7.45999933e-04 4.97017294e-04
6.62613993e-02 5.03967127e-04 4.99093948e-04
6.66195012e-02 1.23976809e-03 5.09529477e-04
6.69776021e-02 2.89630700e-04 4.90556658e-04
6.73357019e-02 3.88307545e-04 4.82609207e-04
6.76938005e-02 7.76740901e-04 5.06285639e-04
6.80518981e-02 7.86718268e-04 4.82000710e-04
6.84099945e-02 5.56038780e-04 4.87331591e-04
6.87680898e-02 1.33002692e-03 4.79186745e-04
6.91261840e-02 1.56569348e-04 4.67120351e-04
6.94842770e-02 6.84418871e-04 4.67110013e-04
6.98423689e-02 2.42596712e-04 4.67367421e-04
7.02004596e-02 3.02616511e-04 4.82432642e-04
7.05585492e-02 -2.55521274e-05 4.59746118e-04
7.09166377e-02 1.98019384e-04 4.56381975e-04
7.12747249e-02 3.72374225e-04 4.64886887e-04
7.16328110e-02 -6.67140497e-04 4.75698115e-04
7.19908959e-02 4.38856980e-04 4.62185436e-04
7.23489796e-02 -5.07304007e-04 4.74870928e-04
7.27070622e-02 1.01779372e-03 4.80359505e-04
7.30651435e-02 2.13508270e-04 4.78777443e-04
7.34232237e-02 7.51390563e-04 4.82204368e-04
7.37813026e-02 3.01977451e-04 4.83283607e-04
7.41393803e-02 2.16986561e-04 4.71545397e-04
7.44974568e-02 4.84269177e-04 4.84039380e-04
7.48555321e-02 4.55340673e-05 4.60960249e-04
7.52136061e-02 2.08692602e-04 4.50415388e-04
7.55716789e-02 -4.00670315e-04 4.59538364e-04
7.59297505e-02 -4.00782406e-04 4.62597033e-04
7.62878208e-02 -1.76384694e-04 4.51822048e-04
7.66458899e-02 -4.20881767e-04 4.49308703e-04
7.70039577e-02 7.78663849e-04 4.41851937e-04
7.73620242e-02 6.12708563e-04 4.53029273e-04
7.77200895e-02 5.52206995e-04 4.56829054e-04
7.80781535e-02 -2.10743516e-04 4.36968358e-04
7.84362162e-02 -5.08815951e-04 4.38888470e-04
7.87942776e-02 -1.99765639e-04 4.49001538e-04
7.91523377e-02 9.91686587e-04 4.56276989e-04
7.95103965e-02 4.57961349e-05 4.39975623e-04
7.98684540e-02 -1.46479188e-04 4.52120697e-04
8.02265102e-02 1.79580811e-04 4.49552333e-04
8.05845651e-02 2.01114912e-04 4.39341662e-04
8.09426186e-02 -6.13150362e-05 4.47329380e-04
8.13006709e-02 -1.15130574e-04 4.45430401e-04
8.16587217e-02 2.92327825e-04 4.52173534e-04
8.20167713e-02 -5.85204249e-04 4.56157865e-04
8.23748195e-02 4.58999010e-05 4.38587675e-04
8.27328663e-02 5.77828473e-04 4.32345469e-04
8.30909118e-02 2.41205681e-04 4.31692536e-04
8.34489559e-02 8.06757502e-04 4.37205212e-04
8.38069986e-02 5.02440304e-04 4.52335984e-04
8.41650400e-02 1.89361651e-04 4.31414858e-04
8.45230800e-02 4.27346174e-04 4.15477795e-04
8.48811185e-02 6.97298029e-05 4.51916909e-04
8.52391557e-02 -1.51912602e-04 4.32568390e-04
8.55971915e-02 9.07085510e-04 4.45695603e-04
8.59552259e-02 1.50651937e-04 4.35767427e-04
8.63132589e-02 7.95004501e-05 4.41723248e-04
8.66712904e-02 1.13097971e-04 4.35483444e-04
8.70293205e-02 3.18856986e-04 4.30376631e-04
8.73873492e-02 -2.74379812e-05 4.38586187e-04
8.77453765e-02 -3.18405948e-04 4.22660733e-04
8.81034023e-02 2.02618328e-04 4.33775435e-04
8.84614267e-02 1.63574174e-04 4.37589416e-04
8.88194496e-02 2.84847136e-04 4.30701354e-04
8.91774710e-02 7.39489422e-04 4.28704398e-04
8.95354910e-02 -1.68774380e-04 4.20257586e-04
8.98935095e-02 4.54406345e-04 4.31207808e-04
9.02515266e-02 2.00078457e-04 4.35932139e-04
9.06095421e-02 -2.45540125e-04 4.26272248e-04
9.09675562e-02 -5.89342483e-04 4.24748917e-04
9.13255687e-02 1.19614753e-03 4.41132396e-04
9.16835798e-02 1.25846749e-04 4.36219311e-04
9.20415894e-02 2.95621791e-04 4.22688078e-04
9.23995974e-02 -1.53892682e-03 4.20536475e-04
9.27576039e-02 -3.43668854e-04 4.30872098e-04
9.31156089e-02 4.53844399e-05 4.16511564e-04
9.34736124e-02 3.90184067e-05 4.11280459e-04
9.38316143e-02 5.69659171e-05 4.26649516e-04
9.41896147e-02 2.12752043e-04 4.21922187e-04
9.45476136e-02 5.56426725e-04 4.31976886e-04
9.49056108e-02 3.97961806e-04 4.06651975e-04
9.52636066e-02 3.81023164e-04 4.13832268e-04
9.56216007e-02 4.46092708e-04 4.20379692e-04
9.59795933e-02 3.15761303e-04 4.06380259e-04
9.63375843e-02 -6.45246967e-04 4.19024258e-04
9.66955738e-02 -2.48897568e-04 4.07948866e-04
9.70535616e-02 7.68021574e-04 4.04555739e-04
9.74115478e-02 -2.82893404e-04 4.10733647e-04
9.77695325e-02 -8.70166458e-05 4.04218032e-04
9.81275155e-02 6.59624408e-04 4.12774445e-04
9.84854969e-02 6.53399637e-04 4.08913885e-04
9.88434768e-02 -1.36160498e-04 3.93567320e-04
9.92014549e-02 -3.52171006e-04 4.04808110e-04
9.95594315e-02 -2.09942937e-04 3.94321612e-04
9.99174064e-02 -5.95965468e-04 3.83698775e-04
1.00275380e-01 9.74189996e-05 3.84580890e-04
1.00633351e-01 7.69854550e-05 3.94128794e-04
1.00991321e-01 1.18113166e-04 3.93907106e-04
1.01349290e-01 -3.91401543e-04 3.91808476e-04
1.01707256e-01 -3.78203612e-04 3.78624003e-04
1.02065221e-01 1.09187076e-04 3.87691254e-04
1.02423184e-01 -7.35420821e-04 3.82606782e-04
1.02781146e-01 2.40707849e-05 3.87633012e-04
1.03139106e-01 -4.57077550e-04 3.96306764e-04
1.03497064e-01 1.66235506e-04 3.90147354e-04
1.03855021e-01 4.10925144e-04 3.88580976e-04
1.04212976e-01 4.69255256e-04 3.79616469e-04
1.04570929e-01 -6.95134670e-06 3.77633266e-04
1.04928880e-01 9.94743312e-05 3.99077685e-04
1.05286830e-01 -3.85638763e-04 3.99523077e-04
1.05644778e-01 2.20663489e-04 3.96512931e-04
1.06002724e-01 -1.36487613e-04 4.04661659e-04
1.06360668e-01 -6.84863195e-05 4.03067089e-04
1.06718611e-01 2.97380135e-04 3.91788156e-04
1.07076552e-01 1.04418020e-04 4.02039394e-04
1.07434491e-01 6.29082540e-04 4.01661530e-04
1.07792429e-01 -1.58750984e-04 4.03021736e-04
1.08150364e-01 -1.89222081e-04 3.96538234e-04
1.08508298e-01 -1.37539366e-04 4.10072051e-04
1.08866230e-01 6.07767123e-04 3.87105991e-04
1.09224160e-01 -5.12412738e-04 3.94860848e-04
1.09582089e-01 4.18442703e-04 3.91498927e-04
1.09940016e-01 1.58636064e-04 3.93890503e-04
1.10297941e-01 -3.97710486e-04 3.86036898e-04
1.10655864e-01 -4.12441711e-04 3.91626179e-04
1.11013785e-01 2.02131775e-04 3.84079332e-04
1.11371704e-01 6.30816748e-04 3.91467737e-04
1.11729622e-01 1.87313451e-04 3.90441103e-04
1.12087538e-01 -1.22633928e-04 3.87718709e-04
1.12445452e-01 -2.45756815e-04 3.83844839e-04
1.12803364e-01 -6.11056198e-04 3.90695520e-04
1.13161274e-01 -3.29408034e-04 3.69271627e-04
1.13519182e-01 6.94267245e-07 3.85211641e-04
1.13877089e-01 -2.09247316e-04 3.74286131e-04
1.14234994e-01 2.45100696e-04 3.80313838e-04
1.14592896e-01 -5.35286277e-04 3.79417821e-04
1.14950797e-01 -3.93322436e-05 3.72808156e-04
1.15308696e-01 -1.47988663e-04 3.66169282e-04
1.15666593e-01 -2.93605350e-04 3.74834361e-04
1.16024488e-01 2.55198752e-04 3.63469415e-04
1.16382382e-01 2.21843249e-04 3.74663948e-04
1.16740273e-01 2.17918672e-04 3.78725210e-04
1.17098163e-01 4.45438910e-05 3.61700706e-04
1.17456050e-01 2.22644035e-04 3.72758521e-04
1.17813936e-01 -4.22627721e-05 3.65342814e-04
1.18171819e-01 -1.47803893e-04 3.74088179e-04
1.18529701e-01 3.84011333e-04 3.68794600e-04
1.18887581e-01 1.02799626e-04 3.70467415e-04
1.19245459e-01 -1.48105502e-04 3.62768980e-04
1.19603335e-01 3.92537195e-04 3.82202075e-04
1.19961208e-01 -5.11645022e-05 3.78021049e-04
1.20319080e-01 -3.14429839e-05 3.69803987e-04
1.20676950e-01 -1.17128850e-04 3.74145791e-04
1.21034818e-01 -3.06989312e-04 3.72550276e-04
1.21392684e-01 2.07818858e-05 3.67423333e-04
1.21750548e-01 5.42581164e-04 3.83497573e-04
1.22108410e-01 -3.11575005e-04 3.76629012e-04
1.22466270e-01 -4.13126690e-04 3.73467638e-04
1.22824128e-01 6.31455350e-04 3.84800697e-04
1.23181984e-01 4.07487695e-04 3.75009909e-04
1.23539838e-01 -3.30655632e-04 3.83205639e-04
1.23897690e-01 -4.11489908e-04 3.77538278e-04
1.24255540e-01 -7.74410307e-04 3.65846264e-04
1.24613388e-01 5.86821904e-05 3.73701542e-04
1.24971233e-01 2.08723496e-05 3.71145976e-04
1.25329077e-01 -5.93088033e-04 3.52490332e-04
1.25686919e-01 -6.53428239e-04 3.57432707e-04
1.26044758e-01 1.71022560e-04 3.53195287e-04
1.26402596e-01 -4.04935081e-04 3.61787205e-04
1.26760431e-01 1.12990934e-05 3.56578219e-04
1.27118265e-01 -2.07667980e-04 3.63457843e-04
1.27476096e-01 1.39428679e-04 3.59836987e-04
1.27833925e-01 4.31363316e-06 3.63962525e-04
1.28191752e-01 -1.94449453e-04 3.53300326e-04
1.28549577e-01 -4.84582326e-04 3.46165183e-04
1.28907400e-01 -2.52139799e-04 3.52713276e-04
1.29265221e-01 4.35168645e-05 3.46292654e-04
1.29623040e-01 6.61915015e-05 3.52774065e-04
1.29980856e-01 3.08574863e-04 3.55573994e-04
1.30338670e-01 1.28467442e-04 3.49232937e-04
1.30696483e-01 1.17739943e-04 3.53293315e-04
1.31054293e-01 -8.04796059e-04 3.48334859e-04
1.31412101e-01 2.44839735e-04 3.45693225e-04
1.31769906e-01 -3.26817703e-04 3.34852764e-04
1.32127710e-01 3.48787293e-05 3.46542247e-04
1.32485511e-01 -7.23019346e-05 3.42096187e-04
1.32843311e-01 6.37662134e-04 3.46176756e-04
1.33201108e-01 -1.84025625e-04 3.43261867e-04
1.33558903e-01 -3.77070537e-05 3.45401767e-04
1.33916695e-01 6.12654324e-04 3.46510268e-04
1.34274486e-01 -2.10253715e-04 3.49217766e-04
1.34632274e-01 2.64607839e-04 3.42427049e-04
1.34990060e-01 1.35911829e-04 3.43541306e-04
1.35347844e-01 -1.17924161e-04 3.34470920e-04
1.35705626e-01 -3.83179018e-04 3.36885104e-04
1.36063405e-01 1.51682036e-04 3.35529754e-04
1.36421182e-01 -1.67590173e-04 3.29173011e-04
1.36778957e-01 -1.42244352e-04 3.30971400e-04
1.37136730e-01 -6.99188961e-04 3.27863522e-04
1.37494500e-01 -4.09552138e-04 3.35596675e-04
1.37852269e-01 2.35205414e-04 3.40678199e-04
1.38210034e-01 -1.51751076e-04 3.32866092e-04
1.38567798e-01 -6.03348182e-05 3.35221948e-04
1.38925559e-01 5.48274065e-04 3.28933571e-04
1.39283319e-01 -2.46739505e-04 3.29489432e-04
1.39641075e-01 4.32000255e-05 3.20448376e-04
1.39998830e-01 3.30958462e-04 3.22668964e-04
1.40356582e-01 2.48971442e-04 3.28375277e-04
1.40714332e-01 3.84079670e-04 3.30028430e-04
1.41072080e-01 1.32268602e-04 3.32129796e-04
1.41429825e-01 -9.10014166e-05 3.35538774e-04
1.41787568e-01 4.52210769e-05 3.23047000e-04
1.42145308e-01 1.74648279e-04 3.24669988e-04
1.42503047e-01 3.18796763e-04 3.28971700e-04
1.42860783e-01 2.26826734e-04 3.28987811e-04
1.43218516e-01 2.09444714e-04 3.25232026e-04
1.43576247e-01 -1.48457088e-04 3.23557452e-04
1.43933976e-01 -7.04821201e-04 3.21333858e-04
1.44291703e-01 3.31017699e-06 3.24190733e-04
1.44649427e-01 -3.20625052e-05 3.22754473e-04
1.45007149e-01 5.63492064e-04 3.27411226e-04
1.45364868e-01 1.59267698e-04 3.18566752e-04
1.45722585e-01 -1.28099682e-04 3.21855066e-04
1.46080300e-01 4.03268476e-04 3.15036608e-04
1.46438012e-01 2.14689789e-05 3.25352058e-04
1.46795722e-01 3.57143370e-04 3.16190284e-04
1.47153429e-01 4.73601964e-05 3.13764419e-04
1.47511134e-01 -1.20646458e-04 3.10692947e-04
1.47868837e-01 8.81015447e-05 3.18929246e-04
1.48226537e-01 2.25554762e-04 3.15575807e-04
1.48584235e-01 -3.44769997e-04 3.14345021e-04
1.48941930e-01 -1.51611279e-04 3.13547421e-04
1.49299623e-01 -1.15210934e-04 3.13990282e-04
1.49657313e-01 -8.40242322e-05 3.17369330e-04
1.50015001e-01 2.44528598e-04 3.20420598e-04
1.50372687e-01 -8.12499734e-05 3.13124907e-04
1.50730370e-01 -1.56324370e-04 3.12399041e-04
1.51088050e-01 5.02722620e-06 3.20258611e-04
1.51445728e-01 1.81808830e-04 3.08099611e-04
1.51803404e-01 -4.80689536e-04 3.09861123e-04
1.52161077e-01 1.30229376e-04 3.11422983e-04
1.52518747e-01 2.39997004e-04 3.04441937e-04
1.52876416e-01 -1.92454867e-04 3.12909562e-04
1.53234081e-01 2.07952369e-04 3.11585528e-04
1.53591744e-01 3.60113181e-04 3.07738989e-04
1.53949405e-01 1.44823109e-04 3.06659924e-04
1.54307063e-01 3.37626991e-04 3.05907446e-04
1.54664718e-01 -2.99972891e-04 3.06226611e-04
1.55022371e-01 -2.86074478e-04 3.01788490e-04
1.55380021e-01 5.13855748e-04 3.05298278e-04
1.55737669e-01 -6.82920169e-05 3.10893103e-04
1.56095314e-01 1.98558790e-04 3.09981586e-04
1.56452957e-01 -5.57929243e-04 3.10074701e-04
1.56810597e-01 -3.01913474e-04 3.09602387e-04
1.57168235e-01 -5.15377690e-04 3.01742131e-04
1.57525870e-01 5.62088687e-04 3.06314352e-04
1.57883502e-01 9.85881633e-05 3.07304584e-04
1.58241132e-01 -2.06758680e-04 3.00590494e-04
1.58598759e-01 3.33209249e-04 2.98213280e-04
1.58956384e-01 -4.80169698e-04 2.98983148e-04
1.59314006e-01 -7.50025004e-04 3.02330946e-04
1.59671625e-01 -2.05679004e-04 3.04941419e-04
1.60029242e-01 -3.66819515e-04 2.95070716e-04
1.60386856e-01 1.17527106e-05 2.95678930e-04
1.60744468e-01 2.75826667e-04 3.01215510e-04
1.61102076e-01 1.25607210e-04 3.06615029e-04
1.61459683e-01 -4.78447697e-04 3.06786575e-04
1.61817286e-01 3.09593340e-04 3.02692317e-04
1.62174887e-01 1.25070690e-04 2.91125135e-04
1.62532485e-01 2.14659371e-04 3.00902012e-04
1.62890081e-01 6.64127899e-05 2.98999427e-04
1.63247674e-01 -3.02321632e-04 2.99169130e-04
1.63605264e-01 3.00401057e-04 2.92755823e-04
1.63962852e-01 2.78104911e-04 2.93273676e-04
1.64320437e-01 -9.88691744e-05 2.99536168e-04
1.64678019e-01 -6.09906956e-05 2.92737307e-04
1.65035598e-01 -3.74660420e-04 2.92043422e-04
1.65393175e-01 -1.47201332e-04 2.89553222e-04
1.65750749e-01 -1.95004550e-04 2.88244723e-04
1.66108320e-01 3.29151288e-04 2.97876934e-04
1.66465889e-01 -5.22955130e-04 2.95034026e-04
1.66823455e-01 -3.31680275e-04 2.96680839e-04
1.67181018e-01 -7.15454760e-05 2.91373269e-04
1.67538578e-01 -1.85034758e-05 2.95393434e-04
1.67896136e-01 6.60545204e-06 2.93013819e-04
1.68253691e-01 -1.71401719e-04 2.89126684e-04
1.68611243e-01 9.23002526e-05 2.93071844e-04
1.68968792e-01 1.97408557e-04 2.85499773e-04
1.69326339e-01 2.37293253e-04 2.90304137e-04
1.69683883e-01 -1.97586414e-04 2.86212180e-04
1.70041424e-01 1.72850246e-04 2.91007392e-04
1.70398962e-01 3.18190805e-04 2.90847900e-04
1.70756497e-01 -5.31413375e-04 2.84306231e-04
1.71114030e-01 1.52359150e-04 2.88787293e-04
1.71471560e-01 -4.16990832e-04 2.88422319e-04
1.71829087e-01 -2.70168815e-04 2.87714395e-04
1.72186611e-01 -1.03574457e-04 2.90009072e-04
1.72544132e-01 1.93882250e-04 2.85212598e-04
1.72901651e-01 3.40852916e-04 2.84137225e-04
1.73259167e-01 -7.27849327e-04 2.89006103e-04
1.73616679e-01 -4.40471186e-04 2.79223892e-04
1.73974189e-01 -1.64363344e-04 2.80207614e-04
1.74331697e-01 -9.78796457e-05 2.76717117e-04
1.74689201e-01 -2.68456908e-04 2.83193096e-04
1.75046702e-01 6.18492347e-04 2.84549755e-04
1.75404201e-01 3.15746141e-04 2.85028861e-04
1.75761697e-01 -5.52598481e-04 2.75774799e-04
1.76119189e-01 -6.28577027e-05 2.78665321e-04
1.76476679e-01 -3.52409134e-04 2.83405789e-04
1.76834166e-01 -4.35218853e-04 2.81050530e-04
1.77191650e-01 1.05533570e-04 2.80070263e-04
1.77549132e-01 -9.07727343e-05 2.73784754e-04
1.77906610e-01 -3.10212658e-04 2.88640173e-04
1.78264085e-01 6.43026207e-05 2.78572493e-04
1.78621558e-01 -6.21452439e-05 2.82964882e-04
1.78979027e-01 -3.07220525e-04 2.73169573e-04
1.79336494e-01 9.76938328e-05 2.70904544e-04
1.79693958e-01 -3.84672881e-04 2.70968582e-04
1.80051418e-01 -2.29704163e-04 2.75095075e-04
1.80408876e-01 -2.49915570e-05 2.83311483e-04
1.80766331e-01 2.62476767e-04 2.79351720e-04
1.81123783e-01 2.59381512e-04 2.76113762e-04
1.81481232e-01 2.33747341e-05 2.74863966e-04
1.81838677e-01 -8.58140060e-05 2.83251255e-04
1.82196120e-01 2.19958773e-04 2.85463525e-04
1.82553560e-01 -2.91662956e-04 2.80225835e-04
1.82910997e-01 3.37335079e-04 2.77191515e-04
1.83268431e-01 3.70337350e-04 2.88130707e-04
1.83625862e-01 2.21168129e-04 2.84212285e-04
1.83983290e-01 -8.72381211e-05 2.81708292e-04
1.84340715e-01 8.69490915e-05 2.86005661e-04
1.84698137e-01 -4.81210999e-04 2.85574114e-04
1.85055556e-01 -3.86239023e-04 2.81301104e-04
1.85412971e-01 -1.00641817e-04 2.81959017e-04
1.85770384e-01 -3.94986085e-04 2.88867577e-04
1.86127794e-01 5.98493094e-04 2.79098321e-04
1.86485200e-01 -2.04763351e-04 2.83238827e-04
1.86842604e-01 -1.45389189e-04 2.72366466e-04
1.87200005e-01 2.57233482e-05 2.73928366e-04
1.87557402e-01 1.62781890e-04 2.74777919e-04
1.87914797e-01 2.82429053e-04 2.77997146e-04
1.88272188e-01 2.57218764e-04 2.78228547e-04
1.88629576e-01 -5.36476194e-06 2.75967270e-04
1.88986961e-01 -5.80293533e-04 2.65240244e-04
1.89344343e-01 2.22597421e-04 2.77201378e-04
1.89701722e-01 1.95849773e-04 2.71003206e-04
1.90059098e-01 -3.15628973e-04 2.71998859e-04
1.90416471e-01 7.73586512e-05 2.66058280e-04
1.90773840e-01 -2.97876643e-04 2.68855003e-04
1.91131207e-01 -1.50695524e-04 2.68900718e-04
1.91488570e-01 5.89853938e-05 2.78129232e-04
1.91845930e-01 -2.51890561e-04 2.78183420e-04
1.92203287e-01 3.53091447e-05 2.68841814e-04
1.92560641e-01 -4.17134134e-04 2.69398032e-04
1.92917992e-01 -1.69615848e-04 2.68457610e-04
1.93275340e-01 -8.55183916e-05 2.70246130e-04
1.93632684e-01 -4.24977039e-04 2.68807315e-04
1.93990025e-01 -6.86026397e-05 2.70489885e-04
1.94347363e-01 -2.37141859e-04 2.71324916e-04
1.94704698e-01 -1.05860362e-04 2.70075818e-04
1.95062030e-01 2.85799965e-05 2.67129230e-04
1.95419358e-01 -6.51317719e-05 2.69472308e-04
1.95776684e-01 2.74209359e-04 2.74001306e-04
1.96134006e-01 -2.68051219e-04 2.70756753e-04
1.96491324e-01 -2.35045239e-04 2.70984208e-04
1.96848640e-01 2.66955755e-04 2.72600632e-04
1.97205953e-01 -1.18652622e-04 2.73518909e-04
1.97563262e-01 -2.37680669e-04 2.71762201e-04
1.97920568e-01 -5.74047757e-04 2.69547119e-04
1.98277870e-01 -3.58308177e-04 2.71615130e-04
1.98635170e-01 3.52964906e-04 2.71762241e-04
1.98992466e-01 -2.77770118e-04 2.72659963e-04
1.99349759e-01 1.92988652e-04 2.71427101e-04
1.99707049e-01 8.26963926e-06 2.68111461e-04
2.00064335e-01 -4.72224188e-04 2.66892830e-04
2.00421618e-01 -3.02643946e-04 2.67168834e-04
2.00778898e-01 4.10802306e-06 2.61005163e-04
2.01136174e-01 -4.48209487e-04 2.59698246e-04
2.01493448e-01 1.54834135e-04 2.62760927e-04
2.01850718e-01 1.13486165e-04 2.59330578e-04
2.02207984e-01 6.74593807e-05 2.62120347e-04
2.02565248e-01 -7.96790798e-05 2.65828474e-04
2.02922508e-01 -1.10128905e-04 2.66886048e-04
2.03279764e-01 5.72674725e-05 2.63145391e-04
2.03637018e-01 9.86485092e-05 2.59728073e-04
2.03994268e-01 -2.52300161e-04 2.61375346e-04
2.04351514e-01 9.83186310e-05 2.56128853e-04
2.04708758e-01 2.86722708e-04 2.54495385e-04
2.05065998e-01 -1.06899478e-04 2.57376916e-04
2.05423234e-01 -9.79746174e-05 2.58965518e-04
2.05780467e-01 1.22547691e-04 2.56980138e-04
2.06137697e-01 5.42339354e-06 2.54834761e-04
2.06494924e-01 -1.25708413e-04 2.54542412e-04
2.06852147e-01 6.48500378e-05 2.57134189e-04
2.07209367e-01 1.38377208e-04 2.56585807e-04
2.07566583e-01 2.10020833e-05 2.51744298e-04
2.07923796e-01 -2.89780115e-04 2.49683162e-04
2.08281005e-01 -8.32001056e-05 2.51423660e-04
2.08638211e-01 -7.33958544e-05 2.53608194e-04
2.08995414e-01 2.94950124e-05 2.51706740e-04
2.09352613e-01 -2.36976522e-04 2.58146614e-04
2.09709809e-01 1.42269690e-04 2.60434795e-04
2.10067002e-01 1.16611324e-04 2.50154361e-04
2.10424191e-01 -2.83285384e-04 2.53011267e-04
2.10781376e-01 -3.77772343e-05 2.50810256e-04
2.11138558e-01 -7.57774951e-05 2.52374632e-04
2.11495737e-01 -7.83403457e-05 2.49035672e-04
2.11852912e-01 -2.56418701e-04 2.52364274e-04
2.12210084e-01 2.23334626e-04 2.53444333e-04
2.12567252e-01 -1.23069329e-04 2.46555312e-04
2.12924416e-01 9.96318662e-05 2.49997070e-04
2.13281578e-01 -6.14150000e-06 2.47261841e-04
2.13638735e-01 -1.63814053e-04 2.49776557e-04
2.13995890e-01 -6.47857934e-05 2.46421018e-04
2.14353040e-01 -3.76639423e-04 2.48109450e-04
2.14710188e-01 1.11740437e-04 2.50991988e-04
2.15067331e-01 5.56787140e-05 2.44939640e-04
2.15424471e-01 1.29095031e-04 2.47062246e-04
2.15781608e-01 1.06239654e-04 2.42684332e-04
2.16138741e-01 -2.66331966e-04 2.45989379e-04
2.16495871e-01 5.75239050e-05 2.44548831e-04
2.16852997e-01 1.64525339e-04 2.41812124e-04
2.17210119e-01 6.08062639e-05 2.52146469e-04
2.17567238e-01 -4.50411584e-04 2.44216983e-04
2.17924354e-01 -8.15044146e-05 2.41853147e-04
2.18281465e-01 -5.81644063e-05 2.42924804e-04
2.18638574e-01 -2.56339523e-04 2.42881865e-04
2.18995678e-01 -5.47773518e-04 2.43475487e-04
2.19352779e-01 1.00433169e-04 2.39003921e-04
2.19709877e-01 -1.45463018e-04 2.44307490e-04
2.20066971e-01 3.20237637e-05 2.44185027e-04
2.20424061e-01 1.20175991e-04 2.43387044e-04
2.20781147e-01 2.77545864e-04 2.43785020e-04
2.21138230e-01 -3.74569824e-04 2.34041776e-04
2.21495310e-01 -3.99060158e-04 2.40604816e-04
2.21852386e-01 -3.38093805e-05 2.39453997e-04
2.22209458e-01 6.32505217e-05 2.41618885e-04
2.22566526e-01 2.62350551e-04 2.39612044e-04
2.22923591e-01 1.83248900e-04 2.38398124e-04
2.23280652e-01 -1.39589190e-04 2.35680670e-04
2.23637710e-01 1.28126011e-04 2.36455839e-04
2.23994764e-01 -6.83195914e-04 2.37055304e-04
2.24351814e-01 -2.59404809e-04 2.43861503e-04
2.24708861e-01 -7.35330332e-05 2.39619515e-04
2.25065904e-01 9.98472143e-05 2.33737960e-04
2.25422943e-01 -2.89183871e-04 2.35459936e-04
2.25779978e-01 -7.43483848e-05 2.36795136e-04
2.26137010e-01 -1.68771308e-04 2.36256195e-04
2.26494038e-01 1.15125015e-04 2.37713942e-04
2.26851063e-01 -9.83889046e-05 2.33983232e-04
2.27208083e-01 4.02902457e-04 2.38105096e-04
2.27565100e-01 1.98490864e-04 2.33112341e-04
2.27922114e-01 -9.75179040e-05 2.34114162e-04
2.28279123e-01 -2.79235726e-05 2.37516995e-04
2.28636129e-01 2.57187634e-04 2.37537348e-04
2.28993131e-01 1.53759329e-04 2.31828312e-04
2.29350129e-01 4.01984924e-05 2.34174249e-04
2.29707124e-01 1.79648284e-04 2.33121895e-04
2.30064115e-01 2.05425720e-05 2.28687026e-04
2.30421102e-01 7.57541954e-05 2.32338006e-04
2.30778085e-01 4.29079572e-04 2.34192720e-04
2.31135064e-01 -1.39682712e-04 2.31835699e-04
2.31492040e-01 2.77405823e-04 2.32095370e-04
2.31849012e-01 -3.69380429e-04 2.29330726e-04
2.32205980e-01 -5.91151158e-05 2.32825427e-04
2.32562944e-01 1.50794575e-04 2.25951873e-04
2.32919905e-01 -4.66234824e-04 2.31921798e-04
2.33276862e-01 -3.10253467e-04 2.33450245e-04
2.33633814e-01 6.53081833e-04 2.28435529e-04
2.33990763e-01 -5.66015629e-04 2.24002128e-04
2.34347709e-01 -1.15301046e-04 2.26327351e-04
2.34704650e-01 -1.05432561e-04 2.31882778e-04
2.35061588e-01 -1.61820891e-04 2.34552277e-04
2.35418521e-01 6.43007555e-05 2.28318660e-04
2.35775451e-01 9.91703585e-05 2.29000646e-04
2.36132377e-01 1.78400739e-04 2.24930724e-04
2.36489299e-01 -4.04198154e-06 2.21479591e-04
2.36846218e-01 -6.64233659e-05 2.24892255e-04
2.37203132e-01 -1.19583144e-04 2.30545640e-04
2.37560042e-01 1.48501318e-04 2.26296947e-04
2.37916949e-01 3.84834740e-04 2.27205711e-04
2.38273852e-01 -1.10734811e-05 2.28403404e-04
2.38630751e-01 -1.48856373e-04 2.22273901e-04
2.38987645e-01 -2.95548577e-04 2.21072110e-04
2.39344537e-01 5.31322197e-05 2.26529080e-04
2.39701424e-01 -5.36913606e-04 2.23579914e-04
2.40058307e-01 -2.55665853e-04 2.22275234e-04
2.40415186e-01 2.95662655e-04 2.23983047e-04
2.40772061e-01 -1.36754232e-04 2.24081260e-04
2.41128933e-01 9.52301775e-05 2.25551207e-04
2.41485800e-01 1.47275545e-04 2.23852376e-04
2.41842664e-01 -1.54012559e-04 2.24529347e-04
2.42199523e-01 -5.00880068e-05 2.20412456e-04
2.42556379e-01 1.58793713e-04 2.24498443e-04
2.42913230e-01 4.68838298e-05 2.29132365e-04
2.43270078e-01 5.59908819e-05 2.22898900e-04
2.43626922e-01 -2.26679168e-04 2.15466745e-04
2.43983761e-01 -1.32306337e-04 2.22200761e-04
2.44340597e-01 -1.10085027e-04 2.19137417e-04
2.44697429e-01 -7.30636659e-05 2.19193080e-04
2.45054256e-01 -2.13230526e-04 2.20164300e-04
2.45411080e-01 -1.14514939e-04 2.18156546e-04
2.45767900e-01 1.01502156e-04 2.18000087e-04
2.46124715e-01 2.43596410e-05 2.20659655e-04
2.46481527e-01 -1.24824674e-04 2.14910536e-04
2.46838334e-01 1.78147246e-04 2.14227639e-04
2.47195138e-01 5.25803454e-05 2.19168169e-04
2.47551938e-01 -2.69643521e-04 2.18772275e-04
2.47908733e-01 -2.46575643e-04 2.16359753e-04
2.48265524e-01 4.42539453e-04 2.15624247e-04
2.48622312e-01 -1.56691999e-04 2.18778615e-04
2.48979095e-01 -6.36281857e-05 2.15883125e-04
2.49335874e-01 1.27575625e-04 2.20160087e-04
2.49692649e-01 -6.03193351e-05 2.19676048e-04
2.50049420e-01 8.10575340e-05 2.17178820e-04
2.50406187e-01 3.03728554e-05 2.14077230e-04
2.50762950e-01 4.73075198e-05 2.12919773e-04
2.51119709e-01 -2.07649934e-04 2.14825587e-04
2.51476464e-01 -2.95250973e-04 2.12804299e-04
2.51833214e-01 5.88386669e-05 2.18061362e-04
2.52189961e-01 -4.26150137e-06 2.12628806e-04
2.52546703e-01 -1.19469158e-04 2.17439920e-04
2.52903441e-01 -2.29416037e-04 2.13083454e-04
2.53260175e-01 9.11038942e-05 2.13982003e-04
2.53616905e-01 -2.12935714e-05 2.12298691e-04
2.53973631e-01 -4.39576510e-04 2.11556781e-04
2.54330352e-01 -3.64775336e-04 2.09133008e-04
2.54687070e-01 -2.15074916e-04 2.12000278e-04
2.55043783e-01 -2.65741908e-04 2.09000532e-04
2.55400492e-01 6.92819224e-05 2.15455736e-04
2.55757197e-01 2.82325233e-04 2.15156651e-04
2.56113898e-01 -7.72141222e-05 2.13070653e-04
2.56470595e-01 4.60048219e-04 2.13090757e-04
2.56827287e-01 -1.27632153e-05 2.14835919e-04
2.57183975e-01 -2.10584359e-06 2.13706519e-04
2.57540659e-01 2.37273333e-04 2.13699210e-04
2.57897339e-01 -2.72299741e-04 2.13833321e-04
2.58254014e-01 1.61026180e-05 2.15414101e-04
2.58610686e-01 3.07419495e-04 2.17188211e-04
2.58967353e-01 -2.56832833e-04 2.15320542e-04
2.59324016e-01 8.33095347e-05 2.19509333e-04
2.59680674e-01 -3.38064154e-04 2.16353375e-04
2.60037329e-01 1.83636482e-04 2.14338113e-04
2.60393979e-01 -2.77377642e-04 2.14733519e-04
2.60750625e-01 -4.32643702e-04 2.13994678e-04
2.61107266e-01 -8.67448186e-05 2.13416773e-04
2.61463904e-01 2.51506570e-04 2.17819806e-04
2.61820537e-01 -1.68889239e-04 2.15310616e-04
2.62177166e-01 6.71357815e-04 2.18340302e-04
2.62533790e-01 4.96626563e-06 2.15698652e-04
2.62890410e-01 1.83628402e-05 2.12030203e-04
2.63247026e-01 1.49618436e-04 2.17706262e-04
2.63603638e-01 5.10373163e-05 2.11728970e-04
2.63960245e-01 2.21782982e-04 2.13842873e-04
2.64316848e-01 -3.40745277e-04 2.11383578e-04
2.64673447e-01 -6.52781124e-05 2.17582508e-04
2.65030042e-01 -3.19646389e-04 2.13205405e-04
2.65386632e-01 -2.75355906e-04 2.09628020e-04
2.65743217e-01 9.83619453e-05 2.14025183e-04
2.66099799e-01 -3.03456262e-04 2.12042256e-04
2.66456376e-01 1.49923835e-04 2.10742465e-04
2.66812948e-01 -1.39730210e-04 2.15709405e-04
2.67169517e-01 3.73468649e-04 2.17339061e-04
2.67526081e-01 -3.12188642e-04 2.15771657e-04
2.67882640e-01 -1.54925964e-04 2.13831545e-04
2.68239195e-01 5.67367669e-05 2.15878254e-04
2.68595746e-01 -1.09749187e-04 2.13876023e-04
2.68952293e-01 -1.08622662e-04 2.11943636e-04
2.69308835e-01 -1.41870772e-04 2.15938299e-04
2.69665372e-01 6.35638968e-05 2.19455315e-04
2.70021906e-01 -2.12407168e-04 2.19942802e-04
2.70378435e-01 3.52571598e-04 2.26196032e-04
2.70734959e-01 1.11254971e-04 2.23606000e-04
2.71091479e-01 4.17015292e-04 2.26423276e-04
2.71447995e-01 8.56712257e-05 2.25364844e-04
2.71804506e-01 9.68255766e-05 2.22729052e-04
2.72161012e-01 -2.35606579e-04 2.24171069e-04
2.72517515e-01 2.40006544e-04 2.28340867e-04
2.72874012e-01 -1.73807136e-04 2.22802456e-04
