1.54026655e-02 -1.52645066e-03 1.62059314e-03
1.57608633e-02 1.76719848e-03 1.61352329e-03
1.61190608e-02 -1.60673065e-03 1.52443342e-03
1.64772580e-02 -3.47678995e-04 1.37141591e-03
1.68354550e-02 8.80829074e-04 1.34238911e-03
1.71936517e-02 1.63147031e-03 1.26302243e-03
1.75518481e-02 7.16050399e-04 1.34382300e-03
1.79100442e-02 1.63685293e-03 1.26072919e-03
1.82682400e-02 1.03961819e-03 1.28338554e-03
1.86264355e-02 7.25062483e-04 1.17677248e-03
1.89846308e-02 -1.67237991e-04 1.20371467e-03
1.93428257e-02 9.68356589e-04 1.11465074e-03
1.97010202e-02 4.09469184e-04 1.12550738e-03
2.00592145e-02 4.75540889e-04 1.09863296e-03
2.04174084e-02 1.49962490e-03 1.07339943e-03
2.07756020e-02 -1.28635935e-03 1.06390955e-03
2.11337953e-02 -5.74959541e-04 9.72044193e-04
2.14919882e-02 9.49445852e-05 1.00715252e-03
2.18501808e-02 1.47926312e-04 9.59035135e-04
2.22083729e-02 6.62225425e-04 9.47986281e-04
2.25665648e-02 -7.24751578e-04 1.00079043e-03
2.29247562e-02 -4.36032882e-04 9.44067027e-04
2.32829473e-02 -5.14483928e-04 9.51954203e-04
2.36411380e-02 -6.52160757e-04 9.69682545e-04
2.39993283e-02 1.10784971e-03 8.83487801e-04
2.43575182e-02 -2.78723319e-06 9.52989297e-04
2.47157077e-02 -8.29763789e-04 8.85438834e-04
2.50738968e-02 3.55393439e-04 8.76151773e-04
2.54320855e-02 -4.63878683e-04 8.49964313e-04
2.57902738e-02 -1.20971477e-04 8.86521963e-04
2.61484617e-02 1.10865338e-04 8.95674303e-04
2.65066491e-02 1.22534301e-04 8.50351957e-04
2.68648361e-02 1.46938002e-03 8.32870359e-04
2.72230226e-02 -2.09169639e-03 7.88188979e-04
2.75812087e-02 1.15809985e-03 8.00525412e-04
2.79393943e-02 -9.12601187e-04 7.89489078e-04
2.82975795e-02 -7.48900649e-04 8.14919379e-04
2.86557642e-02 -6.01129392e-04 8.45450224e-04
2.90139485e-02 4.53349495e-04 7.87669909e-04
2.93721323e-02 -5.92729150e-04 8.36401330e-04
2.97303155e-02 -1.12437843e-04 8.17462822e-04
3.00884983e-02 1.99663833e-04 8.07636229e-04
3.04466806e-02 -5.83623941e-04 8.39331270e-04
3.08048624e-02 1.21108994e-03 8.52428870e-04
3.11630437e-02 -2.29188905e-04 8.53872691e-04
3.15212245e-02 4.25807901e-04 7.76190653e-04
3.18794048e-02 1.20708090e-03 8.11690062e-04
3.22375845e-02 1.04375561e-03 8.11307780e-04
3.25957637e-02 2.16750171e-04 7.90946690e-04
3.29539424e-02 8.66846545e-04 7.56218163e-04
3.33121205e-02 4.95846061e-04 7.76706009e-04
3.36702981e-02 -6.29162531e-04 7.83828707e-04
3.40284751e-02 -2.51582094e-05 7.80410410e-04
3.43866516e-02 1.09433463e-04 7.43895063e-04
3.47448275e-02 1.42443300e-04 7.74943688e-04
3.51030028e-02 -7.78225338e-06 7.40311498e-04
3.54611775e-02 -1.52917825e-04 7.20998729e-04
3.58193517e-02 2.33006057e-04 7.25433537e-04
3.61775253e-02 -1.30226055e-03 7.03682577e-04
3.65356983e-02 5.92142335e-04 7.03056610e-04
3.68938706e-02 1.24860665e-05 7.20585678e-04
3.72520424e-02 -1.18235579e-04 7.14914443e-04
3.76102136e-02 4.28835539e-04 6.98022125e-04
3.79683841e-02 -6.86873697e-05 6.95775834e-04
3.83265540e-02 -2.74471512e-04 6.91618676e-04
3.86847233e-02 7.37659680e-05 6.76636585e-04
3.90428920e-02 -3.80725698e-05 6.94198872e-04
3.94010600e-02 -1.28941020e-05 6.77673859e-04
3.97592273e-02 4.51718449e-04 6.78043671e-04
4.01173941e-02 8.40706519e-04 6.36924854e-04
4.04755601e-02 -4.44237423e-04 6.44938917e-04
4.08337255e-02 5.51218749e-05 6.46603930e-04
4.11918902e-02 5.27296783e-04 6.52623675e-04
4.15500542e-02 4.94535412e-06 6.43908181e-04
4.19082176e-02 1.51077428e-03 6.59493342e-04
4.22663802e-02 3.02488514e-04 6.65568565e-04
4.26245422e-02 -1.15689436e-03 6.53170999e-04
4.29827034e-02 -3.86877169e-04 6.56736846e-04
4.33408640e-02 -1.99867986e-04 6.87096778e-04
4.36990238e-02 2.29123160e-04 6.43016915e-04
4.40571830e-02 2.39866131e-04 6.65932177e-04
4.44153414e-02 3.01740259e-04 6.69335939e-04
4.47734990e-02 2.01128202e-04 6.57187866e-04
4.51316560e-02 -3.27078175e-04 6.23720184e-04
4.54898122e-02 -8.22507506e-05 6.45628786e-04
4.58479676e-02 1.57526731e-04 6.63918433e-04
4.62061223e-02 -1.06779888e-04 6.50171521e-04
4.65642762e-02 7.99833388e-04 6.72244219e-04
4.69224294e-02 -3.38106915e-04 6.53142643e-04
4.72805818e-02 9.07490529e-04 6.43100884e-04
4.76387334e-02 9.62165485e-04 6.41989054e-04
4.79968842e-02 -5.01043181e-04 6.03475681e-04
4.83550342e-02 5.76438755e-04 6.13084124e-04
4.87131835e-02 -1.46578144e-04 6.20803305e-04
4.90713319e-02 1.69653898e-04 5.93029599e-04
4.94294795e-02 1.00082141e-03 6.26357181e-04
4.97876264e-02 5.95650421e-04 6.22468580e-04
5.01457724e-02 3.30849945e-04 6.16261638e-04
5.05039175e-02 3.41756584e-06 5.99083774e-04
5.08620619e-02 -6.06717200e-04 5.73285805e-04
5.12202054e-02 1.22946600e-04 5.87678925e-04
5.15783481e-02 -4.36357998e-04 5.72065329e-04
5.19364899e-02 -1.17685043e-06 5.88171696e-04
5.22946308e-02 5.41915902e-05 5.67247964e-04
5.26527709e-02 -3.19065809e-04 5.75621450e-04
5.30109102e-02 4.06604317e-05 5.86819420e-04
5.33690485e-02 6.90856390e-04 5.87137772e-04
5.37271860e-02 3.02205341e-04 5.60074612e-04
5.40853226e-02 3.68461918e-04 5.60450814e-04
5.44434583e-02 -5.60922875e-04 5.63386872e-04
5.48015932e-02 1.23446168e-04 5.76038921e-04
5.51597271e-02 -4.39205728e-04 5.66529445e-04
5.55178601e-02 8.07860586e-04 5.71747815e-04
5.58759922e-02 2.69285225e-04 5.47690905e-04
5.62341234e-02 -5.35607228e-04 5.57569339e-04
5.65922536e-02 -2.97069942e-04 5.51020315e-04
5.69503829e-02 4.48175348e-04 5.24122805e-04
5.73085113e-02 4.39860059e-05 5.49421052e-04
5.76666388e-02 5.33831092e-05 5.40717785e-04
5.80247653e-02 -3.16913964e-04 5.52914448e-04
5.83828908e-02 4.22323987e-04 5.53609763e-04
5.87410154e-02 2.71404657e-04 5.53819137e-04
5.90991390e-02 -1.75927318e-05 5.54519375e-04
5.94572616e-02 1.26553777e-06 5.27487405e-04
5.98153833e-02 -1.60559192e-04 5.33943212e-04
6.01735040e-02 1.47893080e-04 5.09880495e-04
6.05316237e-02 3.63941275e-05 5.18870471e-04
6.08897424e-02 3.31257632e-04 5.42332478e-04
6.12478600e-02 2.07042343e-04 5.34097068e-04
6.16059767e-02 -1.99735652e-04 5.38138489e-04
6.19640924e-02 4.88198220e-04 5.30316263e-04
6.23222071e-02 -8.32326615e-04 5.21986288e-04
6.26803207e-02 2.57299939e-04 5.23890740e-04
6.30384333e-02 8.50890598e-04 5.15552710e-04
6.33965448e-02 1.97439446e-04 5.13320650e-04
6.37546554e-02 -5.47693546e-04 5.34049718e-04
6.41127648e-02 2.75367286e-04 5.38208540e-04
6.44708732e-02 -3.75748429e-04 4.98505213e-04
6.48289806e-02 -1.91083432e-04 5.08815401e-04
6.51870869e-02 1.43458086e-04 5.09371548e-04
6.55451921e-02 -6.75782847e-06 4.79489162e-04
6.59032962e-02 -3.09354144e-04 5.03963181e-04
6.62613993e-02 2.36149908e-04 4.84622605e-04
6.66195012e-02 -4.25650312e-05 4.85909632e-04
6.69776021e-02 2.12837943e-04 4.89711256e-04
6.73357019e-02 4.78963613e-04 4.85005656e-04
6.76938005e-02 1.22831401e-04 4.89619221e-04
6.80518981e-02 6.32326970e-04 4.86704168e-04
6.84099945e-02 -1.00341136e-03 4.75636136e-04
6.87680898e-02 -5.52543129e-04 4.81259750e-04
6.91261840e-02 -6.60496997e-04 4.80618537e-04
6.94842770e-02 2.81960292e-05 4.69385608e-04
6.98423689e-02 2.76943296e-04 4.74479680e-04
7.02004596e-02 -3.11764129e-04 4.76957196e-04
7.05585492e-02 1.00338437e-04 4.85497568e-04
7.09166377e-02 -1.75670859e-04 4.70610718e-04
7.12747249e-02 5.93208923e-04 4.74310091e-04
7.16328110e-02 -2.53638055e-04 4.84175898e-04
7.19908959e-02 -1.13510776e-04 4.76317687e-04
7.23489796e-02 -2.61678499e-04 4.67384636e-04
7.27070622e-02 -9.43730574e-05 4.86269881e-04
7.30651435e-02 5.01290265e-05 4.52314527e-04
7.34232237e-02 -2.79301718e-04 4.62787960e-04
7.37813026e-02 -4.29257643e-04 4.66344327e-04
7.41393803e-02 2.03240229e-04 4.78449766e-04
7.44974568e-02 4.73652643e-04 4.74626583e-04
7.48555321e-02 -2.52656694e-04 4.46513271e-04
7.52136061e-02 -1.36534852e-04 4.55510029e-04
7.55716789e-02 3.93391585e-04 4.49214661e-04
7.59297505e-02 2.55529548e-04 4.52760712e-04
7.62878208e-02 3.12354971e-05 4.67762277e-04
7.66458899e-02 -4.16394194e-04 4.54110950e-04
7.70039577e-02 -4.48541495e-04 4.53526534e-04
7.73620242e-02 -3.71432144e-04 4.37768028e-04
7.77200895e-02 -3.54974060e-04 4.55135852e-04
7.80781535e-02 9.94251473e-04 4.63859652e-04
7.84362162e-02 -5.77914812e-05 4.41835037e-04
7.87942776e-02 2.13764983e-04 4.46293880e-04
7.91523377e-02 1.40829817e-04 4.48208082e-04
7.95103965e-02 1.45892394e-04 4.60647172e-04
7.98684540e-02 4.49235286e-04 4.47494841e-04
8.02265102e-02 -4.94950074e-04 4.46989089e-04
8.05845651e-02 -4.34260328e-05 4.33883772e-04
8.09426186e-02 2.70762290e-04 4.49358324e-04
8.13006709e-02 6.97471859e-04 4.47471916e-04
8.16587217e-02 -3.05862803e-05 4.54680580e-04
8.20167713e-02 3.26822579e-05 4.36524481e-04
8.23748195e-02 -3.16710833e-04 4.36215707e-04
8.27328663e-02 -8.05687436e-05 4.35873944e-04
8.30909118e-02 9.97788522e-04 4.36101850e-04
8.34489559e-02 2.82171960e-04 4.42301083e-04
8.38069986e-02 -8.29552188e-05 4.32457143e-04
8.41650400e-02 -1.18235022e-04 4.37894517e-04
8.45230800e-02 2.97950821e-04 4.39105521e-04
8.48811185e-02 3.05340827e-04 4.32300167e-04
8.52391557e-02 3.28154762e-04 4.49912851e-04
8.55971915e-02 1.07909057e-04 4.42215248e-04
8.59552259e-02 3.38178110e-04 4.58793859e-04
8.63132589e-02 9.59542273e-04 4.49114507e-04
8.66712904e-02 2.15062979e-04 4.52910204e-04
8.70293205e-02 -1.11951343e-03 4.32040534e-04
8.73873492e-02 -4.76642177e-04 4.33097439e-04
8.77453765e-02 3.15892667e-04 4.29170747e-04
8.81034023e-02 -6.92828606e-05 4.28013702e-04
8.84614267e-02 -5.09065175e-04 4.31913089e-04
8.88194496e-02 -2.26748396e-04 4.23613201e-04
8.91774710e-02 3.17569846e-04 4.22702996e-04
8.95354910e-02 1.33195533e-04 4.33788518e-04
8.98935095e-02 -2.54966348e-04 4.22735115e-04
9.02515266e-02 1.65947721e-04 4.15407618e-04
9.06095421e-02 -9.86097950e-05 4.21005393e-04
9.09675562e-02 3.21917104e-05 4.42893836e-04
9.13255687e-02 5.54082504e-04 4.18097684e-04
9.16835798e-02 9.32921630e-04 4.29508749e-04
9.20415894e-02 -9.49527450e-04 4.33486901e-04
9.23995974e-02 -5.82273654e-05 4.21809528e-04
9.27576039e-02 5.26475050e-04 4.26867256e-04
9.31156089e-02 5.98535698e-04 4.31378496e-04
9.34736124e-02 2.20813196e-04 4.16074228e-04
9.38316143e-02 4.89088407e-04 4.22638868e-04
9.41896147e-02 1.20301388e-03 4.26527783e-04
9.45476136e-02 3.80284196e-05 4.19436822e-04
9.49056108e-02 -1.54924466e-04 4.04301008e-04
9.52636066e-02 -5.49264152e-05 4.11536318e-04
9.56216007e-02 -5.59303013e-04 4.04417415e-04
9.59795933e-02 2.08608112e-04 4.24646279e-04
9.63375843e-02 1.37858372e-04 4.02805054e-04
9.66955738e-02 1.31917511e-04 4.12824755e-04
9.70535616e-02 1.93846136e-04 4.03024405e-04
9.74115478e-02 -2.55173736e-05 4.04083087e-04
9.77695325e-02 -3.83135206e-04 4.10996153e-04
9.81275155e-02 -3.08828036e-04 4.05670144e-04
9.84854969e-02 -5.99644643e-04 4.03494005e-04
9.88434768e-02 1.99080901e-04 4.09151015e-04
9.92014549e-02 -1.12253243e-04 4.05061389e-04
9.95594315e-02 6.76961993e-04 4.08845054e-04
9.99174064e-02 -2.35993900e-05 3.95330477e-04
1.00275380e-01 -2.66024222e-04 3.90386632e-04
1.00633351e-01 2.36962997e-04 3.79538341e-04
1.00991321e-01 -1.05957476e-04 3.76577631e-04
1.01349290e-01 -5.93592997e-04 3.94214092e-04
1.01707256e-01 -4.15950322e-04 3.80310446e-04
1.02065221e-01 2.44006860e-04 3.92502730e-04
1.02423184e-01 -1.61753061e-04 3.85288842e-04
1.02781146e-01 4.26194224e-04 3.91228599e-04
1.03139106e-01 -5.08010597e-06 3.96920296e-04
1.03497064e-01 -3.68296274e-04 3.77753358e-04
1.03855021e-01 -7.81281921e-04 3.84861025e-04
1.04212976e-01 -5.17876764e-04 3.83145197e-04
1.04570929e-01 2.41346294e-04 3.96327936e-04
1.04928880e-01 2.10099638e-05 3.88547000e-04
1.05286830e-01 -2.49395589e-05 3.94729019e-04
1.05644778e-01 7.24775826e-04 3.95608820e-04
1.06002724e-01 -7.56205537e-04 3.84620084e-04
1.06360668e-01 -3.21644367e-06 4.09466981e-04
1.06718611e-01 -1.16459527e-04 3.98061172e-04
1.07076552e-01 -4.14360140e-04 4.02722876e-04
1.07434491e-01 -2.95520240e-05 3.97218410e-04
1.07792429e-01 4.14799962e-04 3.91108685e-04
1.08150364e-01 -5.38878833e-04 4.01246820e-04
1.08508298e-01 2.46573210e-05 3.84151091e-04
1.08866230e-01 -3.07183213e-04 3.89073338e-04
1.09224160e-01 1.35267452e-04 3.96660400e-04
1.09582089e-01 -1.57877987e-04 3.97156659e-04
1.09940016e-01 2.72480810e-04 3.94987955e-04
1.10297941e-01 -3.38113864e-04 3.86857082e-04
1.10655864e-01 1.94428334e-04 3.90249627e-04
1.11013785e-01 1.64703071e-04 3.82135031e-04
1.11371704e-01 1.12818439e-04 3.84975194e-04
1.11729622e-01 3.63145579e-06 3.92836630e-04
1.12087538e-01 3.24990298e-04 3.85940592e-04
1.12445452e-01 -5.28406992e-05 3.89103439e-04
1.12803364e-01 -2.69661041e-04 3.77225190e-04
1.13161274e-01 3.21484539e-05 3.71255626e-04
1.13519182e-01 -3.18472858e-04 3.80428896e-04
1.13877089e-01 2.77208970e-04 3.73249993e-04
1.14234994e-01 -7.97945717e-05 3.84086367e-04
1.14592896e-01 -1.47257898e-04 3.68313424e-04
1.14950797e-01 1.26803839e-04 3.78589013e-04
1.15308696e-01 -1.01550467e-04 3.67472777e-04
1.15666593e-01 -3.01817428e-04 3.64669514e-04
1.16024488e-01 9.50070179e-05 3.69113790e-04
1.16382382e-01 -3.34495445e-05 3.75335031e-04
1.16740273e-01 1.75884546e-04 3.75746627e-04
1.17098163e-01 -1.47980962e-04 3.55144358e-04
1.17456050e-01 -1.77538339e-04 3.60058741e-04
1.17813936e-01 -2.30033651e-04 3.74623252e-04
1.18171819e-01 -2.86097512e-04 3.76847395e-04
1.18529701e-01 9.78850246e-05 3.65919266e-04
1.18887581e-01 -2.39225090e-04 3.77228813e-04
1.19245459e-01 1.32922350e-04 3.77183892e-04
1.19603335e-01 -5.51803286e-04 3.70241137e-04
1.19961208e-01 -9.26129338e-04 3.66482175e-04
1.20319080e-01 4.71029643e-04 3.81955681e-04
1.20676950e-01 4.81983247e-04 3.72846401e-04
1.21034818e-01 -1.75237624e-04 3.66227490e-04
1.21392684e-01 -1.51714665e-04 3.78342075e-04
1.21750548e-01 -6.45207343e-05 3.74888088e-04
1.22108410e-01 4.74448850e-04 3.84275204e-04
1.22466270e-01 4.61169321e-04 3.62918752e-04
1.22824128e-01 -1.58847251e-04 3.68826085e-04
1.23181984e-01 7.00483328e-04 3.69836967e-04
1.23539838e-01 -3.23432415e-04 3.73619637e-04
1.23897690e-01 -3.42838093e-04 3.63886586e-04
1.24255540e-01 -4.01930831e-04 3.74720615e-04
1.24613388e-01 1.14904366e-04 3.73444149e-04
1.24971233e-01 -3.49895857e-04 3.56170324e-04
1.25329077e-01 2.66129448e-04 3.70418299e-04
1.25686919e-01 3.08247494e-04 3.63423311e-04
1.26044758e-01 -1.30995405e-04 3.49279939e-04
1.26402596e-01 -5.78948000e-04 3.51996544e-04
1.26760431e-01 5.83900203e-04 3.56082925e-04
1.27118265e-01 -1.28457576e-05 3.55897183e-04
1.27476096e-01 5.15450587e-04 3.50675018e-04
1.27833925e-01 4.79489007e-05 3.54609543e-04
1.28191752e-01 -1.10375940e-04 3.53674175e-04
1.28549577e-01 -7.03098393e-05 3.50028952e-04
1.28907400e-01 4.48611856e-04 3.48658570e-04
1.29265221e-01 1.29486654e-04 3.55844178e-04
1.29623040e-01 -3.14818808e-04 3.48701184e-04
1.29980856e-01 -2.85192586e-04 3.58688353e-04
1.30338670e-01 2.64306922e-04 3.50345628e-04
1.30696483e-01 -4.19516302e-04 3.42009021e-04
1.31054293e-01 8.70678830e-05 3.45715068e-04
1.31412101e-01 7.46358138e-05 3.47571332e-04
1.31769906e-01 2.90812057e-05 3.42606259e-04
1.32127710e-01 8.08951376e-04 3.41583450e-04
1.32485511e-01 5.62458671e-04 3.37436915e-04
1.32843311e-01 -6.88311016e-05 3.38110278e-04
1.33201108e-01 6.38444962e-04 3.39317832e-04
1.33558903e-01 -1.08450109e-04 3.37962546e-04
1.33916695e-01 3.39412368e-04 3.39729296e-04
1.34274486e-01 4.01556882e-04 3.44517379e-04
1.34632274e-01 2.65909461e-04 3.39818385e-04
1.34990060e-01 1.96064052e-04 3.41302828e-04
1.35347844e-01 -3.56102299e-04 3.33069399e-04
1.35705626e-01 5.19655473e-04 3.37778646e-04
1.36063405e-01 2.75760347e-04 3.35249737e-04
1.36421182e-01 3.50289206e-04 3.39003258e-04
1.36778957e-01 -4.89357018e-05 3.34059531e-04
1.37136730e-01 -1.74737106e-04 3.36959415e-04
1.37494500e-01 5.86756801e-04 3.36473157e-04
1.37852269e-01 1.36167048e-05 3.25695747e-04
1.38210034e-01 8.29781012e-05 3.33860383e-04
1.38567798e-01 -3.63958546e-04 3.32339323e-04
1.38925559e-01 9.92894800e-05 3.34203395e-04
1.39283319e-01 -5.12080451e-04 3.36750964e-04
1.39641075e-01 -3.62852408e-04 3.23650678e-04
1.39998830e-01 -6.84917614e-05 3.29583697e-04
1.40356582e-01 -2.39866718e-04 3.26133732e-04
1.40714332e-01 5.45508885e-04 3.34228279e-04
1.41072080e-01 5.09269247e-04 3.35627236e-04
1.41429825e-01 3.98973589e-04 3.37247340e-04
1.41787568e-01 -7.84939759e-05 3.30933980e-04
1.42145308e-01 -3.56109815e-05 3.29660431e-04
1.42503047e-01 4.72647689e-04 3.26758545e-04
1.42860783e-01 1.09468033e-04 3.19256258e-04
1.43218516e-01 2.68242712e-04 3.27229380e-04
1.43576247e-01 1.07093914e-04 3.26206737e-04
1.43933976e-01 1.32205021e-04 3.24260602e-04
1.44291703e-01 -8.34735110e-05 3.27392505e-04
1.44649427e-01 1.90798709e-04 3.29834586e-04
1.45007149e-01 -1.35624463e-05 3.18489055e-04
1.45364868e-01 -2.20233651e-04 3.21102021e-04
1.45722585e-01 7.84762019e-05 3.12265584e-04
1.46080300e-01 7.27502948e-05 3.24411611e-04
1.46438012e-01 -5.23791841e-04 3.16393293e-04
1.46795722e-01 2.39605876e-04 3.16634977e-04
1.47153429e-01 -7.67514598e-05 3.06609332e-04
1.47511134e-01 9.16899907e-05 3.14878119e-04
1.47868837e-01 -2.96665679e-04 3.17888972e-04
1.48226537e-01 1.30116906e-04 3.14683395e-04
1.48584235e-01 -3.07137126e-04 3.10473267e-04
1.48941930e-01 -2.39087972e-04 3.08358593e-04
1.49299623e-01 -2.50453138e-04 3.21115689e-04
1.49657313e-01 7.19566008e-05 3.20085747e-04
1.50015001e-01 1.72753917e-04 3.11142884e-04
1.50372687e-01 -1.94896776e-04 3.09082439e-04
1.50730370e-01 -8.11754577e-05 3.13329048e-04
1.51088050e-01 1.86583920e-04 3.17922017e-04
1.51445728e-01 -6.52401942e-05 3.10796765e-04
1.51803404e-01 -1.74240945e-04 3.16116171e-04
1.52161077e-01 1.68577874e-05 3.19456854e-04
1.52518747e-01 1.19817141e-04 3.04859866e-04
1.52876416e-01 1.12813457e-04 3.06434758e-04
1.53234081e-01 9.77496417e-04 3.08192526e-04
1.53591744e-01 -1.56561712e-04 3.13192579e-04
1.53949405e-01 1.47516356e-04 3.10886545e-04
1.54307063e-01 -6.19699841e-04 3.02522456e-04
1.54664718e-01 1.05372904e-04 3.10757644e-04
1.55022371e-01 -5.74337932e-04 3.10913021e-04
1.55380021e-01 -1.61916910e-04 3.05014769e-04
1.55737669e-01 -1.62965151e-04 3.03811894e-04
1.56095314e-01 -3.57342831e-04 3.16030179e-04
1.56452957e-01 -2.31014416e-04 3.04899739e-04
1.56810597e-01 1.63561738e-04 3.09392314e-04
1.57168235e-01 -2.31156561e-04 3.05504744e-04
1.57525870e-01 -1.50877630e-04 3.01300725e-04
1.57883502e-01 1.76300399e-04 3.03982567e-04
1.58241132e-01 -6.03816741e-05 3.07005197e-04
1.58598759e-01 9.38123936e-06 2.99451345e-04
1.58956384e-01 -4.52150617e-04 3.02667388e-04
1.59314006e-01 -1.31811097e-04 3.00982091e-04
1.59671625e-01 3.08274474e-04 2.91383181e-04
1.60029242e-01 -2.37223131e-04 2.97905614e-04
1.60386856e-01 7.38507668e-04 3.07440222e-04
1.60744468e-01 -1.09856520e-04 3.04576753e-04
1.61102076e-01 -6.90978579e-04 2.99842988e-04
1.61459683e-01 -1.54007728e-04 2.98768108e-04
1.61817286e-01 3.93571474e-04 3.00020612e-04
1.62174887e-01 4.76920557e-04 2.93445790e-04
1.62532485e-01 3.08025179e-04 3.04509604e-04
1.62890081e-01 1.08010484e-04 2.92254059e-04
1.63247674e-01 -4.53989777e-04 3.00010631e-04
1.63605264e-01 -1.06123378e-04 2.91682757e-04
1.63962852e-01 -3.84712858e-04 2.95043385e-04
1.64320437e-01 3.33353401e-04 2.95211952e-04
1.64678019e-01 1.43221886e-04 2.98823855e-04
1.65035598e-01 1.85332277e-04 2.91598961e-04
1.65393175e-01 2.80342355e-04 2.88568213e-04
1.65750749e-01 -2.39564703e-04 2.92379817e-04
1.66108320e-01 1.39314025e-04 2.96519805e-04
1.66465889e-01 -5.65392600e-04 2.88902266e-04
1.66823455e-01 -4.37671439e-04 2.88336614e-04
1.67181018e-01 -5.72948416e-06 2.97036392e-04
1.67538578e-01 4.65070574e-04 2.92571396e-04
1.67896136e-01 1.76118487e-04 2.96005798e-04
1.68253691e-01 2.33614528e-04 2.90925052e-04
1.68611243e-01 -1.81056904e-05 2.90088536e-04
1.68968792e-01 4.18648005e-04 2.95130581e-04
1.69326339e-01 8.37604033e-05 2.90756624e-04
1.69683883e-01 4.61317087e-05 2.86167406e-04
1.70041424e-01 -1.73342616e-04 2.86710229e-04
1.70398962e-01 2.17608464e-05 2.93332636e-04
1.70756497e-01 -2.81955998e-04 2.85057030e-04
1.71114030e-01 9.93279005e-05 2.87674745e-04
1.71471560e-01 3.74550018e-04 2.85842716e-04
1.71829087e-01 -7.94522668e-04 2.86025574e-04
1.72186611e-01 -1.81982510e-04 2.84843548e-04
1.72544132e-01 -7.47253976e-05 2.86814989e-04
1.72901651e-01 1.90425580e-05 2.84915968e-04
1.73259167e-01 -5.31955309e-04 2.85141832e-04
1.73616679e-01 1.54556590e-04 2.86892040e-04
1.73974189e-01 -8.87636455e-05 2.86406691e-04
1.74331697e-01 9.42119081e-05 2.86948990e-04
1.74689201e-01 8.80489513e-05 2.87722468e-04
1.75046702e-01 -1.80314261e-04 2.81970957e-04
1.75404201e-01 -5.07972826e-05 2.86427257e-04
1.75761697e-01 1.02242415e-04 2.83516453e-04
1.76119189e-01 -1.18520035e-04 2.83714572e-04
1.76476679e-01 -5.32392267e-05 2.86311716e-04
1.76834166e-01 -3.58307477e-04 2.81853023e-04
1.77191650e-01 3.36217828e-05 2.80495283e-04
1.77549132e-01 3.49425971e-04 2.79460126e-04
1.77906610e-01 3.05780937e-04 2.80542944e-04
1.78264085e-01 3.48299077e-05 2.76439421e-04
1.78621558e-01 -4.95522058e-04 2.77532348e-04
1.78979027e-01 -1.37388861e-04 2.72849719e-04
1.79336494e-01 5.92613081e-04 2.77655266e-04
1.79693958e-01 -4.72946498e-04 2.75455825e-04
1.80051418e-01 2.02424743e-04 2.76796948e-04
1.80408876e-01 -5.66192174e-04 2.78192727e-04
1.80766331e-01 3.03384756e-04 2.79058289e-04
1.81123783e-01 -1.42977695e-04 2.81746067e-04
1.81481232e-01 2.99941977e-04 2.83244773e-04
1.81838677e-01 -1.23805502e-04 2.89082412e-04
1.82196120e-01 1.51371635e-04 2.82499187e-04
1.82553560e-01 -3.70010201e-04 2.87880856e-04
1.82910997e-01 1.13719996e-04 2.80373452e-04
1.83268431e-01 2.92129133e-05 2.88324071e-04
1.83625862e-01 1.23981918e-04 2.83959547e-04
1.83983290e-01 6.35659576e-05 2.80002293e-04
1.84340715e-01 3.09367428e-04 2.85538962e-04
1.84698137e-01 4.30523230e-04 2.82560109e-04
1.85055556e-01 -6.41673763e-05 2.84987350e-04
1.85412971e-01 1.49814524e-04 2.83985992e-04
1.85770384e-01 -2.16390383e-04 2.84723739e-04
1.86127794e-01 -2.78569700e-04 2.87376004e-04
1.86485200e-01 -5.12388386e-04 2.77845042e-04
1.86842604e-01 -3.04590799e-04 2.82136738e-04
1.87200005e-01 -1.82282048e-04 2.78308875e-04
1.87557402e-01 -4.74462416e-04 2.74990443e-04
1.87914797e-01 -1.11845753e-04 2.74187841e-04
1.88272188e-01 1.28792182e-04 2.71930825e-04
1.88629576e-01 -4.26059031e-05 2.81690769e-04
1.88986961e-01 5.74903133e-05 2.76237199e-04
1.89344343e-01 -6.50068842e-05 2.74434152e-04
1.89701722e-01 -8.31772957e-05 2.76297298e-04
1.90059098e-01 3.34685511e-04 2.74541575e-04
1.90416471e-01 4.94587359e-04 2.81621144e-04
1.90773840e-01 -3.24834381e-04 2.72839464e-04
1.91131207e-01 3.59135447e-04 2.73221045e-04
1.91488570e-01 1.79211894e-04 2.75185641e-04
1.91845930e-01 -1.08362806e-04 2.66392193e-04
1.92203287e-01 -3.57521077e-04 2.68420017e-04
1.92560641e-01 2.12900626e-05 2.69168605e-04
1.92917992e-01 -1.62225871e-04 2.65313456e-04
1.93275340e-01 -2.32581587e-04 2.67614593e-04
1.93632684e-01 -2.37240475e-04 2.73229250e-04
1.93990025e-01 -3.73706448e-04 2.72103449e-04
1.94347363e-01 -4.83130619e-04 2.71184492e-04
1.94704698e-01 1.61013201e-04 2.74426581e-04
1.95062030e-01 6.50398939e-05 2.73177380e-04
1.95419358e-01 -1.19342542e-05 2.71857449e-04
1.95776684e-01 1.25790793e-04 2.74255691e-04
1.96134006e-01 1.23824326e-04 2.69902166e-04
1.96491324e-01 2.38584578e-04 2.65139170e-04
1.96848640e-01 -1.38240551e-04 2.70110189e-04
1.97205953e-01 3.52913074e-04 2.72322437e-04
1.97563262e-01 -5.23170999e-05 2.78778672e-04
1.97920568e-01 9.95165203e-05 2.71521809e-04
1.98277870e-01 -4.44128267e-04 2.63769984e-04
1.98635170e-01 -4.81966369e-05 2.70588240e-04
1.98992466e-01 8.38608531e-05 2.74839847e-04
1.99349759e-01 2.28294743e-04 2.69215989e-04
1.99707049e-01 -9.04635263e-05 2.63001330e-04
2.00064335e-01 -2.26204278e-04 2.70345263e-04
2.00421618e-01 4.84167330e-04 2.73099501e-04
2.00778898e-01 -1.81067789e-04 2.67012653e-04
2.01136174e-01 5.83721145e-05 2.63622757e-04
2.01493448e-01 8.07355580e-05 2.65055507e-04
2.01850718e-01 -2.84040165e-04 2.57250994e-04
2.02207984e-01 -1.44324137e-04 2.59770915e-04
2.02565248e-01 -1.16514152e-04 2.60446585e-04
2.02922508e-01 -1.34690172e-05 2.58808476e-04
2.03279764e-01 -1.34738392e-05 2.58445724e-04
2.03637018e-01 2.18921803e-04 2.62940854e-04
2.03994268e-01 -3.55110015e-05 2.61131438e-04
2.04351514e-01 -9.44760802e-05 2.54531988e-04
2.04708758e-01 2.73849495e-05 2.62561188e-04
2.05065998e-01 -9.63441594e-05 2.59995628e-04
2.05423234e-01 9.27188287e-05 2.59292911e-04
2.05780467e-01 -5.58245780e-05 2.57406628e-04
2.06137697e-01 -1.25107514e-05 2.59387356e-04
2.06494924e-01 -3.25583670e-04 2.58798737e-04
2.06852147e-01 -2.20499587e-04 2.57756460e-04
2.07209367e-01 2.70609938e-04 2.60040538e-04
2.07566583e-01 6.64383853e-05 2.61779011e-04
2.07923796e-01 1.06910596e-04 2.58211581e-04
2.08281005e-01 -2.06408326e-04 2.55186263e-04
2.08638211e-01 2.71737183e-04 2.57271622e-04
2.08995414e-01 3.08210725e-04 2.50975900e-04
2.09352613e-01 -3.34771074e-04 2.51969495e-04
2.09709809e-01 1.03261384e-04 2.52859470e-04
2.10067002e-01 2.05103881e-04 2.52775435e-04
2.10424191e-01 -3.29411670e-04 2.53906345e-04
2.10781376e-01 -3.43163710e-04 2.52440093e-04
2.11138558e-01 3.07920350e-04 2.52471996e-04
2.11495737e-01 2.72068529e-04 2.49529198e-04
2.11852912e-01 -1.78268844e-04 2.58913420e-04
2.12210084e-01 2.79099099e-04 2.49777329e-04
2.12567252e-01 1.21398334e-05 2.47751089e-04
2.12924416e-01 -3.31520459e-05 2.48350427e-04
2.13281578e-01 8.97136738e-05 2.50363151e-04
2.13638735e-01 1.31024064e-04 2.49222505e-04
2.13995890e-01 -2.30370642e-05 2.48060364e-04
2.14353040e-01 1.00760070e-04 2.47135955e-04
2.14710188e-01 -1.78908080e-04 2.42179398e-04
2.15067331e-01 1.51180443e-04 2.45871487e-04
2.15424471e-01 2.10264209e-05 2.48811971e-04
2.15781608e-01 2.10088883e-04 2.47799243e-04
2.16138741e-01 1.73027713e-04 2.46166187e-04
2.16495871e-01 3.05764503e-04 2.45624230e-04
2.16852997e-01 -1.44808271e-04 2.47658173e-04
2.17210119e-01 2.48794839e-04 2.47044470e-04
2.17567238e-01 6.25230958e-05 2.45503144e-04
2.17924354e-01 -1.82654700e-04 2.42346562e-04
2.18281465e-01 -1.32364162e-04 2.44969585e-04
2.18638574e-01 -3.68581287e-05 2.43469834e-04
2.18995678e-01 -6.21469219e-05 2.40960650e-04
2.19352779e-01 -5.14118399e-05 2.41787442e-04
2.19709877e-01 -1.24468765e-04 2.44404312e-04
2.20066971e-01 2.46293961e-04 2.40146620e-04
2.20424061e-01 2.22752678e-05 2.39307965e-04
2.20781147e-01 -3.26606671e-04 2.36909690e-04
2.21138230e-01 -6.73931817e-05 2.37955185e-04
2.21495310e-01 -1.82647597e-04 2.42027255e-04
2.21852386e-01 -2.48039879e-04 2.36578927e-04
2.22209458e-01 2.35062428e-04 2.40172946e-04
2.22566526e-01 6.74889300e-05 2.39229869e-04
2.22923591e-01 -1.16125112e-04 2.37492301e-04
2.23280652e-01 1.98226145e-04 2.34362246e-04
2.23637710e-01 1.51687032e-04 2.37314929e-04
2.23994764e-01 -2.88613306e-04 2.30508763e-04
2.24351814e-01 1.13793086e-04 2.37660147e-04
2.24708861e-01 -3.68900553e-05 2.38764948e-04
2.25065904e-01 -1.62866144e-04 2.37443546e-04
2.25422943e-01 -3.29697240e-04 2.36253513e-04
2.25779978e-01 -1.66954382e-04 2.37094476e-04
2.26137010e-01 -2.56283702e-04 2.38778344e-04
2.26494038e-01 -1.19773566e-04 2.34505990e-04
2.26851063e-01 1.91205239e-04 2.37192570e-04
2.27208083e-01 3.07816193e-04 2.38457576e-04
2.27565100e-01 -2.22090222e-04 2.33543067e-04
2.27922114e-01 -1.93220527e-05 2.34746940e-04
2.28279123e-01 9.14937114e-05 2.35159675e-04
2.28636129e-01 -1.41053763e-04 2.33633136e-04
2.28993131e-01 -6.42827210e-05 2.35409091e-04
2.29350129e-01 3.50839011e-04 2.33432832e-04
2.29707124e-01 -2.99915529e-04 2.32876149e-04
2.30064115e-01 -2.75993689e-04 2.34087707e-04
2.30421102e-01 7.03056253e-05 2.35958598e-04
2.30778085e-01 2.04971862e-04 2.35959103e-04
2.31135064e-01 -2.49630536e-04 2.29679770e-04
2.31492040e-01 -4.46822753e-05 2.32819467e-04
2.31849012e-01 -1.48828297e-04 2.33436935e-04
2.32205980e-01 -5.88614557e-04 2.30227474e-04
2.32562944e-01 -1.92597566e-04 2.29874078e-04
2.32919905e-01 -2.45588058e-04 2.33332205e-04
2.33276862e-01 -3.79227256e-05 2.35059837e-04
2.33633814e-01 7.26340309e-05 2.29696416e-04
2.33990763e-01 2.92985460e-04 2.34524717e-04
2.34347709e-01 -1.43114352e-04 2.27684647e-04
2.34704650e-01 -1.55835781e-04 2.26268240e-04
2.35061588e-01 -2.68432953e-05 2.32621062e-04
2.35418521e-01 5.23735586e-04 2.27823705e-04
2.35775451e-01 -1.08173966e-04 2.29205886e-04
2.36132377e-01 -3.37588887e-05 2.30580841e-04
2.36489299e-01 -3.10474568e-05 2.29097934e-04
2.36846218e-01 -4.44467028e-05 2.25787547e-04
2.37203132e-01 -7.12079788e-05 2.28807918e-04
2.37560042e-01 1.86911390e-04 2.26784072e-04
2.37916949e-01 -1.48693146e-04 2.24510155e-04
2.38273852e-01 2.77573748e-04 2.24580642e-04
2.38630751e-01 -4.08981563e-05 2.22782352e-04
2.38987645e-01 6.73853973e-05 2.26787579e-04
2.39344537e-01 9.61007895e-05 2.24602793e-04
2.39701424e-01 6.55021015e-05 2.23443868e-04
2.40058307e-01 1.82104788e-05 2.22870562e-04
2.40415186e-01 -2.57198161e-04 2.25478057e-04
2.40772061e-01 -1.17036477e-04 2.24881250e-04
2.41128933e-01 -2.46994400e-05 2.23237335e-04
2.41485800e-01 -6.35451686e-05 2.22527091e-04
2.41842664e-01 -2.19874943e-04 2.24184853e-04
2.42199523e-01 -6.81913684e-05 2.24426982e-04
2.42556379e-01 4.05544389e-05 2.23879308e-04
2.42913230e-01 -1.37179702e-04 2.22235820e-04
2.43270078e-01 1.75697006e-04 2.21075619e-04
2.43626922e-01 3.61815397e-04 2.20477446e-04
2.43983761e-01 1.61903169e-04 2.26193883e-04
2.44340597e-01 -2.24593249e-04 2.25138879e-04
2.44697429e-01 -3.92472160e-04 2.22577239e-04
2.45054256e-01 -1.62372149e-04 2.17446219e-04
2.45411080e-01 -2.69296482e-04 2.18251174e-04
2.45767900e-01 1.37566074e-04 2.17406990e-04
2.46124715e-01 -1.13308375e-04 2.17422649e-04
2.46481527e-01 -2.74093589e-04 2.12341286e-04
2.46838334e-01 -1.42109933e-04 2.17900137e-04
2.47195138e-01 -4.81637232e-05 2.19782052e-04
2.47551938e-01 -7.33373476e-05 2.16964791e-04
2.47908733e-01 -2.33297268e-04 2.20290355e-04
2.48265524e-01 2.90341480e-04 2.18046517e-04
2.48622312e-01 -1.78277553e-04 2.17653892e-04
2.48979095e-01 -1.51126905e-04 2.12562467e-04
2.49335874e-01 -8.46696183e-05 2.13132241e-04
2.49692649e-01 3.07016285e-05 2.14326916e-04
2.50049420e-01 2.36210046e-04 2.16950768e-04
2.50406187e-01 2.60854834e-04 2.13421912e-04
2.50762950e-01 3.20023043e-05 2.16731131e-04
2.51119709e-01 3.50276356e-05 2.14038000e-04
2.51476464e-01 -1.35309082e-04 2.13370862e-04
2.51833214e-01 1.61329297e-04 2.12209177e-04
2.52189961e-01 1.62201841e-04 2.11499178e-04
2.52546703e-01 -2.88712360e-04 2.10481816e-04
2.52903441e-01 -2.19004585e-04 2.11144005e-04
2.53260175e-01 -2.63467088e-05 2.12768647e-04
2.53616905e-01 1.21539006e-04 2.11199579e-04
2.53973631e-01 6.18239299e-04 2.15999954e-04
2.54330352e-01 2.31388270e-04 2.13118031e-04
2.54687070e-01 -1.36810776e-04 2.11534894e-04
2.55043783e-01 1.81921113e-05 2.14702518e-04
2.55400492e-01 2.40495194e-04 2.10182385e-04
2.55757197e-01 1.47134192e-04 2.12947824e-04
2.56113898e-01 -1.71234388e-04 2.11105668e-04
2.56470595e-01 -4.84928397e-05 2.13212443e-04
2.56827287e-01 1.30322740e-04 2.12454610e-04
2.57183975e-01 7.68718123e-05 2.11096853e-04
2.57540659e-01 6.99363249e-07 2.15978975e-04
2.57897339e-01 2.26138116e-04 2.19456666e-04
2.58254014e-01 -2.36439074e-05 2.19281177e-04
2.58610686e-01 -1.75829671e-04 2.12271135e-04
2.58967353e-01 -5.01394538e-06 2.15484297e-04
2.59324016e-01 -4.58650725e-05 2.15066823e-04
2.59680674e-01 -1.94752405e-04 2.13645215e-04
2.60037329e-01 -1.05476479e-04 2.12819703e-04
2.60393979e-01 3.92423999e-04 2.12590526e-04
2.60750625e-01 -3.23026034e-05 2.15992393e-04
2.61107266e-01 2.79586103e-04 2.14208504e-04
2.61463904e-01 -6.72057403e-05 2.16432147e-04
2.61820537e-01 3.35594697e-05 2.13299524e-04
2.62177166e-01 2.24793876e-04 2.15105868e-04
2.62533790e-01 3.26936991e-04 2.18162592e-04
2.62890410e-01 -4.44801876e-04 2.15516213e-04
2.63247026e-01 -2.74638741e-04 2.13620576e-04
2.63603638e-01 1.14467754e-04 2.14173333e-04
2.63960245e-01 -1.77367631e-04 2.11824814e-04
2.64316848e-01 -1.68146304e-04 2.13955773e-04
2.64673447e-01 7.18993733e-05 2.12809148e-04
2.65030042e-01 6.56375574e-05 2.13363846e-04
2.65386632e-01 2.27377738e-05 2.12990906e-04
2.65743217e-01 -1.03374715e-05 2.13418341e-04
2.66099799e-01 -2.50961081e-04 2.13079279e-04
2.66456376e-01 -3.09719526e-04 2.18100442e-04
2.66812948e-01 -7.90106290e-05 2.16219305e-04
2.67169517e-01 3.11578906e-04 2.14719039e-04
2.67526081e-01 1.08516232e-04 2.14906815e-04
2.67882640e-01 -8.83211130e-05 2.17351969e-04
2.68239195e-01 4.41938137e-04 2.15548863e-04
2.68595746e-01 -5.21450225e-05 2.14178297e-04
2.68952293e-01 3.69660989e-04 2.18731237e-04
2.69308835e-01 9.50892331e-05 2.18974730e-04
2.69665372e-01 -4.99432633e-05 2.18526204e-04
2.70021906e-01 8.78034641e-05 2.20315805e-04
2.70378435e-01 -1.15775904e-04 2.20885278e-04
2.70734959e-01 1.61862020e-04 2.19943197e-04
2.71091479e-01 1.25040565e-04 2.20130125e-04
2.71447995e-01 -3.92281838e-05 2.22128420e-04
2.71804506e-01 -1.54694740e-04 2.24539769e-04
2.72161012e-01 3.45051727e-04 2.28754288e-04
2.72517515e-01 -6.18688053e-05 2.21839227e-04
2.72874012e-01 -5.44905134e-05 2.26194779e-04
