1.54026655e-02 1.16250046e-02 1.75265790e-03
1.57608633e-02 1.10356846e-02 1.80183616e-03
1.61190608e-02 1.30384302e-02 1.64557768e-03
1.64772580e-02 9.38679769e-03 1.52485806e-03
1.68354550e-02 1.35259260e-02 1.46648425e-03
1.71936517e-02 1.50417988e-02 1.44761190e-03
1.75518481e-02 1.43241605e-02 1.45367215e-03
1.79100442e-02 1.24851867e-02 1.31453711e-03
1.82682400e-02 1.05783578e-02 1.27342054e-03
1.86264355e-02 1.33634291e-02 1.31422165e-03
1.89846308e-02 1.31578082e-02 1.24928033e-03
1.93428257e-02 1.18993535e-02 1.24995812e-03
1.97010202e-02 1.11674322e-02 1.22035361e-03
2.00592145e-02 1.33089546e-02 1.18611256e-03
2.04174084e-02 1.01061513e-02 1.14772232e-03
2.07756020e-02 1.22598445e-02 1.07244640e-03
2.11337953e-02 1.49146456e-02 1.06446766e-03
2.14919882e-02 1.27383228e-02 1.13853225e-03
2.18501808e-02 1.24561384e-02 1.08719125e-03
2.22083729e-02 1.40683484e-02 1.08755795e-03
2.25665648e-02 1.30289334e-02 1.03784928e-03
2.29247562e-02 1.32203773e-02 1.04416290e-03
2.32829473e-02 1.39881600e-02 1.00779880e-03
2.36411380e-02 1.34964893e-02 1.02916126e-03
2.39993283e-02 1.16364957e-02 9.77748288e-04
2.43575182e-02 1.20749583e-02 9.60362592e-04
2.47157077e-02 1.43072668e-02 9.66692831e-04
2.50738968e-02 1.38679895e-02 9.69256785e-04
2.54320855e-02 1.18815845e-02 9.28317330e-04
2.57902738e-02 1.35717802e-02 9.19732741e-04
2.61484617e-02 1.20920313e-02 9.70112279e-04
2.65066491e-02 1.37190278e-02 9.00131864e-04
2.68648361e-02 1.19624459e-02 8.90301463e-04
2.72230226e-02 1.30229282e-02 8.47853632e-04
2.75812087e-02 1.13943211e-02 9.13604977e-04
2.79393943e-02 1.31489092e-02 9.00122231e-04
2.82975795e-02 1.25601470e-02 8.78665823e-04
2.86557642e-02 1.19408597e-02 8.44238371e-04
2.90139485e-02 1.30185182e-02 8.55795204e-04
2.93721323e-02 1.35114541e-02 9.16410538e-04
2.97303155e-02 1.30085645e-02 8.34681378e-04
3.00884983e-02 1.26810949e-02 8.90919074e-04
3.04466806e-02 1.41370302e-02 8.90458394e-04
3.08048624e-02 1.23987254e-02 8.83267758e-04
3.11630437e-02 1.30613267e-02 8.76633137e-04
3.15212245e-02 1.19958249e-02 8.95231024e-04
3.18794048e-02 1.23743529e-02 8.33895860e-04
3.22375845e-02 1.20744295e-02 8.68427676e-04
3.25957637e-02 1.30214299e-02 8.55314033e-04
3.29539424e-02 1.32213935e-02 8.41207752e-04
3.33121205e-02 1.17608013e-02 8.84181677e-04
3.36702981e-02 1.15548963e-02 8.91433258e-04
3.40284751e-02 1.24264452e-02 8.56903548e-04
3.43866516e-02 1.28880349e-02 8.49502744e-04
3.47448275e-02 1.29219459e-02 8.17366672e-04
3.51030028e-02 1.18594035e-02 8.00037879e-04
3.54611775e-02 1.28211766e-02 8.26791219e-04
3.58193517e-02 1.18895771e-02 7.66841919e-04
3.61775253e-02 1.29504758e-02 7.69083569e-04
3.65356983e-02 1.21773144e-02 7.67786335e-04
3.68938706e-02 1.22715651e-02 7.63192735e-04
3.72520424e-02 1.10959250e-02 7.79820571e-04
3.76102136e-02 1.21496436e-02 7.45244137e-04
3.79683841e-02 1.08650509e-02 7.07290719e-04
3.83265540e-02 1.14451315e-02 7.42129261e-04
3.86847233e-02 1.09373948e-02 7.37337030e-04
3.90428920e-02 1.04651735e-02 7.24809740e-04
3.94010600e-02 1.28399615e-02 7.58706260e-04
3.97592273e-02 1.03888224e-02 7.26321875e-04
4.01173941e-02 1.21460332e-02 7.23087217e-04
4.04755601e-02 1.13039252e-02 7.03664627e-04
4.08337255e-02 1.07964698e-02 7.27894568e-04
4.11918902e-02 1.02160411e-02 6.98592933e-04
4.15500542e-02 1.02748829e-02 7.00122200e-04
4.19082176e-02 1.21147715e-02 7.01594114e-04
4.22663802e-02 1.08741604e-02 7.10673574e-04
4.26245422e-02 1.12843554e-02 6.94682340e-04
4.29827034e-02 1.11522705e-02 7.60955472e-04
4.33408640e-02 1.22037949e-02 6.87997481e-04
4.36990238e-02 1.08522997e-02 6.96523969e-04
4.40571830e-02 1.01496626e-02 7.14191150e-04
4.44153414e-02 9.69532271e-03 6.74295308e-04
4.47734990e-02 9.97029858e-03 7.15824728e-04
4.51316560e-02 9.71548074e-03 6.88414425e-04
4.54898122e-02 1.09046930e-02 7.07443575e-04
4.58479676e-02 1.06382408e-02 7.21090182e-04
4.62061223e-02 9.76066219e-03 6.89687226e-04
4.65642762e-02 1.13667152e-02 6.62867337e-04
4.69224294e-02 1.03325185e-02 6.85838866e-04
4.72805818e-02 9.79969325e-03 6.89761081e-04
4.76387334e-02 1.02519370e-02 6.93208588e-04
4.79968842e-02 1.11471754e-02 6.80956475e-04
4.83550342e-02 1.13997165e-02 6.45304754e-04
4.87131835e-02 9.96038691e-03 6.63106518e-04
4.90713319e-02 9.40808566e-03 6.58705550e-04
4.94294795e-02 1.10030263e-02 6.90368133e-04
4.97876264e-02 1.03314360e-02 6.57057135e-04
5.01457724e-02 8.82618025e-03 6.49061645e-04
5.05039175e-02 9.81754555e-03 6.27375843e-04
5.08620619e-02 1.09226274e-02 6.39714743e-04
5.12202054e-02 9.57101509e-03 6.25649257e-04
5.15783481e-02 9.79199977e-03 6.14500009e-04
5.19364899e-02 8.40006623e-03 6.32116408e-04
5.22946308e-02 9.03668257e-03 6.15427752e-04
5.26527709e-02 1.01147413e-02 6.19570973e-04
5.30109102e-02 1.04695143e-02 6.10323677e-04
5.33690485e-02 8.95211123e-03 5.84004357e-04
5.37271860e-02 8.72904608e-03 6.54245847e-04
5.40853226e-02 9.36512731e-03 6.22624007e-04
5.44434583e-02 9.46333901e-03 6.27208576e-04
5.48015932e-02 9.47469712e-03 5.96894998e-04
5.51597271e-02 8.51425646e-03 5.93489383e-04
5.55178601e-02 8.28098750e-03 5.84523469e-04
5.58759922e-02 9.74658443e-03 5.78325590e-04
5.62341234e-02 8.85401484e-03 5.94809987e-04
5.65922536e-02 8.36013103e-03 6.01739104e-04
5.69503829e-02 8.29821291e-03 6.10415924e-04
5.73085113e-02 8.03494887e-03 5.79730452e-04
5.76666388e-02 8.26703976e-03 5.87971702e-04
5.80247653e-02 7.79442427e-03 5.83567244e-04
5.83828908e-02 8.45618218e-03 5.72352830e-04
5.87410154e-02 8.50435658e-03 5.70213259e-04
5.90991390e-02 8.41784090e-03 5.53085326e-04
5.94572616e-02 7.83983239e-03 5.49053824e-04
5.98153833e-02 7.71780378e-03 5.58068953e-04
6.01735040e-02 7.60422727e-03 5.71430295e-04
6.05316237e-02 8.76255063e-03 5.45563875e-04
6.08897424e-02 7.30839550e-03 5.51339691e-04
6.12478600e-02 6.82224168e-03 5.47617304e-04
6.16059767e-02 7.74167433e-03 5.55829888e-04
6.19640924e-02 7.73300518e-03 5.53615301e-04
6.23222071e-02 7.63237333e-03 5.57246026e-04
6.26803207e-02 8.11166239e-03 5.29640122e-04
6.30384333e-02 7.52283154e-03 5.33093083e-04
6.33965448e-02 7.15476264e-03 5.12810109e-04
6.37546554e-02 6.81864875e-03 5.40804955e-04
6.41127648e-02 7.62386141e-03 5.40247724e-04
6.44708732e-02 6.19385643e-03 5.29715631e-04
6.48289806e-02 6.31807068e-03 5.41791334e-04
6.51870869e-02 6.96141565e-03 5.30179087e-04
6.55451921e-02 7.32163108e-03 5.36011611e-04
6.59032962e-02 5.94329039e-03 5.23971428e-04
6.62613993e-02 6.86707377e-03 5.43087811e-04
6.66195012e-02 6.65893922e-03 5.13600417e-04
6.69776021e-02 6.51793737e-03 5.31677026e-04
6.73357019e-02 6.59206509e-03 5.08810144e-04
6.76938005e-02 5.98003840e-03 5.00842392e-04
6.80518981e-02 6.43919841e-03 4.85037042e-04
6.84099945e-02 6.92124507e-03 5.10350084e-04
6.87680898e-02 6.74906748e-03 5.07977546e-04
6.91261840e-02 6.80162293e-03 5.08000443e-04
6.94842770e-02 6.34619664e-03 5.02024716e-04
6.98423689e-02 6.50441308e-03 4.85791440e-04
7.02004596e-02 6.22579185e-03 4.99593918e-04
7.05585492e-02 5.52325800e-03 5.01927316e-04
7.09166377e-02 6.09007959e-03 5.07501582e-04
7.12747249e-02 6.07543219e-03 4.93925782e-04
7.16328110e-02 5.52342394e-03 4.98015895e-04
7.19908959e-02 6.32774740e-03 4.96426031e-04
7.23489796e-02 5.84201891e-03 4.96723056e-04
7.27070622e-02 6.00394719e-03 5.07105700e-04
7.30651435e-02 6.51177761e-03 4.99340070e-04
7.34232237e-02 5.26552811e-03 4.77583361e-04
7.37813026e-02 5.52853675e-03 4.81077668e-04
7.41393803e-02 4.94772915e-03 4.89115060e-04
7.44974568e-02 6.03771004e-03 4.72725814e-04
7.48555321e-02 5.67642863e-03 4.68197816e-04
7.52136061e-02 6.32997392e-03 4.92468463e-04
7.55716789e-02 5.13710543e-03 4.74821942e-04
7.59297505e-02 5.65285402e-03 4.69213561e-04
7.62878208e-02 5.64815892e-03 4.78405135e-04
7.66458899e-02 4.68472901e-03 4.72213819e-04
7.70039577e-02 4.84852202e-03 4.74202041e-04
7.73620242e-02 4.29649125e-03 4.74216390e-04
7.77200895e-02 4.62358587e-03 4.49050968e-04
7.80781535e-02 4.27402587e-03 4.53546528e-04
7.84362162e-02 4.84752147e-03 4.68041514e-04
7.87942776e-02 4.78615895e-03 4.59941787e-04
7.91523377e-02 4.46272856e-03 4.48514779e-04
7.95103965e-02 4.44831891e-03 4.80668688e-04
7.98684540e-02 4.35399302e-03 4.59652466e-04
8.02265102e-02 4.06209075e-03 4.53628197e-04
8.05845651e-02 4.23007948e-03 4.64594745e-04
8.09426186e-02 4.80987938e-03 4.63225942e-04
8.13006709e-02 4.60128721e-03 4.59374881e-04
8.16587217e-02 4.34170110e-03 4.58303504e-04
8.20167713e-02 3.88171730e-03 4.57811056e-04
8.23748195e-02 4.94597648e-03 4.51264229e-04
8.27328663e-02 4.19290281e-03 4.41874404e-04
8.30909118e-02 4.42261394e-03 4.59026325e-04
8.34489559e-02 4.07832213e-03 4.40421697e-04
8.38069986e-02 4.76502740e-03 4.44988355e-04
8.41650400e-02 4.16365433e-03 4.36840564e-04
8.45230800e-02 3.68509176e-03 4.41769519e-04
8.48811185e-02 4.35822307e-03 4.56487310e-04
8.52391557e-02 3.69425081e-03 4.64500351e-04
8.55971915e-02 3.78234084e-03 4.50998998e-04
8.59552259e-02 4.16500866e-03 4.57026804e-04
8.63132589e-02 4.11353219e-03 4.53944218e-04
8.66712904e-02 4.18127740e-03 4.60455902e-04
8.70293205e-02 3.05002283e-03 4.61711315e-04
8.73873492e-02 3.69204471e-03 4.37969805e-04
8.77453765e-02 3.36191073e-03 4.29717201e-04
8.81034023e-02 2.81301288e-03 4.35135495e-04
8.84614267e-02 3.88665263e-03 4.29281929e-04
8.88194496e-02 3.12658094e-03 4.31390759e-04
8.91774710e-02 3.90729756e-03 4.48010810e-04
8.95354910e-02 3.37489384e-03 4.33565820e-04
8.98935095e-02 3.24403238e-03 4.41538581e-04
9.02515266e-02 3.61740289e-03 4.41051957e-04
9.06095421e-02 3.08847298e-03 4.43484936e-04
9.09675562e-02 3.51943011e-03 4.50977275e-04
9.13255687e-02 3.20225089e-03 4.25233944e-04
9.16835798e-02 3.21177421e-03 4.36560617e-04
9.20415894e-02 3.10673088e-03 4.32163161e-04
9.23995974e-02 2.81055573e-03 4.38053262e-04
9.27576039e-02 2.63536357e-03 4.30237932e-04
9.31156089e-02 3.61257954e-03 4.24652145e-04
9.34736124e-02 3.12010407e-03 4.26238596e-04
9.38316143e-02 3.12312539e-03 4.38817251e-04
9.41896147e-02 2.97093176e-03 4.35327355e-04
9.45476136e-02 2.82499967e-03 4.35533522e-04
9.49056108e-02 2.98066704e-03 4.14777782e-04
9.52636066e-02 2.90117060e-03 4.21729527e-04
9.56216007e-02 2.70946219e-03 4.10841156e-04
9.59795933e-02 2.80213103e-03 4.18701925e-04
9.63375843e-02 1.79799162e-03 4.14763214e-04
9.66955738e-02 2.22773458e-03 4.28379155e-04
9.70535616e-02 2.91436477e-03 4.13348617e-04
9.74115478e-02 2.99700263e-03 4.00276972e-04
9.77695325e-02 2.69412715e-03 4.17348230e-04
9.81275155e-02 1.96166133e-03 3.83592896e-04
9.84854969e-02 2.66810892e-03 4.17361046e-04
9.88434768e-02 3.20434388e-03 4.30007692e-04
9.92014549e-02 3.27431399e-03 4.14574854e-04
9.95594315e-02 2.30939994e-03 4.08135562e-04
9.99174064e-02 2.36834331e-03 3.94565599e-04
1.00275380e-01 2.56548678e-03 3.98137679e-04
1.00633351e-01 2.98044724e-03 4.04539832e-04
1.00991321e-01 2.78892805e-03 4.11048265e-04
1.01349290e-01 2.57508489e-03 4.05552972e-04
1.01707256e-01 2.25484255e-03 4.08918508e-04
1.02065221e-01 1.89993599e-03 3.92716860e-04
1.02423184e-01 1.60266086e-03 3.94873059e-04
1.02781146e-01 2.52004425e-03 4.03861889e-04
1.03139106e-01 1.78334970e-03 3.86435755e-04
1.03497064e-01 1.74096214e-03 3.97373652e-04
1.03855021e-01 1.70676315e-03 3.98014006e-04
1.04212976e-01 1.98196107e-03 3.94701536e-04
1.04570929e-01 2.16287403e-03 3.92441602e-04
1.04928880e-01 2.24722743e-03 3.99591669e-04
1.05286830e-01 1.81907210e-03 4.04012992e-04
1.05644778e-01 1.80830372e-03 4.00806682e-04
1.06002724e-01 2.16193348e-03 3.96223112e-04
1.06360668e-01 1.80319838e-03 4.03406241e-04
1.06718611e-01 1.83376351e-03 4.01721334e-04
1.07076552e-01 1.91908492e-03 3.98144425e-04
1.07434491e-01 1.77215827e-03 4.06255488e-04
1.07792429e-01 2.76091371e-03 3.97477251e-04
1.08150364e-01 1.59626270e-03 4.07662145e-04
1.08508298e-01 2.15871087e-03 4.07025116e-04
1.08866230e-01 1.63802342e-03 3.87315664e-04
1.09224160e-01 1.61171006e-03 3.95067480e-04
1.09582089e-01 1.85152985e-03 4.04414613e-04
1.09940016e-01 1.98921086e-03 4.03974397e-04
1.10297941e-01 2.27286242e-03 4.02794981e-04
1.10655864e-01 1.88420016e-03 4.03530168e-04
1.11013785e-01 7.17110254e-04 3.94551206e-04
1.11371704e-01 1.17932460e-03 3.86886955e-04
1.11729622e-01 1.75734307e-03 3.94422588e-04
1.12087538e-01 1.68447555e-03 3.90731813e-04
1.12445452e-01 1.23343226e-03 3.95724554e-04
1.12803364e-01 1.06416614e-03 3.85693797e-04
1.13161274e-01 1.41138585e-03 3.75762195e-04
1.13519182e-01 9.34204702e-04 3.77610418e-04
1.13877089e-01 1.89271195e-03 3.90524270e-04
1.14234994e-01 1.12087802e-03 3.78581964e-04
1.14592896e-01 2.04823416e-03 3.80033683e-04
1.14950797e-01 1.36535876e-03 3.82400516e-04
1.15308696e-01 1.82595515e-03 3.76592427e-04
1.15666593e-01 1.30514505e-03 3.74073825e-04
1.16024488e-01 1.56021125e-03 3.68023278e-04
1.16382382e-01 1.65122952e-03 3.66557231e-04
1.16740273e-01 1.23642562e-03 3.88230794e-04
1.17098163e-01 1.95491950e-03 3.80384403e-04
1.17456050e-01 1.83738590e-03 3.74583829e-04
1.17813936e-01 1.21457309e-03 3.77790414e-04
1.18171819e-01 7.90295029e-04 3.66654220e-04
1.18529701e-01 8.20806514e-04 3.81666074e-04
1.18887581e-01 9.61145229e-04 3.84477155e-04
1.19245459e-01 1.04478809e-03 3.73913751e-04
1.19603335e-01 1.23166125e-03 3.81404959e-04
1.19961208e-01 1.16819599e-03 3.73194339e-04
1.20319080e-01 1.33572497e-03 3.76771750e-04
1.20676950e-01 1.40830886e-03 3.70014967e-04
1.21034818e-01 4.36356170e-04 3.75638788e-04
1.21392684e-01 1.24636453e-03 3.83837344e-04
1.21750548e-01 1.09149831e-03 3.75012878e-04
1.22108410e-01 1.05796663e-03 3.86995718e-04
1.22466270e-01 1.22418264e-03 3.82598457e-04
1.22824128e-01 1.02712869e-03 3.75170267e-04
1.23181984e-01 1.30853675e-03 3.71218662e-04
1.23539838e-01 4.12997952e-04 3.78879543e-04
1.23897690e-01 1.23856894e-03 3.74241024e-04
1.24255540e-01 6.72342269e-04 3.70988673e-04
1.24613388e-01 7.09551693e-04 3.75159962e-04
1.24971233e-01 1.14590716e-03 3.69257800e-04
1.25329077e-01 1.35217557e-03 3.67563992e-04
1.25686919e-01 9.01389790e-04 3.64810911e-04
1.26044758e-01 3.22338706e-04 3.52678260e-04
1.26402596e-01 4.73489670e-04 3.60822711e-04
1.26760431e-01 1.13836039e-03 3.60984461e-04
1.27118265e-01 9.67542121e-04 3.53080986e-04
1.27476096e-01 5.63861974e-04 3.59492900e-04
1.27833925e-01 7.58459142e-04 3.59629429e-04
1.28191752e-01 4.54351864e-04 3.69578707e-04
1.28549577e-01 1.22253077e-03 3.64129679e-04
1.28907400e-01 7.21655150e-04 3.56501473e-04
1.29265221e-01 7.25632962e-04 3.47994433e-04
1.29623040e-01 1.44962847e-03 3.50194355e-04
1.29980856e-01 9.62838492e-04 3.53052980e-04
1.30338670e-01 1.78150517e-04 3.49512419e-04
1.30696483e-01 6.38771673e-04 3.47257036e-04
1.31054293e-01 3.99601137e-04 3.40467405e-04
1.31412101e-01 7.79565351e-04 3.56649522e-04
1.31769906e-01 8.49306684e-04 3.41544966e-04
1.32127710e-01 1.32442496e-03 3.44340458e-04
1.32485511e-01 9.02517219e-04 3.49025899e-04
1.32843311e-01 3.65274411e-04 3.41021512e-04
1.33201108e-01 7.76576176e-04 3.46846662e-04
1.33558903e-01 3.76497246e-04 3.43724236e-04
1.33916695e-01 2.36402550e-05 3.41230316e-04
1.34274486e-01 8.81516583e-04 3.45844575e-04
1.34632274e-01 7.65839373e-04 3.46969570e-04
1.34990060e-01 3.56854652e-04 3.40463382e-04
1.35347844e-01 6.64735169e-04 3.36190293e-04
1.35705626e-01 4.34905499e-04 3.43690664e-04
1.36063405e-01 6.59287424e-04 3.39855111e-04
1.36421182e-01 6.83967797e-04 3.31509983e-04
1.36778957e-01 6.46177695e-04 3.36224885e-04
1.37136730e-01 7.82056080e-04 3.35437848e-04
1.37494500e-01 8.43162753e-04 3.39661780e-04
1.37852269e-01 6.01360631e-04 3.30633274e-04
1.38210034e-01 8.02384792e-04 3.31091227e-04
1.38567798e-01 9.07337630e-04 3.40776550e-04
1.38925559e-01 -1.48114817e-04 3.30460641e-04
1.39283319e-01 3.78736255e-05 3.32134946e-04
1.39641075e-01 8.23609851e-04 3.35015958e-04
1.39998830e-01 4.95199997e-04 3.30507029e-04
1.40356582e-01 7.08870573e-04 3.32913126e-04
1.40714332e-01 5.39742370e-04 3.27747837e-04
1.41072080e-01 1.99969584e-04 3.37682340e-04
1.41429825e-01 8.67090062e-04 3.33255348e-04
1.41787568e-01 9.53894560e-04 3.25594226e-04
1.42145308e-01 6.31528056e-04 3.24262289e-04
1.42503047e-01 8.38016121e-04 3.24889367e-04
1.42860783e-01 -1.80352618e-04 3.24954785e-04
1.43218516e-01 2.65123818e-04 3.24004700e-04
1.43576247e-01 3.26987892e-04 3.21561444e-04
1.43933976e-01 3.89969836e-04 3.20489760e-04
1.44291703e-01 8.03922805e-04 3.27104049e-04
1.44649427e-01 2.72511447e-04 3.23198561e-04
1.45007149e-01 -7.97988014e-05 3.25354361e-04
1.45364868e-01 1.41301747e-04 3.25481263e-04
1.45722585e-01 7.36689485e-04 3.25363321e-04
1.46080300e-01 7.77404156e-04 3.24933109e-04
1.46438012e-01 3.01893184e-04 3.21334444e-04
1.46795722e-01 7.99207518e-04 3.23527909e-04
1.47153429e-01 3.71229926e-04 3.17343541e-04
1.47511134e-01 6.70487854e-04 3.22504076e-04
1.47868837e-01 7.18064648e-04 3.29310172e-04
1.48226537e-01 4.02786689e-04 3.14692350e-04
1.48584235e-01 5.72949031e-04 3.16326019e-04
1.48941930e-01 -2.07796720e-04 3.08637889e-04
1.49299623e-01 2.45380015e-04 3.16600851e-04
1.49657313e-01 -1.34549250e-05 3.15964925e-04
1.50015001e-01 1.97954302e-04 3.14998778e-04
1.50372687e-01 5.90907210e-04 3.22898561e-04
1.50730370e-01 2.35476510e-04 3.14748192e-04
1.51088050e-01 7.86906056e-04 3.15956336e-04
1.51445728e-01 5.43902284e-04 3.12642069e-04
1.51803404e-01 4.79484593e-04 3.15832778e-04
1.52161077e-01 7.32637682e-04 3.19427830e-04
1.52518747e-01 4.43875747e-04 3.11775111e-04
1.52876416e-01 4.29742655e-04 3.15064184e-04
1.53234081e-01 8.76287331e-05 3.09397546e-04
1.53591744e-01 6.25232266e-04 3.12523853e-04
1.53949405e-01 6.13924561e-04 3.15706950e-04
1.54307063e-01 3.28428766e-04 3.05637334e-04
1.54664718e-01 5.28596754e-05 3.02288575e-04
1.55022371e-01 2.13623004e-04 3.17644795e-04
1.55380021e-01 3.36664035e-04 3.09581110e-04
1.55737669e-01 4.57984352e-04 3.15040012e-04
1.56095314e-01 2.30011393e-05 3.03692782e-04
1.56452957e-01 5.20989235e-04 3.05832101e-04
1.56810597e-01 3.27270045e-04 2.99134803e-04
1.57168235e-01 3.27480729e-04 3.03301630e-04
1.57525870e-01 4.19867571e-04 3.13802371e-04
1.57883502e-01 -3.78510926e-06 3.05823610e-04
1.58241132e-01 3.28264602e-04 3.06119425e-04
1.58598759e-01 7.33052274e-04 2.94577372e-04
1.58956384e-01 2.32200864e-04 3.09618466e-04
1.59314006e-01 9.98142321e-04 2.99410736e-04
1.59671625e-01 5.20908925e-04 3.03208876e-04
1.60029242e-01 8.92479800e-04 2.98937740e-04
1.60386856e-01 3.80207713e-04 2.99302487e-04
1.60744468e-01 -1.27666533e-04 2.93579216e-04
1.61102076e-01 7.73284480e-04 3.00875137e-04
1.61459683e-01 9.12301108e-04 3.03059932e-04
1.61817286e-01 1.11647909e-03 3.00631664e-04
1.62174887e-01 4.26844197e-04 2.99966188e-04
1.62532485e-01 1.80346616e-04 2.97557644e-04
1.62890081e-01 3.38172794e-06 2.92628772e-04
1.63247674e-01 -3.36824167e-04 2.93217655e-04
1.63605264e-01 1.89062134e-04 2.97371764e-04
1.63962852e-01 1.98421790e-04 2.88566446e-04
1.64320437e-01 -3.18812120e-06 2.99316383e-04
1.64678019e-01 -8.62946358e-06 2.95250746e-04
1.65035598e-01 -3.01731724e-05 3.04900463e-04
1.65393175e-01 -2.20044240e-04 2.93074009e-04
1.65750749e-01 7.13401457e-04 2.92421172e-04
1.66108320e-01 4.18336954e-04 2.89855808e-04
1.66465889e-01 2.59868805e-04 2.93711882e-04
1.66823455e-01 4.84822462e-04 2.99821265e-04
1.67181018e-01 4.36076670e-04 2.92476804e-04
1.67538578e-01 -3.89747935e-05 2.93077956e-04
1.67896136e-01 -1.98730820e-05 2.88442185e-04
1.68253691e-01 2.04277419e-04 2.96895028e-04
1.68611243e-01 1.94115083e-04 2.90345539e-04
1.68968792e-01 5.44495473e-04 2.90159109e-04
1.69326339e-01 2.95385456e-04 2.87027382e-04
1.69683883e-01 2.15458861e-04 2.88045522e-04
1.70041424e-01 3.33151854e-04 2.86361404e-04
1.70398962e-01 2.33659025e-04 2.92054275e-04
1.70756497e-01 2.09154820e-04 2.86973745e-04
1.71114030e-01 3.84734989e-04 2.88783245e-04
1.71471560e-01 -1.83113797e-04 2.83148779e-04
1.71829087e-01 -1.01505238e-04 2.84243404e-04
1.72186611e-01 2.48286730e-04 2.83253311e-04
1.72544132e-01 8.77859199e-04 2.83159110e-04
1.72901651e-01 -5.46741962e-04 2.86295442e-04
1.73259167e-01 1.74387431e-04 2.87962597e-04
1.73616679e-01 6.93835143e-04 2.90446874e-04
1.73974189e-01 5.20407609e-04 2.85284549e-04
1.74331697e-01 -3.63611690e-05 2.79146379e-04
1.74689201e-01 2.97114584e-04 2.76684602e-04
1.75046702e-01 4.84394260e-04 2.82177737e-04
1.75404201e-01 4.16615708e-04 2.87129057e-04
1.75761697e-01 1.05188096e-04 2.85764886e-04
1.76119189e-01 5.46251669e-05 2.79117608e-04
1.76476679e-01 8.27204745e-05 2.78590606e-04
1.76834166e-01 4.26948280e-04 2.82127872e-04
1.77191650e-01 1.96165651e-04 2.87227266e-04
1.77549132e-01 3.71229190e-04 2.80410688e-04
1.77906610e-01 -1.43887684e-04 2.77818418e-04
1.78264085e-01 5.96337395e-04 2.78091031e-04
1.78621558e-01 -1.86585126e-04 2.79291134e-04
1.78979027e-01 -1.96094878e-04 2.77574910e-04
1.79336494e-01 5.44049926e-04 2.73481475e-04
1.79693958e-01 2.53474283e-04 2.71204664e-04
1.80051418e-01 7.35752317e-04 2.78854657e-04
1.80408876e-01 3.80364785e-04 2.78249913e-04
1.80766331e-01 4.67657716e-04 2.82996382e-04
1.81123783e-01 3.04100463e-04 2.84575807e-04
1.81481232e-01 6.29216363e-04 2.85166549e-04
1.81838677e-01 7.17558648e-05 2.87128907e-04
1.82196120e-01 -1.04440373e-04 2.81760922e-04
1.82553560e-01 1.38372802e-04 2.79921556e-04
1.82910997e-01 -4.16948075e-05 2.82698569e-04
1.83268431e-01 2.42601381e-04 2.83072773e-04
1.83625862e-01 2.47484490e-04 2.85036003e-04
1.83983290e-01 9.96025583e-05 2.84073027e-04
1.84340715e-01 9.76671177e-05 2.79577754e-04
1.84698137e-01 2.34091068e-04 2.82097470e-04
1.85055556e-01 -4.55434849e-04 2.76731173e-04
1.85412971e-01 2.94355482e-04 2.82269302e-04
1.85770384e-01 2.01364339e-04 2.88216349e-04
1.86127794e-01 6.06832446e-04 2.84556394e-04
1.86485200e-01 2.16135599e-04 2.85442813e-04
1.86842604e-01 1.31751843e-04 2.80344597e-04
1.87200005e-01 6.82753858e-05 2.77172844e-04
1.87557402e-01 8.97400280e-04 2.79365611e-04
1.87914797e-01 4.00340657e-04 2.73904223e-04
1.88272188e-01 6.42544989e-04 2.73083474e-04
1.88629576e-01 2.08836243e-04 2.73881923e-04
1.88986961e-01 3.72593717e-04 2.74416197e-04
1.89344343e-01 -2.77267232e-04 2.74332399e-04
1.89701722e-01 -3.60980142e-04 2.70280971e-04
1.90059098e-01 3.86625816e-04 2.79129884e-04
1.90416471e-01 7.08020275e-04 2.76656726e-04
1.90773840e-01 1.02290884e-04 2.72338797e-04
1.91131207e-01 2.54390364e-04 2.74125253e-04
1.91488570e-01 -3.12455192e-04 2.71826938e-04
1.91845930e-01 -1.64846024e-04 2.66354535e-04
1.92203287e-01 2.06262164e-04 2.72679830e-04
1.92560641e-01 -6.20775071e-04 2.63849283e-04
1.92917992e-01 2.59725781e-04 2.68963032e-04
1.93275340e-01 2.80184332e-04 2.70793808e-04
1.93632684e-01 6.74848272e-05 2.65960858e-04
1.93990025e-01 -7.20473269e-05 2.65524645e-04
1.94347363e-01 4.35002381e-04 2.72176991e-04
1.94704698e-01 2.61222419e-04 2.77781487e-04
1.95062030e-01 1.33414266e-04 2.71312619e-04
1.95419358e-01 5.10400511e-04 2.71017747e-04
1.95776684e-01 -1.24748176e-04 2.74628574e-04
1.96134006e-01 1.31648143e-04 2.68664076e-04
1.96491324e-01 6.16627898e-05 2.70821903e-04
1.96848640e-01 3.82174887e-04 2.77981246e-04
1.97205953e-01 2.72915927e-04 2.77010904e-04
1.97563262e-01 2.82563801e-04 2.72245015e-04
1.97920568e-01 -1.14603565e-04 2.71961802e-04
1.98277870e-01 -2.38577361e-04 2.77491585e-04
1.98635170e-01 4.77927393e-04 2.76750751e-04
1.98992466e-01 -4.65657782e-05 2.73394425e-04
1.99349759e-01 5.20847522e-04 2.75164084e-04
1.99707049e-01 2.51989843e-04 2.73294196e-04
2.00064335e-01 -1.42080825e-04 2.70188740e-04
2.00421618e-01 4.42893286e-04 2.74102782e-04
2.00778898e-01 3.17087846e-04 2.60827335e-04
2.01136174e-01 9.86535776e-05 2.66994273e-04
2.01493448e-01 2.04416980e-04 2.63760768e-04
2.01850718e-01 -1.57269081e-04 2.58766708e-04
2.02207984e-01 6.05934596e-05 2.66969027e-04
2.02565248e-01 2.11131908e-04 2.65999237e-04
2.02922508e-01 2.55161091e-04 2.61887264e-04
2.03279764e-01 5.61885610e-04 2.59442944e-04
2.03637018e-01 -9.47977363e-05 2.57234655e-04
2.03994268e-01 -6.05103867e-05 2.57649762e-04
2.04351514e-01 8.05976520e-07 2.58673388e-04
2.04708758e-01 -1.52488357e-04 2.62175637e-04
2.05065998e-01 2.77524136e-04 2.54022111e-04
2.05423234e-01 -5.07326150e-05 2.56897016e-04
2.05780467e-01 1.47403053e-04 2.57065888e-04
2.06137697e-01 5.35359527e-04 2.54368133e-04
2.06494924e-01 1.00368449e-04 2.60336401e-04
2.06852147e-01 4.42170974e-04 2.56279283e-04
2.07209367e-01 -2.26811731e-04 2.58433638e-04
2.07566583e-01 4.70212876e-05 2.55505745e-04
2.07923796e-01 4.10069009e-04 2.56803454e-04
2.08281005e-01 1.26998266e-04 2.58254569e-04
2.08638211e-01 -1.75324274e-05 2.59445371e-04
2.08995414e-01 -1.56096246e-04 2.52676786e-04
2.09352613e-01 -8.28684340e-05 2.60339787e-04
2.09709809e-01 1.36295938e-04 2.54517267e-04
2.10067002e-01 1.05333344e-04 2.54700396e-04
2.10424191e-01 4.68663959e-05 2.62956077e-04
2.10781376e-01 4.02671573e-04 2.55816044e-04
2.11138558e-01 -3.57291491e-05 2.52510540e-04
2.11495737e-01 -5.35671030e-05 2.45134602e-04
2.11852912e-01 4.27232792e-04 2.51186240e-04
2.12210084e-01 -2.08199073e-04 2.47647927e-04
2.12567252e-01 5.56373118e-05 2.54542562e-04
2.12924416e-01 -3.76976655e-04 2.47380180e-04
2.13281578e-01 1.14304715e-04 2.50519798e-04
2.13638735e-01 -8.90979328e-05 2.46859765e-04
2.13995890e-01 -3.74646903e-04 2.42642329e-04
2.14353040e-01 6.64692888e-05 2.46401555e-04
2.14710188e-01 -4.12002208e-05 2.47226951e-04
2.15067331e-01 3.16975101e-04 2.47145220e-04
2.15424471e-01 -1.59538756e-05 2.47965286e-04
2.15781608e-01 8.82544270e-06 2.41056743e-04
2.16138741e-01 3.56796701e-04 2.46950789e-04
2.16495871e-01 -2.43692584e-04 2.44941656e-04
2.16852997e-01 1.93005694e-04 2.46736172e-04
2.17210119e-01 5.70871146e-04 2.47182651e-04
2.17567238e-01 -2.21900780e-04 2.44477657e-04
2.17924354e-01 5.62043843e-05 2.39749286e-04
2.18281465e-01 1.86941963e-04 2.42597947e-04
2.18638574e-01 1.80472946e-05 2.43956703e-04
2.18995678e-01 -1.07203198e-04 2.43885971e-04
2.19352779e-01 -2.69325615e-05 2.40489471e-04
2.19709877e-01 -1.30721185e-04 2.41414414e-04
2.20066971e-01 8.81185448e-05 2.41113046e-04
2.20424061e-01 2.64384388e-04 2.45761097e-04
2.20781147e-01 1.82469012e-04 2.46178421e-04
2.21138230e-01 3.80062336e-05 2.41316301e-04
2.21495310e-01 4.22622593e-05 2.32485454e-04
2.21852386e-01 4.76632041e-04 2.39441848e-04
2.22209458e-01 2.71358332e-04 2.41244056e-04
2.22566526e-01 1.89552825e-04 2.41430939e-04
2.22923591e-01 1.96043093e-04 2.40485628e-04
2.23280652e-01 -9.02051466e-05 2.37719061e-04
2.23637710e-01 3.51865538e-04 2.37010017e-04
2.23994764e-01 2.12024158e-04 2.37082345e-04
2.24351814e-01 -5.73552862e-05 2.38472571e-04
2.24708861e-01 1.97723868e-04 2.34727675e-04
2.25065904e-01 -1.26608092e-05 2.37449421e-04
2.25422943e-01 -2.04878466e-04 2.42047538e-04
2.25779978e-01 2.30951590e-04 2.39848595e-04
2.26137010e-01 3.77193451e-04 2.39673278e-04
2.26494038e-01 -1.01010755e-04 2.33842457e-04
2.26851063e-01 -2.83479062e-04 2.34920994e-04
2.27208083e-01 -1.43374493e-04 2.36073530e-04
2.27565100e-01 -7.94221823e-05 2.31717689e-04
2.27922114e-01 -2.07529131e-04 2.33731975e-04
2.28279123e-01 2.52297982e-04 2.36102954e-04
2.28636129e-01 2.58776387e-04 2.33375866e-04
2.28993131e-01 -2.07832358e-04 2.32497664e-04
2.29350129e-01 1.84916461e-04 2.30542003e-04
2.29707124e-01 3.41099799e-04 2.34085324e-04
2.30064115e-01 3.58156921e-05 2.30665360e-04
2.30421102e-01 2.07838846e-04 2.30562369e-04
2.30778085e-01 2.35010442e-05 2.35344848e-04
2.31135064e-01 2.02655032e-04 2.31668275e-04
2.31492040e-01 -1.43325438e-04 2.30100515e-04
2.31849012e-01 -3.84204504e-05 2.31926120e-04
2.32205980e-01 3.51696138e-04 2.33199985e-04
2.32562944e-01 1.74001886e-04 2.34227659e-04
2.32919905e-01 5.51362273e-05 2.31506797e-04
2.33276862e-01 8.69938462e-05 2.31394243e-04
2.33633814e-01 1.51134714e-04 2.33346744e-04
2.33990763e-01 -3.43085145e-04 2.28025402e-04
2.34347709e-01 4.17067916e-04 2.31696304e-04
2.34704650e-01 -4.17720510e-05 2.28219026e-04
2.35061588e-01 1.66623241e-04 2.35393942e-04
2.35418521e-01 4.81079637e-05 2.28644907e-04
2.35775451e-01 2.16977260e-04 2.25670252e-04
2.36132377e-01 7.38215769e-04 2.29637886e-04
2.36489299e-01 -6.36211986e-05 2.26836086e-04
2.36846218e-01 3.77212011e-04 2.27536014e-04
2.37203132e-01 3.51749524e-04 2.26046727e-04
2.37560042e-01 5.31350238e-04 2.28237978e-04
2.37916949e-01 1.91567268e-04 2.25876426e-04
2.38273852e-01 9.52323710e-05 2.24742547e-04
2.38630751e-01 3.88232059e-04 2.26687975e-04
2.38987645e-01 -4.29254088e-05 2.26353764e-04
2.39344537e-01 -1.97376478e-04 2.27477749e-04
2.39701424e-01 -3.90774645e-04 2.23789499e-04
2.40058307e-01 6.30074897e-05 2.20206696e-04
2.40415186e-01 -5.48157257e-05 2.20901574e-04
2.40772061e-01 3.00325287e-04 2.24620142e-04
2.41128933e-01 4.34973483e-05 2.22251709e-04
2.41485800e-01 -2.82788638e-04 2.24093152e-04
2.41842664e-01 -7.91011738e-05 2.17495307e-04
2.42199523e-01 -7.31125837e-05 2.21878466e-04
2.42556379e-01 -5.12504684e-05 2.24726824e-04
2.42913230e-01 3.88032089e-04 2.20834189e-04
2.43270078e-01 1.80376149e-04 2.22246995e-04
2.43626922e-01 2.09533458e-04 2.18550013e-04
2.43983761e-01 -8.06984616e-06 2.20525790e-04
2.44340597e-01 8.50158535e-05 2.19046378e-04
2.44697429e-01 4.11721481e-04 2.20963975e-04
2.45054256e-01 4.71005894e-05 2.19631269e-04
2.45411080e-01 1.98678123e-04 2.18046199e-04
2.45767900e-01 2.04805438e-04 2.16987166e-04
2.46124715e-01 3.00026381e-04 2.20128947e-04
2.46481527e-01 1.46358964e-04 2.22341164e-04
2.46838334e-01 2.86454805e-04 2.20802736e-04
2.47195138e-01 -2.17281922e-05 2.18683146e-04
2.47551938e-01 2.52351748e-04 2.19328159e-04
2.47908733e-01 1.36125968e-04 2.18431138e-04
2.48265524e-01 -1.90473480e-04 2.17353533e-04
2.48622312e-01 9.11650301e-05 2.16985767e-04
2.48979095e-01 1.97862977e-04 2.20264317e-04
2.49335874e-01 1.12367600e-04 2.18939238e-04
2.49692649e-01 -1.20453051e-07 2.18746141e-04
2.50049420e-01 -1.29374580e-04 2.16777607e-04
2.50406187e-01 -9.03050457e-05 2.18945497e-04
2.50762950e-01 -3.19316739e-04 2.21854011e-04
2.51119709e-01 3.66701240e-05 2.17702480e-04
2.51476464e-01 1.00996313e-04 2.18854390e-04
2.51833214e-01 4.38361204e-05 2.15246065e-04
2.52189961e-01 9.38715594e-05 2.15564459e-04
2.52546703e-01 1.34945855e-04 2.19980247e-04
2.52903441e-01 -8.58448453e-05 2.14344982e-04
2.53260175e-01 2.70235839e-04 2.17638016e-04
2.53616905e-01 3.70781950e-04 2.12022792e-04
2.53973631e-01 2.39017155e-04 2.15865699e-04
2.54330352e-01 3.98800117e-04 2.15069274e-04
2.54687070e-01 2.74186681e-04 2.11686954e-04
2.55043783e-01 2.87002391e-04 2.16209298e-04
2.55400492e-01 3.94971060e-04 2.08701978e-04
2.55757197e-01 3.71167803e-04 2.12798288e-04
2.56113898e-01 3.39435233e-04 2.13367603e-04
2.56470595e-01 3.01442678e-04 2.17497161e-04
2.56827287e-01 -2.94898110e-04 2.12405392e-04
2.57183975e-01 -7.47220590e-05 2.11136624e-04
2.57540659e-01 -6.37123315e-05 2.11122212e-04
2.57897339e-01 1.64168513e-04 2.17188225e-04
2.58254014e-01 -2.05232415e-04 2.15170838e-04
2.58610686e-01 2.42973933e-04 2.12595163e-04
2.58967353e-01 -1.40775660e-04 2.08866561e-04
2.59324016e-01 -5.03956050e-05 2.11340153e-04
2.59680674e-01 -1.76182196e-04 2.12268587e-04
2.60037329e-01 2.23180116e-04 2.18836168e-04
2.60393979e-01 6.59914838e-05 2.15205188e-04
2.60750625e-01 3.74686912e-05 2.18053816e-04
2.61107266e-01 1.94304979e-04 2.17280965e-04
2.61463904e-01 3.97903185e-04 2.23546938e-04
2.61820537e-01 3.16922550e-04 2.16905846e-04
2.62177166e-01 5.80835172e-04 2.15628922e-04
2.62533790e-01 6.39620860e-04 2.18170002e-04
2.62890410e-01 2.20520572e-04 2.16239170e-04
2.63247026e-01 1.13322043e-04 2.11330607e-04
2.63603638e-01 -4.89478087e-04 2.13629493e-04
2.63960245e-01 3.09039582e-04 2.13950161e-04
2.64316848e-01 -7.84238641e-05 2.11739456e-04
2.64673447e-01 2.29958701e-04 2.14194920e-04
2.65030042e-01 1.53216582e-05 2.12763042e-04
2.65386632e-01 -4.88079823e-05 2.12416125e-04
2.65743217e-01 2.57028117e-05 2.09380397e-04
2.66099799e-01 2.89093049e-04 2.16050853e-04
2.66456376e-01 1.08842015e-04 2.13411763e-04
2.66812948e-01 -1.28729562e-04 2.15611499e-04
2.67169517e-01 7.18950240e-05 2.13969123e-04
2.67526081e-01 3.22123215e-05 2.19856718e-04
2.67882640e-01 8.54290970e-05 2.18302780e-04
2.68239195e-01 6.09791176e-04 2.17682009e-04
2.68595746e-01 1.00698778e-04 2.16846838e-04
2.68952293e-01 -4.10215208e-04 2.14966591e-04
2.69308835e-01 2.27636301e-05 2.18993091e-04
2.69665372e-01 -7.73232117e-05 2.20259691e-04
2.70021906e-01 -3.40253658e-05 2.18683803e-04
2.70378435e-01 -2.33796916e-05 2.19887627e-04
2.70734959e-01 1.58383424e-04 2.24189069e-04
2.71091479e-01 1.58961772e-04 2.24859867e-04
2.71447995e-01 -9.06131170e-05 2.24987732e-04
2.71804506e-01 3.06007247e-04 2.21847498e-04
2.72161012e-01 3.64814646e-04 2.25913904e-04
2.72517515e-01 -3.62648445e-05 2.26361596e-04
2.72874012e-01 -5.18743510e-05 2.26241558e-04
