1.54026655e-02 -4.29534957e-03 1.66682093e-03
1.57608633e-02 -4.90927446e-03 1.64285711e-03
1.61190608e-02 -2.08551262e-03 1.53705355e-03
1.64772580e-02 -3.52358712e-03 1.47611465e-03
1.68354550e-02 -2.26626932e-03 1.47492927e-03
1.71936517e-02 -2.87064646e-03 1.32583266e-03
1.75518481e-02 -2.72606698e-03 1.31135928e-03
1.79100442e-02 -2.21942316e-03 1.30906810e-03
1.82682400e-02 -1.72648637e-03 1.22798892e-03
1.86264355e-02 -3.77213352e-03 1.21523282e-03
1.89846308e-02 -3.74357119e-03 1.13565236e-03
1.93428257e-02 -1.03736546e-03 1.12805672e-03
1.97010202e-02 -3.00357621e-03 1.09364203e-03
2.00592145e-02 -8.96212152e-04 1.07813318e-03
2.04174084e-02 -1.36563702e-03 9.96118723e-04
2.07756020e-02 -1.99970860e-03 1.00144088e-03
2.11337953e-02 -1.85701067e-03 1.07822976e-03
2.14919882e-02 -1.16946246e-03 1.06659731e-03
2.18501808e-02 -2.41118052e-03 1.03919090e-03
2.22083729e-02 -1.76312990e-03 1.01212389e-03
2.25665648e-02 -3.37080074e-03 9.80788691e-04
2.29247562e-02 -8.40207023e-04 9.61668313e-04
2.32829473e-02 1.81976789e-04 9.61748843e-04
2.36411380e-02 -4.70428053e-04 9.25950383e-04
2.39993283e-02 7.71667595e-04 8.71871786e-04
2.43575182e-02 -2.23299525e-03 9.07886097e-04
2.47157077e-02 -7.33874076e-04 8.79562719e-04
2.50738968e-02 -5.18114716e-04 8.92397540e-04
2.54320855e-02 -1.87947734e-03 8.46398001e-04
2.57902738e-02 -1.29064269e-03 8.14209153e-04
2.61484617e-02 3.75758293e-04 8.73388523e-04
2.65066491e-02 -3.47801614e-04 8.11853526e-04
2.68648361e-02 1.35516818e-03 8.48397193e-04
2.72230226e-02 -1.53908857e-03 7.83165429e-04
2.75812087e-02 3.97680458e-04 8.13384484e-04
2.79393943e-02 -1.67259755e-03 8.04217875e-04
2.82975795e-02 -1.07109836e-03 7.46144425e-04
2.86557642e-02 -1.17487781e-03 8.27864762e-04
2.90139485e-02 -5.70286820e-04 7.92603576e-04
2.93721323e-02 7.33415705e-05 8.44163152e-04
2.97303155e-02 -3.82275002e-04 8.21041924e-04
3.00884983e-02 -1.50403293e-03 7.79797228e-04
3.04466806e-02 -8.50266745e-04 7.99621754e-04
3.08048624e-02 -5.76958110e-04 7.62946949e-04
3.11630437e-02 -7.47829449e-04 7.88329459e-04
3.15212245e-02 -2.14300445e-03 7.63839795e-04
3.18794048e-02 -5.20831412e-04 7.91224521e-04
3.22375845e-02 -7.96212768e-04 8.30351145e-04
3.25957637e-02 -9.95269813e-04 7.84639100e-04
3.29539424e-02 5.82630069e-04 8.27179558e-04
3.33121205e-02 1.20352858e-04 7.95061423e-04
3.36702981e-02 -1.02697738e-03 8.07091382e-04
3.40284751e-02 -1.29450468e-03 7.65919778e-04
3.43866516e-02 -5.79069608e-04 7.35350284e-04
3.47448275e-02 -9.16764491e-04 7.34978803e-04
3.51030028e-02 -4.08654235e-04 7.12330548e-04
3.54611775e-02 -1.97713033e-03 7.18570859e-04
3.58193517e-02 -1.94654972e-04 7.06139960e-04
3.61775253e-02 -8.67493190e-04 6.87603015e-04
3.65356983e-02 3.59020901e-04 6.87445849e-04
3.68938706e-02 -3.96873404e-05 7.01610197e-04
3.72520424e-02 -6.81763131e-04 7.29830752e-04
3.76102136e-02 -6.76736240e-04 7.05508757e-04
3.79683841e-02 2.39340863e-04 6.70293740e-04
3.83265540e-02 8.15990533e-04 7.38185849e-04
3.86847233e-02 -3.48967500e-04 6.88342204e-04
3.90428920e-02 -6.38548799e-04 6.89856896e-04
3.94010600e-02 -5.14036101e-04 6.78494007e-04
3.97592273e-02 1.19040280e-04 6.58737770e-04
4.01173941e-02 -3.13453753e-05 6.37022870e-04
4.04755601e-02 -5.29843467e-04 6.33167255e-04
4.08337255e-02 8.96727359e-04 6.77343548e-04
4.11918902e-02 3.49633590e-04 6.51658813e-04
4.15500542e-02 -5.30154763e-04 6.36756947e-04
4.19082176e-02 2.31139075e-04 6.33851625e-04
4.22663802e-02 -5.34921365e-04 6.78331012e-04
4.26245422e-02 9.35852577e-04 6.56631218e-04
4.29827034e-02 -1.26590757e-03 6.36603854e-04
4.33408640e-02 2.09294039e-04 6.50038249e-04
4.36990238e-02 1.15623632e-03 6.66531153e-04
4.40571830e-02 3.38351967e-04 6.66764647e-04
4.44153414e-02 -2.59569066e-04 6.53181205e-04
4.47734990e-02 -8.12250855e-04 6.46517868e-04
4.51316560e-02 4.19331803e-05 6.78014620e-04
4.54898122e-02 -2.62098167e-04 6.48427884e-04
4.58479676e-02 -4.75671311e-04 6.48222863e-04
4.62061223e-02 -1.58038731e-05 6.36519138e-04
4.65642762e-02 -9.99084226e-04 6.41946308e-04
4.69224294e-02 -3.99968869e-04 6.29816539e-04
4.72805818e-02 8.75350016e-04 6.10311405e-04
4.76387334e-02 1.38000781e-04 6.29884056e-04
4.79968842e-02 8.61748078e-04 6.18809730e-04
4.83550342e-02 5.95283471e-05 6.26669885e-04
4.87131835e-02 5.33986743e-04 6.22081907e-04
4.90713319e-02 5.96460810e-04 6.21860324e-04
4.94294795e-02 -8.65456298e-04 6.25571417e-04
4.97876264e-02 -1.59737804e-04 6.16323891e-04
5.01457724e-02 1.22216288e-04 6.24761398e-04
5.05039175e-02 3.63593780e-04 6.07063583e-04
5.08620619e-02 5.22655333e-04 5.87727948e-04
5.12202054e-02 -1.70410796e-04 5.72568983e-04
5.15783481e-02 2.03626438e-04 5.72805795e-04
5.19364899e-02 4.80682969e-04 5.71338727e-04
5.22946308e-02 9.58859589e-04 5.73073535e-04
5.26527709e-02 1.01478531e-03 5.85969831e-04
5.30109102e-02 1.73521717e-04 5.62001220e-04
5.33690485e-02 -2.66928514e-04 5.66916565e-04
5.37271860e-02 6.97206432e-04 5.79894480e-04
5.40853226e-02 9.00073719e-05 5.58638805e-04
5.44434583e-02 -4.65454176e-05 5.50132427e-04
5.48015932e-02 3.45038978e-04 5.55023641e-04
5.51597271e-02 -3.59556357e-05 5.63933574e-04
5.55178601e-02 1.81303770e-04 5.41733449e-04
5.58759922e-02 4.04255751e-04 5.51882309e-04
5.62341234e-02 -1.31903250e-04 5.53377757e-04
5.65922536e-02 -3.29779530e-05 5.64565974e-04
5.69503829e-02 5.44673680e-05 5.55029738e-04
5.73085113e-02 -8.65143791e-04 5.55058905e-04
5.76666388e-02 5.56561648e-04 5.33822971e-04
5.80247653e-02 1.54795898e-04 5.43491833e-04
5.83828908e-02 3.36064274e-04 5.54287484e-04
5.87410154e-02 6.72719009e-04 5.55476223e-04
5.90991390e-02 -1.23203088e-04 5.39095776e-04
5.94572616e-02 -2.53779023e-04 5.23866654e-04
5.98153833e-02 5.06254371e-04 5.17558593e-04
6.01735040e-02 1.39858494e-04 5.29176075e-04
6.05316237e-02 1.46944022e-05 5.13354980e-04
6.08897424e-02 3.98358638e-04 5.32367709e-04
6.12478600e-02 5.69550167e-04 5.10074201e-04
6.16059767e-02 -6.80421620e-04 5.18010856e-04
6.19640924e-02 1.25873830e-04 5.18954239e-04
6.23222071e-02 2.13055691e-04 5.17790857e-04
6.26803207e-02 9.27042855e-04 5.17012536e-04
6.30384333e-02 6.46001877e-04 5.15329914e-04
6.33965448e-02 2.76969925e-04 5.06862153e-04
6.37546554e-02 -6.24821994e-05 4.78384641e-04
6.41127648e-02 5.64175062e-04 5.10420350e-04
6.44708732e-02 2.33865245e-04 5.08036443e-04
6.48289806e-02 -1.94442558e-04 5.10638866e-04
6.51870869e-02 -2.81177895e-04 5.14822329e-04
6.55451921e-02 3.90282415e-04 5.09111090e-04
6.59032962e-02 -1.54780383e-04 4.85563587e-04
6.62613993e-02 1.84167945e-04 4.97377006e-04
6.66195012e-02 -5.39086969e-04 4.92652186e-04
6.69776021e-02 -4.93568344e-05 4.93911707e-04
6.73357019e-02 5.89178071e-04 4.98244446e-04
6.76938005e-02 -1.26123948e-04 5.13960542e-04
6.80518981e-02 4.65829152e-04 4.97069363e-04
6.84099945e-02 3.69680534e-04 4.85753515e-04
6.87680898e-02 1.47543515e-03 4.97444057e-04
6.91261840e-02 1.76913013e-04 4.83372570e-04
6.94842770e-02 -5.17659160e-04 4.61779768e-04
6.98423689e-02 -8.33895470e-05 4.64124803e-04
7.02004596e-02 3.11336721e-04 4.82247867e-04
7.05585492e-02 4.40073253e-04 4.74626198e-04
7.09166377e-02 -4.06269928e-04 4.60651280e-04
7.12747249e-02 2.55538211e-04 4.71588600e-04
7.16328110e-02 5.05519829e-05 4.69689094e-04
7.19908959e-02 4.46191819e-05 4.78856994e-04
7.23489796e-02 5.79003503e-05 4.69265188e-04
7.27070622e-02 1.21579456e-05 4.55825240e-04
7.30651435e-02 1.02606756e-03 4.73202280e-04
7.34232237e-02 6.80253309e-04 4.71875759e-04
7.37813026e-02 -3.88005936e-04 4.59784715e-04
7.41393803e-02 -6.40013917e-05 4.67238516e-04
7.44974568e-02 4.88209342e-04 4.65766808e-04
7.48555321e-02 2.25899280e-04 4.70361403e-04
7.52136061e-02 2.09052083e-04 4.64113828e-04
7.55716789e-02 5.15728102e-04 4.72307589e-04
7.59297505e-02 1.79417345e-04 4.55671001e-04
7.62878208e-02 2.52303335e-04 4.43705820e-04
7.66458899e-02 -5.52147169e-04 4.60537653e-04
7.70039577e-02 -3.75535659e-04 4.57734616e-04
7.73620242e-02 5.59180182e-04 4.69269169e-04
7.77200895e-02 -1.13267628e-04 4.57491246e-04
7.80781535e-02 -6.95958471e-04 4.42363626e-04
7.84362162e-02 -1.55991869e-04 4.50386592e-04
7.87942776e-02 3.38449483e-05 4.49033464e-04
7.91523377e-02 6.22407576e-05 4.43857603e-04
7.95103965e-02 5.24588091e-04 4.45623675e-04
7.98684540e-02 5.96902659e-06 4.49443439e-04
8.02265102e-02 1.12488294e-03 4.59317768e-04
8.05845651e-02 6.42919318e-07 4.30817988e-04
8.09426186e-02 -7.06659323e-04 4.57508030e-04
8.13006709e-02 3.07001353e-04 4.47883103e-04
8.16587217e-02 2.11785747e-04 4.47218441e-04
8.20167713e-02 -1.57484626e-04 4.44750326e-04
8.23748195e-02 9.72957935e-04 4.46149111e-04
8.27328663e-02 4.87716328e-06 4.33590956e-04
8.30909118e-02 -5.63237492e-04 4.32946364e-04
8.34489559e-02 -4.66796290e-04 4.35114952e-04
8.38069986e-02 4.98205595e-04 4.42006367e-04
8.41650400e-02 6.09514804e-04 4.27995172e-04
8.45230800e-02 6.47509954e-04 4.09650667e-04
8.48811185e-02 5.00470001e-04 4.40291062e-04
8.52391557e-02 -3.06143631e-05 4.42129439e-04
8.55971915e-02 -1.56530707e-04 4.22656081e-04
8.59552259e-02 7.67178994e-05 4.45865663e-04
8.63132589e-02 2.57047794e-04 4.43897586e-04
8.66712904e-02 8.58703179e-04 4.43445400e-04
8.70293205e-02 4.44954453e-04 4.35593410e-04
8.73873492e-02 3.01321157e-04 4.29139763e-04
8.77453765e-02 -1.58278533e-05 4.28827291e-04
8.81034023e-02 5.36879433e-04 4.20429847e-04
8.84614267e-02 -1.48023798e-04 4.27482128e-04
8.88194496e-02 4.45426952e-04 4.27156445e-04
8.91774710e-02 -3.60952588e-05 4.32102890e-04
8.95354910e-02 -4.87045801e-04 4.23718018e-04
8.98935095e-02 -2.15749657e-04 4.29471459e-04
9.02515266e-02 4.93485211e-04 4.36078987e-04
9.06095421e-02 2.33241099e-04 4.22909946e-04
9.09675562e-02 -5.23919734e-05 4.33738233e-04
9.13255687e-02 -3.35066447e-04 4.29321641e-04
9.16835798e-02 3.58241562e-04 4.33034068e-04
9.20415894e-02 3.12913303e-04 4.27050861e-04
9.23995974e-02 1.49710829e-04 4.31933633e-04
9.27576039e-02 -3.62768403e-04 4.12780868e-04
9.31156089e-02 4.10323398e-04 4.06976777e-04
9.34736124e-02 1.37358975e-04 4.14165020e-04
9.38316143e-02 -1.55858218e-04 4.15990545e-04
9.41896147e-02 5.06355894e-04 4.15637780e-04
9.45476136e-02 -3.63130225e-05 4.05613527e-04
9.49056108e-02 -8.13267875e-04 4.10497389e-04
9.52636066e-02 1.97795126e-04 4.05570926e-04
9.56216007e-02 2.13508122e-04 4.04308351e-04
9.59795933e-02 -3.13829219e-04 4.03608800e-04
9.63375843e-02 1.41209002e-04 4.09779044e-04
9.66955738e-02 4.06763335e-04 4.09878639e-04
9.70535616e-02 3.28059739e-04 4.01495466e-04
9.74115478e-02 1.21383147e-04 4.03133256e-04
9.77695325e-02 -1.19146453e-04 4.15687045e-04
9.81275155e-02 -2.70347199e-04 4.06912989e-04
9.84854969e-02 -3.93346022e-04 4.06478235e-04
9.88434768e-02 7.83364437e-05 3.84662546e-04
9.92014549e-02 3.64992037e-05 3.94606857e-04
9.95594315e-02 5.66522386e-05 4.11392070e-04
9.99174064e-02 -2.07241368e-04 3.93125130e-04
1.00275380e-01 7.81116583e-04 3.98943457e-04
1.00633351e-01 -3.74929095e-05 3.93668048e-04
1.00991321e-01 -3.76361572e-05 3.86327295e-04
1.01349290e-01 1.22951492e-04 3.94743968e-04
1.01707256e-01 1.96597829e-04 3.84029898e-04
1.02065221e-01 -3.16802640e-04 3.77297815e-04
1.02423184e-01 2.51370413e-04 3.87515252e-04
1.02781146e-01 -2.56431757e-04 3.96525832e-04
1.03139106e-01 -3.42439844e-04 3.90838824e-04
1.03497064e-01 -4.84766706e-05 3.97346723e-04
1.03855021e-01 -5.46519176e-04 3.87719061e-04
1.04212976e-01 3.05889780e-05 3.91379360e-04
1.04570929e-01 9.92352619e-04 3.96607630e-04
1.04928880e-01 -8.87772731e-05 3.84325226e-04
1.05286830e-01 -9.97742363e-04 3.94491129e-04
1.05644778e-01 -6.30389569e-04 3.94782693e-04
1.06002724e-01 7.43689858e-05 3.90846455e-04
1.06360668e-01 -2.27759307e-04 3.93796530e-04
1.06718611e-01 -8.13551913e-04 3.98972202e-04
1.07076552e-01 2.19258648e-05 3.92386557e-04
1.07434491e-01 -4.26806890e-04 3.90794139e-04
1.07792429e-01 -7.58346351e-05 3.90709501e-04
1.08150364e-01 1.18460875e-04 3.97698428e-04
1.08508298e-01 4.28542006e-04 3.85082868e-04
1.08866230e-01 4.32052690e-04 3.94238908e-04
1.09224160e-01 -3.60694229e-05 4.01504312e-04
1.09582089e-01 -7.09128174e-04 3.88152926e-04
1.09940016e-01 3.05692504e-04 4.09706247e-04
1.10297941e-01 -6.92050885e-04 3.90520477e-04
1.10655864e-01 -3.63425431e-04 3.87266230e-04
1.11013785e-01 -2.40157497e-05 3.89254955e-04
1.11371704e-01 1.25096622e-04 3.81677031e-04
1.11729622e-01 1.23921165e-04 3.80460171e-04
1.12087538e-01 7.94509917e-04 3.84251959e-04
1.12445452e-01 1.95316290e-04 3.87790374e-04
1.12803364e-01 -7.12339431e-06 3.71360722e-04
1.13161274e-01 9.94234077e-04 3.73863162e-04
1.13519182e-01 -1.46636201e-04 3.77554429e-04
1.13877089e-01 4.97113421e-04 3.73062364e-04
1.14234994e-01 -1.80429609e-04 3.76472124e-04
1.14592896e-01 3.38889654e-05 3.78579722e-04
1.14950797e-01 -1.62376314e-05 3.63883522e-04
1.15308696e-01 4.82471212e-05 3.67742563e-04
1.15666593e-01 -1.32180164e-06 3.77320500e-04
1.16024488e-01 4.79598907e-04 3.73191077e-04
1.16382382e-01 6.59321369e-04 3.69505559e-04
1.16740273e-01 2.52099866e-04 3.64828539e-04
1.17098163e-01 4.15781335e-04 3.68744148e-04
1.17456050e-01 9.03049826e-04 3.70210829e-04
1.17813936e-01 2.18957806e-04 3.70421510e-04
1.18171819e-01 3.16990756e-04 3.66734999e-04
1.18529701e-01 1.28354888e-04 3.84017186e-04
1.18887581e-01 -2.11286103e-04 3.86905161e-04
1.19245459e-01 -4.36851483e-04 3.83286110e-04
1.19603335e-01 -2.07856348e-04 3.72973519e-04
1.19961208e-01 -3.83139810e-04 3.80081459e-04
1.20319080e-01 4.03768115e-04 3.85476669e-04
1.20676950e-01 1.47024279e-04 3.73697412e-04
1.21034818e-01 1.61725799e-04 3.77094577e-04
1.21392684e-01 -1.44946390e-06 3.78267042e-04
1.21750548e-01 -1.24547821e-04 3.77480233e-04
1.22108410e-01 2.54088193e-05 3.74736383e-04
1.22466270e-01 -1.73948192e-04 3.68441815e-04
1.22824128e-01 7.39960247e-05 3.68204281e-04
1.23181984e-01 3.20763996e-05 3.71908326e-04
1.23539838e-01 2.32035164e-04 3.79306339e-04
1.23897690e-01 3.27756444e-04 3.75651473e-04
1.24255540e-01 -2.70232095e-05 3.75137254e-04
1.24613388e-01 -4.16293391e-04 3.63877278e-04
1.24971233e-01 5.41637014e-04 3.68664635e-04
1.25329077e-01 -3.05044309e-04 3.61657388e-04
1.25686919e-01 2.40350515e-04 3.64429844e-04
1.26044758e-01 3.37790554e-04 3.61643322e-04
1.26402596e-01 2.79627489e-05 3.59536221e-04
1.26760431e-01 -1.45615050e-04 3.58520376e-04
1.27118265e-01 5.26449720e-05 3.63824069e-04
1.27476096e-01 2.62494724e-04 3.60538648e-04
1.27833925e-01 6.38877500e-04 3.52776186e-04
1.28191752e-01 3.78083886e-05 3.55538947e-04
1.28549577e-01 -8.45015865e-05 3.56185066e-04
1.28907400e-01 -6.41073242e-04 3.51948270e-04
1.29265221e-01 6.26679570e-04 3.56169364e-04
1.29623040e-01 5.74417566e-04 3.63120938e-04
1.29980856e-01 5.30007471e-04 3.51578681e-04
1.30338670e-01 -1.16640533e-04 3.48589749e-04
1.30696483e-01 3.73548305e-04 3.55456070e-04
1.31054293e-01 3.41538988e-04 3.53066711e-04
1.31412101e-01 -9.61733911e-05 3.47177493e-04
1.31769906e-01 3.26362595e-04 3.49708223e-04
1.32127710e-01 2.82409467e-04 3.49206720e-04
1.32485511e-01 -4.92651963e-05 3.54715649e-04
1.32843311e-01 1.26736836e-07 3.57571073e-04
1.33201108e-01 -3.35073200e-05 3.47028866e-04
1.33558903e-01 1.25135907e-04 3.44600492e-04
1.33916695e-01 2.43566311e-04 3.46621772e-04
1.34274486e-01 -3.40008286e-04 3.37456317e-04
1.34632274e-01 7.28981549e-05 3.41979258e-04
1.34990060e-01 1.94316044e-04 3.43218684e-04
1.35347844e-01 8.80555768e-04 3.38724948e-04
1.35705626e-01 -6.99001252e-05 3.42038579e-04
1.36063405e-01 -3.96410422e-04 3.33654709e-04
1.36421182e-01 3.36503735e-04 3.31658841e-04
1.36778957e-01 1.81474253e-04 3.37606269e-04
1.37136730e-01 4.74631885e-04 3.34578606e-04
1.37494500e-01 -9.97784259e-05 3.30020634e-04
1.37852269e-01 7.06292155e-04 3.22347601e-04
1.38210034e-01 4.19965084e-04 3.30948953e-04
1.38567798e-01 2.61233563e-04 3.33769520e-04
1.38925559e-01 3.21066385e-04 3.26821013e-04
1.39283319e-01 -1.83376853e-04 3.32917371e-04
1.39641075e-01 -8.79426484e-05 3.30783256e-04
1.39998830e-01 -5.19743641e-04 3.33044422e-04
1.40356582e-01 -2.31648003e-04 3.18828183e-04
1.40714332e-01 5.93191418e-04 3.26836192e-04
1.41072080e-01 2.77813363e-04 3.34095430e-04
1.41429825e-01 4.10300849e-04 3.31637169e-04
1.41787568e-01 -9.07672890e-05 3.28996094e-04
1.42145308e-01 8.50438307e-05 3.22124973e-04
1.42503047e-01 -1.18732262e-04 3.21055988e-04
1.42860783e-01 4.65583150e-04 3.32040784e-04
1.43218516e-01 -1.75059788e-04 3.20385898e-04
1.43576247e-01 1.76669733e-04 3.25269295e-04
1.43933976e-01 -1.35260788e-04 3.24982009e-04
1.44291703e-01 7.95125746e-04 3.22842814e-04
1.44649427e-01 1.10865220e-04 3.10364432e-04
1.45007149e-01 9.62782969e-06 3.20299779e-04
1.45364868e-01 1.63662856e-04 3.19504745e-04
1.45722585e-01 -3.75124453e-04 3.12686809e-04
1.46080300e-01 -1.09656376e-05 3.04143156e-04
1.46438012e-01 -1.38296485e-04 3.18832062e-04
1.46795722e-01 -2.50024148e-04 3.14286270e-04
1.47153429e-01 1.72392272e-04 3.24758300e-04
1.47511134e-01 3.11693432e-04 3.16006191e-04
1.47868837e-01 -9.31805786e-05 3.14872208e-04
1.48226537e-01 -3.07143757e-05 3.11028673e-04
1.48584235e-01 -3.95938351e-04 3.20317031e-04
1.48941930e-01 -1.49274729e-04 3.15868629e-04
1.49299623e-01 7.58501514e-04 3.16478453e-04
1.49657313e-01 3.34740696e-04 3.16735562e-04
1.50015001e-01 3.67324416e-04 3.16752364e-04
1.50372687e-01 2.38351530e-04 3.18202922e-04
1.50730370e-01 1.36366260e-05 3.14979817e-04
1.51088050e-01 -4.35828927e-05 3.10307261e-04
1.51445728e-01 2.91046729e-04 3.06623225e-04
1.51803404e-01 4.49659001e-04 3.13195236e-04
1.52161077e-01 -1.13624211e-04 3.10003833e-04
1.52518747e-01 -2.56904426e-04 3.09253923e-04
1.52876416e-01 3.94457752e-04 3.12884821e-04
1.53234081e-01 -3.09693016e-04 3.05176512e-04
1.53591744e-01 1.83693676e-04 3.06423040e-04
1.53949405e-01 1.77822391e-04 3.07669140e-04
1.54307063e-01 -1.83449617e-04 3.14411819e-04
1.54664718e-01 -1.08444029e-04 3.12274794e-04
1.55022371e-01 -7.50007423e-05 3.06534824e-04
1.55380021e-01 -1.69045702e-04 3.10405884e-04
1.55737669e-01 -7.06162379e-06 3.07637216e-04
1.56095314e-01 8.07666505e-04 3.03019924e-04
1.56452957e-01 3.53097471e-05 3.07277230e-04
1.56810597e-01 1.89370114e-04 2.98624363e-04
1.57168235e-01 4.24111210e-04 3.00029943e-04
1.57525870e-01 -5.17592683e-04 3.04582552e-04
1.57883502e-01 3.15515422e-05 3.11741303e-04
1.58241132e-01 2.69580130e-04 3.00231533e-04
1.58598759e-01 5.17615557e-04 3.01309686e-04
1.58956384e-01 -1.90012765e-04 2.99186580e-04
1.59314006e-01 -4.30391137e-05 3.05223354e-04
1.59671625e-01 5.53733592e-05 3.10402685e-04
1.60029242e-01 3.29090381e-04 2.93060047e-04
1.60386856e-01 -6.85855519e-05 3.02173158e-04
1.60744468e-01 1.93468921e-04 2.98257898e-04
1.61102076e-01 -1.50748643e-04 2.98924757e-04
1.61459683e-01 7.80289110e-05 3.00970953e-04
1.61817286e-01 2.97813494e-04 2.95846527e-04
1.62174887e-01 -1.54754511e-04 2.95427894e-04
1.62532485e-01 -1.65956374e-04 2.99593995e-04
1.62890081e-01 1.50991644e-04 3.03718489e-04
1.63247674e-01 -2.16031192e-04 2.96326771e-04
1.63605264e-01 -1.42272117e-04 2.98853064e-04
1.63962852e-01 3.06186369e-04 2.90031921e-04
1.64320437e-01 -4.64375090e-05 2.94990011e-04
1.64678019e-01 -1.17598372e-04 3.02617361e-04
1.65035598e-01 -1.03708674e-04 2.95542730e-04
1.65393175e-01 2.20734464e-04 2.95272841e-04
1.65750749e-01 -1.68393328e-05 2.97979049e-04
1.66108320e-01 -5.20589581e-05 2.94396396e-04
1.66465889e-01 2.65507554e-04 2.93505772e-04
1.66823455e-01 9.79291320e-05 2.89689247e-04
1.67181018e-01 6.69693139e-05 2.90145917e-04
1.67538578e-01 -1.84398857e-04 2.95787972e-04
1.67896136e-01 1.48546370e-04 2.91645879e-04
1.68253691e-01 4.11620436e-04 2.81466921e-04
1.68611243e-01 -7.18399714e-04 2.86261640e-04
1.68968792e-01 6.00087490e-04 2.92621789e-04
1.69326339e-01 5.38787367e-05 2.93047034e-04
1.69683883e-01 -2.77233125e-05 2.86040017e-04
1.70041424e-01 4.08788553e-04 2.87588089e-04
1.70398962e-01 -1.20459410e-04 2.91169754e-04
1.70756497e-01 -2.49954986e-04 2.85836488e-04
1.71114030e-01 -2.76907725e-04 2.90843690e-04
1.71471560e-01 -5.01462483e-04 2.85064010e-04
1.71829087e-01 2.84075179e-04 2.87623048e-04
1.72186611e-01 2.58384932e-04 2.84738212e-04
1.72544132e-01 2.87894951e-04 2.85549026e-04
1.72901651e-01 5.42288815e-04 2.94005384e-04
1.73259167e-01 1.55424651e-04 2.86300464e-04
1.73616679e-01 2.80793538e-04 2.86468907e-04
1.73974189e-01 -3.71747935e-04 2.83777327e-04
1.74331697e-01 -3.34736990e-04 2.81052473e-04
1.74689201e-01 -5.04503294e-05 2.86499473e-04
1.75046702e-01 -3.30247872e-05 2.78444494e-04
1.75404201e-01 8.73685479e-07 2.77562732e-04
1.75761697e-01 2.37233072e-04 2.85109829e-04
1.76119189e-01 1.87883832e-04 2.74323213e-04
1.76476679e-01 -4.64234143e-04 2.79796582e-04
1.76834166e-01 3.76315381e-04 2.80824329e-04
1.77191650e-01 -1.52457269e-04 2.80767607e-04
1.77549132e-01 -5.30830556e-04 2.79051772e-04
1.77906610e-01 -1.29307427e-04 2.80628147e-04
1.78264085e-01 1.99102774e-04 2.78226253e-04
1.78621558e-01 -3.56513731e-05 2.78942482e-04
1.78979027e-01 1.40563154e-04 2.77779847e-04
1.79336494e-01 2.00374033e-04 2.79691747e-04
1.79693958e-01 -2.20325976e-05 2.76007279e-04
1.80051418e-01 1.91476438e-04 2.75329597e-04
1.80408876e-01 -5.24370768e-05 2.78866929e-04
1.80766331e-01 -8.13289653e-05 2.77695687e-04
1.81123783e-01 4.54021800e-06 2.80480390e-04
1.81481232e-01 -8.87806503e-06 2.77274520e-04
1.81838677e-01 -8.65462271e-05 2.86396467e-04
1.82196120e-01 -2.59421421e-04 2.82598357e-04
1.82553560e-01 6.18618795e-04 2.90504081e-04
1.82910997e-01 -1.95262004e-04 2.79244776e-04
1.83268431e-01 -2.38485715e-06 2.81543903e-04
1.83625862e-01 2.66165217e-04 2.85629601e-04
1.83983290e-01 5.76358337e-05 2.86276416e-04
1.84340715e-01 -1.95135403e-04 2.86794301e-04
1.84698137e-01 4.60286706e-04 2.84373323e-04
1.85055556e-01 -4.88029208e-05 2.81278560e-04
1.85412971e-01 2.06674387e-04 2.86990849e-04
1.85770384e-01 2.66384921e-04 2.90543296e-04
1.86127794e-01 3.05077268e-06 2.76058284e-04
1.86485200e-01 4.80349252e-04 2.76927245e-04
1.86842604e-01 -9.27225898e-05 2.82909373e-04
1.87200005e-01 8.91833861e-05 2.79355461e-04
1.87557402e-01 1.58875381e-04 2.74476097e-04
1.87914797e-01 9.19066267e-05 2.70683189e-04
1.88272188e-01 -2.62472165e-04 2.71820532e-04
1.88629576e-01 -1.26126897e-04 2.71098853e-04
1.88986961e-01 -4.23601395e-05 2.74797435e-04
1.89344343e-01 8.56111584e-05 2.77169137e-04
1.89701722e-01 1.03671764e-04 2.79619233e-04
1.90059098e-01 7.14047397e-05 2.75022918e-04
1.90416471e-01 1.93224838e-04 2.74671448e-04
1.90773840e-01 -1.15740796e-04 2.69278726e-04
1.91131207e-01 1.12120922e-04 2.73315518e-04
1.91488570e-01 -3.51204998e-04 2.68059412e-04
1.91845930e-01 -2.14351239e-05 2.70575624e-04
1.92203287e-01 -2.29209665e-04 2.71824683e-04
1.92560641e-01 1.28826476e-05 2.67279407e-04
1.92917992e-01 3.89640060e-04 2.69112044e-04
1.93275340e-01 8.54243614e-05 2.66813610e-04
1.93632684e-01 9.07889149e-05 2.74336237e-04
1.93990025e-01 1.02661619e-04 2.72940819e-04
1.94347363e-01 -1.22429449e-04 2.71025027e-04
1.94704698e-01 -2.29946566e-04 2.67466095e-04
1.95062030e-01 -5.31538406e-06 2.71198372e-04
1.95419358e-01 -1.30866168e-04 2.72294582e-04
1.95776684e-01 2.18697313e-04 2.75028397e-04
1.96134006e-01 4.02165317e-04 2.76141589e-04
1.96491324e-01 -1.05471991e-04 2.71006427e-04
1.96848640e-01 -1.73579647e-04 2.67856957e-04
1.97205953e-01 9.52857218e-05 2.72412605e-04
1.97563262e-01 -7.33036912e-05 2.77136292e-04
1.97920568e-01 2.72751894e-04 2.75692700e-04
1.98277870e-01 4.71978938e-05 2.75409114e-04
1.98635170e-01 -2.29356561e-04 2.74785889e-04
1.98992466e-01 -1.45593932e-04 2.76171232e-04
1.99349759e-01 7.60959562e-05 2.75662731e-04
1.99707049e-01 -1.01515680e-04 2.71325540e-04
2.00064335e-01 -1.56021599e-04 2.67396784e-04
2.00421618e-01 2.43596842e-04 2.69569293e-04
2.00778898e-01 4.75725546e-05 2.61787724e-04
2.01136174e-01 -1.43672059e-04 2.71678339e-04
2.01493448e-01 1.41200487e-04 2.62810320e-04
2.01850718e-01 4.80152363e-04 2.66939373e-04
2.02207984e-01 -4.05245890e-05 2.65971992e-04
2.02565248e-01 -4.75753139e-04 2.56957020e-04
2.02922508e-01 -2.05962831e-04 2.64888095e-04
2.03279764e-01 1.48521854e-04 2.62560395e-04
2.03637018e-01 -1.39625209e-04 2.59333142e-04
2.03994268e-01 -4.51538763e-05 2.57864184e-04
2.04351514e-01 4.89995770e-05 2.57399229e-04
2.04708758e-01 -1.78530353e-04 2.59342486e-04
2.05065998e-01 -2.24446125e-06 2.53765810e-04
2.05423234e-01 1.73759002e-04 2.61778858e-04
2.05780467e-01 -1.00509954e-04 2.62492253e-04
2.06137697e-01 -8.23486418e-04 2.50006273e-04
2.06494924e-01 3.33343275e-04 2.55924703e-04
2.06852147e-01 1.21102231e-05 2.55929161e-04
2.07209367e-01 -2.86879898e-04 2.55851039e-04
2.07566583e-01 1.65301325e-04 2.55733075e-04
2.07923796e-01 3.95623740e-05 2.53783303e-04
2.08281005e-01 1.81541071e-04 2.56868044e-04
2.08638211e-01 3.81891523e-04 2.56206100e-04
2.08995414e-01 2.36759710e-04 2.55422332e-04
2.09352613e-01 -1.99675866e-04 2.56143482e-04
2.09709809e-01 3.43872080e-04 2.59808678e-04
2.10067002e-01 3.82728860e-04 2.51878312e-04
2.10424191e-01 3.94874103e-05 2.49884634e-04
2.10781376e-01 -3.62680146e-04 2.53408129e-04
2.11138558e-01 -1.20325684e-05 2.51478021e-04
2.11495737e-01 2.03393522e-04 2.48164369e-04
2.11852912e-01 4.55853564e-06 2.51160746e-04
2.12210084e-01 -5.28881223e-05 2.51856114e-04
2.12567252e-01 3.63372306e-04 2.53111417e-04
2.12924416e-01 2.44014600e-04 2.50707037e-04
2.13281578e-01 2.28815899e-04 2.51530135e-04
2.13638735e-01 1.80866996e-04 2.45903965e-04
2.13995890e-01 1.38480936e-04 2.48470875e-04
2.14353040e-01 2.23886466e-05 2.46988442e-04
2.14710188e-01 5.92852929e-05 2.45241011e-04
2.15067331e-01 -5.99063426e-05 2.46918965e-04
2.15424471e-01 7.30754615e-05 2.45958462e-04
2.15781608e-01 -1.48575407e-04 2.50131612e-04
2.16138741e-01 -1.87929427e-04 2.51042378e-04
2.16495871e-01 2.43700694e-04 2.48220236e-04
2.16852997e-01 -4.52679987e-05 2.41198275e-04
2.17210119e-01 -1.22675347e-04 2.45751968e-04
2.17567238e-01 1.14374069e-04 2.47551784e-04
2.17924354e-01 5.01477568e-04 2.43125249e-04
2.18281465e-01 3.63291818e-04 2.41066530e-04
2.18638574e-01 -1.11974183e-04 2.40893895e-04
2.18995678e-01 -7.27223863e-05 2.35544013e-04
2.19352779e-01 -3.01370141e-04 2.42862213e-04
2.19709877e-01 5.80748629e-06 2.44402483e-04
2.20066971e-01 -1.43665550e-04 2.40241458e-04
2.20424061e-01 3.62705787e-05 2.38959415e-04
2.20781147e-01 3.34951682e-05 2.40606901e-04
2.21138230e-01 3.26312792e-04 2.43024242e-04
2.21495310e-01 -3.22077251e-05 2.39738913e-04
2.21852386e-01 -1.03862904e-04 2.40434177e-04
2.22209458e-01 -2.81294137e-04 2.42168248e-04
2.22566526e-01 2.00859111e-04 2.41604193e-04
2.22923591e-01 -7.46886863e-05 2.39087827e-04
2.23280652e-01 2.12825716e-04 2.37822155e-04
2.23637710e-01 1.84091031e-04 2.39074520e-04
2.23994764e-01 1.29615011e-04 2.36693396e-04
2.24351814e-01 -7.30600462e-05 2.37795158e-04
2.24708861e-01 -6.58677266e-05 2.36239403e-04
2.25065904e-01 6.71904052e-05 2.34816194e-04
2.25422943e-01 2.34970042e-04 2.39133018e-04
2.25779978e-01 -2.31909128e-04 2.34480197e-04
2.26137010e-01 6.99151616e-05 2.36247714e-04
2.26494038e-01 2.71013832e-04 2.41699962e-04
2.26851063e-01 2.86584696e-04 2.39651358e-04
2.27208083e-01 -4.07582387e-04 2.31134436e-04
2.27565100e-01 -1.85700989e-04 2.34735367e-04
2.27922114e-01 -5.77743284e-04 2.32872656e-04
2.28279123e-01 -1.06588871e-04 2.33236596e-04
2.28636129e-01 1.91676529e-04 2.32379134e-04
2.28993131e-01 -2.21234470e-04 2.32287121e-04
2.29350129e-01 2.33621912e-04 2.30698504e-04
2.29707124e-01 -2.72907128e-04 2.29239396e-04
2.30064115e-01 1.78418102e-04 2.32608425e-04
2.30421102e-01 -1.72350816e-04 2.29875548e-04
2.30778085e-01 -6.34959368e-05 2.35710478e-04
2.31135064e-01 -3.85470575e-04 2.30979542e-04
2.31492040e-01 -8.03247222e-05 2.31236873e-04
2.31849012e-01 -1.51107380e-04 2.31237355e-04
2.32205980e-01 2.42990158e-06 2.28950686e-04
2.32562944e-01 -4.45846031e-04 2.29748431e-04
2.32919905e-01 1.22924382e-04 2.32327169e-04
2.33276862e-01 -8.66910992e-05 2.30768486e-04
2.33633814e-01 -8.72419758e-06 2.32853642e-04
2.33990763e-01 -1.06196970e-05 2.26352778e-04
2.34347709e-01 -9.81422996e-05 2.29996708e-04
2.34704650e-01 3.05784681e-05 2.31327678e-04
2.35061588e-01 -1.59293492e-04 2.32038088e-04
2.35418521e-01 -1.14740084e-04 2.27782581e-04
2.35775451e-01 4.02955535e-05 2.27911736e-04
2.36132377e-01 4.15847422e-04 2.28793326e-04
2.36489299e-01 1.25328673e-04 2.27446420e-04
2.36846218e-01 4.24069067e-04 2.30191016e-04
2.37203132e-01 1.04518386e-04 2.28007171e-04
2.37560042e-01 7.51558330e-05 2.25189176e-04
2.37916949e-01 8.93256174e-05 2.27965405e-04
2.38273852e-01 -2.30022546e-04 2.25495501e-04
2.38630751e-01 -1.10355194e-04 2.25889876e-04
2.38987645e-01 -4.47468425e-04 2.22870568e-04
2.39344537e-01 8.60777520e-05 2.22360272e-04
2.39701424e-01 -1.24675851e-04 2.22609392e-04
2.40058307e-01 -3.98517481e-04 2.22464618e-04
2.40415186e-01 8.71927826e-05 2.23804703e-04
2.40772061e-01 -7.69755364e-05 2.24057076e-04
2.41128933e-01 -1.31189215e-05 2.21412920e-04
2.41485800e-01 1.71193615e-04 2.21332475e-04
2.41842664e-01 -9.62849735e-05 2.22186510e-04
2.42199523e-01 -9.89095321e-05 2.20702351e-04
2.42556379e-01 -5.38977910e-04 2.25682569e-04
2.42913230e-01 1.76122940e-05 2.23498963e-04
2.43270078e-01 -2.78882125e-04 2.22954136e-04
2.43626922e-01 -1.36775782e-04 2.22410505e-04
2.43983761e-01 2.78979248e-04 2.24082233e-04
2.44340597e-01 -1.68978519e-04 2.17917163e-04
2.44697429e-01 -4.63913444e-05 2.20223309e-04
2.45054256e-01 2.82094516e-04 2.20257677e-04
2.45411080e-01 1.40550469e-04 2.19916693e-04
2.45767900e-01 -3.19957788e-05 2.17588325e-04
2.46124715e-01 6.18934464e-06 2.15533963e-04
2.46481527e-01 6.04681877e-04 2.17320991e-04
2.46838334e-01 1.13247476e-05 2.22499116e-04
2.47195138e-01 9.98074002e-05 2.21388702e-04
2.47551938e-01 1.15071601e-04 2.17433047e-04
2.47908733e-01 -4.34979612e-05 2.18508289e-04
2.48265524e-01 -3.05092989e-04 2.15559521e-04
2.48622312e-01 7.88948744e-05 2.18168449e-04
2.48979095e-01 1.34247853e-04 2.12133655e-04
2.49335874e-01 -2.84237796e-04 2.16418914e-04
2.49692649e-01 -4.36459295e-07 2.14093409e-04
2.50049420e-01 3.14552272e-04 2.15450484e-04
2.50406187e-01 4.69401927e-05 2.19263692e-04
2.50762950e-01 -4.15856406e-05 2.14456096e-04
2.51119709e-01 2.54693066e-04 2.18116302e-04
2.51476464e-01 2.51399944e-04 2.19240561e-04
2.51833214e-01 2.65750499e-05 2.17886384e-04
2.52189961e-01 5.27921287e-05 2.17629805e-04
2.52546703e-01 1.09371789e-04 2.16152083e-04
2.52903441e-01 9.84257412e-05 2.14296267e-04
2.53260175e-01 3.63065255e-05 2.11010584e-04
2.53616905e-01 -2.08767033e-04 2.12576936e-04
2.53973631e-01 -2.20951976e-04 2.11637868e-04
2.54330352e-01 -7.79173906e-05 2.13056391e-04
2.54687070e-01 3.00897616e-04 2.15941222e-04
2.55043783e-01 -1.91276312e-04 2.10567379e-04
2.55400492e-01 -2.46281992e-04 2.10069443e-04
2.55757197e-01 -1.72147126e-04 2.10892551e-04
2.56113898e-01 4.90630529e-04 2.12168916e-04
2.56470595e-01 2.44075363e-04 2.11650009e-04
2.56827287e-01 -1.88978494e-04 2.13021032e-04
2.57183975e-01 3.67001418e-05 2.13985699e-04
2.57540659e-01 -1.27191400e-04 2.14762259e-04
2.57897339e-01 1.41691384e-04 2.14197673e-04
2.58254014e-01 1.19520825e-04 2.17634262e-04
2.58610686e-01 -4.45143251e-06 2.14362845e-04
2.58967353e-01 -2.70314359e-04 2.13748353e-04
2.59324016e-01 -1.01120666e-04 2.13278240e-04
2.59680674e-01 6.45478294e-05 2.15340472e-04
2.60037329e-01 7.41195200e-05 2.13325387e-04
2.60393979e-01 4.09156313e-05 2.12468310e-04
2.60750625e-01 3.83157696e-04 2.17723319e-04
2.61107266e-01 -4.53480617e-04 2.15533491e-04
2.61463904e-01 -2.80460995e-05 2.16029133e-04
2.61820537e-01 -2.89339075e-04 2.17199219e-04
2.62177166e-01 2.90002873e-05 2.15018296e-04
2.62533790e-01 2.17952549e-04 2.17520099e-04
2.62890410e-01 -2.49847155e-04 2.15551373e-04
2.63247026e-01 8.23674071e-05 2.15710038e-04
2.63603638e-01 -4.83097703e-05 2.15939054e-04
2.63960245e-01 4.01853313e-05 2.10144560e-04
2.64316848e-01 -1.47745023e-04 2.12238729e-04
2.64673447e-01 -3.51029581e-04 2.13189435e-04
2.65030042e-01 -1.24391600e-04 2.10081262e-04
2.65386632e-01 6.47364983e-05 2.13439103e-04
2.65743217e-01 5.71841033e-05 2.12012711e-04
2.66099799e-01 7.16254603e-05 2.12431471e-04
2.66456376e-01 2.10855303e-04 2.14085301e-04
2.66812948e-01 3.58225023e-04 2.12775747e-04
2.67169517e-01 5.96704712e-05 2.17261587e-04
2.67526081e-01 -1.68232567e-04 2.11684238e-04
2.67882640e-01 -1.16818230e-04 2.15333098e-04
2.68239195e-01 -3.31271489e-04 2.09140649e-04
2.68595746e-01 -5.87862630e-05 2.16210256e-04
2.68952293e-01 -1.70423894e-04 2.18135959e-04
2.69308835e-01 -3.69231876e-04 2.20297862e-04
2.69665372e-01 -2.15669671e-04 2.16616525e-04
2.70021906e-01 4.39423546e-05 2.19847660e-04
2.70378435e-01 2.84187408e-04 2.23424770e-04
2.70734959e-01 -3.02364896e-04 2.23318020e-04
2.71091479e-01 4.39218450e-05 2.19683629e-04
2.71447995e-01 2.03477287e-04 2.23745078e-04
2.71804506e-01 4.32398435e-05 2.21557321e-04
2.72161012e-01 3.85250630e-04 2.26009990e-04
2.72517515e-01 -4.44073597e-05 2.24252605e-04
2.72874012e-01 -7.51037411e-06 2.30509010e-04
