1.54026655e-02 1.77533826e-03 1.70060433e-03
1.57608633e-02 5.70394705e-04 1.61984800e-03
1.61190608e-02 -1.85593108e-04 1.45827547e-03
1.64772580e-02 -1.74834510e-03 1.46596279e-03
1.68354550e-02 -4.55641241e-04 1.39018150e-03
1.71936517e-02 9.89427222e-04 1.30938750e-03
1.75518481e-02 1.03549606e-03 1.36134973e-03
1.79100442e-02 1.94832791e-04 1.28202052e-03
1.82682400e-02 4.42566310e-04 1.32973617e-03
1.86264355e-02 6.89537148e-04 1.22633501e-03
1.89846308e-02 -1.25448022e-04 1.12091122e-03
1.93428257e-02 1.52154926e-03 1.15713732e-03
1.97010202e-02 -2.99507231e-05 1.09791900e-03
2.00592145e-02 -1.00833568e-03 1.13376264e-03
2.04174084e-02 -1.33123257e-03 1.08009355e-03
2.07756020e-02 2.38992627e-03 1.10875474e-03
2.11337953e-02 1.40819063e-03 1.08605686e-03
2.14919882e-02 3.95141366e-04 1.09960897e-03
2.18501808e-02 1.46533564e-03 1.04194565e-03
2.22083729e-02 1.41707759e-04 9.87898964e-04
2.25665648e-02 2.27742179e-03 1.01994336e-03
2.29247562e-02 2.11599816e-03 9.68472520e-04
2.32829473e-02 -6.49720115e-04 9.39947975e-04
2.36411380e-02 6.44332138e-04 9.68072743e-04
2.39993283e-02 1.17109544e-03 9.28049810e-04
2.43575182e-02 -2.82068326e-04 8.84179889e-04
2.47157077e-02 3.50767123e-04 8.76665599e-04
2.50738968e-02 -3.49508002e-04 8.30527932e-04
2.54320855e-02 5.72798315e-04 8.99889396e-04
2.57902738e-02 3.19030946e-05 8.53467617e-04
2.61484617e-02 -2.93117455e-05 8.43176872e-04
2.65066491e-02 -1.49847306e-03 8.21979121e-04
2.68648361e-02 -3.34696233e-04 8.38213932e-04
2.72230226e-02 1.13593126e-03 8.23732398e-04
2.75812087e-02 -6.74525599e-04 8.52653044e-04
2.79393943e-02 -1.07093086e-04 8.06950689e-04
2.82975795e-02 -3.71820374e-04 8.33854014e-04
2.86557642e-02 2.64259648e-04 7.99886000e-04
2.90139485e-02 -6.27962068e-04 8.19354639e-04
2.93721323e-02 -2.50540706e-04 8.06932839e-04
2.97303155e-02 -1.04251778e-03 8.18728147e-04
3.00884983e-02 -2.49561661e-04 8.45387496e-04
3.04466806e-02 -2.30295438e-03 7.72990641e-04
3.08048624e-02 3.78122411e-04 7.70359355e-04
3.11630437e-02 -1.39544714e-03 8.26855170e-04
3.15212245e-02 4.73498729e-04 8.52125012e-04
3.18794048e-02 -8.11635496e-04 7.59182541e-04
3.22375845e-02 -1.50917019e-03 7.26737686e-04
3.25957637e-02 -1.85803155e-03 7.42029222e-04
3.29539424e-02 -4.97550936e-04 7.99999376e-04
3.33121205e-02 -1.72687533e-03 7.46248207e-04
3.36702981e-02 -1.02636761e-03 7.77446883e-04
3.40284751e-02 3.50466893e-04 7.48057838e-04
3.43866516e-02 -4.68197647e-04 7.73034106e-04
3.47448275e-02 -5.39974710e-05 7.55356240e-04
3.51030028e-02 -4.40057885e-04 7.35412679e-04
3.54611775e-02 3.10690419e-04 7.31792419e-04
3.58193517e-02 4.27225288e-04 7.64318479e-04
3.61775253e-02 4.48448350e-04 7.13582388e-04
3.65356983e-02 -4.40088234e-04 7.04205455e-04
3.68938706e-02 -6.88187490e-04 7.52450342e-04
3.72520424e-02 -1.03869456e-03 6.94526665e-04
3.76102136e-02 -1.25085619e-03 7.02271195e-04
3.79683841e-02 1.24589398e-03 7.30941764e-04
3.83265540e-02 1.16568804e-03 7.11742810e-04
3.86847233e-02 1.51320093e-04 6.85846411e-04
3.90428920e-02 -1.96723558e-04 6.46319601e-04
3.94010600e-02 3.69992980e-04 6.84529225e-04
3.97592273e-02 -6.49849920e-04 6.58683700e-04
4.01173941e-02 -1.40320750e-03 6.44300093e-04
4.04755601e-02 7.60264830e-04 6.36262056e-04
4.08337255e-02 6.45922355e-04 6.69351110e-04
4.11918902e-02 2.44461485e-04 6.44172393e-04
4.15500542e-02 8.14571189e-04 6.71930591e-04
4.19082176e-02 -4.84829784e-04 6.41830438e-04
4.22663802e-02 4.92586774e-04 6.54002217e-04
4.26245422e-02 -2.05975969e-04 6.75850493e-04
4.29827034e-02 9.17532046e-05 6.60788339e-04
4.33408640e-02 -1.11518144e-04 6.59318810e-04
4.36990238e-02 -7.49907521e-04 6.68271432e-04
4.40571830e-02 2.20712509e-04 6.33008531e-04
4.44153414e-02 3.48407356e-04 6.67595229e-04
4.47734990e-02 -5.30647530e-05 6.56433759e-04
4.51316560e-02 -4.88712961e-05 6.54430143e-04
4.54898122e-02 -2.88409782e-05 6.64632263e-04
4.58479676e-02 -1.73784049e-04 6.15046784e-04
4.62061223e-02 3.68250146e-04 6.73404089e-04
4.65642762e-02 3.05963448e-05 6.50952539e-04
4.69224294e-02 8.55513961e-05 6.26118676e-04
4.72805818e-02 -8.17007057e-05 6.10778830e-04
4.76387334e-02 -4.48392470e-05 6.69065180e-04
4.79968842e-02 -1.00431959e-03 6.30585347e-04
4.83550342e-02 -1.35161413e-04 6.09027543e-04
4.87131835e-02 2.67459130e-04 6.23567212e-04
4.90713319e-02 -6.69458219e-05 6.06285578e-04
4.94294795e-02 -2.60680080e-04 5.99120029e-04
4.97876264e-02 -6.32157952e-04 6.16991377e-04
5.01457724e-02 -4.06491120e-04 6.24451999e-04
5.05039175e-02 -1.11760335e-03 5.79208837e-04
5.08620619e-02 -1.92787561e-04 6.21020826e-04
5.12202054e-02 2.58421979e-04 5.94929160e-04
5.15783481e-02 -2.13752289e-04 5.71127885e-04
5.19364899e-02 5.36159604e-04 5.91959571e-04
5.22946308e-02 6.85761746e-04 5.61559243e-04
5.26527709e-02 8.52958181e-04 5.61447227e-04
5.30109102e-02 -9.89331311e-04 5.54471706e-04
5.33690485e-02 -4.29909072e-04 5.80266177e-04
5.37271860e-02 -7.70015654e-04 5.69875502e-04
5.40853226e-02 -8.13064452e-04 5.54954435e-04
5.44434583e-02 -6.01986982e-04 5.78188556e-04
5.48015932e-02 -7.83100911e-04 5.63993321e-04
5.51597271e-02 -6.63186271e-04 5.34488712e-04
5.55178601e-02 -1.34027467e-03 5.69155289e-04
5.58759922e-02 -4.47684461e-04 5.50532690e-04
5.62341234e-02 -8.15340288e-05 5.66521608e-04
5.65922536e-02 3.06097401e-04 5.29960590e-04
5.69503829e-02 2.45882836e-04 5.63010842e-04
5.73085113e-02 1.94214252e-04 5.45396325e-04
5.76666388e-02 1.26418636e-04 5.23945091e-04
5.80247653e-02 -9.70227848e-04 5.47296994e-04
5.83828908e-02 -6.54560450e-05 5.31029583e-04
5.87410154e-02 7.33775782e-05 5.24324439e-04
5.90991390e-02 1.61910057e-04 5.19068242e-04
5.94572616e-02 1.24803124e-04 5.37586000e-04
5.98153833e-02 3.26681229e-04 5.36392542e-04
6.01735040e-02 -8.92287373e-04 5.18585587e-04
6.05316237e-02 6.59085014e-05 5.26198189e-04
6.08897424e-02 -2.22565813e-04 5.21008581e-04
6.12478600e-02 6.23326067e-05 5.26376143e-04
6.16059767e-02 1.00845380e-06 5.24307895e-04
6.19640924e-02 -2.21134183e-04 5.15371843e-04
6.23222071e-02 -8.16654013e-04 5.24643708e-04
6.26803207e-02 -4.31119675e-04 5.13024698e-04
6.30384333e-02 7.11275387e-05 5.10262740e-04
6.33965448e-02 -4.29260604e-04 5.12487825e-04
6.37546554e-02 9.24735246e-04 5.04515893e-04
6.41127648e-02 3.82543847e-04 5.04948961e-04
6.44708732e-02 4.12318145e-04 4.99720777e-04
6.48289806e-02 3.16311778e-04 5.04883229e-04
6.51870869e-02 5.99843500e-04 5.19936169e-04
6.55451921e-02 1.15798873e-03 5.18098523e-04
6.59032962e-02 -3.99222821e-04 4.92845420e-04
6.62613993e-02 -1.30690224e-04 5.08988121e-04
6.66195012e-02 -1.26486719e-05 5.03438117e-04
6.69776021e-02 -1.33528576e-04 4.98631259e-04
6.73357019e-02 3.52379247e-04 4.86554095e-04
6.76938005e-02 -1.12640752e-04 4.90114613e-04
6.80518981e-02 1.97290530e-04 4.81590047e-04
6.84099945e-02 -7.60132239e-04 4.73194849e-04
6.87680898e-02 -6.17673997e-05 4.79928220e-04
6.91261840e-02 -8.09652880e-04 4.87832951e-04
6.94842770e-02 -1.41711378e-04 4.99196889e-04
6.98423689e-02 6.01635274e-04 4.84392379e-04
7.02004596e-02 7.16215395e-04 4.88439052e-04
7.05585492e-02 -4.77022183e-06 4.90229701e-04
7.09166377e-02 1.22824643e-04 4.73955360e-04
7.12747249e-02 -9.50119273e-04 4.68112553e-04
7.16328110e-02 -5.18524731e-04 4.69558761e-04
7.19908959e-02 -6.81895791e-04 4.71108403e-04
7.23489796e-02 -6.68246339e-04 4.48635676e-04
7.27070622e-02 -2.19341949e-04 4.60959975e-04
7.30651435e-02 -2.87022553e-04 4.74328032e-04
7.34232237e-02 -3.56595918e-04 4.76078531e-04
7.37813026e-02 2.25167087e-05 4.69155001e-04
7.41393803e-02 4.31152505e-06 4.77098557e-04
7.44974568e-02 -7.42645982e-04 4.67046414e-04
7.48555321e-02 -1.01908089e-03 4.65116296e-04
7.52136061e-02 -6.99435944e-04 4.42873522e-04
7.55716789e-02 -4.65210023e-04 4.56441648e-04
7.59297505e-02 4.61084971e-04 4.61909298e-04
7.62878208e-02 3.54188280e-04 4.60262977e-04
7.66458899e-02 5.55025606e-05 4.64284414e-04
7.70039577e-02 -6.89131531e-05 4.54020657e-04
7.73620242e-02 5.32494504e-04 4.44851730e-04
7.77200895e-02 -4.66525173e-05 4.43310305e-04
7.80781535e-02 1.68163657e-04 4.45605336e-04
7.84362162e-02 -8.01406329e-04 4.40553384e-04
7.87942776e-02 6.88385428e-04 4.43384899e-04
7.91523377e-02 -6.19362498e-05 4.43286498e-04
7.95103965e-02 -5.15219342e-04 4.46665887e-04
7.98684540e-02 -1.50866264e-04 4.41306934e-04
8.02265102e-02 -1.66217488e-04 4.44143239e-04
8.05845651e-02 -3.00170967e-04 4.38251554e-04
8.09426186e-02 -8.45661732e-04 4.32085726e-04
8.13006709e-02 3.50246959e-04 4.39764288e-04
8.16587217e-02 1.47779255e-05 4.38539778e-04
8.20167713e-02 2.14001527e-04 4.42986104e-04
8.23748195e-02 3.15487461e-04 4.50882287e-04
8.27328663e-02 -1.73075633e-04 4.27632189e-04
8.30909118e-02 4.78018726e-04 4.35697400e-04
8.34489559e-02 -1.04658612e-04 4.39529431e-04
8.38069986e-02 -8.09457303e-06 4.31752192e-04
8.41650400e-02 -2.22093519e-04 4.46694390e-04
8.45230800e-02 -4.16854074e-04 4.20606563e-04
8.48811185e-02 -5.21727201e-04 4.31358701e-04
8.52391557e-02 1.00435847e-04 4.32771502e-04
8.55971915e-02 3.78769187e-04 4.50410019e-04
8.59552259e-02 2.11634076e-04 4.54981609e-04
8.63132589e-02 -4.25239111e-04 4.28774932e-04
8.66712904e-02 3.08190362e-04 4.32854705e-04
8.70293205e-02 3.82128759e-04 4.47932028e-04
8.73873492e-02 -5.93979202e-04 4.28946022e-04
8.77453765e-02 -3.57650856e-05 4.21537386e-04
8.81034023e-02 2.87543997e-04 4.30757096e-04
8.84614267e-02 -1.74221311e-04 4.28243989e-04
8.88194496e-02 4.68637199e-04 4.11846237e-04
8.91774710e-02 2.36475515e-04 4.08310203e-04
8.95354910e-02 5.94836729e-04 4.20609229e-04
8.98935095e-02 3.41703725e-04 4.23973548e-04
9.02515266e-02 -5.06815844e-04 4.21231409e-04
9.06095421e-02 2.40693531e-04 4.48683178e-04
9.09675562e-02 1.27919836e-04 4.34432842e-04
9.13255687e-02 5.75096506e-05 4.27359516e-04
9.16835798e-02 7.47710869e-05 4.31976692e-04
9.20415894e-02 -1.79823386e-04 4.43406082e-04
9.23995974e-02 -3.96086281e-05 4.23408739e-04
9.27576039e-02 1.44318668e-04 4.25683073e-04
9.31156089e-02 3.64605444e-04 4.22080800e-04
9.34736124e-02 2.88558533e-04 4.24042780e-04
9.38316143e-02 1.83954328e-05 4.15368435e-04
9.41896147e-02 -2.10477120e-04 4.08290509e-04
9.45476136e-02 5.88206266e-04 4.21009276e-04
9.49056108e-02 4.78669724e-05 4.11994384e-04
9.52636066e-02 -1.60604454e-04 4.02376880e-04
9.56216007e-02 -2.17086951e-04 4.01114340e-04
9.59795933e-02 -7.17026847e-05 4.06248010e-04
9.63375843e-02 -1.05530055e-04 4.06158980e-04
9.66955738e-02 3.45415080e-04 4.06960874e-04
9.70535616e-02 -4.77702301e-05 4.16010826e-04
9.74115478e-02 3.80396987e-04 4.03104268e-04
9.77695325e-02 4.07076072e-04 4.02916307e-04
9.81275155e-02 3.90559155e-04 4.02613620e-04
9.84854969e-02 -1.18340870e-05 4.08889047e-04
9.88434768e-02 -7.39822950e-04 3.98530194e-04
9.92014549e-02 1.05358080e-03 4.07188993e-04
9.95594315e-02 -5.99697894e-05 4.03889353e-04
9.99174064e-02 -3.04307195e-04 3.96366586e-04
1.00275380e-01 1.39710578e-04 4.01938707e-04
1.00633351e-01 -3.78733328e-04 4.02227196e-04
1.00991321e-01 1.55305456e-05 4.03366187e-04
1.01349290e-01 5.88439895e-04 3.96245019e-04
1.01707256e-01 2.49458250e-04 3.95285727e-04
1.02065221e-01 1.59619533e-04 4.01379129e-04
1.02423184e-01 7.62686009e-04 3.84731709e-04
1.02781146e-01 -5.71439486e-04 3.83100552e-04
1.03139106e-01 -3.56892685e-04 3.99945157e-04
1.03497064e-01 5.02467569e-04 3.93208638e-04
1.03855021e-01 2.57841985e-04 3.91784699e-04
1.04212976e-01 -1.96328745e-04 3.99482560e-04
1.04570929e-01 -2.24549633e-04 3.91768941e-04
1.04928880e-01 4.72698879e-04 4.05758899e-04
1.05286830e-01 -5.39830227e-05 3.92300977e-04
1.05644778e-01 -9.02509236e-06 3.95022088e-04
1.06002724e-01 -5.95269826e-05 3.86938707e-04
1.06360668e-01 4.77469572e-04 3.82407400e-04
1.06718611e-01 -3.90648835e-04 3.85083974e-04
1.07076552e-01 -1.95368984e-04 4.02505978e-04
1.07434491e-01 5.28681149e-04 3.97689124e-04
1.07792429e-01 1.80761228e-04 3.95029602e-04
1.08150364e-01 -8.02408683e-06 4.01586885e-04
1.08508298e-01 -2.76502722e-04 4.00441449e-04
1.08866230e-01 3.45162177e-04 3.89313284e-04
1.09224160e-01 3.32236264e-05 3.96621115e-04
1.09582089e-01 -1.10001106e-04 3.89671154e-04
1.09940016e-01 9.39777902e-05 3.92813574e-04
1.10297941e-01 -2.54124958e-04 3.79090884e-04
1.10655864e-01 -7.87871918e-04 3.94414414e-04
1.11013785e-01 -4.69408489e-04 3.73276923e-04
1.11371704e-01 1.37559548e-04 3.93280824e-04
1.11729622e-01 7.14544075e-05 3.77585254e-04
1.12087538e-01 -3.21819101e-04 3.77007710e-04
1.12445452e-01 3.59189042e-05 3.88933135e-04
1.12803364e-01 2.72341152e-04 3.85331055e-04
1.13161274e-01 2.87377567e-04 3.75188561e-04
1.13519182e-01 2.60193588e-04 3.88317297e-04
1.13877089e-01 -3.76338939e-05 3.75895360e-04
1.14234994e-01 3.05225759e-04 3.72410992e-04
1.14592896e-01 -2.54951658e-04 3.64536957e-04
1.14950797e-01 2.21567747e-06 3.75350871e-04
1.15308696e-01 -4.07948526e-04 3.71475490e-04
1.15666593e-01 -4.18053873e-04 3.76559158e-04
1.16024488e-01 -3.74482818e-04 3.65220449e-04
1.16382382e-01 -9.26116992e-05 3.73417890e-04
1.16740273e-01 -4.10171582e-04 3.62798038e-04
1.17098163e-01 3.06353585e-04 3.62869821e-04
1.17456050e-01 -1.80504786e-04 3.78874732e-04
1.17813936e-01 5.00040903e-05 3.74870831e-04
1.18171819e-01 9.52781321e-05 3.69568394e-04
1.18529701e-01 6.13628922e-05 3.81245985e-04
1.18887581e-01 3.90943138e-04 3.80802799e-04
1.19245459e-01 -2.96821820e-04 3.74636065e-04
1.19603335e-01 1.40022363e-04 3.84225792e-04
1.19961208e-01 2.10132099e-04 3.82421001e-04
1.20319080e-01 -1.24982102e-04 3.72930145e-04
1.20676950e-01 8.02184546e-06 3.68723079e-04
1.21034818e-01 -4.19601904e-04 3.78740800e-04
1.21392684e-01 3.86766058e-04 3.85946053e-04
1.21750548e-01 8.51336363e-05 3.79330705e-04
1.22108410e-01 -6.53677697e-05 3.86042544e-04
1.22466270e-01 5.38026760e-04 3.83773348e-04
1.22824128e-01 -5.07417650e-04 3.75695041e-04
1.23181984e-01 3.73949799e-04 3.70134312e-04
1.23539838e-01 -2.11830071e-04 3.73079863e-04
1.23897690e-01 -1.09628240e-04 3.61107143e-04
1.24255540e-01 1.24432386e-04 3.73327856e-04
1.24613388e-01 5.41295074e-04 3.63275391e-04
1.24971233e-01 1.82026494e-04 3.49327746e-04
1.25329077e-01 -3.89073430e-04 3.56206529e-04
1.25686919e-01 -1.84597981e-04 3.64164147e-04
1.26044758e-01 7.86357827e-05 3.55391405e-04
1.26402596e-01 -2.15793021e-04 3.59694790e-04
1.26760431e-01 4.54339626e-04 3.47182643e-04
1.27118265e-01 4.17337171e-05 3.56606426e-04
1.27476096e-01 -4.43525694e-05 3.47609345e-04
1.27833925e-01 1.75006229e-04 3.51409463e-04
1.28191752e-01 4.16633640e-04 3.54679695e-04
1.28549577e-01 -2.19193605e-04 3.51245637e-04
1.28907400e-01 -1.90585020e-04 3.52455038e-04
1.29265221e-01 4.32289239e-04 3.51831034e-04
1.29623040e-01 -8.01690643e-05 3.59840532e-04
1.29980856e-01 -8.86397201e-05 3.60696934e-04
1.30338670e-01 -2.05707019e-04 3.48234226e-04
1.30696483e-01 1.36295054e-04 3.41330773e-04
1.31054293e-01 4.68237005e-04 3.47613661e-04
1.31412101e-01 2.33560721e-04 3.50324243e-04
1.31769906e-01 -3.20872301e-04 3.46148289e-04
1.32127710e-01 4.71594996e-04 3.45812044e-04
1.32485511e-01 -3.37008688e-04 3.47800182e-04
1.32843311e-01 1.10605757e-05 3.43925024e-04
1.33201108e-01 5.73585361e-04 3.40333540e-04
1.33558903e-01 5.71858257e-05 3.28724400e-04
1.33916695e-01 1.08328093e-03 3.49121575e-04
1.34274486e-01 2.18272563e-04 3.37794309e-04
1.34632274e-01 -1.92164541e-04 3.39716875e-04
1.34990060e-01 4.67212263e-04 3.46440411e-04
1.35347844e-01 -1.31794958e-04 3.31263305e-04
1.35705626e-01 1.53608799e-04 3.38408265e-04
1.36063405e-01 -4.29601027e-04 3.38395421e-04
1.36421182e-01 -2.11764973e-04 3.28504543e-04
1.36778957e-01 5.28049846e-04 3.42637287e-04
1.37136730e-01 -1.52553022e-04 3.34822271e-04
1.37494500e-01 -9.45841970e-05 3.33365846e-04
1.37852269e-01 -7.01952165e-04 3.35788311e-04
1.38210034e-01 -3.02453592e-04 3.24423472e-04
1.38567798e-01 9.40942863e-04 3.27736146e-04
1.38925559e-01 -1.60676139e-04 3.31558007e-04
1.39283319e-01 -5.57694974e-04 3.28540729e-04
1.39641075e-01 6.09414303e-04 3.27851144e-04
1.39998830e-01 2.66362098e-04 3.32214853e-04
1.40356582e-01 -1.01136311e-04 3.21918616e-04
1.40714332e-01 -2.21816395e-04 3.25917728e-04
1.41072080e-01 -4.34974329e-04 3.34895850e-04
1.41429825e-01 -5.84063611e-04 3.24385878e-04
1.41787568e-01 -3.06205432e-04 3.33993286e-04
1.42145308e-01 2.17800132e-04 3.23319505e-04
1.42503047e-01 -3.76434864e-04 3.27295106e-04
1.42860783e-01 -1.89996409e-05 3.22870594e-04
1.43218516e-01 3.48263607e-04 3.27967444e-04
1.43576247e-01 -1.09336954e-04 3.26291758e-04
1.43933976e-01 -3.70310965e-04 3.26303135e-04
1.44291703e-01 -2.05302043e-04 3.23797525e-04
1.44649427e-01 -2.52722616e-04 3.25366250e-04
1.45007149e-01 -8.29984623e-05 3.18600419e-04
1.45364868e-01 -6.25687309e-04 3.16503990e-04
1.45722585e-01 -1.15978485e-06 3.16937272e-04
1.46080300e-01 -1.75774785e-04 3.23494185e-04
1.46438012e-01 -1.74319059e-04 3.21761668e-04
1.46795722e-01 -1.83971698e-04 3.17406198e-04
1.47153429e-01 -4.39466301e-05 3.12706458e-04
1.47511134e-01 -5.16418945e-05 3.13201102e-04
1.47868837e-01 -2.78263954e-04 3.07948968e-04
1.48226537e-01 1.75304020e-04 3.18239258e-04
1.48584235e-01 1.42592998e-04 3.03452776e-04
1.48941930e-01 1.45966372e-04 3.11518393e-04
1.49299623e-01 -9.02571399e-05 3.19835186e-04
1.49657313e-01 -3.09858277e-04 3.12130688e-04
1.50015001e-01 -2.70498632e-05 3.16567062e-04
1.50372687e-01 -3.86530587e-04 3.16841074e-04
1.50730370e-01 6.19468759e-05 3.20506623e-04
1.51088050e-01 -2.59870241e-04 3.10148512e-04
1.51445728e-01 3.45197310e-06 3.18678066e-04
1.51803404e-01 -2.03638367e-04 3.09762768e-04
1.52161077e-01 -2.26694466e-04 3.05017405e-04
1.52518747e-01 -2.11508893e-04 3.10224852e-04
1.52876416e-01 -3.56089337e-04 3.08906870e-04
1.53234081e-01 -1.97911771e-04 3.04982666e-04
1.53591744e-01 -1.63222283e-04 3.09357804e-04
1.53949405e-01 -3.23209900e-04 3.09749508e-04
1.54307063e-01 5.27610839e-05 3.07025914e-04
1.54664718e-01 -1.79411893e-04 3.02163704e-04
1.55022371e-01 -6.95602389e-05 2.99424054e-04
1.55380021e-01 -2.75413328e-04 3.03618625e-04
1.55737669e-01 -1.35665436e-04 3.13591429e-04
1.56095314e-01 -1.14876677e-04 2.99812394e-04
1.56452957e-01 3.93633981e-04 3.03118979e-04
1.56810597e-01 1.70367236e-04 3.01237065e-04
1.57168235e-01 2.16093931e-04 3.07072248e-04
1.57525870e-01 -1.10247864e-04 3.01042524e-04
1.57883502e-01 4.03636353e-04 3.04065181e-04
1.58241132e-01 -4.70354117e-04 2.97443494e-04
1.58598759e-01 4.26564199e-05 3.00277660e-04
1.58956384e-01 4.17295717e-04 3.01075371e-04
1.59314006e-01 -8.54645801e-05 3.02125212e-04
1.59671625e-01 4.98135608e-04 3.00649165e-04
1.60029242e-01 -2.99903614e-04 3.00843486e-04
1.60386856e-01 -2.00898033e-04 2.93521685e-04
1.60744468e-01 5.48905495e-04 3.04539322e-04
1.61102076e-01 -9.11420269e-05 2.98138604e-04
1.61459683e-01 -3.81955933e-04 2.95346569e-04
1.61817286e-01 -4.60304376e-04 2.94420049e-04
1.62174887e-01 -3.94081885e-04 2.98978033e-04
1.62532485e-01 -1.44093157e-04 2.90780044e-04
1.62890081e-01 2.16901669e-04 2.98163964e-04
1.63247674e-01 -2.40856111e-04 3.00754974e-04
1.63605264e-01 -7.56792254e-05 2.98768055e-04
1.63962852e-01 1.46648759e-04 2.94321589e-04
1.64320437e-01 2.05252417e-04 3.00248395e-04
1.64678019e-01 1.92868766e-04 2.98959214e-04
1.65035598e-01 -1.84593744e-04 2.90183133e-04
1.65393175e-01 -3.29068309e-04 2.86917752e-04
1.65750749e-01 1.33001581e-04 2.93387043e-04
1.66108320e-01 -2.01168557e-04 2.89335812e-04
1.66465889e-01 -3.91441152e-04 2.95736063e-04
1.66823455e-01 3.12318517e-04 2.99630891e-04
1.67181018e-01 -1.46291626e-04 2.97735181e-04
1.67538578e-01 -7.75609467e-05 2.92504998e-04
1.67896136e-01 1.39967126e-04 2.94028068e-04
1.68253691e-01 1.77714946e-04 2.87640376e-04
1.68611243e-01 5.01691076e-05 2.90037535e-04
1.68968792e-01 3.40939787e-04 2.87603244e-04
1.69326339e-01 3.40953384e-05 2.93899076e-04
1.69683883e-01 9.65540938e-05 2.79908530e-04
1.70041424e-01 1.19386535e-04 2.87712157e-04
1.70398962e-01 -1.28277630e-04 2.85597168e-04
1.70756497e-01 4.51080549e-05 2.85166604e-04
1.71114030e-01 -3.53810897e-05 2.86573240e-04
1.71471560e-01 3.98529219e-05 2.85952685e-04
1.71829087e-01 5.80111789e-05 2.84090010e-04
1.72186611e-01 -1.65463107e-04 2.87515746e-04
1.72544132e-01 1.26786759e-04 2.82186578e-04
1.72901651e-01 -3.86239187e-06 2.87812374e-04
1.73259167e-01 1.78593257e-04 2.80081923e-04
1.73616679e-01 -3.62709462e-04 2.87543053e-04
1.73974189e-01 -3.19359420e-04 2.82185404e-04
1.74331697e-01 -1.86735393e-04 2.76616454e-04
1.74689201e-01 -2.62602000e-04 2.79663442e-04
1.75046702e-01 1.04587713e-04 2.75044143e-04
1.75404201e-01 7.79059788e-05 2.87026739e-04
1.75761697e-01 4.26395936e-05 2.85128199e-04
1.76119189e-01 -4.96088346e-06 2.79101483e-04
1.76476679e-01 -4.49158773e-04 2.78700499e-04
1.76834166e-01 1.29987776e-04 2.82021849e-04
1.77191650e-01 -4.66598468e-04 2.78528610e-04
1.77549132e-01 -2.12518976e-04 2.78738130e-04
1.77906610e-01 -1.32711043e-04 2.77989397e-04
1.78264085e-01 1.74597856e-04 2.77409744e-04
1.78621558e-01 2.64105971e-04 2.79064608e-04
1.78979027e-01 -3.07492654e-04 2.78418534e-04
1.79336494e-01 2.26902058e-05 2.78599108e-04
1.79693958e-01 -1.02817496e-04 2.76545398e-04
1.80051418e-01 2.60944084e-05 2.78069816e-04
1.80408876e-01 9.05206457e-05 2.83377184e-04
1.80766331e-01 6.44591394e-05 2.84069118e-04
1.81123783e-01 5.20934495e-04 2.80131747e-04
1.81481232e-01 1.39893733e-04 2.84488642e-04
1.81838677e-01 2.26641214e-04 2.78099805e-04
1.82196120e-01 -2.75674794e-04 2.80506174e-04
1.82553560e-01 1.65288980e-04 2.84182771e-04
1.82910997e-01 1.87216687e-04 2.82699634e-04
1.83268431e-01 2.51373811e-04 2.79630886e-04
1.83625862e-01 2.31739382e-04 2.84512943e-04
1.83983290e-01 6.03765985e-05 2.81545551e-04
1.84340715e-01 2.00731825e-04 2.79452974e-04
1.84698137e-01 -4.45651322e-05 2.84559387e-04
1.85055556e-01 2.42703712e-05 2.86460170e-04
1.85412971e-01 -7.89675072e-06 2.80710703e-04
1.85770384e-01 -1.34824630e-05 2.87539778e-04
1.86127794e-01 -7.35062686e-04 2.88508484e-04
1.86485200e-01 3.29009093e-04 2.78859692e-04
1.86842604e-01 3.45974773e-05 2.73924228e-04
1.87200005e-01 1.05418187e-04 2.78279330e-04
1.87557402e-01 -3.63172698e-05 2.68446390e-04
1.87914797e-01 -3.05666409e-04 2.72859376e-04
1.88272188e-01 3.49159042e-04 2.71486354e-04
1.88629576e-01 2.20612186e-04 2.70634417e-04
1.88986961e-01 1.45863659e-04 2.73348949e-04
1.89344343e-01 4.88292580e-05 2.72664307e-04
1.89701722e-01 -8.63914959e-05 2.68169752e-04
1.90059098e-01 2.67543193e-04 2.71139561e-04
1.90416471e-01 1.18029845e-04 2.75952278e-04
1.90773840e-01 -8.32951912e-04 2.67819655e-04
1.91131207e-01 -2.92573562e-04 2.68891572e-04
1.91488570e-01 -5.69415299e-04 2.66340005e-04
1.91845930e-01 -1.15799792e-04 2.68241650e-04
1.92203287e-01 2.16853017e-04 2.70796590e-04
1.92560641e-01 -3.32835490e-04 2.72761278e-04
1.92917992e-01 -6.21421535e-05 2.71048772e-04
1.93275340e-01 1.42861312e-04 2.64356853e-04
1.93632684e-01 5.64768868e-04 2.67837565e-04
1.93990025e-01 8.17197228e-05 2.67753496e-04
1.94347363e-01 -4.56315406e-04 2.66231146e-04
1.94704698e-01 -1.43879078e-04 2.77229205e-04
1.95062030e-01 -6.67140846e-04 2.71978503e-04
1.95419358e-01 2.29589375e-04 2.76170333e-04
1.95776684e-01 1.03996246e-04 2.72255542e-04
1.96134006e-01 -9.45992867e-05 2.67078214e-04
1.96491324e-01 -4.34259289e-04 2.71062844e-04
1.96848640e-01 1.87141857e-04 2.68048110e-04
1.97205953e-01 -4.36940012e-04 2.73276347e-04
1.97563262e-01 -2.03210668e-04 2.67763842e-04
1.97920568e-01 2.51383504e-05 2.73046261e-04
1.98277870e-01 3.68449568e-04 2.78654750e-04
1.98635170e-01 -3.23767946e-05 2.80466872e-04
1.98992466e-01 1.68193130e-04 2.72047153e-04
1.99349759e-01 -7.42943487e-04 2.66868995e-04
1.99707049e-01 -6.78148067e-05 2.70347082e-04
2.00064335e-01 -3.22827865e-05 2.68798153e-04
2.00421618e-01 1.27491022e-04 2.68587711e-04
2.00778898e-01 8.41700596e-05 2.64155437e-04
2.01136174e-01 5.66092306e-05 2.62514798e-04
2.01493448e-01 -4.93915489e-04 2.63091544e-04
2.01850718e-01 -1.17173813e-04 2.66884014e-04
2.02207984e-01 1.39536690e-04 2.66391935e-04
2.02565248e-01 7.13708903e-05 2.64466518e-04
2.02922508e-01 7.64248183e-05 2.59827861e-04
2.03279764e-01 2.59563156e-04 2.62532158e-04
2.03637018e-01 6.60670180e-05 2.60182527e-04
2.03994268e-01 -1.16081561e-04 2.58082515e-04
2.04351514e-01 2.42176015e-04 2.58778425e-04
2.04708758e-01 -9.52118628e-05 2.55093462e-04
2.05065998e-01 3.57345228e-04 2.59245093e-04
2.05423234e-01 8.82250447e-05 2.58138257e-04
2.05780467e-01 -8.66347038e-05 2.54751114e-04
2.06137697e-01 -9.00781965e-05 2.54462987e-04
2.06494924e-01 2.40208479e-04 2.60106149e-04
2.06852147e-01 2.72420975e-04 2.53225447e-04
2.07209367e-01 1.28123600e-04 2.53641026e-04
2.07566583e-01 -8.09843898e-05 2.58719682e-04
2.07923796e-01 -1.70442055e-04 2.52303181e-04
2.08281005e-01 2.89637563e-04 2.51843764e-04
2.08638211e-01 -1.13768864e-04 2.50861770e-04
2.08995414e-01 9.64940692e-05 2.50935122e-04
2.09352613e-01 2.25511120e-04 2.54624344e-04
2.09709809e-01 3.32933423e-05 2.51904683e-04
2.10067002e-01 1.24816026e-04 2.55133319e-04
2.10424191e-01 -9.15042541e-05 2.50923254e-04
2.10781376e-01 -4.54742425e-04 2.51169015e-04
2.11138558e-01 1.17952973e-04 2.53945852e-04
2.11495737e-01 -3.00978034e-04 2.51085333e-04
2.11852912e-01 8.08375879e-05 2.51235242e-04
2.12210084e-01 3.20965257e-04 2.56090771e-04
2.12567252e-01 2.45792973e-04 2.50959523e-04
2.12924416e-01 4.87259500e-06 2.52437811e-04
2.13281578e-01 -3.14427334e-04 2.51479521e-04
2.13638735e-01 -2.15557358e-04 2.46241580e-04
2.13995890e-01 -2.95492045e-04 2.46426722e-04
2.14353040e-01 4.78905990e-05 2.48840513e-04
2.14710188e-01 -2.14079330e-04 2.47763270e-04
2.15067331e-01 -1.99081374e-05 2.46886303e-04
2.15424471e-01 -1.34502850e-04 2.47330543e-04
2.15781608e-01 -2.72451081e-04 2.49864373e-04
2.16138741e-01 -2.09361019e-04 2.45688056e-04
2.16495871e-01 -2.26305917e-04 2.50078284e-04
2.16852997e-01 5.97640825e-05 2.46857047e-04
2.17210119e-01 -1.84605482e-04 2.46298390e-04
2.17567238e-01 -6.94629264e-05 2.48280290e-04
2.17924354e-01 -3.17028604e-04 2.39694777e-04
2.18281465e-01 -2.69867461e-04 2.41361147e-04
2.18638574e-01 1.02329022e-04 2.48753140e-04
2.18995678e-01 -1.44207566e-04 2.40786875e-04
2.19352779e-01 1.62765049e-04 2.43244505e-04
2.19709877e-01 -9.11725258e-05 2.42651633e-04
2.20066971e-01 -3.64680907e-05 2.43940034e-04
2.20424061e-01 -2.87925769e-04 2.40929524e-04
2.20781147e-01 -5.29541708e-04 2.38765144e-04
2.21138230e-01 2.86946928e-04 2.38322793e-04
2.21495310e-01 -4.79815038e-04 2.40508387e-04
2.21852386e-01 2.77719726e-04 2.31632117e-04
2.22209458e-01 -1.76033425e-04 2.37896731e-04
2.22566526e-01 -4.36950325e-04 2.39735529e-04
2.22923591e-01 2.14873058e-04 2.41838441e-04
2.23280652e-01 1.63962035e-05 2.35781842e-04
2.23637710e-01 -1.01931043e-04 2.38000672e-04
2.23994764e-01 -2.43135736e-04 2.38496071e-04
2.24351814e-01 1.92258837e-04 2.41036926e-04
2.24708861e-01 -4.29069727e-04 2.37951767e-04
2.25065904e-01 5.09422025e-05 2.35867019e-04
2.25422943e-01 2.56937340e-05 2.34032589e-04
2.25779978e-01 -1.08798351e-04 2.32391157e-04
2.26137010e-01 -2.64030878e-04 2.39024028e-04
2.26494038e-01 -3.46177165e-05 2.36072411e-04
2.26851063e-01 -3.10391072e-04 2.36984642e-04
2.27208083e-01 1.60251093e-04 2.37138408e-04
2.27565100e-01 9.40000555e-05 2.37723864e-04
2.27922114e-01 -1.83157688e-04 2.36692444e-04
2.28279123e-01 1.54551248e-04 2.35794516e-04
2.28636129e-01 -1.09585389e-04 2.33224320e-04
2.28993131e-01 1.97522511e-04 2.35331367e-04
2.29350129e-01 2.81491131e-04 2.37540178e-04
2.29707124e-01 -2.43287138e-04 2.32737452e-04
2.30064115e-01 3.16569882e-04 2.30268275e-04
2.30421102e-01 2.00940475e-04 2.31577662e-04
2.30778085e-01 -9.31287089e-06 2.36201678e-04
2.31135064e-01 4.68483882e-04 2.27218918e-04
2.31492040e-01 -3.28968513e-05 2.31391988e-04
2.31849012e-01 1.08925561e-04 2.29857165e-04
2.32205980e-01 4.58238375e-05 2.32117160e-04
2.32562944e-01 1.72909082e-04 2.30148137e-04
2.32919905e-01 -4.80305537e-07 2.32793509e-04
2.33276862e-01 -4.77878228e-04 2.36072374e-04
2.33633814e-01 -4.64835893e-04 2.31365515e-04
2.33990763e-01 -1.97812272e-04 2.32670805e-04
2.34347709e-01 9.05240874e-05 2.36093426e-04
2.34704650e-01 1.96593111e-05 2.28839195e-04
2.35061588e-01 -2.04909410e-04 2.32540660e-04
2.35418521e-01 -2.72992086e-06 2.26521075e-04
2.35775451e-01 1.25247314e-04 2.29737900e-04
2.36132377e-01 -3.32835866e-04 2.33206938e-04
2.36489299e-01 1.13911133e-04 2.28502325e-04
2.36846218e-01 3.13723870e-05 2.28306397e-04
2.37203132e-01 -2.62476049e-04 2.23557547e-04
2.37560042e-01 3.38514226e-05 2.30378670e-04
2.37916949e-01 2.16822552e-04 2.25674707e-04
2.38273852e-01 6.13324541e-05 2.23854517e-04
2.38630751e-01 -1.99580589e-04 2.24308838e-04
2.38987645e-01 -1.51844494e-04 2.24444372e-04
2.39344537e-01 3.87753147e-04 2.23890670e-04
2.39701424e-01 6.35689739e-05 2.24995539e-04
2.40058307e-01 1.93864203e-04 2.29537359e-04
2.40415186e-01 -3.02494819e-05 2.27814329e-04
2.40772061e-01 -2.35027931e-04 2.24589449e-04
2.41128933e-01 -9.87716182e-05 2.19625964e-04
2.41485800e-01 1.34414039e-04 2.22854072e-04
2.41842664e-01 3.95364741e-04 2.24892842e-04
2.42199523e-01 8.06746426e-05 2.25094532e-04
2.42556379e-01 2.32940820e-04 2.22444257e-04
2.42913230e-01 6.69643832e-05 2.23321047e-04
2.43270078e-01 1.41191341e-05 2.23430732e-04
2.43626922e-01 8.21686116e-05 2.23488852e-04
2.43983761e-01 -1.30241404e-04 2.21149604e-04
2.44340597e-01 -2.17928560e-04 2.20732067e-04
2.44697429e-01 3.71968673e-06 2.23004670e-04
2.45054256e-01 -4.17467283e-04 2.15286143e-04
2.45411080e-01 3.38518923e-04 2.18598842e-04
2.45767900e-01 1.92705956e-04 2.19470254e-04
2.46124715e-01 2.39581102e-04 2.17790682e-04
2.46481527e-01 -1.55598104e-04 2.16014842e-04
2.46838334e-01 -1.70345409e-04 2.18762185e-04
2.47195138e-01 2.13755587e-04 2.22166002e-04
2.47551938e-01 4.72636879e-05 2.15611928e-04
2.47908733e-01 1.83154865e-04 2.22736909e-04
2.48265524e-01 -1.09851734e-05 2.15597408e-04
2.48622312e-01 5.83392493e-05 2.16335069e-04
2.48979095e-01 -1.49874141e-04 2.19038397e-04
2.49335874e-01 -9.17897259e-05 2.15846359e-04
2.49692649e-01 -2.54713183e-04 2.12875825e-04
2.50049420e-01 -3.00440806e-04 2.19957321e-04
2.50406187e-01 7.56137588e-05 2.16762855e-04
2.50762950e-01 -1.27396222e-04 2.13927635e-04
2.51119709e-01 -1.88464073e-04 2.12161697e-04
2.51476464e-01 6.45606885e-05 2.12574309e-04
2.51833214e-01 1.78047108e-04 2.12508050e-04
2.52189961e-01 1.16727049e-04 2.09749042e-04
2.52546703e-01 3.63238237e-04 2.16714517e-04
2.52903441e-01 -9.36825573e-06 2.12771283e-04
2.53260175e-01 2.69197327e-04 2.10416345e-04
2.53616905e-01 1.56424922e-04 2.15274259e-04
2.53973631e-01 -2.60347943e-04 2.11648789e-04
2.54330352e-01 -7.85589481e-05 2.11944219e-04
2.54687070e-01 6.08258348e-04 2.12283931e-04
2.55043783e-01 -9.59238376e-05 2.08257635e-04
2.55400492e-01 9.00882068e-06 2.12466471e-04
2.55757197e-01 4.20579930e-05 2.10129484e-04
2.56113898e-01 1.44516419e-04 2.14620330e-04
2.56470595e-01 -2.16150892e-04 2.16908118e-04
2.56827287e-01 -3.40027180e-05 2.14632986e-04
2.57183975e-01 -3.35568872e-04 2.13898876e-04
2.57540659e-01 8.96786666e-05 2.15289737e-04
2.57897339e-01 -8.10429570e-05 2.17069985e-04
2.58254014e-01 -1.06125075e-04 2.16600726e-04
2.58610686e-01 -3.87211755e-05 2.17497624e-04
2.58967353e-01 7.84700657e-05 2.16960409e-04
2.59324016e-01 5.47681870e-05 2.13715061e-04
2.59680674e-01 3.51133215e-04 2.14023062e-04
2.60037329e-01 2.41469916e-04 2.19139551e-04
2.60393979e-01 -1.43730212e-04 2.15346596e-04
2.60750625e-01 -8.33610388e-05 2.19201856e-04
2.61107266e-01 -2.18571753e-04 2.15685228e-04
2.61463904e-01 4.24161610e-04 2.18597827e-04
2.61820537e-01 5.33033716e-04 2.18174234e-04
2.62177166e-01 7.91288487e-05 2.16751462e-04
2.62533790e-01 -1.60674470e-04 2.11862393e-04
2.62890410e-01 -3.40788631e-04 2.11632497e-04
2.63247026e-01 1.45792730e-04 2.13708771e-04
2.63603638e-01 -2.48622720e-04 2.15849517e-04
2.63960245e-01 6.59021427e-05 2.13397281e-04
2.64316848e-01 -8.39394314e-05 2.15789446e-04
2.64673447e-01 -1.59825508e-04 2.13623630e-04
2.65030042e-01 2.55138317e-04 2.15953851e-04
2.65386632e-01 -1.56980307e-04 2.14476919e-04
2.65743217e-01 1.57833720e-05 2.09868525e-04
2.66099799e-01 -2.04371820e-04 2.13710009e-04
2.66456376e-01 -3.67249615e-04 2.10513151e-04
2.66812948e-01 -1.16822340e-04 2.16563990e-04
2.67169517e-01 -2.88620146e-04 2.17487724e-04
2.67526081e-01 8.91062098e-06 2.19525766e-04
2.67882640e-01 -1.48016073e-04 2.17769620e-04
2.68239195e-01 -2.94179382e-05 2.13512298e-04
2.68595746e-01 1.40502926e-04 2.17065801e-04
2.68952293e-01 3.33303187e-04 2.16553718e-04
2.69308835e-01 2.12529923e-04 2.17868251e-04
2.69665372e-01 5.65447855e-06 2.20368214e-04
2.70021906e-01 1.06319977e-04 2.18471581e-04
2.70378435e-01 -1.23053517e-04 2.22640396e-04
2.70734959e-01 2.97465516e-05 2.17270282e-04
2.71091479e-01 -7.54947218e-05 2.24290036e-04
2.71447995e-01 -2.48669834e-05 2.22795896e-04
2.71804506e-01 3.20828241e-05 2.20480686e-04
2.72161012e-01 4.76136340e-05 2.21678287e-04
2.72517515e-01 -4.53682258e-04 2.20647338e-04
2.72874012e-01 -2.96669070e-05 2.23236905e-04
