1.54026655e-02 2.21756221e-02 1.79477049e-03
1.57608633e-02 2.08470574e-02 1.68082083e-03
1.61190608e-02 1.91541947e-02 1.56001738e-03
1.64772580e-02 2.03481325e-02 1.51992255e-03
1.68354550e-02 2.15239964e-02 1.61377246e-03
1.71936517e-02 1.79821046e-02 1.41072200e-03
1.75518481e-02 1.66451766e-02 1.42223339e-03
1.79100442e-02 1.93947499e-02 1.44557123e-03
1.82682400e-02 2.12109537e-02 1.40552745e-03
1.86264355e-02 2.01312204e-02 1.26682143e-03
1.89846308e-02 2.12127417e-02 1.29672759e-03
1.93428257e-02 1.97106484e-02 1.29259507e-03
1.97010202e-02 2.11753412e-02 1.26297736e-03
2.00592145e-02 2.05584815e-02 1.20979901e-03
2.04174084e-02 1.84770029e-02 1.17292315e-03
2.07756020e-02 2.04879949e-02 1.19971456e-03
2.11337953e-02 2.10804257e-02 1.16416673e-03
2.14919882e-02 2.03362289e-02 1.17016541e-03
2.18501808e-02 1.90017436e-02 1.15412026e-03
2.22083729e-02 2.17180575e-02 1.12945376e-03
2.25665648e-02 1.99397647e-02 1.01801902e-03
2.29247562e-02 2.02842433e-02 1.02783450e-03
2.32829473e-02 1.82195903e-02 9.90466761e-04
2.36411380e-02 2.10497712e-02 1.02608600e-03
2.39993283e-02 1.98961732e-02 1.04714486e-03
2.43575182e-02 1.82205609e-02 1.01785437e-03
2.47157077e-02 1.85979036e-02 9.62541771e-04
2.50738968e-02 1.73059329e-02 9.48744887e-04
2.54320855e-02 1.86060420e-02 9.87155137e-04
2.57902738e-02 1.94512249e-02 9.46795027e-04
2.61484617e-02 2.08121807e-02 9.81731006e-04
2.65066491e-02 1.87517594e-02 9.67335148e-04
2.68648361e-02 1.88209614e-02 9.17736576e-04
2.72230226e-02 1.87412530e-02 9.18233439e-04
2.75812087e-02 1.91857680e-02 8.77780229e-04
2.79393943e-02 1.77405529e-02 9.76047530e-04
2.82975795e-02 1.84867522e-02 9.29240785e-04
2.86557642e-02 1.84934449e-02 9.19690524e-04
2.90139485e-02 1.79877264e-02 9.03331382e-04
2.93721323e-02 1.71481280e-02 9.05766738e-04
2.97303155e-02 1.77843722e-02 8.73676046e-04
3.00884983e-02 1.68882561e-02 8.87419081e-04
3.04466806e-02 1.75824672e-02 8.97598206e-04
3.08048624e-02 1.61565557e-02 9.02913280e-04
3.11630437e-02 1.56694409e-02 8.97178691e-04
3.15212245e-02 1.57173061e-02 8.65107342e-04
3.18794048e-02 1.61010940e-02 9.02122913e-04
3.22375845e-02 1.63583609e-02 8.86347662e-04
3.25957637e-02 1.61249839e-02 8.84345985e-04
3.29539424e-02 1.58205734e-02 8.54286596e-04
3.33121205e-02 1.53302992e-02 8.43818151e-04
3.36702981e-02 1.70066363e-02 8.54994449e-04
3.40284751e-02 1.50923861e-02 8.26192871e-04
3.43866516e-02 1.50158595e-02 8.30019607e-04
3.47448275e-02 1.59283938e-02 8.87334725e-04
3.51030028e-02 1.54833914e-02 8.44663427e-04
3.54611775e-02 1.58048548e-02 8.57957629e-04
3.58193517e-02 1.53343606e-02 8.13986553e-04
3.61775253e-02 1.56066381e-02 8.33443101e-04
3.65356983e-02 1.46956863e-02 8.12861554e-04
3.68938706e-02 1.58729628e-02 8.12253466e-04
3.72520424e-02 1.43977106e-02 7.64579653e-04
3.76102136e-02 1.44769606e-02 7.55592966e-04
3.79683841e-02 1.38776427e-02 7.69276784e-04
3.83265540e-02 1.37945170e-02 7.74097213e-04
3.86847233e-02 1.37987919e-02 7.61058737e-04
3.90428920e-02 1.38642495e-02 7.35734376e-04
3.94010600e-02 1.45704681e-02 7.66955254e-04
3.97592273e-02 1.41298377e-02 7.34024433e-04
4.01173941e-02 1.28242943e-02 7.46545906e-04
4.04755601e-02 1.37426444e-02 7.74220541e-04
4.08337255e-02 1.29192459e-02 7.17201565e-04
4.11918902e-02 1.36709815e-02 7.22856018e-04
4.15500542e-02 1.16993067e-02 6.69236718e-04
4.19082176e-02 1.34556830e-02 7.05990394e-04
4.22663802e-02 1.34231165e-02 7.10017836e-04
4.26245422e-02 1.40417133e-02 7.14879387e-04
4.29827034e-02 1.10467819e-02 7.10229521e-04
4.33408640e-02 1.23399014e-02 7.18350239e-04
4.36990238e-02 1.17618684e-02 7.08797788e-04
4.40571830e-02 1.14827345e-02 7.26152253e-04
4.44153414e-02 9.94126167e-03 7.14152880e-04
4.47734990e-02 1.10312030e-02 7.03423056e-04
4.51316560e-02 1.09157456e-02 7.16440189e-04
4.54898122e-02 1.08001093e-02 6.71349489e-04
4.58479676e-02 1.00080466e-02 6.95615996e-04
4.62061223e-02 1.02047936e-02 7.14905385e-04
4.65642762e-02 1.05832615e-02 7.01009897e-04
4.69224294e-02 1.00628850e-02 6.67785884e-04
4.72805818e-02 9.53372464e-03 6.71124716e-04
4.76387334e-02 9.63642134e-03 6.88726796e-04
4.79968842e-02 9.50017008e-03 6.95192036e-04
4.83550342e-02 1.02942959e-02 6.84774145e-04
4.87131835e-02 1.00259365e-02 6.59111367e-04
4.90713319e-02 9.55983921e-03 6.74276249e-04
4.94294795e-02 8.79545674e-03 6.61836151e-04
4.97876264e-02 8.66094147e-03 6.52146566e-04
5.01457724e-02 8.41648021e-03 6.46255769e-04
5.05039175e-02 8.53982255e-03 6.30760996e-04
5.08620619e-02 9.26712848e-03 6.31852418e-04
5.12202054e-02 8.19265129e-03 6.15791257e-04
5.15783481e-02 7.55542620e-03 6.13900144e-04
5.19364899e-02 7.51957444e-03 6.17822030e-04
5.22946308e-02 8.73492734e-03 6.20379165e-04
5.26527709e-02 7.69517791e-03 6.12743071e-04
5.30109102e-02 7.78869449e-03 6.01568653e-04
5.33690485e-02 8.30992377e-03 6.02743720e-04
5.37271860e-02 7.54593929e-03 6.02267929e-04
5.40853226e-02 8.31158470e-03 5.89469843e-04
5.44434583e-02 7.05782959e-03 5.78947254e-04
5.48015932e-02 6.14794012e-03 5.85856885e-04
5.51597271e-02 5.48604422e-03 5.74806414e-04
5.55178601e-02 7.06882883e-03 5.85404596e-04
5.58759922e-02 6.77061968e-03 5.89142574e-04
5.62341234e-02 7.11529532e-03 5.74576877e-04
5.65922536e-02 6.95718754e-03 5.58580553e-04
5.69503829e-02 7.10390245e-03 6.00855420e-04
5.73085113e-02 6.44833462e-03 5.89754761e-04
5.76666388e-02 5.58037129e-03 5.69809515e-04
5.80247653e-02 5.81562070e-03 5.47786436e-04
5.83828908e-02 6.90035599e-03 5.61014077e-04
5.87410154e-02 5.82135582e-03 5.44366347e-04
5.90991390e-02 6.31999821e-03 5.72888992e-04
5.94572616e-02 5.97056289e-03 5.53012977e-04
5.98153833e-02 6.22530811e-03 5.65431311e-04
6.01735040e-02 6.16455972e-03 5.37203727e-04
6.05316237e-02 5.23035791e-03 5.54673530e-04
6.08897424e-02 5.24945972e-03 5.36866943e-04
6.12478600e-02 6.43307959e-03 5.42564091e-04
6.16059767e-02 5.45427665e-03 5.40273420e-04
6.19640924e-02 4.92366314e-03 5.62673685e-04
6.23222071e-02 4.69263418e-03 5.34564772e-04
6.26803207e-02 5.18134723e-03 5.24868736e-04
6.30384333e-02 6.39496431e-03 5.25952630e-04
6.33965448e-02 4.21755895e-03 5.17882021e-04
6.37546554e-02 5.43097672e-03 5.30774115e-04
6.41127648e-02 4.31758961e-03 5.29479471e-04
6.44708732e-02 4.10552240e-03 5.09790873e-04
6.48289806e-02 3.92490828e-03 5.20664503e-04
6.51870869e-02 3.69170514e-03 5.27229763e-04
6.55451921e-02 3.58513675e-03 5.27457725e-04
6.59032962e-02 4.95536540e-03 5.28909362e-04
6.62613993e-02 3.36380866e-03 5.05563411e-04
6.66195012e-02 3.98746879e-03 5.32197445e-04
6.69776021e-02 3.90606522e-03 5.06297521e-04
6.73357019e-02 3.65041018e-03 5.09978763e-04
6.76938005e-02 3.63816238e-03 5.04466765e-04
6.80518981e-02 3.89517881e-03 4.91531125e-04
6.84099945e-02 2.66815693e-03 4.96478000e-04
6.87680898e-02 3.01054159e-03 4.91686004e-04
6.91261840e-02 2.90934352e-03 4.96890995e-04
6.94842770e-02 3.27760894e-03 4.77502622e-04
6.98423689e-02 3.59992660e-03 4.91339520e-04
7.02004596e-02 2.94054522e-03 4.87564575e-04
7.05585492e-02 3.01596595e-03 4.75309743e-04
7.09166377e-02 2.93560097e-03 4.64883647e-04
7.12747249e-02 2.96553737e-03 4.84577975e-04
7.16328110e-02 2.52460162e-03 4.96026418e-04
7.19908959e-02 2.70370439e-03 4.89048030e-04
7.23489796e-02 2.93989762e-03 4.91103936e-04
7.27070622e-02 2.49093029e-03 4.70467368e-04
7.30651435e-02 2.94856308e-03 4.71976717e-04
7.34232237e-02 2.67069613e-03 4.84935104e-04
7.37813026e-02 2.07334438e-03 4.84891144e-04
7.41393803e-02 2.14881148e-03 4.78084178e-04
7.44974568e-02 2.94455237e-03 4.82099389e-04
7.48555321e-02 2.30044652e-03 4.61060421e-04
7.52136061e-02 2.27030485e-03 4.56340742e-04
7.55716789e-02 2.44821560e-03 4.66980017e-04
7.59297505e-02 2.42510838e-03 4.63543613e-04
7.62878208e-02 2.33350254e-03 4.73006530e-04
7.66458899e-02 1.96408027e-03 4.53535114e-04
7.70039577e-02 2.02388999e-03 4.68588970e-04
7.73620242e-02 2.01962933e-03 4.46485591e-04
7.77200895e-02 1.75748196e-03 4.66168470e-04
7.80781535e-02 2.68728079e-03 4.58479577e-04
7.84362162e-02 1.31644463e-03 4.55771777e-04
7.87942776e-02 1.82388684e-03 4.53830548e-04
7.91523377e-02 1.71101581e-03 4.46531741e-04
7.95103965e-02 1.34949649e-03 4.49285082e-04
7.98684540e-02 2.04060705e-03 4.41167512e-04
8.02265102e-02 1.56521277e-03 4.66956544e-04
8.05845651e-02 1.82400101e-03 4.30418063e-04
8.09426186e-02 1.64862054e-03 4.46883781e-04
8.13006709e-02 2.45464377e-03 4.52957901e-04
8.16587217e-02 1.62113200e-03 4.43328527e-04
8.20167713e-02 1.72296475e-03 4.48194124e-04
8.23748195e-02 1.64865267e-03 4.37511924e-04
8.27328663e-02 1.46184248e-03 4.33080922e-04
8.30909118e-02 1.43529394e-03 4.42574033e-04
8.34489559e-02 2.02800155e-03 4.41784970e-04
8.38069986e-02 1.33746142e-03 4.51869148e-04
8.41650400e-02 1.31945988e-03 4.24351042e-04
8.45230800e-02 1.64002315e-03 4.32850500e-04
8.48811185e-02 1.10620588e-03 4.41113670e-04
8.52391557e-02 1.42812070e-03 4.44290458e-04
8.55971915e-02 8.63239337e-04 4.46196874e-04
8.59552259e-02 1.06934057e-03 4.46723007e-04
8.63132589e-02 6.21214214e-04 4.34265382e-04
8.66712904e-02 1.03240788e-03 4.41764383e-04
8.70293205e-02 1.08073421e-03 4.36983434e-04
8.73873492e-02 1.47300791e-03 4.36321733e-04
8.77453765e-02 1.21337933e-03 4.40548956e-04
8.81034023e-02 7.34540910e-04 4.43741750e-04
8.84614267e-02 4.56934239e-04 4.31845526e-04
8.88194496e-02 3.79155904e-04 4.34308798e-04
8.91774710e-02 1.39428904e-03 4.31364229e-04
8.95354910e-02 1.12418837e-03 4.19562198e-04
8.98935095e-02 9.87371553e-04 4.27881748e-04
9.02515266e-02 1.19767356e-03 4.36833126e-04
9.06095421e-02 9.38490566e-04 4.37040058e-04
9.09675562e-02 1.05614049e-03 4.37150530e-04
9.13255687e-02 1.28898662e-03 4.24612230e-04
9.16835798e-02 1.59523465e-03 4.35040219e-04
9.20415894e-02 1.14646874e-03 4.34083240e-04
9.23995974e-02 1.74840987e-03 4.27118143e-04
9.27576039e-02 1.04472434e-03 4.18585549e-04
9.31156089e-02 8.59166528e-04 4.25662843e-04
9.34736124e-02 1.05061491e-03 4.19400356e-04
9.38316143e-02 4.52111480e-04 4.06492104e-04
9.41896147e-02 1.32352405e-03 4.15273808e-04
9.45476136e-02 1.22106751e-03 4.21608812e-04
9.49056108e-02 -3.33321453e-04 4.12454276e-04
9.52636066e-02 3.55138850e-04 4.12514429e-04
9.56216007e-02 4.72978709e-04 4.10443562e-04
9.59795933e-02 1.29789614e-03 4.21305676e-04
9.63375843e-02 9.12532442e-04 4.14732393e-04
9.66955738e-02 3.51895353e-04 3.95765905e-04
9.70535616e-02 1.39023342e-03 4.09897377e-04
9.74115478e-02 5.89407036e-04 4.04685195e-04
9.77695325e-02 2.46991641e-04 4.05546942e-04
9.81275155e-02 4.21164200e-04 4.07547249e-04
9.84854969e-02 6.55707783e-04 3.99346725e-04
9.88434768e-02 -2.47871539e-04 3.98057355e-04
9.92014549e-02 1.16829132e-05 4.01138965e-04
9.95594315e-02 8.42126398e-04 4.12542525e-04
9.99174064e-02 2.80869682e-04 3.98765161e-04
1.00275380e-01 9.71153103e-04 3.94534884e-04
1.00633351e-01 6.31037844e-04 3.89447080e-04
1.00991321e-01 6.68298392e-04 3.86664060e-04
1.01349290e-01 8.42085027e-04 3.88479071e-04
1.01707256e-01 2.27798484e-04 3.98308496e-04
1.02065221e-01 7.64768308e-04 3.93301949e-04
1.02423184e-01 9.80509093e-04 3.91807587e-04
1.02781146e-01 9.30577804e-05 4.00865566e-04
1.03139106e-01 6.63074542e-04 4.00978180e-04
1.03497064e-01 4.31380907e-04 3.97933810e-04
1.03855021e-01 2.08027392e-04 3.87313000e-04
1.04212976e-01 5.93088606e-04 3.93335343e-04
1.04570929e-01 4.38859243e-04 3.98287577e-04
1.04928880e-01 5.96491420e-04 3.99096668e-04
1.05286830e-01 1.03055965e-04 3.97516054e-04
1.05644778e-01 5.20134843e-04 3.90301267e-04
1.06002724e-01 5.40143040e-04 3.94015317e-04
1.06360668e-01 3.56870861e-04 3.90224859e-04
1.06718611e-01 8.63483445e-05 3.92486065e-04
1.07076552e-01 4.97229591e-04 4.07115522e-04
1.07434491e-01 5.10303555e-04 3.99830651e-04
1.07792429e-01 7.75384621e-04 4.11163867e-04
1.08150364e-01 3.39348306e-04 4.02133659e-04
1.08508298e-01 6.54679461e-04 4.09938193e-04
1.08866230e-01 2.58309421e-05 3.97472665e-04
1.09224160e-01 6.40380146e-04 3.90850310e-04
1.09582089e-01 2.95282483e-04 4.00567736e-04
1.09940016e-01 1.18784633e-03 4.06222650e-04
1.10297941e-01 1.14447691e-03 3.86164497e-04
1.10655864e-01 4.01193212e-04 3.93482853e-04
1.11013785e-01 5.55261403e-04 3.84314300e-04
1.11371704e-01 1.58299527e-04 3.80286466e-04
1.11729622e-01 8.59892182e-04 3.99897215e-04
1.12087538e-01 2.22518173e-04 3.87037801e-04
1.12445452e-01 5.55838133e-04 3.74110915e-04
1.12803364e-01 9.68102287e-04 3.80705000e-04
1.13161274e-01 5.95629395e-04 3.91399052e-04
1.13519182e-01 4.80890515e-04 3.84294390e-04
1.13877089e-01 2.22401078e-04 3.80284632e-04
1.14234994e-01 -9.37748237e-06 3.69043568e-04
1.14592896e-01 3.78899781e-04 3.75012708e-04
1.14950797e-01 8.64505842e-04 3.67714902e-04
1.15308696e-01 4.15612076e-04 3.78155565e-04
1.15666593e-01 -1.79370815e-04 3.80562045e-04
1.16024488e-01 3.86468197e-04 3.77656250e-04
1.16382382e-01 7.50590154e-04 3.87902175e-04
1.16740273e-01 6.16230309e-05 3.66780243e-04
1.17098163e-01 -2.02024925e-04 3.61215158e-04
1.17456050e-01 -5.22075744e-07 3.68420422e-04
1.17813936e-01 -3.67669583e-05 3.66333019e-04
1.18171819e-01 4.75467716e-04 3.67663830e-04
1.18529701e-01 1.05837492e-03 3.65321801e-04
1.18887581e-01 1.11095320e-03 3.79806267e-04
1.19245459e-01 8.54114806e-05 3.66205756e-04
1.19603335e-01 6.83531917e-04 3.67008668e-04
1.19961208e-01 9.43909155e-04 3.74539034e-04
1.20319080e-01 2.85324968e-04 3.69591497e-04
1.20676950e-01 1.57797301e-04 3.82888583e-04
1.21034818e-01 3.44225640e-04 3.71455718e-04
1.21392684e-01 6.64765098e-04 3.66599418e-04
1.21750548e-01 7.92827662e-04 3.83121088e-04
1.22108410e-01 -2.62491874e-04 3.71917052e-04
1.22466270e-01 1.97208981e-04 3.74231030e-04
1.22824128e-01 3.12417580e-05 3.79501056e-04
1.23181984e-01 1.24845266e-04 3.70030920e-04
1.23539838e-01 -4.51698855e-05 3.79692479e-04
1.23897690e-01 1.32951510e-04 3.70947340e-04
1.24255540e-01 5.98500542e-04 3.81636739e-04
1.24613388e-01 8.40652510e-04 3.71840645e-04
1.24971233e-01 4.86645081e-04 3.56275464e-04
1.25329077e-01 1.70470571e-04 3.56952956e-04
1.25686919e-01 -5.27452913e-05 3.62777765e-04
1.26044758e-01 -1.83480525e-05 3.55786816e-04
1.26402596e-01 4.60773740e-05 3.59212589e-04
1.26760431e-01 3.74986886e-04 3.62856085e-04
1.27118265e-01 -1.57088075e-05 3.66034970e-04
1.27476096e-01 4.53644929e-04 3.57908647e-04
1.27833925e-01 -2.91229972e-06 3.50238911e-04
1.28191752e-01 6.30646388e-04 3.51387430e-04
1.28549577e-01 2.96856470e-04 3.57962958e-04
1.28907400e-01 6.68646892e-04 3.55264787e-04
1.29265221e-01 3.98402083e-04 3.45910190e-04
1.29623040e-01 2.31530724e-04 3.56035638e-04
1.29980856e-01 1.02490273e-03 3.50634923e-04
1.30338670e-01 8.39250670e-04 3.51520342e-04
1.30696483e-01 3.64507705e-04 3.46842965e-04
1.31054293e-01 6.83930655e-04 3.45901284e-04
1.31412101e-01 4.48914063e-04 3.53496396e-04
1.31769906e-01 6.48331633e-04 3.54869441e-04
1.32127710e-01 4.06857260e-04 3.49728096e-04
1.32485511e-01 6.23756146e-04 3.49760073e-04
1.32843311e-01 6.70785879e-04 3.48369758e-04
1.33201108e-01 4.07278660e-04 3.41788468e-04
1.33558903e-01 4.42333698e-04 3.32196876e-04
1.33916695e-01 2.37529829e-04 3.39988357e-04
1.34274486e-01 5.53208647e-05 3.41838977e-04
1.34632274e-01 5.41000623e-04 3.44603130e-04
1.34990060e-01 2.02638783e-04 3.37579745e-04
1.35347844e-01 -6.53356034e-04 3.33104577e-04
1.35705626e-01 -5.55332369e-05 3.25812113e-04
1.36063405e-01 5.28533422e-04 3.28441473e-04
1.36421182e-01 7.59250759e-04 3.32330604e-04
1.36778957e-01 2.63210664e-04 3.33744566e-04
1.37136730e-01 -4.49188570e-04 3.23824491e-04
1.37494500e-01 4.81656845e-05 3.28661286e-04
1.37852269e-01 -3.31170933e-05 3.30591583e-04
1.38210034e-01 -4.49468994e-05 3.27998533e-04
1.38567798e-01 1.00351838e-03 3.41056674e-04
1.38925559e-01 4.97990338e-05 3.25855565e-04
1.39283319e-01 -1.72789048e-04 3.34403188e-04
1.39641075e-01 2.74128445e-04 3.26254441e-04
1.39998830e-01 4.23894104e-04 3.37404134e-04
1.40356582e-01 4.62740179e-04 3.33857641e-04
1.40714332e-01 -1.00122996e-04 3.33242588e-04
1.41072080e-01 3.88667901e-04 3.28528712e-04
1.41429825e-01 3.35708296e-04 3.29594754e-04
1.41787568e-01 -3.39299026e-04 3.27762646e-04
1.42145308e-01 -3.53866520e-04 3.30816086e-04
1.42503047e-01 -9.65955837e-05 3.23472656e-04
1.42860783e-01 1.75173453e-04 3.28407213e-04
1.43218516e-01 2.25190704e-04 3.28255306e-04
1.43576247e-01 1.50194744e-04 3.17857553e-04
1.43933976e-01 1.68465485e-04 3.23767346e-04
1.44291703e-01 -9.43274329e-05 3.26485702e-04
1.44649427e-01 3.69306656e-04 3.20857006e-04
1.45007149e-01 4.33634079e-04 3.21381928e-04
1.45364868e-01 2.02394095e-04 3.20790233e-04
1.45722585e-01 -1.36240339e-04 3.20456601e-04
1.46080300e-01 2.47796639e-04 3.24713448e-04
1.46438012e-01 7.48569974e-05 3.16065425e-04
1.46795722e-01 -3.74834259e-05 3.15174544e-04
1.47153429e-01 8.45271063e-05 3.22046560e-04
1.47511134e-01 -6.22106098e-06 3.16729089e-04
1.47868837e-01 -4.29723813e-04 3.12817084e-04
1.48226537e-01 -5.04505438e-04 3.15961283e-04
1.48584235e-01 2.26162674e-04 3.20445514e-04
1.48941930e-01 3.66942725e-04 3.20128526e-04
1.49299623e-01 1.72370086e-04 3.17752391e-04
1.49657313e-01 1.00542884e-04 3.14080836e-04
1.50015001e-01 6.13011746e-04 3.11020626e-04
1.50372687e-01 -3.78166427e-04 3.09410499e-04
1.50730370e-01 -1.12742627e-04 3.13298683e-04
1.51088050e-01 1.72424827e-04 3.17311101e-04
1.51445728e-01 1.02289529e-04 3.14785666e-04
1.51803404e-01 2.63724051e-04 3.14612429e-04
1.52161077e-01 4.45620993e-04 3.10837339e-04
1.52518747e-01 1.80528146e-04 3.10385852e-04
1.52876416e-01 1.29133792e-04 3.01329535e-04
1.53234081e-01 2.00799498e-04 3.09678475e-04
1.53591744e-01 2.27997448e-04 3.08094475e-04
1.53949405e-01 1.14759628e-05 3.08577205e-04
1.54307063e-01 3.32376198e-04 3.09213335e-04
1.54664718e-01 2.86042476e-04 3.09841847e-04
1.55022371e-01 -9.22644758e-05 3.10056158e-04
1.55380021e-01 6.51741648e-05 3.06082094e-04
1.55737669e-01 1.30973854e-05 3.02858834e-04
1.56095314e-01 -1.22369101e-04 3.01134885e-04
1.56452957e-01 9.59243679e-06 3.06253864e-04
1.56810597e-01 -1.90964262e-04 3.02803865e-04
1.57168235e-01 -1.78818178e-06 3.02447352e-04
1.57525870e-01 9.89712990e-05 3.05737380e-04
1.57883502e-01 -3.23298469e-04 3.10798279e-04
1.58241132e-01 1.88776661e-04 2.99817727e-04
1.58598759e-01 9.37039771e-05 2.98682074e-04
1.58956384e-01 -1.81602368e-04 2.98971821e-04
1.59314006e-01 -2.21693073e-04 3.02635142e-04
1.59671625e-01 2.55845580e-04 2.99354770e-04
1.60029242e-01 -2.80808574e-04 3.09066361e-04
1.60386856e-01 4.51445058e-04 2.97177558e-04
1.60744468e-01 8.06832012e-05 3.01092199e-04
1.61102076e-01 -1.42070047e-04 2.89612578e-04
1.61459683e-01 2.89286070e-04 2.99113888e-04
1.61817286e-01 2.16179894e-04 2.95450544e-04
1.62174887e-01 2.02961575e-04 2.95987282e-04
1.62532485e-01 3.45558808e-04 2.98940438e-04
1.62890081e-01 -1.21068274e-04 2.92790110e-04
1.63247674e-01 2.84025423e-04 2.91413852e-04
1.63605264e-01 -1.39948857e-04 2.93408758e-04
1.63962852e-01 2.62662247e-04 2.94706832e-04
1.64320437e-01 -6.64791354e-05 2.98702444e-04
1.64678019e-01 2.31749910e-04 2.94244797e-04
1.65035598e-01 3.74597920e-04 2.94479703e-04
1.65393175e-01 4.93955444e-04 3.00098314e-04
1.65750749e-01 4.27104502e-05 2.90333866e-04
1.66108320e-01 9.31908149e-06 2.97093885e-04
1.66465889e-01 1.17640532e-04 2.92825171e-04
1.66823455e-01 7.37001977e-05 2.88873417e-04
1.67181018e-01 -2.38678521e-04 2.91622711e-04
1.67538578e-01 2.16677200e-04 2.95796164e-04
1.67896136e-01 -1.26096085e-04 2.98449047e-04
1.68253691e-01 2.83101675e-04 2.91512657e-04
1.68611243e-01 3.42240323e-04 2.99557567e-04
1.68968792e-01 -1.10860453e-04 2.93925939e-04
1.69326339e-01 1.49697096e-04 2.89232939e-04
1.69683883e-01 7.10312671e-04 2.92374014e-04
1.70041424e-01 3.75934095e-05 2.89510152e-04
1.70398962e-01 6.72723112e-04 2.90607117e-04
1.70756497e-01 -8.13893928e-05 2.83844491e-04
1.71114030e-01 -2.06613980e-04 2.89406805e-04
1.71471560e-01 2.41518638e-04 2.90388951e-04
1.71829087e-01 2.55248226e-04 2.82102403e-04
1.72186611e-01 2.52436080e-04 2.85796421e-04
1.72544132e-01 2.21931544e-04 2.84438318e-04
1.72901651e-01 -2.97536267e-04 2.86161657e-04
1.73259167e-01 2.64523115e-04 2.80861135e-04
1.73616679e-01 1.61427853e-04 2.85512102e-04
1.73974189e-01 1.86295931e-04 2.80559361e-04
1.74331697e-01 -2.08326890e-04 2.77682763e-04
1.74689201e-01 -4.62662263e-04 2.87871943e-04
1.75046702e-01 -4.42547786e-04 2.84942542e-04
1.75404201e-01 8.22510632e-05 2.81102894e-04
1.75761697e-01 4.04064023e-04 2.83157933e-04
1.76119189e-01 -1.07850210e-04 2.82569874e-04
1.76476679e-01 -4.37303342e-04 2.79953975e-04
1.76834166e-01 -3.09814796e-04 2.80077318e-04
1.77191650e-01 9.91161091e-05 2.84161600e-04
1.77549132e-01 1.51093495e-04 2.80256748e-04
1.77906610e-01 4.84848773e-04 2.77241114e-04
1.78264085e-01 3.61067835e-05 2.80203090e-04
1.78621558e-01 1.86386274e-04 2.77777155e-04
1.78979027e-01 1.19599005e-04 2.76951187e-04
1.79336494e-01 -2.67986368e-04 2.74458352e-04
1.79693958e-01 5.11818820e-04 2.78446392e-04
1.80051418e-01 -2.40385036e-04 2.80729049e-04
1.80408876e-01 -3.42785407e-05 2.77080807e-04
1.80766331e-01 -2.38476119e-04 2.77626835e-04
1.81123783e-01 -1.31839185e-04 2.77821384e-04
1.81481232e-01 1.82693634e-04 2.84758829e-04
1.81838677e-01 1.51524355e-04 2.84823093e-04
1.82196120e-01 4.30246439e-05 2.90879466e-04
1.82553560e-01 6.53892038e-05 2.92897835e-04
1.82910997e-01 -3.42039230e-05 2.80632229e-04
1.83268431e-01 1.74143678e-04 2.84967289e-04
1.83625862e-01 3.95337003e-04 2.78427807e-04
1.83983290e-01 3.11332449e-04 2.83543169e-04
1.84340715e-01 6.00211447e-04 2.85323919e-04
1.84698137e-01 -2.21605125e-04 2.83862471e-04
1.85055556e-01 -3.24677119e-04 2.88577058e-04
1.85412971e-01 1.04734740e-04 2.82519375e-04
1.85770384e-01 2.18560526e-04 2.81433448e-04
1.86127794e-01 -1.85110916e-05 2.78322181e-04
1.86485200e-01 2.27854336e-04 2.72168432e-04
1.86842604e-01 7.35329310e-05 2.79348928e-04
1.87200005e-01 -3.76153553e-04 2.76176300e-04
1.87557402e-01 2.64355512e-04 2.74447172e-04
1.87914797e-01 3.08026769e-04 2.78361239e-04
1.88272188e-01 -3.50210579e-04 2.74393400e-04
1.88629576e-01 -2.89262161e-05 2.68919679e-04
1.88986961e-01 -1.17708551e-04 2.69417255e-04
1.89344343e-01 -7.95097490e-05 2.74159022e-04
1.89701722e-01 3.50556213e-04 2.68988915e-04
1.90059098e-01 4.66195298e-04 2.74480903e-04
1.90416471e-01 -3.25559347e-04 2.71009801e-04
1.90773840e-01 2.67213785e-04 2.74044862e-04
1.91131207e-01 -7.05511171e-05 2.75207455e-04
1.91488570e-01 -6.54329807e-04 2.73433663e-04
1.91845930e-01 -2.42386980e-04 2.74473960e-04
1.92203287e-01 -2.92766495e-04 2.76931134e-04
1.92560641e-01 -1.44366246e-04 2.68417035e-04
1.92917992e-01 -2.28623817e-04 2.62958174e-04
1.93275340e-01 2.47748979e-04 2.68239539e-04
1.93632684e-01 2.78087873e-04 2.74992607e-04
1.93990025e-01 -3.02238894e-04 2.73639991e-04
1.94347363e-01 -2.19546858e-05 2.72654322e-04
1.94704698e-01 1.48546387e-04 2.75280589e-04
1.95062030e-01 2.32808493e-04 2.75489746e-04
1.95419358e-01 1.82217602e-04 2.75666252e-04
1.95776684e-01 1.38861854e-05 2.73998510e-04
1.96134006e-01 -2.11219921e-04 2.68387176e-04
1.96491324e-01 2.04693687e-04 2.68555249e-04
1.96848640e-01 -4.46454449e-04 2.68502157e-04
1.97205953e-01 -3.70519812e-04 2.74919086e-04
1.97563262e-01 -7.00230632e-06 2.70378401e-04
1.97920568e-01 3.10026539e-05 2.73102953e-04
1.98277870e-01 -1.53049244e-04 2.68772467e-04
1.98635170e-01 8.09835810e-05 2.74403458e-04
1.98992466e-01 -2.14447999e-04 2.72826151e-04
1.99349759e-01 4.52127048e-04 2.70603335e-04
1.99707049e-01 4.32854939e-07 2.69906891e-04
2.00064335e-01 -3.21959959e-04 2.67608110e-04
2.00421618e-01 -2.90517027e-04 2.63563184e-04
2.00778898e-01 2.57241255e-04 2.62266911e-04
2.01136174e-01 -1.08258171e-04 2.62585242e-04
2.01493448e-01 -1.27565586e-04 2.66304067e-04
2.01850718e-01 -6.94031290e-05 2.62895929e-04
2.02207984e-01 2.47945044e-05 2.66521332e-04
2.02565248e-01 -3.10592115e-04 2.63386017e-04
2.02922508e-01 -1.38639735e-04 2.56479438e-04
2.03279764e-01 -1.87247266e-04 2.54139260e-04
2.03637018e-01 -4.05769698e-05 2.64273187e-04
2.03994268e-01 4.08133617e-04 2.61629985e-04
2.04351514e-01 2.96506295e-04 2.61129670e-04
2.04708758e-01 -3.62370093e-05 2.60179139e-04
2.05065998e-01 -1.70569915e-04 2.60317750e-04
2.05423234e-01 9.70357536e-05 2.57443611e-04
2.05780467e-01 1.29230493e-04 2.56926092e-04
2.06137697e-01 1.57259706e-04 2.55296103e-04
2.06494924e-01 1.02028295e-04 2.51783942e-04
2.06852147e-01 9.64877037e-05 2.54171882e-04
2.07209367e-01 2.65414006e-05 2.54653852e-04
2.07566583e-01 1.22245498e-04 2.57210686e-04
2.07923796e-01 -8.82999221e-05 2.54989357e-04
2.08281005e-01 -1.34017687e-04 2.56586384e-04
2.08638211e-01 -1.49855732e-04 2.57014870e-04
2.08995414e-01 -6.63610627e-05 2.56312952e-04
2.09352613e-01 -1.67671298e-05 2.54613758e-04
2.09709809e-01 -1.08422076e-04 2.58482248e-04
2.10067002e-01 1.99256653e-04 2.52029722e-04
2.10424191e-01 4.91278238e-05 2.50838325e-04
2.10781376e-01 3.30649898e-04 2.50102075e-04
2.11138558e-01 -1.21541297e-06 2.53502805e-04
2.11495737e-01 1.01744387e-04 2.52903133e-04
2.11852912e-01 9.15851702e-05 2.52097431e-04
2.12210084e-01 -4.57161262e-05 2.49392592e-04
2.12567252e-01 -4.07250120e-05 2.49543964e-04
2.12924416e-01 3.20098979e-04 2.50113320e-04
2.13281578e-01 -2.52631038e-04 2.49382527e-04
2.13638735e-01 -3.61114948e-04 2.44556361e-04
2.13995890e-01 -1.16552585e-04 2.47822011e-04
2.14353040e-01 6.44793715e-05 2.49569288e-04
2.14710188e-01 -3.38342987e-04 2.47748787e-04
2.15067331e-01 -1.56579984e-04 2.43416485e-04
2.15424471e-01 5.32226622e-04 2.50256620e-04
2.15781608e-01 1.80834320e-04 2.44984385e-04
2.16138741e-01 -1.42711253e-05 2.44357371e-04
2.16495871e-01 2.00650875e-04 2.48872746e-04
2.16852997e-01 -1.89526886e-04 2.46578658e-04
2.17210119e-01 -2.69031020e-04 2.43725829e-04
2.17567238e-01 3.30645776e-04 2.41646326e-04
2.17924354e-01 -1.41266563e-04 2.45771502e-04
2.18281465e-01 5.00546328e-05 2.48800765e-04
2.18638574e-01 2.82716070e-04 2.41339801e-04
2.18995678e-01 3.23876031e-04 2.43957460e-04
2.19352779e-01 4.36661651e-04 2.47353531e-04
2.19709877e-01 -2.73797665e-04 2.41631536e-04
2.20066971e-01 -3.32025054e-04 2.41725033e-04
2.20424061e-01 9.79203202e-06 2.39430849e-04
2.20781147e-01 -2.16895893e-04 2.34797313e-04
2.21138230e-01 -1.41210294e-04 2.34751314e-04
2.21495310e-01 1.46389707e-04 2.40521972e-04
2.21852386e-01 -8.86079221e-07 2.42485674e-04
2.22209458e-01 -2.15386867e-04 2.37750687e-04
2.22566526e-01 8.45663659e-05 2.36539854e-04
2.22923591e-01 -4.13988542e-04 2.40028435e-04
2.23280652e-01 -2.75283064e-04 2.35634870e-04
2.23637710e-01 -1.65880222e-04 2.36672713e-04
2.23994764e-01 3.61975505e-05 2.37889471e-04
2.24351814e-01 -1.09565320e-04 2.44268466e-04
2.24708861e-01 7.36790893e-05 2.39307486e-04
2.25065904e-01 1.67857307e-04 2.34146757e-04
2.25422943e-01 2.53038445e-04 2.37669907e-04
2.25779978e-01 3.34450538e-04 2.34695771e-04
2.26137010e-01 2.52264650e-04 2.37370217e-04
2.26494038e-01 2.97767547e-05 2.38095489e-04
2.26851063e-01 4.38391670e-05 2.38801673e-04
2.27208083e-01 -2.29984650e-04 2.36523907e-04
2.27565100e-01 -3.98437047e-04 2.36404656e-04
2.27922114e-01 1.24921331e-04 2.35602247e-04
2.28279123e-01 2.12270024e-04 2.35503007e-04
2.28636129e-01 -3.69330274e-04 2.33300320e-04
2.28993131e-01 5.14307367e-05 2.31593315e-04
2.29350129e-01 -1.84105081e-05 2.35475743e-04
2.29707124e-01 -5.73993414e-06 2.32522983e-04
2.30064115e-01 -1.62639993e-04 2.33535459e-04
2.30421102e-01 1.04070943e-04 2.32940768e-04
2.30778085e-01 -3.28253712e-04 2.31854543e-04
2.31135064e-01 2.86444463e-05 2.30181608e-04
2.31492040e-01 6.32228956e-05 2.33203261e-04
2.31849012e-01 -8.68621655e-05 2.30918407e-04
2.32205980e-01 1.78540333e-05 2.30979240e-04
2.32562944e-01 2.83833263e-04 2.34147084e-04
2.32919905e-01 -1.20409442e-04 2.38055488e-04
2.33276862e-01 -3.21954875e-04 2.34902855e-04
2.33633814e-01 -2.43420359e-06 2.34254309e-04
2.33990763e-01 7.48821573e-05 2.31552869e-04
2.34347709e-01 3.22815769e-05 2.26807797e-04
2.34704650e-01 -1.08026175e-04 2.27789426e-04
2.35061588e-01 -6.26149337e-05 2.29427511e-04
2.35418521e-01 -3.78735980e-05 2.28134657e-04
2.35775451e-01 -6.29415257e-04 2.25334341e-04
2.36132377e-01 1.65983458e-04 2.31726716e-04
2.36489299e-01 1.01642227e-04 2.29829234e-04
2.36846218e-01 3.98352378e-04 2.29073558e-04
2.37203132e-01 4.21793220e-05 2.27229652e-04
2.37560042e-01 2.32928592e-04 2.29723723e-04
2.37916949e-01 -5.36085367e-05 2.24173750e-04
2.38273852e-01 2.12273312e-04 2.26046574e-04
2.38630751e-01 1.71671519e-04 2.22752422e-04
2.38987645e-01 1.29829344e-04 2.24012771e-04
2.39344537e-01 3.76754206e-04 2.25790278e-04
2.39701424e-01 1.89028152e-04 2.23941688e-04
2.40058307e-01 2.66990183e-04 2.24457392e-04
2.40415186e-01 2.30124212e-04 2.23060375e-04
2.40772061e-01 6.42014359e-05 2.24496616e-04
2.41128933e-01 1.10426097e-04 2.24651158e-04
2.41485800e-01 1.47203050e-04 2.25139398e-04
2.41842664e-01 6.57098879e-05 2.23788358e-04
2.42199523e-01 2.48587852e-04 2.24678357e-04
2.42556379e-01 2.81572718e-04 2.25334271e-04
2.42913230e-01 -9.98978646e-05 2.19464021e-04
2.43270078e-01 -6.72860710e-05 2.16248096e-04
2.43626922e-01 -1.97623457e-04 2.21614950e-04
2.43983761e-01 1.61600828e-04 2.21668524e-04
2.44340597e-01 1.62241790e-05 2.23648886e-04
2.44697429e-01 4.12964165e-05 2.19229367e-04
2.45054256e-01 -2.14401424e-05 2.20334640e-04
2.45411080e-01 -2.80690669e-05 2.17491703e-04
2.45767900e-01 -1.34558396e-04 2.20588064e-04
2.46124715e-01 1.04360410e-05 2.20422911e-04
2.46481527e-01 1.12104537e-04 2.18716968e-04
2.46838334e-01 -9.72015807e-05 2.15897111e-04
2.47195138e-01 1.78996511e-04 2.14900857e-04
2.47551938e-01 4.90882913e-04 2.14375351e-04
2.47908733e-01 -4.65244614e-05 2.18021787e-04
2.48265524e-01 -3.44975017e-05 2.14664965e-04
2.48622312e-01 -1.37806762e-04 2.16889331e-04
2.48979095e-01 -6.98942962e-05 2.17367738e-04
2.49335874e-01 1.41259872e-04 2.17548503e-04
2.49692649e-01 1.26910022e-04 2.15496922e-04
2.50049420e-01 -3.45235466e-04 2.17876689e-04
2.50406187e-01 -2.15856797e-04 2.13867124e-04
2.50762950e-01 -1.71070682e-04 2.14378730e-04
2.51119709e-01 -1.98624117e-05 2.16968802e-04
2.51476464e-01 -7.44393722e-05 2.16509276e-04
2.51833214e-01 -1.01730789e-04 2.16186831e-04
2.52189961e-01 4.77323280e-05 2.12970616e-04
2.52546703e-01 1.37566711e-04 2.14435606e-04
2.52903441e-01 1.03914556e-04 2.14457550e-04
2.53260175e-01 2.52042233e-04 2.16438316e-04
2.53616905e-01 1.92805505e-04 2.10557815e-04
2.53973631e-01 1.34601446e-04 2.12313885e-04
2.54330352e-01 2.06300401e-04 2.12272344e-04
2.54687070e-01 9.28824870e-05 2.06579943e-04
2.55043783e-01 -3.16277749e-05 2.14922356e-04
2.55400492e-01 -5.06512068e-05 2.12365089e-04
2.55757197e-01 1.93883250e-05 2.08334850e-04
2.56113898e-01 -7.00348210e-05 2.14235167e-04
2.56470595e-01 1.74521938e-04 2.11698601e-04
2.56827287e-01 -2.21603589e-04 2.12007323e-04
2.57183975e-01 -3.77014659e-04 2.14190829e-04
2.57540659e-01 1.81862798e-05 2.16303872e-04
2.57897339e-01 2.97929072e-04 2.15573059e-04
2.58254014e-01 1.56206556e-04 2.18325051e-04
2.58610686e-01 2.57434500e-05 2.10691758e-04
2.58967353e-01 4.94100767e-04 2.15994339e-04
2.59324016e-01 4.55249605e-05 2.18512568e-04
2.59680674e-01 -4.26078204e-04 2.16720390e-04
2.60037329e-01 -4.32304188e-05 2.15270461e-04
2.60393979e-01 -1.19430946e-04 2.17927586e-04
2.60750625e-01 1.86812272e-04 2.17139070e-04
2.61107266e-01 2.47857983e-04 2.17408025e-04
2.61463904e-01 2.33440747e-04 2.14661079e-04
2.61820537e-01 1.42540123e-04 2.19912099e-04
2.62177166e-01 -7.09013118e-05 2.14606947e-04
2.62533790e-01 -1.34472733e-04 2.12020586e-04
2.62890410e-01 9.00739454e-05 2.14230140e-04
2.63247026e-01 -5.10894315e-05 2.16854485e-04
2.63603638e-01 2.57789250e-04 2.18156181e-04
2.63960245e-01 2.69449553e-04 2.14618960e-04
2.64316848e-01 -2.85865329e-05 2.13032997e-04
2.64673447e-01 8.26709288e-05 2.16447747e-04
2.65030042e-01 1.84663994e-04 2.19570339e-04
2.65386632e-01 1.78989614e-04 2.19437608e-04
2.65743217e-01 8.91822672e-05 2.09551254e-04
2.66099799e-01 -1.01340221e-04 2.10563079e-04
2.66456376e-01 1.23367677e-04 2.11659010e-04
2.66812948e-01 -8.12995922e-05 2.14400730e-04
2.67169517e-01 2.63884915e-04 2.14860389e-04
2.67526081e-01 -3.76424416e-05 2.18421218e-04
2.67882640e-01 -4.06798508e-05 2.15182443e-04
2.68239195e-01 -2.26535662e-04 2.15623427e-04
2.68595746e-01 2.25902160e-04 2.19215558e-04
2.68952293e-01 -6.03722974e-05 2.17389464e-04
2.69308835e-01 1.03581215e-05 2.16905457e-04
2.69665372e-01 -1.00046795e-04 2.16693350e-04
2.70021906e-01 -5.47624709e-04 2.20404416e-04
2.70378435e-01 -4.08451353e-04 2.19105384e-04
2.70734959e-01 -5.25271718e-04 2.22792951e-04
2.71091479e-01 5.08702333e-05 2.20323658e-04
2.71447995e-01 2.05602469e-04 2.22551525e-04
2.71804506e-01 1.99192042e-05 2.20433376e-04
2.72161012e-01 -5.47181283e-05 2.24316408e-04
2.72517515e-01 -3.35595959e-04 2.23071747e-04
2.72874012e-01 1.14005969e-05 2.30833031e-04
