1.54026655e-02 4.22809294e-03 1.70583998e-03
1.57608633e-02 1.07473875e-03 1.62661120e-03
1.61190608e-02 2.87078174e-03 1.61677964e-03
1.64772580e-02 3.35133705e-03 1.55396842e-03
1.68354550e-02 4.76385956e-03 1.41381149e-03
1.71936517e-02 5.11254676e-03 1.35664127e-03
1.75518481e-02 3.35416245e-03 1.38233041e-03
1.79100442e-02 3.46581907e-03 1.33056513e-03
1.82682400e-02 4.91573997e-03 1.27476561e-03
1.86264355e-02 2.30782857e-03 1.21018882e-03
1.89846308e-02 2.29499541e-03 1.19629412e-03
1.93428257e-02 5.01246635e-03 1.17755305e-03
1.97010202e-02 3.16394459e-03 1.09416811e-03
2.00592145e-02 3.54725434e-03 1.10555754e-03
2.04174084e-02 2.53638879e-03 1.05233686e-03
2.07756020e-02 2.69035792e-03 1.06854807e-03
2.11337953e-02 4.28825025e-03 1.07017624e-03
2.14919882e-02 4.20925063e-03 1.10124690e-03
2.18501808e-02 5.10699585e-03 9.81413037e-04
2.22083729e-02 3.99163646e-03 1.02249218e-03
2.25665648e-02 5.50731420e-03 1.00863022e-03
2.29247562e-02 4.85884213e-03 9.80333349e-04
2.32829473e-02 6.42029551e-03 9.73408696e-04
2.36411380e-02 5.17043107e-03 9.81054785e-04
2.39993283e-02 4.37754891e-03 9.70250339e-04
2.43575182e-02 4.93661391e-03 8.79525915e-04
2.47157077e-02 5.29769519e-03 9.42358561e-04
2.50738968e-02 5.15256364e-03 8.76206656e-04
2.54320855e-02 5.25887995e-03 8.94024324e-04
2.57902738e-02 3.54182564e-03 8.80488579e-04
2.61484617e-02 3.58435069e-03 8.95049021e-04
2.65066491e-02 3.33505625e-03 9.29588710e-04
2.68648361e-02 5.33246082e-03 8.65280706e-04
2.72230226e-02 3.76505431e-03 9.03368895e-04
2.75812087e-02 4.67726606e-03 8.34371805e-04
2.79393943e-02 4.20496800e-03 8.25514164e-04
2.82975795e-02 3.22435727e-03 8.19839514e-04
2.86557642e-02 3.87435874e-03 8.49451339e-04
2.90139485e-02 6.08063302e-03 8.38372938e-04
2.93721323e-02 3.20851089e-03 8.41015443e-04
2.97303155e-02 3.39925911e-03 8.25365135e-04
3.00884983e-02 3.75806944e-03 8.22249513e-04
3.04466806e-02 3.96982636e-03 8.88310315e-04
3.08048624e-02 3.35651916e-03 8.41853863e-04
3.11630437e-02 4.66758260e-03 8.27196006e-04
3.15212245e-02 3.75538603e-03 8.27586514e-04
3.18794048e-02 2.47619856e-03 8.18478041e-04
3.22375845e-02 3.23538155e-03 7.58860586e-04
3.25957637e-02 2.71316768e-03 8.22461877e-04
3.29539424e-02 4.24734074e-03 8.32349778e-04
3.33121205e-02 4.17963893e-03 8.12220322e-04
3.36702981e-02 3.36658946e-03 7.83098802e-04
3.40284751e-02 3.06263691e-03 7.79933442e-04
3.43866516e-02 4.45864763e-03 7.89978802e-04
3.47448275e-02 3.57302036e-03 7.55686453e-04
3.51030028e-02 5.57937733e-03 7.81672774e-04
3.54611775e-02 4.87364090e-03 7.66703815e-04
3.58193517e-02 4.34043938e-03 7.54593567e-04
3.61775253e-02 4.02808988e-03 7.26753673e-04
3.65356983e-02 4.23920275e-03 7.12958506e-04
3.68938706e-02 3.95902010e-03 6.96683720e-04
3.72520424e-02 2.99113499e-03 7.50799584e-04
3.76102136e-02 3.48526731e-03 7.56503464e-04
3.79683841e-02 3.70116350e-03 7.16749081e-04
3.83265540e-02 3.95251535e-03 7.18758431e-04
3.86847233e-02 2.63990670e-03 7.08086561e-04
3.90428920e-02 3.79774536e-03 6.95941588e-04
3.94010600e-02 4.77806571e-03 7.23428866e-04
3.97592273e-02 3.39103063e-03 6.80072141e-04
4.01173941e-02 3.02289347e-03 7.12316706e-04
4.04755601e-02 3.26835341e-03 6.73947937e-04
4.08337255e-02 3.39646551e-03 6.45685844e-04
4.11918902e-02 3.70540666e-03 6.69450246e-04
4.15500542e-02 3.23664235e-03 6.75460200e-04
4.19082176e-02 2.64289433e-03 6.81209246e-04
4.22663802e-02 4.13217286e-03 6.61853935e-04
4.26245422e-02 3.58841239e-03 7.02115027e-04
4.29827034e-02 3.09690874e-03 6.70182751e-04
4.33408640e-02 3.32863183e-03 6.70722870e-04
4.36990238e-02 3.72364349e-03 6.61227667e-04
4.40571830e-02 2.43887548e-03 6.43957610e-04
4.44153414e-02 2.44679167e-03 6.52804808e-04
4.47734990e-02 2.83891979e-03 6.94005208e-04
4.51316560e-02 3.15402798e-03 6.68421028e-04
4.54898122e-02 3.03668373e-03 6.69762952e-04
4.58479676e-02 2.23006233e-03 6.59390800e-04
4.62061223e-02 2.21486360e-03 6.36514960e-04
4.65642762e-02 3.23211656e-03 6.56951749e-04
4.69224294e-02 3.38679138e-03 6.56152209e-04
4.72805818e-02 2.29780559e-03 6.42957859e-04
4.76387334e-02 3.57760196e-03 6.48898678e-04
4.79968842e-02 1.99951308e-03 6.32608410e-04
4.83550342e-02 2.88475808e-03 6.24455064e-04
4.87131835e-02 2.17899901e-03 6.53901696e-04
4.90713319e-02 2.86679632e-03 6.19309938e-04
4.94294795e-02 2.83811743e-03 6.21884894e-04
4.97876264e-02 1.80744471e-03 6.01983487e-04
5.01457724e-02 2.64965214e-03 6.04428565e-04
5.05039175e-02 3.00321583e-03 6.26821737e-04
5.08620619e-02 2.68034378e-03 6.03231866e-04
5.12202054e-02 2.04688094e-03 5.97300852e-04
5.15783481e-02 3.18136724e-03 5.99765632e-04
5.19364899e-02 2.04557816e-03 5.91404303e-04
5.22946308e-02 3.39524564e-03 5.88858038e-04
5.26527709e-02 1.99444425e-03 5.67018343e-04
5.30109102e-02 2.55817370e-03 5.86763161e-04
5.33690485e-02 2.46408034e-03 5.84635447e-04
5.37271860e-02 2.16514943e-03 5.66433211e-04
5.40853226e-02 2.26750507e-03 5.76089634e-04
5.44434583e-02 2.31556965e-03 5.66133951e-04
5.48015932e-02 2.22536786e-03 5.62614672e-04
5.51597271e-02 1.49447853e-03 5.79958846e-04
5.55178601e-02 1.82259991e-03 5.79662053e-04
5.58759922e-02 2.44635016e-03 5.73835601e-04
5.62341234e-02 2.67861405e-03 5.63811569e-04
5.65922536e-02 2.45334555e-03 5.56565150e-04
5.69503829e-02 2.32778841e-03 5.80422237e-04
5.73085113e-02 1.30740588e-03 5.49053817e-04
5.76666388e-02 1.64434725e-03 5.47178600e-04
5.80247653e-02 1.65727684e-03 5.56916121e-04
5.83828908e-02 8.69574435e-04 5.35592977e-04
5.87410154e-02 2.24216267e-03 5.34171852e-04
5.90991390e-02 2.58193953e-03 5.53190779e-04
5.94572616e-02 1.52666400e-03 5.26760976e-04
5.98153833e-02 2.31630579e-03 5.28924215e-04
6.01735040e-02 2.01324341e-03 5.44794389e-04
6.05316237e-02 1.03917964e-03 5.41288329e-04
6.08897424e-02 1.26943988e-03 5.31318350e-04
6.12478600e-02 1.40876593e-03 5.09800812e-04
6.16059767e-02 1.34523166e-03 5.13996632e-04
6.19640924e-02 1.15320693e-03 5.37933262e-04
6.23222071e-02 8.76877372e-04 5.45733792e-04
6.26803207e-02 1.62946681e-03 5.27486309e-04
6.30384333e-02 2.29209448e-03 5.22706952e-04
6.33965448e-02 1.24963194e-03 5.25692295e-04
6.37546554e-02 1.79791846e-03 5.24325280e-04
6.41127648e-02 2.17180453e-03 5.24324467e-04
6.44708732e-02 2.34692008e-03 5.08895538e-04
6.48289806e-02 1.73721151e-05 4.93981435e-04
6.51870869e-02 9.01552830e-04 5.21457213e-04
6.55451921e-02 7.44883539e-04 5.05318242e-04
6.59032962e-02 1.33503387e-03 5.05689673e-04
6.62613993e-02 7.53454837e-04 5.04610178e-04
6.66195012e-02 1.58073084e-03 5.17492054e-04
6.69776021e-02 6.17825262e-04 5.04374329e-04
6.73357019e-02 1.87248913e-03 4.94505005e-04
6.76938005e-02 3.78506727e-04 4.84672969e-04
6.80518981e-02 8.91235552e-04 4.97632795e-04
6.84099945e-02 1.73516900e-03 4.65801771e-04
6.87680898e-02 6.44197927e-04 4.65374823e-04
6.91261840e-02 1.26296674e-03 4.70203504e-04
6.94842770e-02 8.99685804e-04 4.69939129e-04
6.98423689e-02 1.20467630e-03 4.61297025e-04
7.02004596e-02 8.16673708e-04 4.84517767e-04
7.05585492e-02 1.53386371e-03 4.75250825e-04
7.09166377e-02 1.37864679e-03 4.78004061e-04
7.12747249e-02 3.54143122e-05 4.51652473e-04
7.16328110e-02 -4.31493023e-05 4.64802730e-04
7.19908959e-02 4.81852805e-04 4.66761119e-04
7.23489796e-02 6.79037042e-04 4.50366285e-04
7.27070622e-02 8.76586125e-04 4.71929291e-04
7.30651435e-02 6.06668521e-04 4.75587053e-04
7.34232237e-02 7.40838610e-04 4.81033819e-04
7.37813026e-02 1.25854382e-03 4.75547732e-04
7.41393803e-02 4.21977325e-04 4.69494792e-04
7.44974568e-02 9.75575664e-04 4.78836930e-04
7.48555321e-02 1.68665514e-03 4.72271023e-04
7.52136061e-02 9.15102941e-04 4.67543810e-04
7.55716789e-02 1.23126256e-03 4.71244589e-04
7.59297505e-02 1.09693094e-03 4.67388192e-04
7.62878208e-02 7.17436449e-04 4.60541898e-04
7.66458899e-02 3.66810148e-04 4.56472893e-04
7.70039577e-02 9.53459882e-04 4.55936410e-04
7.73620242e-02 4.23471623e-04 4.36113024e-04
7.77200895e-02 1.06293190e-03 4.47171909e-04
7.80781535e-02 4.86259111e-04 4.55414413e-04
7.84362162e-02 6.63449692e-04 4.56921804e-04
7.87942776e-02 3.64323227e-04 4.37790768e-04
7.91523377e-02 8.93701249e-06 4.48427486e-04
7.95103965e-02 -4.90134743e-05 4.31975381e-04
7.98684540e-02 6.22802649e-04 4.55469327e-04
8.02265102e-02 7.89197218e-04 4.56786127e-04
8.05845651e-02 2.86451999e-04 4.38608429e-04
8.09426186e-02 5.56436194e-04 4.41036167e-04
8.13006709e-02 3.12404337e-04 4.35084756e-04
8.16587217e-02 1.29124926e-03 4.34752265e-04
8.20167713e-02 3.66058251e-04 4.38903398e-04
8.23748195e-02 4.36001691e-04 4.45510266e-04
8.27328663e-02 5.22321190e-04 4.41626012e-04
8.30909118e-02 9.57260859e-04 4.48112936e-04
8.34489559e-02 5.12340162e-04 4.33746970e-04
8.38069986e-02 5.18472205e-04 4.36603972e-04
8.41650400e-02 3.19206532e-04 4.28920746e-04
8.45230800e-02 7.64460766e-05 4.25818791e-04
8.48811185e-02 8.33181897e-04 4.48681170e-04
8.52391557e-02 6.28229014e-04 4.37940926e-04
8.55971915e-02 1.08471957e-03 4.41224233e-04
8.59552259e-02 5.70228499e-04 4.36495047e-04
8.63132589e-02 1.73543080e-04 4.32619868e-04
8.66712904e-02 1.14575555e-04 4.34255612e-04
8.70293205e-02 3.74791698e-04 4.36531805e-04
8.73873492e-02 -3.33014068e-04 4.34105929e-04
8.77453765e-02 5.44317220e-04 4.37111022e-04
8.81034023e-02 2.43070994e-04 4.28231923e-04
8.84614267e-02 7.18891661e-04 4.21898177e-04
8.88194496e-02 -1.37834839e-05 4.25651791e-04
8.91774710e-02 1.05891930e-03 4.39830024e-04
8.95354910e-02 3.17066999e-05 4.17608415e-04
8.98935095e-02 8.92684031e-04 4.17262901e-04
9.02515266e-02 1.25274443e-03 4.22441399e-04
9.06095421e-02 5.31517172e-04 4.44805975e-04
9.09675562e-02 3.60566656e-04 4.24015920e-04
9.13255687e-02 4.69755844e-04 4.31072541e-04
9.16835798e-02 4.51686131e-04 4.45101994e-04
9.20415894e-02 6.01766882e-04 4.24718013e-04
9.23995974e-02 1.54911260e-05 4.41667444e-04
9.27576039e-02 3.20474149e-04 4.24463306e-04
9.31156089e-02 1.94282351e-04 4.12734419e-04
9.34736124e-02 5.77025431e-06 4.13229570e-04
9.38316143e-02 -5.03108897e-05 4.35237604e-04
9.41896147e-02 -4.23144393e-05 4.16370970e-04
9.45476136e-02 2.52830631e-04 4.23691980e-04
9.49056108e-02 6.59115572e-04 4.24185728e-04
9.52636066e-02 -3.75823377e-04 4.11830486e-04
9.56216007e-02 -1.76763667e-04 3.98429494e-04
9.59795933e-02 1.17163901e-04 4.09832823e-04
9.63375843e-02 7.02445477e-04 4.11012499e-04
9.66955738e-02 2.20085385e-04 4.00177970e-04
9.70535616e-02 1.45661442e-04 4.16016919e-04
9.74115478e-02 4.08317636e-05 3.99017562e-04
9.77695325e-02 8.35680717e-04 4.08293902e-04
9.81275155e-02 9.18206926e-05 3.92918179e-04
9.84854969e-02 1.76085969e-04 4.03873853e-04
9.88434768e-02 -3.50500181e-04 4.02713993e-04
9.92014549e-02 -6.38781276e-04 4.02145003e-04
9.95594315e-02 8.97231262e-04 4.05096448e-04
9.99174064e-02 8.08269652e-04 3.99497888e-04
1.00275380e-01 -5.72824233e-05 3.95690427e-04
1.00633351e-01 1.62276857e-04 3.93883910e-04
1.00991321e-01 5.95495071e-04 3.86799724e-04
1.01349290e-01 2.10833366e-04 3.97554821e-04
1.01707256e-01 2.86772782e-04 3.91544417e-04
1.02065221e-01 6.62069803e-05 3.97323852e-04
1.02423184e-01 -1.61648873e-04 3.93117089e-04
1.02781146e-01 -8.96345460e-04 3.79741134e-04
1.03139106e-01 2.62587605e-04 3.84218554e-04
1.03497064e-01 1.46823614e-04 3.87217216e-04
1.03855021e-01 -2.89841128e-04 3.83744410e-04
1.04212976e-01 7.88001028e-04 3.85240477e-04
1.04570929e-01 1.06040056e-04 3.90456364e-04
1.04928880e-01 -9.81172739e-05 3.92920124e-04
1.05286830e-01 -3.84932210e-04 3.98053541e-04
1.05644778e-01 -5.43121754e-04 3.84894020e-04
1.06002724e-01 1.33224110e-04 3.95137301e-04
1.06360668e-01 -1.18616062e-04 4.08681985e-04
1.06718611e-01 -5.71778816e-04 3.94972683e-04
1.07076552e-01 4.76718929e-04 4.14106171e-04
1.07434491e-01 -5.70608346e-04 3.96196753e-04
1.07792429e-01 5.07562539e-04 3.91250251e-04
1.08150364e-01 -3.68543176e-04 3.93958015e-04
1.08508298e-01 -9.21499332e-05 3.92601113e-04
1.08866230e-01 -1.52348478e-04 3.95590438e-04
1.09224160e-01 -2.60193114e-04 3.86346132e-04
1.09582089e-01 -1.81758444e-04 3.93343426e-04
1.09940016e-01 -6.52715116e-04 4.06564232e-04
1.10297941e-01 7.93903747e-05 4.06847673e-04
1.10655864e-01 -1.61167434e-04 3.76120709e-04
1.11013785e-01 -2.32494889e-04 3.85670022e-04
1.11371704e-01 7.29068273e-05 3.83874953e-04
1.11729622e-01 -2.55403049e-04 3.93248208e-04
1.12087538e-01 6.87458494e-04 3.91626839e-04
1.12445452e-01 3.13342143e-04 3.94374957e-04
1.12803364e-01 -4.14333626e-04 3.88031004e-04
1.13161274e-01 2.33243150e-04 3.86091919e-04
1.13519182e-01 2.22389174e-04 3.77143769e-04
1.13877089e-01 2.26164661e-04 3.78387907e-04
1.14234994e-01 5.40992634e-04 3.78679016e-04
1.14592896e-01 1.08679436e-04 3.75592857e-04
1.14950797e-01 3.71800293e-04 3.68328490e-04
1.15308696e-01 -5.40159737e-04 3.63255439e-04
1.15666593e-01 -3.26654447e-04 3.67274035e-04
1.16024488e-01 1.48670501e-04 3.74258760e-04
1.16382382e-01 -2.13960661e-04 3.70508368e-04
1.16740273e-01 4.48733912e-04 3.73898472e-04
1.17098163e-01 -6.62670048e-04 3.64280135e-04
1.17456050e-01 -6.78002426e-04 3.61947378e-04
1.17813936e-01 1.70781866e-04 3.77955903e-04
1.18171819e-01 5.22612062e-04 3.73063234e-04
1.18529701e-01 -4.30331853e-04 3.66424286e-04
1.18887581e-01 2.26949963e-04 3.74086093e-04
1.19245459e-01 -1.41777589e-04 3.77809410e-04
1.19603335e-01 2.93748438e-04 3.67553858e-04
1.19961208e-01 -3.21270683e-04 3.67483705e-04
1.20319080e-01 1.69194488e-04 3.76779721e-04
1.20676950e-01 -2.09694325e-04 3.77867653e-04
1.21034818e-01 -3.27789372e-04 3.66167363e-04
1.21392684e-01 -4.05917225e-05 3.72504647e-04
1.21750548e-01 -2.68814727e-04 3.82361171e-04
1.22108410e-01 -3.13726658e-04 3.72990973e-04
1.22466270e-01 -5.67506293e-04 3.88638162e-04
1.22824128e-01 -1.18390091e-04 3.71306370e-04
1.23181984e-01 5.77633170e-05 3.77092681e-04
1.23539838e-01 1.89437098e-04 3.76009579e-04
1.23897690e-01 8.94845304e-05 3.75433489e-04
1.24255540e-01 -6.37730497e-05 3.71156816e-04
1.24613388e-01 5.22048206e-05 3.63572918e-04
1.24971233e-01 7.00830409e-05 3.59914201e-04
1.25329077e-01 3.48577097e-04 3.60879147e-04
1.25686919e-01 3.40915598e-04 3.62419408e-04
1.26044758e-01 1.66381651e-04 3.56179095e-04
1.26402596e-01 -2.66149793e-04 3.62729866e-04
1.26760431e-01 -3.20262526e-04 3.59383361e-04
1.27118265e-01 -1.72213255e-04 3.50742750e-04
1.27476096e-01 -3.60818571e-04 3.47495735e-04
1.27833925e-01 -9.89367286e-05 3.56657813e-04
1.28191752e-01 1.99656974e-04 3.56249808e-04
1.28549577e-01 -2.79250548e-04 3.53552320e-04
1.28907400e-01 1.15287490e-04 3.54693214e-04
1.29265221e-01 1.77447772e-04 3.61093629e-04
1.29623040e-01 1.29794750e-04 3.46341751e-04
1.29980856e-01 -1.42703757e-04 3.46749367e-04
1.30338670e-01 2.70398672e-04 3.46378975e-04
1.30696483e-01 -1.84506626e-04 3.44733238e-04
1.31054293e-01 4.50615871e-05 3.41345394e-04
1.31412101e-01 5.93076404e-04 3.50618231e-04
1.31769906e-01 1.11025810e-04 3.46420467e-04
1.32127710e-01 1.04671184e-05 3.50561576e-04
1.32485511e-01 4.27421842e-04 3.44439140e-04
1.32843311e-01 -5.34929099e-05 3.37364951e-04
1.33201108e-01 6.45817365e-04 3.55066460e-04
1.33558903e-01 1.98276858e-04 3.44086883e-04
1.33916695e-01 7.39031056e-04 3.50717582e-04
1.34274486e-01 7.11055064e-05 3.52420560e-04
1.34632274e-01 -3.06479645e-04 3.31450106e-04
1.34990060e-01 2.69145907e-04 3.41103319e-04
1.35347844e-01 -3.35824123e-04 3.37087202e-04
1.35705626e-01 2.04328840e-05 3.38890285e-04
1.36063405e-01 -1.07214140e-04 3.37587139e-04
1.36421182e-01 1.98000573e-04 3.40473362e-04
1.36778957e-01 8.76717560e-05 3.48402158e-04
1.37136730e-01 -8.94484233e-05 3.41733927e-04
1.37494500e-01 3.29953950e-05 3.27364855e-04
1.37852269e-01 -3.16657333e-04 3.28750980e-04
1.38210034e-01 3.43083090e-04 3.27415804e-04
1.38567798e-01 -2.23007390e-04 3.32425257e-04
1.38925559e-01 2.68139538e-04 3.37842965e-04
1.39283319e-01 5.07868777e-05 3.28241234e-04
1.39641075e-01 -2.79669215e-04 3.24099581e-04
1.39998830e-01 2.48279153e-05 3.30486434e-04
1.40356582e-01 3.71951466e-04 3.32307765e-04
1.40714332e-01 -4.91853725e-05 3.22735960e-04
1.41072080e-01 -3.74666393e-05 3.28717181e-04
1.41429825e-01 2.78323433e-04 3.31214501e-04
1.41787568e-01 -2.75255127e-04 3.27644300e-04
1.42145308e-01 -1.46357460e-04 3.32224671e-04
1.42503047e-01 9.83578609e-05 3.22430005e-04
1.42860783e-01 -5.55797483e-04 3.20204959e-04
1.43218516e-01 -2.43547770e-04 3.24202930e-04
1.43576247e-01 1.37058421e-04 3.21801644e-04
1.43933976e-01 -9.80915513e-05 3.20946401e-04
1.44291703e-01 -4.36242398e-04 3.18620032e-04
1.44649427e-01 3.45904941e-04 3.20151767e-04
1.45007149e-01 1.94545052e-04 3.13026565e-04
1.45364868e-01 4.89119752e-04 3.20638670e-04
1.45722585e-01 2.31217689e-05 3.13934847e-04
1.46080300e-01 1.37164085e-05 3.15901106e-04
1.46438012e-01 -4.12175571e-05 3.12871216e-04
1.46795722e-01 -1.40276867e-04 3.16477351e-04
1.47153429e-01 2.96377239e-05 3.27013803e-04
1.47511134e-01 1.78488734e-04 3.23262328e-04
1.47868837e-01 1.26293934e-04 3.19838581e-04
1.48226537e-01 5.33638643e-04 3.08936955e-04
1.48584235e-01 1.65006249e-04 3.19666598e-04
1.48941930e-01 -5.46584283e-05 3.13049567e-04
1.49299623e-01 3.55383287e-04 3.14900590e-04
1.49657313e-01 4.65465033e-04 3.14845969e-04
1.50015001e-01 6.76923167e-04 3.19253532e-04
1.50372687e-01 -6.12104131e-06 3.14749787e-04
1.50730370e-01 -4.84257454e-04 3.07063610e-04
1.51088050e-01 2.21614143e-04 3.18317197e-04
1.51445728e-01 2.85103609e-04 3.13720535e-04
1.51803404e-01 -1.36805203e-04 3.05148323e-04
1.52161077e-01 -5.92686756e-04 3.04203206e-04
1.52518747e-01 -1.46369175e-04 3.08077024e-04
1.52876416e-01 -1.61348807e-04 3.04553258e-04
1.53234081e-01 -3.77482685e-04 3.10614646e-04
1.53591744e-01 -2.67626644e-05 3.04714600e-04
1.53949405e-01 -1.24754525e-04 3.08091343e-04
1.54307063e-01 -1.26810533e-04 3.10332106e-04
1.54664718e-01 -1.81747847e-04 3.06509501e-04
1.55022371e-01 -1.57919833e-04 3.08719109e-04
1.55380021e-01 -6.49079797e-05 3.09116587e-04
1.55737669e-01 2.07066120e-05 3.11532947e-04
1.56095314e-01 3.03005983e-04 3.08207737e-04
1.56452957e-01 2.06032978e-04 3.10115813e-04
1.56810597e-01 -8.72774014e-05 3.01349648e-04
1.57168235e-01 4.37189030e-04 3.06770072e-04
1.57525870e-01 1.99761092e-04 3.00652090e-04
1.57883502e-01 3.32726430e-04 3.07129725e-04
1.58241132e-01 -1.75751883e-04 3.01255936e-04
1.58598759e-01 1.40098415e-04 3.02961011e-04
1.58956384e-01 -3.92413841e-04 3.05362660e-04
1.59314006e-01 -4.55721952e-04 2.93833792e-04
1.59671625e-01 -9.49517374e-05 2.94518627e-04
1.60029242e-01 -4.46653263e-04 2.93321631e-04
1.60386856e-01 -1.98651075e-04 2.97736526e-04
1.60744468e-01 -4.57086412e-05 3.00210753e-04
1.61102076e-01 2.53139079e-04 3.00070235e-04
1.61459683e-01 2.02504382e-04 3.01086571e-04
1.61817286e-01 4.22297950e-04 2.96624960e-04
1.62174887e-01 3.75006056e-04 3.00793550e-04
1.62532485e-01 -1.89065116e-04 2.99141311e-04
1.62890081e-01 5.99382626e-04 2.92382296e-04
1.63247674e-01 -3.89983324e-04 2.95601931e-04
1.63605264e-01 6.42893557e-04 2.95386499e-04
1.63962852e-01 1.91963249e-04 2.95613054e-04
1.64320437e-01 2.45294763e-04 2.99348397e-04
1.64678019e-01 -2.64417933e-04 2.90067685e-04
1.65035598e-01 -3.03538053e-04 2.90724583e-04
1.65393175e-01 2.38352449e-04 2.92972747e-04
1.65750749e-01 1.35547054e-04 2.94531267e-04
1.66108320e-01 9.29715351e-05 2.91562327e-04
1.66465889e-01 -1.00204410e-04 2.89267459e-04
1.66823455e-01 -2.43434955e-04 3.00847424e-04
1.67181018e-01 3.20539698e-04 2.90554633e-04
1.67538578e-01 1.59556181e-04 2.93614988e-04
1.67896136e-01 -1.99383002e-05 2.88958701e-04
1.68253691e-01 5.67000597e-04 2.87169890e-04
1.68611243e-01 3.25075103e-04 2.92982542e-04
1.68968792e-01 -1.66982087e-04 2.92876514e-04
1.69326339e-01 -5.25505212e-06 2.89586825e-04
1.69683883e-01 -7.20110203e-04 2.83020210e-04
1.70041424e-01 -1.19606370e-04 2.88173768e-04
1.70398962e-01 2.58188173e-04 2.85710707e-04
1.70756497e-01 -1.26537560e-04 2.91834001e-04
1.71114030e-01 -2.20307526e-04 2.85242600e-04
1.71471560e-01 2.23744967e-04 2.90378152e-04
1.71829087e-01 3.03003516e-04 2.84392251e-04
1.72186611e-01 2.31514144e-04 2.83843565e-04
1.72544132e-01 -2.04524889e-04 2.81328491e-04
1.72901651e-01 2.45697852e-04 2.84446987e-04
1.73259167e-01 8.21322183e-05 2.89088647e-04
1.73616679e-01 -6.38302737e-05 2.90460260e-04
1.73974189e-01 2.95587272e-04 2.80236216e-04
1.74331697e-01 5.20352002e-04 2.81147484e-04
1.74689201e-01 -7.35724097e-05 2.81576274e-04
1.75046702e-01 -4.60065085e-04 2.84234137e-04
1.75404201e-01 -1.14078696e-04 2.84195354e-04
1.75761697e-01 1.78030418e-04 2.84922674e-04
1.76119189e-01 -5.94794885e-05 2.81621858e-04
1.76476679e-01 3.62464005e-04 2.78331782e-04
1.76834166e-01 4.06246823e-04 2.83735114e-04
1.77191650e-01 -1.33414618e-04 2.76788925e-04
1.77549132e-01 -6.08149723e-05 2.86539759e-04
1.77906610e-01 -9.09378541e-05 2.74429032e-04
1.78264085e-01 1.13502920e-04 2.75640893e-04
1.78621558e-01 1.80597308e-04 2.78304453e-04
1.78979027e-01 -5.49425911e-06 2.74983190e-04
1.79336494e-01 -8.15898588e-05 2.72829418e-04
1.79693958e-01 -1.95863808e-04 2.76262306e-04
1.80051418e-01 8.28355642e-05 2.79016828e-04
1.80408876e-01 1.29615424e-04 2.79744885e-04
1.80766331e-01 3.36969854e-04 2.88261471e-04
1.81123783e-01 1.55521665e-04 2.86844825e-04
1.81481232e-01 7.84114094e-05 2.74458500e-04
1.81838677e-01 -2.48152855e-05 2.81118733e-04
1.82196120e-01 2.75206807e-04 2.87886527e-04
1.82553560e-01 5.88171949e-04 2.89851181e-04
1.82910997e-01 6.74660460e-04 2.87012607e-04
1.83268431e-01 -2.13865031e-04 2.78887233e-04
1.83625862e-01 -2.90474134e-04 2.75509350e-04
1.83983290e-01 -1.38602334e-05 2.84101050e-04
1.84340715e-01 -2.42466785e-04 2.83219064e-04
1.84698137e-01 1.21116100e-04 2.84916737e-04
1.85055556e-01 1.67471248e-04 2.87811528e-04
1.85412971e-01 -8.07700194e-05 2.84165509e-04
1.85770384e-01 1.15606583e-04 2.81818353e-04
1.86127794e-01 2.76561691e-04 2.83240982e-04
1.86485200e-01 -3.88196923e-04 2.78733700e-04
1.86842604e-01 -3.43687684e-04 2.78113137e-04
1.87200005e-01 -1.26590616e-04 2.74710646e-04
1.87557402e-01 1.57217576e-04 2.74197174e-04
1.87914797e-01 1.39857333e-04 2.77106877e-04
1.88272188e-01 8.44188662e-05 2.79134724e-04
1.88629576e-01 -4.66787458e-04 2.80209320e-04
1.88986961e-01 6.12323400e-04 2.78013949e-04
1.89344343e-01 5.04210641e-04 2.66686806e-04
1.89701722e-01 5.12982658e-04 2.69796970e-04
1.90059098e-01 -2.28105016e-04 2.71427799e-04
1.90416471e-01 -5.17336420e-05 2.69031663e-04
1.90773840e-01 1.12348160e-04 2.71699379e-04
1.91131207e-01 -3.54578356e-04 2.74734859e-04
1.91488570e-01 -4.67956801e-04 2.69733770e-04
1.91845930e-01 -3.11769904e-04 2.74008577e-04
1.92203287e-01 8.58333743e-05 2.70491416e-04
1.92560641e-01 -1.70801822e-04 2.69999899e-04
1.92917992e-01 1.82910492e-04 2.69937817e-04
1.93275340e-01 4.37461457e-04 2.71918714e-04
1.93632684e-01 -9.21573518e-05 2.64668398e-04
1.93990025e-01 1.24668969e-04 2.67833399e-04
1.94347363e-01 -1.73979593e-04 2.73896292e-04
1.94704698e-01 2.02515883e-04 2.78934147e-04
1.95062030e-01 2.46678227e-04 2.70588382e-04
1.95419358e-01 -1.70577560e-04 2.74158040e-04
1.95776684e-01 4.49794762e-04 2.68400173e-04
1.96134006e-01 7.12683077e-05 2.68372868e-04
1.96491324e-01 1.29827235e-04 2.69519589e-04
1.96848640e-01 1.29112200e-04 2.74501698e-04
1.97205953e-01 3.89125814e-04 2.71799854e-04
1.97563262e-01 1.44541753e-04 2.73630666e-04
1.97920568e-01 2.97902730e-04 2.81264994e-04
1.98277870e-01 2.71947949e-05 2.73135032e-04
1.98635170e-01 3.02834224e-04 2.75637009e-04
1.98992466e-01 -7.14728666e-06 2.72375475e-04
1.99349759e-01 4.91809763e-04 2.71831384e-04
1.99707049e-01 -9.66502666e-05 2.71630000e-04
2.00064335e-01 -1.98465267e-04 2.71612965e-04
2.00421618e-01 6.01108322e-04 2.71703795e-04
2.00778898e-01 1.45737351e-04 2.73619062e-04
2.01136174e-01 1.69664607e-04 2.66579590e-04
2.01493448e-01 -1.13484510e-05 2.67489982e-04
2.01850718e-01 2.20792920e-04 2.62467465e-04
2.02207984e-01 2.68974928e-04 2.62660530e-04
2.02565248e-01 2.61546321e-04 2.63096848e-04
2.02922508e-01 3.58082988e-04 2.66950389e-04
2.03279764e-01 -9.11568860e-05 2.64694408e-04
2.03637018e-01 6.18055351e-04 2.63669970e-04
2.03994268e-01 -2.08854274e-04 2.57139371e-04
2.04351514e-01 2.27216711e-04 2.63128406e-04
2.04708758e-01 -1.56300083e-04 2.60021763e-04
2.05065998e-01 -9.92767397e-05 2.56715180e-04
2.05423234e-01 3.17585260e-05 2.56047970e-04
2.05780467e-01 1.00077872e-04 2.54937360e-04
2.06137697e-01 9.72499681e-05 2.55543505e-04
2.06494924e-01 -3.57802797e-04 2.57847515e-04
2.06852147e-01 6.35090598e-05 2.58239642e-04
2.07209367e-01 -3.18859985e-04 2.56538641e-04
2.07566583e-01 -2.14421826e-04 2.54290518e-04
2.07923796e-01 -4.62826045e-06 2.56630812e-04
2.08281005e-01 -1.51999956e-05 2.54489294e-04
2.08638211e-01 3.14002595e-04 2.57014625e-04
2.08995414e-01 -1.96137273e-04 2.48502847e-04
2.09352613e-01 5.72634238e-05 2.53414998e-04
2.09709809e-01 -2.62690899e-04 2.51850707e-04
2.10067002e-01 -1.52150689e-04 2.52709845e-04
2.10424191e-01 3.17822342e-05 2.52298416e-04
2.10781376e-01 -7.54945272e-05 2.51201819e-04
2.11138558e-01 1.22269612e-04 2.53690556e-04
2.11495737e-01 -8.11697782e-05 2.51924338e-04
2.11852912e-01 -1.31287068e-04 2.54706109e-04
2.12210084e-01 1.52097925e-04 2.50426471e-04
2.12567252e-01 -9.75268213e-06 2.54109944e-04
2.12924416e-01 3.80069539e-04 2.49847930e-04
2.13281578e-01 -2.55919300e-04 2.50833554e-04
2.13638735e-01 -1.15112156e-04 2.51329311e-04
2.13995890e-01 -1.88994607e-04 2.44178899e-04
2.14353040e-01 1.67685132e-04 2.47496923e-04
2.14710188e-01 -8.53705895e-05 2.46413640e-04
2.15067331e-01 -1.33280665e-04 2.46496289e-04
2.15424471e-01 -1.00649527e-04 2.42750762e-04
2.15781608e-01 1.71641850e-06 2.46176878e-04
2.16138741e-01 4.08498319e-06 2.49946602e-04
2.16495871e-01 3.66794084e-04 2.45658881e-04
2.16852997e-01 2.09329321e-04 2.47692848e-04
2.17210119e-01 -7.14887103e-05 2.47450365e-04
2.17567238e-01 -2.79434108e-04 2.42037954e-04
2.17924354e-01 -1.11989370e-04 2.41877355e-04
2.18281465e-01 2.64423027e-04 2.44552803e-04
2.18638574e-01 5.98179640e-05 2.45826808e-04
2.18995678e-01 -1.31392328e-05 2.43361856e-04
2.19352779e-01 -5.08536569e-04 2.42028643e-04
2.19709877e-01 -2.09513990e-05 2.42641460e-04
2.20066971e-01 3.87031112e-06 2.43485882e-04
2.20424061e-01 1.28300363e-04 2.42212974e-04
2.20781147e-01 3.36378307e-04 2.40142219e-04
2.21138230e-01 1.29136161e-04 2.36035671e-04
2.21495310e-01 1.08513528e-04 2.40485709e-04
2.21852386e-01 2.10283267e-05 2.43568148e-04
2.22209458e-01 2.10340343e-05 2.45949023e-04
2.22566526e-01 4.69965693e-05 2.41113191e-04
2.22923591e-01 1.82090468e-04 2.44637754e-04
2.23280652e-01 1.93695986e-04 2.36487680e-04
2.23637710e-01 -9.43254502e-05 2.40945394e-04
2.23994764e-01 5.56848792e-05 2.37574515e-04
2.24351814e-01 -8.66451943e-05 2.39574265e-04
2.24708861e-01 1.31261350e-04 2.34579849e-04
2.25065904e-01 1.08212272e-04 2.37894764e-04
2.25422943e-01 -3.24717142e-04 2.35067148e-04
2.25779978e-01 -7.20511594e-05 2.37307511e-04
2.26137010e-01 5.32563901e-05 2.38631809e-04
2.26494038e-01 2.45981200e-04 2.37169540e-04
2.26851063e-01 1.01905017e-04 2.31630615e-04
2.27208083e-01 3.75504132e-04 2.34265252e-04
2.27565100e-01 1.37722032e-04 2.31461256e-04
2.27922114e-01 1.87548028e-04 2.35465059e-04
2.28279123e-01 -1.07929091e-04 2.39063179e-04
2.28636129e-01 -3.20176183e-04 2.29530983e-04
2.28993131e-01 -6.71751143e-05 2.38425977e-04
2.29350129e-01 -2.56560577e-04 2.33300170e-04
2.29707124e-01 -5.88592024e-05 2.32680400e-04
2.30064115e-01 3.54199076e-04 2.33938098e-04
2.30421102e-01 1.78442429e-04 2.39032093e-04
2.30778085e-01 -1.32908894e-04 2.31736639e-04
2.31135064e-01 4.02606074e-04 2.30816199e-04
2.31492040e-01 -2.73353264e-05 2.34602042e-04
2.31849012e-01 -5.70043642e-04 2.25875023e-04
2.32205980e-01 -2.38037460e-04 2.33952557e-04
2.32562944e-01 -3.79803302e-04 2.32551439e-04
2.32919905e-01 -3.40902767e-04 2.35961454e-04
2.33276862e-01 -2.49564744e-05 2.33548055e-04
2.33633814e-01 -2.46045361e-04 2.27151727e-04
2.33990763e-01 -1.96716645e-04 2.32175785e-04
2.34347709e-01 1.56496770e-04 2.32306302e-04
2.34704650e-01 3.07467758e-04 2.25996760e-04
2.35061588e-01 -4.24294620e-05 2.30037602e-04
2.35418521e-01 2.64880851e-04 2.32498821e-04
2.35775451e-01 -4.06940037e-04 2.27712171e-04
2.36132377e-01 7.85787111e-06 2.28552765e-04
2.36489299e-01 2.71218837e-05 2.24542595e-04
2.36846218e-01 -2.07906510e-04 2.28694718e-04
2.37203132e-01 -5.49226773e-04 2.24619612e-04
2.37560042e-01 4.93992028e-05 2.26328503e-04
2.37916949e-01 9.74339769e-05 2.25873225e-04
2.38273852e-01 3.53807463e-05 2.27575169e-04
2.38630751e-01 -2.89561653e-05 2.21464341e-04
2.38987645e-01 3.52139911e-05 2.25163052e-04
2.39344537e-01 -1.39873886e-04 2.22389851e-04
2.39701424e-01 6.37786174e-05 2.25982697e-04
2.40058307e-01 4.45278953e-06 2.26063009e-04
2.40415186e-01 -2.04070798e-04 2.22089409e-04
2.40772061e-01 -2.21283376e-04 2.26875422e-04
2.41128933e-01 -1.17250937e-04 2.24590540e-04
2.41485800e-01 7.91355182e-05 2.21288142e-04
2.41842664e-01 8.46867792e-05 2.21818314e-04
2.42199523e-01 5.78599287e-04 2.20360988e-04
2.42556379e-01 1.67866663e-04 2.21876472e-04
2.42913230e-01 -1.31154894e-04 2.23957452e-04
2.43270078e-01 3.91321108e-05 2.19088767e-04
2.43626922e-01 8.75385686e-05 2.21107153e-04
2.43983761e-01 1.29272065e-04 2.18375080e-04
2.44340597e-01 3.61464525e-05 2.19957364e-04
2.44697429e-01 5.62194660e-06 2.18510833e-04
2.45054256e-01 -3.21474641e-04 2.22378698e-04
2.45411080e-01 -1.36415740e-04 2.16003024e-04
2.45767900e-01 3.64192893e-04 2.21644625e-04
2.46124715e-01 1.72296327e-04 2.16589889e-04
2.46481527e-01 1.90198539e-04 2.19458599e-04
2.46838334e-01 5.45895097e-05 2.16313889e-04
2.47195138e-01 4.61317444e-04 2.20509761e-04
2.47551938e-01 2.70655874e-04 2.23921367e-04
2.47908733e-01 1.42893093e-04 2.14841300e-04
2.48265524e-01 4.66910946e-04 2.15888396e-04
2.48622312e-01 -1.01351208e-04 2.16643139e-04
2.48979095e-01 2.44452889e-04 2.18533308e-04
2.49335874e-01 -1.13712992e-04 2.10647660e-04
2.49692649e-01 -1.04969808e-04 2.15961452e-04
2.50049420e-01 3.02854776e-04 2.15873455e-04
2.50406187e-01 6.15341443e-05 2.14132664e-04
2.50762950e-01 -4.97725565e-04 2.15561868e-04
2.51119709e-01 3.23618868e-04 2.17652758e-04
2.51476464e-01 3.24524316e-04 2.16317087e-04
2.51833214e-01 -8.61744001e-06 2.11823235e-04
2.52189961e-01 -2.79155741e-04 2.13865036e-04
2.52546703e-01 -4.18419558e-04 2.11251570e-04
2.52903441e-01 -8.12864150e-05 2.10085872e-04
2.53260175e-01 3.75182953e-05 2.11214581e-04
2.53616905e-01 1.67371619e-04 2.15568710e-04
2.53973631e-01 3.63844578e-04 2.12897361e-04
2.54330352e-01 -8.49903768e-05 2.14880222e-04
2.54687070e-01 -5.40530971e-05 2.10006293e-04
2.55043783e-01 1.42214768e-04 2.13301457e-04
2.55400492e-01 -1.09663492e-04 2.08188924e-04
2.55757197e-01 2.54120392e-05 2.10832838e-04
2.56113898e-01 -2.17285579e-04 2.11417386e-04
2.56470595e-01 3.10170887e-04 2.12531531e-04
2.56827287e-01 3.88394977e-04 2.12180702e-04
2.57183975e-01 -7.85384884e-05 2.15676725e-04
2.57540659e-01 -8.13481923e-05 2.14708917e-04
2.57897339e-01 -4.01142581e-04 2.13859769e-04
2.58254014e-01 1.22924494e-05 2.13258459e-04
2.58610686e-01 2.01745374e-05 2.13460307e-04
2.58967353e-01 -4.80102533e-04 2.13418582e-04
2.59324016e-01 -2.86345386e-04 2.18111543e-04
2.59680674e-01 -5.51809472e-05 2.17469890e-04
2.60037329e-01 -2.92171148e-04 2.15322540e-04
2.60393979e-01 -1.59765373e-04 2.15085577e-04
2.60750625e-01 3.79737279e-04 2.14476082e-04
2.61107266e-01 3.13926238e-04 2.17680784e-04
2.61463904e-01 2.23612024e-04 2.17286333e-04
2.61820537e-01 -1.15465051e-05 2.11421839e-04
2.62177166e-01 1.52488790e-04 2.14332543e-04
2.62533790e-01 3.88794099e-05 2.15447206e-04
2.62890410e-01 1.97979680e-05 2.11144616e-04
2.63247026e-01 -2.68111749e-06 2.16280837e-04
2.63603638e-01 -1.06499593e-04 2.13096574e-04
2.63960245e-01 -1.97828722e-04 2.10737034e-04
2.64316848e-01 1.12270554e-04 2.12979851e-04
2.64673447e-01 -7.15342602e-05 2.16976768e-04
2.65030042e-01 3.12161850e-04 2.13410007e-04
2.65386632e-01 2.68904345e-04 2.16014082e-04
2.65743217e-01 -3.19939142e-04 2.12918920e-04
2.66099799e-01 3.08699169e-04 2.13309406e-04
2.66456376e-01 3.27978429e-04 2.11063047e-04
2.66812948e-01 -9.64399934e-06 2.13073500e-04
2.67169517e-01 2.43736388e-05 2.17914264e-04
2.67526081e-01 1.86531175e-04 2.17288057e-04
2.67882640e-01 2.98698430e-04 2.18089704e-04
2.68239195e-01 -1.86854114e-04 2.12251858e-04
2.68595746e-01 4.18775170e-04 2.16481685e-04
2.68952293e-01 3.91639020e-05 2.14805555e-04
2.69308835e-01 2.61189234e-04 2.19716719e-04
2.69665372e-01 2.69106203e-04 2.20243298e-04
2.70021906e-01 -2.13782502e-04 2.18177557e-04
2.70378435e-01 6.81605386e-05 2.19772528e-04
2.70734959e-01 1.90548402e-04 2.18762647e-04
2.71091479e-01 -9.61049296e-05 2.23648949e-04
2.71447995e-01 1.49771593e-04 2.26583886e-04
2.71804506e-01 -4.21099476e-05 2.23336213e-04
2.72161012e-01 1.19186387e-04 2.25339819e-04
2.72517515e-01 1.23687970e-04 2.23543971e-04
2.72874012e-01 2.72528771e-04 2.24189316e-04
