1.54026655e-02 -1.37248610e-03 1.66044455e-03
1.57608633e-02 -1.90771857e-04 1.65090575e-03
1.61190608e-02 -4.52840349e-04 1.50469070e-03
1.64772580e-02 -3.13008023e-04 1.53465576e-03
1.68354550e-02 -3.24694887e-03 1.45102513e-03
1.71936517e-02 -3.59224257e-04 1.39550200e-03
1.75518481e-02 -2.82971624e-04 1.43104235e-03
1.79100442e-02 -1.09535280e-03 1.30962907e-03
1.82682400e-02 1.34258571e-03 1.23377917e-03
1.86264355e-02 -2.18229060e-03 1.22633826e-03
1.89846308e-02 -1.19490234e-03 1.20078101e-03
1.93428257e-02 -2.19251692e-03 1.14755515e-03
1.97010202e-02 8.67397176e-04 1.05891981e-03
2.00592145e-02 6.02172500e-04 1.12998161e-03
2.04174084e-02 -3.12635305e-05 1.10718795e-03
2.07756020e-02 -8.95690599e-04 1.04786599e-03
2.11337953e-02 6.05475045e-04 1.03638609e-03
2.14919882e-02 -1.38380804e-03 9.90623038e-04
2.18501808e-02 2.98826939e-03 1.05588885e-03
2.22083729e-02 1.51778620e-04 1.00616868e-03
2.25665648e-02 -6.19040358e-04 9.12327604e-04
2.29247562e-02 -1.54803574e-03 9.39407600e-04
2.32829473e-02 -5.11802742e-04 9.18920341e-04
2.36411380e-02 9.04447274e-04 9.07464456e-04
2.39993283e-02 -3.16485797e-04 8.97115728e-04
2.43575182e-02 -1.23186765e-03 8.61146084e-04
2.47157077e-02 8.74465676e-04 9.08880298e-04
2.50738968e-02 -3.71688138e-04 8.42248878e-04
2.54320855e-02 7.42563105e-04 8.78241557e-04
2.57902738e-02 1.28678777e-04 8.32292890e-04
2.61484617e-02 7.91819713e-04 8.97287554e-04
2.65066491e-02 6.63034478e-04 8.37097653e-04
2.68648361e-02 -5.15591368e-04 8.23267508e-04
2.72230226e-02 5.47098405e-04 8.80846146e-04
2.75812087e-02 -4.42181821e-04 8.01697460e-04
2.79393943e-02 -1.26133745e-03 7.76138128e-04
2.82975795e-02 1.12893467e-03 7.83855919e-04
2.86557642e-02 7.78018381e-04 8.31052860e-04
2.90139485e-02 -1.02000698e-03 8.24157884e-04
2.93721323e-02 2.78390075e-04 8.04331757e-04
2.97303155e-02 -3.67111512e-04 8.31546239e-04
3.00884983e-02 4.59251307e-04 8.53342913e-04
3.04466806e-02 -2.14449625e-05 8.69847849e-04
3.08048624e-02 2.24532972e-04 7.72188905e-04
3.11630437e-02 -5.20050332e-05 8.63686195e-04
3.15212245e-02 -9.60441196e-04 7.77980627e-04
3.18794048e-02 -1.87499410e-04 7.63489674e-04
3.22375845e-02 -7.18071163e-04 7.55773863e-04
3.25957637e-02 1.11630510e-03 7.48913509e-04
3.29539424e-02 3.23341622e-04 7.60577349e-04
3.33121205e-02 2.40909071e-04 7.68816461e-04
3.36702981e-02 -3.91732637e-04 7.69732893e-04
3.40284751e-02 3.70846684e-04 7.69670430e-04
3.43866516e-02 3.84528254e-04 7.79661240e-04
3.47448275e-02 -1.04728555e-03 7.39378540e-04
3.51030028e-02 2.31776772e-05 7.42770178e-04
3.54611775e-02 1.69418363e-04 7.41420661e-04
3.58193517e-02 -6.62221456e-04 7.46743488e-04
3.61775253e-02 -5.16742954e-04 7.42535057e-04
3.65356983e-02 -4.70575815e-04 7.18514826e-04
3.68938706e-02 -5.14316819e-04 6.98112211e-04
3.72520424e-02 -1.23968851e-03 7.08001871e-04
3.76102136e-02 1.16475730e-04 6.95031641e-04
3.79683841e-02 9.15797713e-04 6.99161088e-04
3.83265540e-02 -1.13814847e-03 7.08224593e-04
3.86847233e-02 2.95986223e-05 7.01319250e-04
3.90428920e-02 -2.47935871e-04 6.83289265e-04
3.94010600e-02 -1.00495024e-03 6.47885631e-04
3.97592273e-02 1.67876750e-05 6.62240899e-04
4.01173941e-02 9.13693358e-04 6.73905528e-04
4.04755601e-02 4.70192202e-05 6.25861278e-04
4.08337255e-02 -1.37163443e-04 6.68796278e-04
4.11918902e-02 1.78646524e-04 6.27097126e-04
4.15500542e-02 5.77896704e-05 6.27599438e-04
4.19082176e-02 -4.92953028e-04 6.20987173e-04
4.22663802e-02 -5.66704810e-04 6.45237755e-04
4.26245422e-02 8.47537769e-04 6.54520041e-04
4.29827034e-02 6.09177463e-05 6.34425454e-04
4.33408640e-02 -2.52004563e-04 6.30753848e-04
4.36990238e-02 -3.22179459e-04 6.44963127e-04
4.40571830e-02 3.96000439e-04 6.46563322e-04
4.44153414e-02 -9.83143218e-04 6.47856286e-04
4.47734990e-02 -2.32974093e-03 6.61641931e-04
4.51316560e-02 -6.90649957e-04 6.18321952e-04
4.54898122e-02 9.08201298e-04 6.64026560e-04
4.58479676e-02 5.26431299e-04 6.97530901e-04
4.62061223e-02 5.47370215e-04 6.40300989e-04
4.65642762e-02 -2.21404010e-04 6.57771846e-04
4.69224294e-02 3.67001559e-04 6.41965798e-04
4.72805818e-02 3.54692963e-04 6.29728935e-04
4.76387334e-02 -2.03141856e-04 6.34943809e-04
4.79968842e-02 -2.40979200e-04 6.40008642e-04
4.83550342e-02 -3.91206201e-04 6.29153990e-04
4.87131835e-02 -1.41572226e-04 6.35319122e-04
4.90713319e-02 -6.34352738e-04 6.17742105e-04
4.94294795e-02 1.86770454e-04 6.02262517e-04
4.97876264e-02 1.84985730e-04 6.14173044e-04
5.01457724e-02 -5.28588378e-04 5.93230427e-04
5.05039175e-02 3.29569828e-04 6.14217497e-04
5.08620619e-02 6.24925221e-04 5.78818383e-04
5.12202054e-02 -7.97406675e-04 5.88743149e-04
5.15783481e-02 -1.84933002e-04 5.77864071e-04
5.19364899e-02 -4.98070607e-04 5.66590386e-04
5.22946308e-02 -6.91516411e-04 5.84783183e-04
5.26527709e-02 -9.02579187e-04 5.68922158e-04
5.30109102e-02 -1.08893155e-03 5.79869752e-04
5.33690485e-02 -9.43274515e-05 5.59086241e-04
5.37271860e-02 -9.21181584e-04 5.62312316e-04
5.40853226e-02 -7.93259116e-04 5.56267627e-04
5.44434583e-02 -6.89502778e-04 5.41770880e-04
5.48015932e-02 -2.62798017e-04 5.41820771e-04
5.51597271e-02 5.80857488e-04 5.78084491e-04
5.55178601e-02 4.16766388e-05 5.71092140e-04
5.58759922e-02 1.87013050e-04 5.61701130e-04
5.62341234e-02 5.16466447e-04 5.78519373e-04
5.65922536e-02 2.05390887e-04 5.51451343e-04
5.69503829e-02 -3.75567326e-05 5.40181198e-04
5.73085113e-02 6.56080183e-04 5.56903439e-04
5.76666388e-02 2.53326081e-05 5.39217024e-04
5.80247653e-02 5.85993535e-04 5.50984504e-04
5.83828908e-02 9.91278322e-06 5.24171410e-04
5.87410154e-02 -6.03273466e-04 5.49816993e-04
5.90991390e-02 4.04749036e-04 5.46357903e-04
5.94572616e-02 7.27430596e-05 5.35342885e-04
5.98153833e-02 -1.65085512e-04 5.17057117e-04
6.01735040e-02 1.04729089e-04 5.23138191e-04
6.05316237e-02 -3.79444196e-04 5.18575427e-04
6.08897424e-02 -9.36232242e-04 5.16759336e-04
6.12478600e-02 -8.11439688e-04 4.99012250e-04
6.16059767e-02 -1.98226591e-04 5.26216298e-04
6.19640924e-02 -2.99605522e-04 5.24393488e-04
6.23222071e-02 -8.71924507e-04 5.14085663e-04
6.26803207e-02 -2.65075670e-04 5.29231733e-04
6.30384333e-02 1.09121491e-04 5.17885173e-04
6.33965448e-02 -7.95939776e-05 4.90143235e-04
6.37546554e-02 3.84015980e-04 5.11603116e-04
6.41127648e-02 -2.30213713e-04 5.10975370e-04
6.44708732e-02 -1.28307445e-04 4.90700580e-04
6.48289806e-02 -6.78118486e-04 5.13772579e-04
6.51870869e-02 -3.47551967e-04 4.99014332e-04
6.55451921e-02 -7.81547903e-04 5.12538297e-04
6.59032962e-02 -1.78443929e-04 5.03060019e-04
6.62613993e-02 -5.68082903e-04 5.01310409e-04
6.66195012e-02 3.57902816e-05 5.05072824e-04
6.69776021e-02 -2.14828088e-04 4.77796955e-04
6.73357019e-02 -3.50019038e-04 4.87960490e-04
6.76938005e-02 -3.24196020e-04 4.67312620e-04
6.80518981e-02 -3.70788692e-04 4.89658797e-04
6.84099945e-02 6.04360941e-05 4.82923498e-04
6.87680898e-02 -4.43589564e-04 4.80196699e-04
6.91261840e-02 -5.33357197e-04 4.72049134e-04
6.94842770e-02 -5.20985866e-04 4.72444983e-04
6.98423689e-02 4.29765345e-05 4.86605878e-04
7.02004596e-02 4.49338429e-04 4.69719954e-04
7.05585492e-02 6.41079242e-04 4.68891358e-04
7.09166377e-02 9.12257796e-05 4.82542069e-04
7.12747249e-02 -9.58925002e-05 4.72036925e-04
7.16328110e-02 -2.88897027e-04 4.76071966e-04
7.19908959e-02 -4.18246582e-04 4.92119688e-04
7.23489796e-02 -4.20683874e-04 4.77849015e-04
7.27070622e-02 -2.61520603e-04 4.50598047e-04
7.30651435e-02 -4.90577232e-04 4.63149575e-04
7.34232237e-02 -3.13674516e-04 4.62628845e-04
7.37813026e-02 -5.10196772e-04 4.68088971e-04
7.41393803e-02 1.52813824e-04 4.65187966e-04
7.44974568e-02 7.13051827e-04 4.54157257e-04
7.48555321e-02 -4.45268822e-04 4.50211983e-04
7.52136061e-02 2.34719031e-07 4.61705300e-04
7.55716789e-02 -4.32064919e-04 4.54945363e-04
7.59297505e-02 -5.53902833e-04 4.46082705e-04
7.62878208e-02 -9.60508100e-04 4.52834964e-04
7.66458899e-02 -1.07119224e-03 4.42357705e-04
7.70039577e-02 -5.04457604e-04 4.45862630e-04
7.73620242e-02 -3.26551951e-04 4.43804903e-04
7.77200895e-02 2.35242237e-04 4.31858442e-04
7.80781535e-02 2.72597780e-05 4.42270686e-04
7.84362162e-02 3.51453438e-04 4.50264488e-04
7.87942776e-02 -5.84933670e-04 4.56019593e-04
7.91523377e-02 -5.31360550e-04 4.35767635e-04
7.95103965e-02 -3.26792704e-04 4.49357034e-04
7.98684540e-02 -8.60635286e-04 4.43479103e-04
8.02265102e-02 -1.83775393e-04 4.34636757e-04
8.05845651e-02 7.61844286e-05 4.33139084e-04
8.09426186e-02 5.33012556e-04 4.39316584e-04
8.13006709e-02 -5.43498519e-04 4.50014011e-04
8.16587217e-02 -5.68975556e-04 4.33637729e-04
8.20167713e-02 -2.48133847e-04 4.40210416e-04
8.23748195e-02 -2.01119408e-04 4.48206861e-04
8.27328663e-02 -8.29819219e-04 4.25319363e-04
8.30909118e-02 -3.81982083e-04 4.34935730e-04
8.34489559e-02 1.28111828e-04 4.29536500e-04
8.38069986e-02 -3.18812626e-04 4.22996768e-04
8.41650400e-02 -9.07141053e-04 4.21283183e-04
8.45230800e-02 -4.34451620e-04 4.27342102e-04
8.48811185e-02 3.37064969e-07 4.34518310e-04
8.52391557e-02 -8.72049312e-04 4.29291483e-04
8.55971915e-02 -9.79063299e-04 4.31998892e-04
8.59552259e-02 5.09684051e-05 4.41428281e-04
8.63132589e-02 1.47671629e-04 4.52071269e-04
8.66712904e-02 -6.96065006e-04 4.48357089e-04
8.70293205e-02 -2.96351558e-04 4.33212704e-04
8.73873492e-02 -4.68243485e-04 4.24652793e-04
8.77453765e-02 -9.14720181e-04 4.30552939e-04
8.81034023e-02 -1.67251327e-04 4.22997835e-04
8.84614267e-02 -8.68847379e-04 4.16813643e-04
8.88194496e-02 -1.77024118e-04 4.27322562e-04
8.91774710e-02 1.27395164e-04 4.19686758e-04
8.95354910e-02 -7.11464375e-04 4.07434237e-04
8.98935095e-02 -2.65278711e-04 4.19605885e-04
9.02515266e-02 5.17683905e-04 4.10836298e-04
9.06095421e-02 -3.43942165e-04 4.21731957e-04
9.09675562e-02 -8.18801163e-05 4.26693536e-04
9.13255687e-02 6.36004491e-05 4.20450428e-04
9.16835798e-02 -8.22030570e-04 4.34089070e-04
9.20415894e-02 -1.44587195e-04 4.29610181e-04
9.23995974e-02 -5.25342113e-04 4.20708410e-04
9.27576039e-02 -3.67382109e-04 4.19197148e-04
9.31156089e-02 -5.43368392e-04 4.09575946e-04
9.34736124e-02 -1.04017592e-03 4.16544285e-04
9.38316143e-02 -6.48862560e-04 4.00345862e-04
9.41896147e-02 -7.84872943e-04 4.27246749e-04
9.45476136e-02 -2.65954516e-04 4.24553367e-04
9.49056108e-02 -9.39082570e-04 4.07409039e-04
9.52636066e-02 -1.28484215e-04 4.09197985e-04
9.56216007e-02 7.16278658e-06 4.02514618e-04
9.59795933e-02 -1.41619802e-04 3.97115633e-04
9.63375843e-02 -1.04203045e-03 4.02311574e-04
9.66955738e-02 -4.17998990e-04 3.86668156e-04
9.70535616e-02 3.24161048e-04 3.97124167e-04
9.74115478e-02 -4.62988076e-04 4.00037844e-04
9.77695325e-02 1.77208889e-05 4.04870520e-04
9.81275155e-02 -4.09099340e-04 4.05943025e-04
9.84854969e-02 -7.36452651e-04 3.96155774e-04
9.88434768e-02 2.85492119e-04 4.11561791e-04
9.92014549e-02 -3.74128555e-04 4.02348228e-04
9.95594315e-02 2.95372431e-04 4.11147989e-04
9.99174064e-02 -2.42713680e-04 4.06920128e-04
1.00275380e-01 -5.65306972e-04 3.94657910e-04
1.00633351e-01 -5.16267353e-04 3.96007618e-04
1.00991321e-01 -1.95955537e-04 3.94964087e-04
1.01349290e-01 -9.16139450e-04 3.76797422e-04
1.01707256e-01 -8.44123282e-04 3.86728889e-04
1.02065221e-01 -7.06653395e-04 3.97605536e-04
1.02423184e-01 -1.80640498e-04 3.96509607e-04
1.02781146e-01 -9.97973216e-06 3.87214111e-04
1.03139106e-01 -1.24634477e-04 3.92072443e-04
1.03497064e-01 -8.88559854e-05 3.96023166e-04
1.03855021e-01 4.60945731e-05 3.80521133e-04
1.04212976e-01 -3.03864241e-05 3.93982507e-04
1.04570929e-01 1.62914766e-04 3.88398690e-04
1.04928880e-01 -3.74110746e-04 3.99612524e-04
1.05286830e-01 -6.60999017e-04 4.00567356e-04
1.05644778e-01 -2.82260361e-04 3.98187307e-04
1.06002724e-01 -5.99146018e-04 4.03302496e-04
1.06360668e-01 -2.28821716e-05 3.93344594e-04
1.06718611e-01 -5.56102935e-04 3.94808237e-04
1.07076552e-01 -1.40175429e-04 3.93095528e-04
1.07434491e-01 -2.46222108e-05 3.96770565e-04
1.07792429e-01 -1.35021823e-04 3.84838544e-04
1.08150364e-01 -8.86347471e-04 3.80878131e-04
1.08508298e-01 -8.88145352e-05 3.84511634e-04
1.08866230e-01 -4.24675019e-04 3.77231874e-04
1.09224160e-01 -4.24377288e-04 3.88262784e-04
1.09582089e-01 -3.41914474e-04 3.91885489e-04
1.09940016e-01 -5.73612161e-04 3.96439049e-04
1.10297941e-01 2.13806222e-04 3.90343434e-04
1.10655864e-01 -1.55726613e-04 3.91396871e-04
1.11013785e-01 -7.28986778e-04 3.86258347e-04
1.11371704e-01 -5.88567661e-05 3.84546753e-04
1.11729622e-01 -3.09904890e-04 3.82663534e-04
1.12087538e-01 -1.63693298e-04 3.82669900e-04
1.12445452e-01 -1.15142529e-04 3.80199084e-04
1.12803364e-01 -6.46917233e-04 3.69439277e-04
1.13161274e-01 -5.59088899e-04 3.76371903e-04
1.13519182e-01 1.17676866e-04 3.82890173e-04
1.13877089e-01 -2.51934210e-04 3.71163046e-04
1.14234994e-01 -3.47401376e-04 3.63877984e-04
1.14592896e-01 -7.54865968e-04 3.72678548e-04
1.14950797e-01 -4.75679496e-04 3.66222157e-04
1.15308696e-01 -1.00618709e-04 3.70583354e-04
1.15666593e-01 -6.83131444e-05 3.64434015e-04
1.16024488e-01 -1.23030511e-03 3.61403854e-04
1.16382382e-01 -2.35700833e-04 3.64004672e-04
1.16740273e-01 1.51388770e-05 3.82769578e-04
1.17098163e-01 -2.80832525e-04 3.69856817e-04
1.17456050e-01 -3.51285877e-04 3.57416972e-04
1.17813936e-01 -1.30847024e-04 3.70207004e-04
1.18171819e-01 -4.60835554e-04 3.68227962e-04
1.18529701e-01 -3.57160129e-04 3.83860330e-04
1.18887581e-01 3.43140797e-04 3.70884435e-04
1.19245459e-01 -2.11898596e-04 3.79593858e-04
1.19603335e-01 -4.71422786e-04 3.75594190e-04
1.19961208e-01 -7.76721615e-04 3.67071607e-04
1.20319080e-01 -4.10292412e-04 3.76311029e-04
1.20676950e-01 4.95090692e-05 3.85222603e-04
1.21034818e-01 -3.02994009e-04 3.73734932e-04
1.21392684e-01 -5.88431181e-05 3.66951329e-04
1.21750548e-01 7.33950185e-05 3.74005595e-04
1.22108410e-01 -9.65966938e-05 3.66239825e-04
1.22466270e-01 -6.74287282e-04 3.72261952e-04
1.22824128e-01 -5.60037499e-04 3.74734224e-04
1.23181984e-01 -8.86579934e-05 3.78505418e-04
1.23539838e-01 1.35371921e-04 3.74289529e-04
1.23897690e-01 -3.74080024e-04 3.57512892e-04
1.24255540e-01 -4.39028779e-04 3.78492621e-04
1.24613388e-01 -7.37120462e-04 3.61931940e-04
1.24971233e-01 3.30710928e-04 3.59566201e-04
1.25329077e-01 7.24610885e-05 3.71149659e-04
1.25686919e-01 -4.52686411e-04 3.65292758e-04
1.26044758e-01 -1.44784126e-04 3.53892916e-04
1.26402596e-01 -4.15928513e-04 3.59112044e-04
1.26760431e-01 -9.94913695e-05 3.52538167e-04
1.27118265e-01 2.22486902e-04 3.59828807e-04
1.27476096e-01 -5.36490238e-04 3.47772125e-04
1.27833925e-01 -3.80437167e-04 3.45014564e-04
1.28191752e-01 -2.17462463e-04 3.49221209e-04
1.28549577e-01 -1.24754720e-03 3.43368646e-04
1.28907400e-01 -3.53728892e-04 3.54175753e-04
1.29265221e-01 -4.38027366e-04 3.47132412e-04
1.29623040e-01 7.33264103e-05 3.55032983e-04
1.29980856e-01 -3.06902160e-04 3.52409147e-04
1.30338670e-01 -7.58127032e-04 3.37034992e-04
1.30696483e-01 -3.30542063e-04 3.46357240e-04
1.31054293e-01 -5.55257088e-04 3.37470166e-04
1.31412101e-01 -6.41477493e-04 3.37346495e-04
1.31769906e-01 -4.62663101e-04 3.49328400e-04
1.32127710e-01 -5.08701470e-04 3.39907756e-04
1.32485511e-01 1.76199194e-04 3.43112057e-04
1.32843311e-01 -4.87546951e-04 3.42164788e-04
1.33201108e-01 -1.95051189e-04 3.42032857e-04
1.33558903e-01 -7.95501966e-04 3.37569910e-04
1.33916695e-01 -2.87444802e-04 3.37642821e-04
1.34274486e-01 -3.72085646e-04 3.34815822e-04
1.34632274e-01 -9.31260009e-04 3.27677007e-04
1.34990060e-01 -1.70973404e-04 3.32981649e-04
1.35347844e-01 -2.54208182e-04 3.36178642e-04
1.35705626e-01 -1.12381251e-03 3.35882477e-04
1.36063405e-01 2.95349697e-04 3.29792238e-04
1.36421182e-01 -4.91652329e-04 3.31396828e-04
1.36778957e-01 -2.83361667e-04 3.28361816e-04
1.37136730e-01 2.18435208e-04 3.29625311e-04
1.37494500e-01 -7.87898371e-04 3.26886283e-04
1.37852269e-01 -2.37319738e-04 3.33924949e-04
1.38210034e-01 -2.44978979e-04 3.37646068e-04
1.38567798e-01 2.61817239e-04 3.35778382e-04
1.38925559e-01 -3.50963503e-05 3.24775210e-04
1.39283319e-01 -3.71843209e-04 3.28316578e-04
1.39641075e-01 -3.21618712e-04 3.27707101e-04
1.39998830e-01 -5.55672897e-04 3.27798017e-04
1.40356582e-01 2.27097856e-04 3.29405195e-04
1.40714332e-01 -5.79492045e-04 3.28448682e-04
1.41072080e-01 -8.69207767e-04 3.24194399e-04
1.41429825e-01 -7.04909623e-04 3.24687773e-04
1.41787568e-01 -1.09376776e-05 3.36566877e-04
1.42145308e-01 2.77542428e-04 3.26690155e-04
1.42503047e-01 1.53669697e-04 3.24707592e-04
1.42860783e-01 -7.83417129e-04 3.22114276e-04
1.43218516e-01 -4.76390513e-04 3.20512549e-04
1.43576247e-01 -1.91492819e-04 3.27964782e-04
1.43933976e-01 -1.58126851e-04 3.19161451e-04
1.44291703e-01 -1.65894165e-04 3.21331552e-04
1.44649427e-01 -1.00554670e-03 3.16517125e-04
1.45007149e-01 -8.10214198e-04 3.16696998e-04
1.45364868e-01 -5.07925358e-04 3.20440378e-04
1.45722585e-01 -7.19072347e-04 3.06249653e-04
1.46080300e-01 -6.45804478e-04 3.20056263e-04
1.46438012e-01 -3.89252651e-04 3.13655001e-04
1.46795722e-01 -3.80240351e-04 3.08535806e-04
1.47153429e-01 -3.64790145e-04 3.15714391e-04
1.47511134e-01 -2.34026086e-04 3.15811123e-04
1.47868837e-01 6.18705929e-04 3.14555495e-04
1.48226537e-01 -1.70812569e-04 3.18760586e-04
1.48584235e-01 -6.56864657e-04 3.10471737e-04
1.48941930e-01 -8.72750558e-04 3.12609632e-04
1.49299623e-01 -4.08226596e-04 3.13606981e-04
1.49657313e-01 2.64561010e-06 3.09777634e-04
1.50015001e-01 5.19557885e-04 3.17602939e-04
1.50372687e-01 -5.12889692e-04 3.06163934e-04
1.50730370e-01 -2.09945272e-04 3.07327469e-04
1.51088050e-01 -7.76514750e-04 3.08560356e-04
1.51445728e-01 1.62144436e-04 3.15545608e-04
1.51803404e-01 -1.83081947e-04 3.10844079e-04
1.52161077e-01 -5.27515819e-04 3.11591522e-04
1.52518747e-01 -2.47057104e-04 3.04898408e-04
1.52876416e-01 -7.54087821e-04 2.98726623e-04
1.53234081e-01 -4.71898711e-04 3.03820376e-04
1.53591744e-01 -4.89325960e-04 3.00884288e-04
1.53949405e-01 -7.15090398e-04 3.02503566e-04
1.54307063e-01 -3.63759529e-04 3.09998179e-04
1.54664718e-01 -4.86131421e-04 3.06273415e-04
1.55022371e-01 -9.85474358e-04 3.07531023e-04
1.55380021e-01 -2.96920600e-04 3.00814050e-04
1.55737669e-01 -2.75893967e-04 3.13812446e-04
1.56095314e-01 -1.97739680e-04 3.09379916e-04
1.56452957e-01 -7.23986813e-04 3.03553950e-04
1.56810597e-01 -5.13577684e-04 2.94780385e-04
1.57168235e-01 -3.52271850e-04 3.06491647e-04
1.57525870e-01 -3.32957238e-04 3.01049830e-04
1.57883502e-01 1.02784470e-04 3.07941552e-04
1.58241132e-01 -1.75433132e-04 3.02068844e-04
1.58598759e-01 -1.15341006e-04 3.01388192e-04
1.58956384e-01 -1.05952449e-03 2.95085067e-04
1.59314006e-01 7.31553428e-05 3.00839090e-04
1.59671625e-01 1.78557792e-04 3.02957345e-04
1.60029242e-01 -2.50917119e-04 3.01999645e-04
1.60386856e-01 5.58993800e-06 3.02970555e-04
1.60744468e-01 1.60554014e-04 3.02319994e-04
1.61102076e-01 -4.40915629e-04 3.03599771e-04
1.61459683e-01 -1.37869007e-04 2.97218754e-04
1.61817286e-01 -3.60734347e-04 2.89580277e-04
1.62174887e-01 -6.50083035e-04 2.93033031e-04
1.62532485e-01 -2.48326561e-04 2.96579358e-04
1.62890081e-01 -5.94929281e-04 2.94896588e-04
1.63247674e-01 -5.20501789e-04 2.92841145e-04
1.63605264e-01 -5.03515137e-04 2.95591396e-04
1.63962852e-01 -4.20914400e-04 2.89128550e-04
1.64320437e-01 -3.54726795e-04 2.88560617e-04
1.64678019e-01 -4.20343046e-04 2.95091791e-04
1.65035598e-01 -3.58892999e-04 2.95213314e-04
1.65393175e-01 -1.93264374e-04 2.98491612e-04
1.65750749e-01 -8.00351379e-05 2.96061372e-04
1.66108320e-01 -4.85731527e-04 2.96764192e-04
1.66465889e-01 -6.40235208e-04 2.93692963e-04
1.66823455e-01 -3.57667283e-04 2.96715272e-04
1.67181018e-01 -4.28632997e-04 2.92250533e-04
1.67538578e-01 -8.91204548e-06 2.95290812e-04
1.67896136e-01 -6.72109677e-04 2.89428412e-04
1.68253691e-01 -3.34965207e-04 2.89695130e-04
1.68611243e-01 -1.04032880e-04 2.90002728e-04
1.68968792e-01 -5.83812796e-05 2.93489829e-04
1.69326339e-01 -1.06078480e-04 2.87989139e-04
1.69683883e-01 -4.34117992e-04 2.85845493e-04
1.70041424e-01 -4.07819066e-04 2.86661905e-04
1.70398962e-01 -3.18595002e-04 2.84960247e-04
1.70756497e-01 -1.96817629e-04 2.83195900e-04
1.71114030e-01 -3.07978727e-04 2.86559773e-04
1.71471560e-01 3.24845461e-04 2.81727955e-04
1.71829087e-01 -5.79624735e-05 2.90513753e-04
1.72186611e-01 -6.12584107e-04 2.84829354e-04
1.72544132e-01 -6.69402288e-05 2.83941856e-04
1.72901651e-01 -1.47065953e-04 2.79662413e-04
1.73259167e-01 -1.30524055e-04 2.87813792e-04
1.73616679e-01 -4.54603834e-04 2.88192359e-04
1.73974189e-01 -6.43870672e-04 2.79200887e-04
1.74331697e-01 -1.09332865e-04 2.86277466e-04
1.74689201e-01 -3.35942048e-04 2.81764309e-04
1.75046702e-01 -6.42769986e-04 2.77951080e-04
1.75404201e-01 4.23903799e-05 2.88205304e-04
1.75761697e-01 -7.61782517e-04 2.74634455e-04
1.76119189e-01 -5.99014345e-04 2.82589916e-04
1.76476679e-01 -1.05208371e-04 2.84142089e-04
1.76834166e-01 -3.38195803e-05 2.80609309e-04
1.77191650e-01 -4.51763094e-04 2.79405872e-04
1.77549132e-01 -2.20132592e-04 2.84669207e-04
1.77906610e-01 -5.36351690e-04 2.79380451e-04
1.78264085e-01 -1.71735907e-05 2.84933336e-04
1.78621558e-01 -6.42720353e-04 2.71682256e-04
1.78979027e-01 3.77502725e-04 2.77273054e-04
1.79336494e-01 -5.46106459e-05 2.76358729e-04
1.79693958e-01 -1.75288596e-04 2.75142231e-04
1.80051418e-01 -2.13391989e-04 2.76270370e-04
1.80408876e-01 -6.54119224e-04 2.74393719e-04
1.80766331e-01 -1.73117089e-04 2.80022349e-04
1.81123783e-01 -2.82513197e-04 2.76738285e-04
1.81481232e-01 -1.20604318e-04 2.81631097e-04
1.81838677e-01 1.52892178e-04 2.82586411e-04
1.82196120e-01 -8.44641739e-04 2.79638134e-04
1.82553560e-01 -6.40085431e-04 2.84295370e-04
1.82910997e-01 -6.30210179e-05 2.76077967e-04
1.83268431e-01 -5.09104192e-04 2.86168748e-04
1.83625862e-01 -1.79403852e-04 2.86632380e-04
1.83983290e-01 -3.25345865e-04 2.80386699e-04
1.84340715e-01 1.72760852e-05 2.83322069e-04
1.84698137e-01 -2.61966831e-04 2.79702830e-04
1.85055556e-01 -1.87668019e-04 2.83943830e-04
1.85412971e-01 2.06255277e-05 2.79960858e-04
1.85770384e-01 -1.33667059e-04 2.79011998e-04
1.86127794e-01 2.18439057e-05 2.88161840e-04
1.86485200e-01 -4.38668376e-04 2.76110864e-04
1.86842604e-01 -7.23118321e-04 2.74631266e-04
1.87200005e-01 -4.42573760e-04 2.77772298e-04
1.87557402e-01 2.53593269e-04 2.75139804e-04
1.87914797e-01 2.44175596e-05 2.76733272e-04
1.88272188e-01 -4.02863068e-04 2.70654781e-04
1.88629576e-01 -4.29675778e-04 2.73073086e-04
1.88986961e-01 -4.33812829e-04 2.70848262e-04
1.89344343e-01 -6.02099208e-04 2.73291697e-04
1.89701722e-01 -9.30089709e-05 2.73183316e-04
1.90059098e-01 -7.48728451e-04 2.70413145e-04
1.90416471e-01 -1.63829330e-05 2.75105576e-04
1.90773840e-01 -1.59929311e-04 2.64849852e-04
1.91131207e-01 -6.88760387e-05 2.66786812e-04
1.91488570e-01 -8.77342944e-04 2.61468582e-04
1.91845930e-01 -3.05522104e-04 2.70436827e-04
1.92203287e-01 -2.26020120e-04 2.64770270e-04
1.92560641e-01 -4.12849282e-04 2.65662930e-04
1.92917992e-01 -2.94707992e-04 2.62990416e-04
1.93275340e-01 -4.29211661e-05 2.69877101e-04
1.93632684e-01 -4.86610663e-04 2.69186076e-04
1.93990025e-01 -5.26914363e-04 2.69543863e-04
1.94347363e-01 -4.46421455e-04 2.73096081e-04
1.94704698e-01 -4.46327443e-05 2.73381778e-04
1.95062030e-01 -5.07380578e-04 2.71141942e-04
1.95419358e-01 -9.10559897e-04 2.65664322e-04
1.95776684e-01 -5.58834632e-04 2.71038384e-04
1.96134006e-01 9.72862054e-05 2.75613294e-04
1.96491324e-01 -2.66733199e-04 2.68481121e-04
1.96848640e-01 -1.83388172e-04 2.72215661e-04
1.97205953e-01 -1.22782035e-04 2.75587111e-04
1.97563262e-01 -6.01811535e-04 2.71798746e-04
1.97920568e-01 3.83618437e-05 2.73824014e-04
1.98277870e-01 -3.76640747e-04 2.74766225e-04
1.98635170e-01 -4.02410498e-04 2.65786302e-04
1.98992466e-01 -5.09236882e-04 2.69478594e-04
1.99349759e-01 -1.32145418e-04 2.70801322e-04
1.99707049e-01 4.74819128e-05 2.69501597e-04
2.00064335e-01 -4.57356837e-04 2.68214627e-04
2.00421618e-01 -4.58304264e-04 2.64685611e-04
2.00778898e-01 -4.95772124e-04 2.63140898e-04
2.01136174e-01 -5.70531685e-04 2.64895646e-04
2.01493448e-01 -4.34810984e-04 2.62633505e-04
2.01850718e-01 -3.84717054e-04 2.58242460e-04
2.02207984e-01 4.37860533e-04 2.62533399e-04
2.02565248e-01 -9.15192911e-05 2.60700915e-04
2.02922508e-01 -7.06964886e-04 2.59011478e-04
2.03279764e-01 -1.65637377e-04 2.59397433e-04
2.03637018e-01 -2.27221675e-04 2.56992929e-04
2.03994268e-01 -2.93871938e-04 2.60964214e-04
2.04351514e-01 1.67610543e-05 2.59910179e-04
2.04708758e-01 1.65911589e-05 2.61220526e-04
2.05065998e-01 -6.58074529e-06 2.52029118e-04
2.05423234e-01 3.48017815e-04 2.58788459e-04
2.05780467e-01 2.05965982e-04 2.63151885e-04
2.06137697e-01 -2.76167174e-04 2.51155183e-04
2.06494924e-01 -1.50894559e-04 2.61413100e-04
2.06852147e-01 -2.41534324e-04 2.59590598e-04
2.07209367e-01 2.32217351e-04 2.60382428e-04
2.07566583e-01 -6.57195585e-04 2.54627015e-04
2.07923796e-01 -3.82738176e-05 2.54959539e-04
2.08281005e-01 -2.32213864e-04 2.58565169e-04
2.08638211e-01 -1.24441649e-04 2.54551484e-04
2.08995414e-01 -2.45264621e-04 2.48470115e-04
2.09352613e-01 -4.29197676e-04 2.53141452e-04
2.09709809e-01 -5.38353469e-04 2.51597994e-04
2.10067002e-01 -4.54627417e-04 2.54011959e-04
2.10424191e-01 -7.29383592e-04 2.48010615e-04
2.10781376e-01 -5.30522398e-04 2.53591963e-04
2.11138558e-01 -8.14931030e-04 2.47104609e-04
2.11495737e-01 -6.85590752e-05 2.54470303e-04
2.11852912e-01 -1.91768048e-04 2.50984848e-04
2.12210084e-01 -6.46564185e-04 2.48051002e-04
2.12567252e-01 -6.06157294e-04 2.44348224e-04
2.12924416e-01 -4.02268053e-04 2.43945070e-04
2.13281578e-01 -2.82086598e-04 2.45407903e-04
2.13638735e-01 1.55786058e-04 2.48322057e-04
2.13995890e-01 -1.59573631e-04 2.49620126e-04
2.14353040e-01 -3.90220738e-04 2.44919228e-04
2.14710188e-01 -1.19540454e-04 2.48361943e-04
2.15067331e-01 -5.90983540e-04 2.40413275e-04
2.15424471e-01 -4.94912585e-04 2.43618178e-04
2.15781608e-01 -1.35669524e-04 2.45983668e-04
2.16138741e-01 -7.88167905e-05 2.45632210e-04
2.16495871e-01 -4.88920837e-05 2.46707229e-04
2.16852997e-01 -3.36681577e-05 2.45122362e-04
2.17210119e-01 -6.31176217e-04 2.41939452e-04
2.17567238e-01 -3.36172455e-04 2.40416898e-04
2.17924354e-01 -2.15964151e-05 2.42028091e-04
2.18281465e-01 -2.65090378e-04 2.41417801e-04
2.18638574e-01 9.56606578e-05 2.40970325e-04
2.18995678e-01 -2.04349171e-04 2.39285970e-04
2.19352779e-01 -3.46138891e-04 2.44331881e-04
2.19709877e-01 -5.00661956e-04 2.46453497e-04
2.20066971e-01 -4.81724465e-04 2.38562809e-04
2.20424061e-01 -2.85417898e-04 2.42016243e-04
2.20781147e-01 -3.53048536e-04 2.36141283e-04
2.21138230e-01 -3.67327023e-04 2.31979369e-04
2.21495310e-01 -1.29969132e-04 2.40828182e-04
2.21852386e-01 -2.59378063e-04 2.40493716e-04
2.22209458e-01 -1.88879338e-04 2.36612930e-04
2.22566526e-01 -4.49800369e-04 2.41724850e-04
2.22923591e-01 -2.98797494e-05 2.37976613e-04
2.23280652e-01 -1.08070265e-04 2.37823945e-04
2.23637710e-01 -3.88571173e-04 2.37253458e-04
2.23994764e-01 -2.20079919e-04 2.32027642e-04
2.24351814e-01 -6.67461463e-05 2.37636881e-04
2.24708861e-01 -4.06382435e-04 2.32833221e-04
2.25065904e-01 9.48107713e-05 2.33918450e-04
2.25422943e-01 -2.32792122e-04 2.35514294e-04
2.25779978e-01 -5.49669141e-05 2.35358096e-04
2.26137010e-01 -5.38293108e-04 2.40241879e-04
2.26494038e-01 -8.36368606e-05 2.35137742e-04
2.26851063e-01 -2.48003696e-04 2.30005390e-04
2.27208083e-01 -4.97635240e-04 2.30128046e-04
2.27565100e-01 -2.01579481e-04 2.33248833e-04
2.27922114e-01 -1.95417548e-04 2.36673805e-04
2.28279123e-01 -2.77743599e-04 2.34520376e-04
2.28636129e-01 -5.60706463e-05 2.35422244e-04
2.28993131e-01 3.09677564e-04 2.35234575e-04
2.29350129e-01 9.98848821e-05 2.34573713e-04
2.29707124e-01 -1.58095250e-05 2.38027290e-04
2.30064115e-01 -2.67038982e-04 2.34365818e-04
2.30421102e-01 -7.00179146e-04 2.31634141e-04
2.30778085e-01 -3.44860118e-04 2.32152380e-04
2.31135064e-01 -1.87447251e-05 2.30238217e-04
2.31492040e-01 -5.32043518e-04 2.32622907e-04
2.31849012e-01 -6.77437893e-04 2.29794273e-04
2.32205980e-01 -1.93295211e-04 2.30606354e-04
2.32562944e-01 -3.10365306e-04 2.28396714e-04
2.32919905e-01 -4.93182041e-04 2.30518019e-04
2.33276862e-01 -1.98481806e-05 2.28638723e-04
2.33633814e-01 -9.43107549e-05 2.32449118e-04
2.33990763e-01 -1.19142077e-04 2.28231710e-04
2.34347709e-01 -2.12230104e-04 2.26007255e-04
2.34704650e-01 -4.64517219e-04 2.30918185e-04
2.35061588e-01 -3.91986783e-04 2.30233224e-04
2.35418521e-01 -1.05436453e-04 2.21088311e-04
2.35775451e-01 -3.55715347e-04 2.31785018e-04
2.36132377e-01 -4.09170600e-05 2.28614875e-04
2.36489299e-01 -4.45675002e-05 2.25247692e-04
2.36846218e-01 7.47571465e-05 2.27656049e-04
2.37203132e-01 -5.95772471e-04 2.22657284e-04
2.37560042e-01 -7.39405698e-04 2.28865436e-04
2.37916949e-01 7.15636677e-05 2.29069468e-04
2.38273852e-01 -5.72202494e-04 2.21665732e-04
2.38630751e-01 -5.63289515e-04 2.25614851e-04
2.38987645e-01 -2.94435407e-04 2.25726096e-04
2.39344537e-01 -4.99530167e-05 2.23071260e-04
2.39701424e-01 -3.71123330e-05 2.24657978e-04
2.40058307e-01 7.42680887e-05 2.23748506e-04
2.40415186e-01 -1.23718703e-04 2.23263583e-04
2.40772061e-01 -3.84915120e-04 2.20200611e-04
2.41128933e-01 -3.55732172e-04 2.18073445e-04
2.41485800e-01 -5.70629882e-04 2.19384546e-04
2.41842664e-01 -3.36746729e-04 2.20856339e-04
2.42199523e-01 -2.78186552e-04 2.24519087e-04
2.42556379e-01 -9.96126992e-05 2.21683931e-04
2.42913230e-01 -5.39891571e-04 2.20365203e-04
2.43270078e-01 -2.61477545e-04 2.18553719e-04
2.43626922e-01 -2.80787305e-04 2.20497597e-04
2.43983761e-01 -2.04938601e-04 2.17996848e-04
2.44340597e-01 -2.62026118e-04 2.16066455e-04
2.44697429e-01 -1.53106760e-04 2.16574743e-04
2.45054256e-01 -4.19907776e-04 2.18356621e-04
2.45411080e-01 -4.60666274e-04 2.17402357e-04
2.45767900e-01 -3.07595743e-04 2.18089725e-04
2.46124715e-01 -5.34950723e-04 2.15637780e-04
2.46481527e-01 -4.34684673e-04 2.16626948e-04
2.46838334e-01 -1.79684477e-04 2.13224998e-04
2.47195138e-01 -1.77159044e-04 2.17239915e-04
2.47551938e-01 -2.55387723e-04 2.10506980e-04
2.47908733e-01 -3.39424702e-04 2.17847048e-04
2.48265524e-01 -1.24107449e-04 2.12481634e-04
2.48622312e-01 -4.27859517e-05 2.16448712e-04
2.48979095e-01 -1.66454626e-04 2.16156156e-04
2.49335874e-01 -2.30413053e-04 2.14102476e-04
2.49692649e-01 7.92659296e-05 2.16610116e-04
2.50049420e-01 -1.65435823e-04 2.17811307e-04
2.50406187e-01 -3.63985689e-04 2.17190273e-04
2.50762950e-01 -2.23675753e-04 2.12709557e-04
2.51119709e-01 -3.82751557e-04 2.12761051e-04
2.51476464e-01 -1.45159526e-04 2.12601433e-04
2.51833214e-01 -9.86224266e-05 2.16294271e-04
2.52189961e-01 -6.76630769e-04 2.12018890e-04
2.52546703e-01 -4.37335097e-04 2.17286700e-04
2.52903441e-01 -5.59260213e-04 2.13026524e-04
2.53260175e-01 -1.67696896e-04 2.10814599e-04
2.53616905e-01 1.53533604e-05 2.12469161e-04
2.53973631e-01 -1.83053566e-04 2.15530316e-04
2.54330352e-01 -4.47621320e-04 2.10345403e-04
2.54687070e-01 2.71571874e-05 2.13496965e-04
2.55043783e-01 -5.55471097e-04 2.11650942e-04
2.55400492e-01 -5.38608853e-04 2.12955609e-04
2.55757197e-01 -1.40072567e-05 2.13748949e-04
2.56113898e-01 -4.43161903e-05 2.09815104e-04
2.56470595e-01 -6.60089422e-05 2.12592387e-04
2.56827287e-01 -1.98446890e-04 2.13323639e-04
2.57183975e-01 -2.54089651e-04 2.12403468e-04
2.57540659e-01 1.38392949e-04 2.14249122e-04
2.57897339e-01 -3.36589035e-04 2.15076870e-04
2.58254014e-01 -6.89873486e-04 2.13221161e-04
2.58610686e-01 -4.20031329e-04 2.16295200e-04
2.58967353e-01 1.02323809e-04 2.10636761e-04
2.59324016e-01 -1.72943789e-04 2.16941113e-04
2.59680674e-01 1.85556904e-05 2.15587959e-04
2.60037329e-01 -4.64244808e-04 2.12392568e-04
2.60393979e-01 -1.76669148e-04 2.14636680e-04
2.60750625e-01 6.05378302e-05 2.13782400e-04
2.61107266e-01 -1.32029678e-04 2.13774788e-04
2.61463904e-01 -8.05718442e-05 2.15136916e-04
2.61820537e-01 3.41422096e-07 2.13899351e-04
2.62177166e-01 -2.83098350e-05 2.13419395e-04
2.62533790e-01 -7.14265297e-04 2.13237143e-04
2.62890410e-01 -1.07983233e-04 2.15228162e-04
2.63247026e-01 -1.86300920e-04 2.09134525e-04
2.63603638e-01 -4.13990956e-05 2.13172773e-04
2.63960245e-01 -2.50104136e-05 2.13106926e-04
2.64316848e-01 -4.89616068e-05 2.12153311e-04
2.64673447e-01 -4.37757626e-04 2.12864507e-04
2.65030042e-01 -2.37056053e-04 2.12492065e-04
2.65386632e-01 -3.08217334e-04 2.10767295e-04
2.65743217e-01 -2.94372437e-04 2.14855870e-04
2.66099799e-01 4.56922173e-06 2.09079932e-04
2.66456376e-01 -1.00185377e-04 2.13389523e-04
2.66812948e-01 -2.00441959e-04 2.16009492e-04
2.67169517e-01 -4.54535154e-04 2.14551934e-04
2.67526081e-01 -2.82194124e-04 2.15769637e-04
2.67882640e-01 -3.15268371e-04 2.09552212e-04
2.68239195e-01 -8.06116138e-05 2.15316402e-04
2.68595746e-01 -2.10885928e-04 2.17361705e-04
2.68952293e-01 3.91588030e-05 2.12783660e-04
2.69308835e-01 -5.58368830e-04 2.17394876e-04
2.69665372e-01 -3.56686381e-04 2.18727551e-04
2.70021906e-01 -3.36379944e-04 2.19909337e-04
2.70378435e-01 4.66005307e-05 2.20270310e-04
2.70734959e-01 -1.48538399e-04 2.21808873e-04
2.71091479e-01 -1.02821836e-04 2.17513558e-04
2.71447995e-01 -2.11337817e-04 2.21567696e-04
2.71804506e-01 -5.70062114e-04 2.18174004e-04
2.72161012e-01 -3.73343778e-04 2.20365711e-04
2.72517515e-01 6.48180515e-05 2.23661614e-04
2.72874012e-01 -1.79548527e-04 2.22015052e-04
