1.54026655e-02 -6.89891492e-04 1.63259349e-03
1.57608633e-02 4.02714444e-04 1.62425621e-03
1.61190608e-02 5.78999781e-04 1.58723935e-03
1.64772580e-02 1.16740807e-03 1.51901466e-03
1.68354550e-02 1.77213200e-03 1.44469093e-03
1.71936517e-02 9.62518107e-04 1.38736540e-03
1.75518481e-02 -8.11266225e-04 1.35361004e-03
1.79100442e-02 -8.12742665e-04 1.21148021e-03
1.82682400e-02 -1.84712850e-03 1.25959506e-03
1.86264355e-02 1.08188271e-04 1.25737729e-03
1.89846308e-02 -4.67532155e-04 1.22185099e-03
1.93428257e-02 1.51645361e-03 1.11514871e-03
1.97010202e-02 -8.67021782e-05 1.10323470e-03
2.00592145e-02 -6.06144415e-04 1.04007740e-03
2.04174084e-02 8.61064725e-04 1.07840208e-03
2.07756020e-02 8.89468239e-04 1.12505635e-03
2.11337953e-02 7.16510183e-04 1.09538809e-03
2.14919882e-02 1.14174571e-03 1.00327201e-03
2.18501808e-02 1.57066677e-03 1.07919448e-03
2.22083729e-02 -1.26500600e-05 1.02901169e-03
2.25665648e-02 3.27377738e-04 9.98067102e-04
2.29247562e-02 2.79481031e-04 1.00662789e-03
2.32829473e-02 -7.38567126e-05 9.10193917e-04
2.36411380e-02 -6.78145048e-04 9.37420758e-04
2.39993283e-02 1.44143030e-03 9.23782886e-04
2.43575182e-02 -3.68722209e-04 8.66047169e-04
2.47157077e-02 2.98291124e-04 8.78124733e-04
2.50738968e-02 -6.24945103e-04 8.71653834e-04
2.54320855e-02 -2.92287003e-04 8.52593021e-04
2.57902738e-02 7.67155300e-05 8.77288059e-04
2.61484617e-02 -2.14093269e-04 8.40837781e-04
2.65066491e-02 3.33382032e-04 8.08527675e-04
2.68648361e-02 -2.63239726e-03 8.49878960e-04
2.72230226e-02 1.27139527e-03 8.17412260e-04
2.75812087e-02 8.16166117e-05 7.93367276e-04
2.79393943e-02 6.44194000e-04 8.15530249e-04
2.82975795e-02 -2.49687585e-04 8.21814876e-04
2.86557642e-02 1.94659223e-04 8.50690041e-04
2.90139485e-02 -5.51198420e-05 8.31458722e-04
2.93721323e-02 8.21584824e-05 8.23582544e-04
2.97303155e-02 1.84966426e-04 8.23069079e-04
3.00884983e-02 1.52367724e-03 8.29976219e-04
3.04466806e-02 2.61656087e-04 7.63034736e-04
3.08048624e-02 1.21528004e-03 8.11672470e-04
3.11630437e-02 -2.09718012e-04 7.95467600e-04
3.15212245e-02 1.62585091e-03 8.13747794e-04
3.18794048e-02 -2.11482276e-04 8.20808358e-04
3.22375845e-02 -3.35665167e-04 7.96223888e-04
3.25957637e-02 2.37880586e-04 7.95881698e-04
3.29539424e-02 -7.59746142e-04 7.82201530e-04
3.33121205e-02 4.91327181e-04 7.66661746e-04
3.36702981e-02 8.40629306e-04 7.70631548e-04
3.40284751e-02 -1.02835289e-03 8.37079179e-04
3.43866516e-02 7.06304554e-05 7.65744793e-04
3.47448275e-02 8.12949858e-04 7.55305917e-04
3.51030028e-02 2.75668785e-04 7.39213434e-04
3.54611775e-02 7.34778398e-04 7.62396985e-04
3.58193517e-02 -4.79970294e-04 7.77777585e-04
3.61775253e-02 1.39843093e-03 6.70085307e-04
3.65356983e-02 6.67204246e-04 7.11231069e-04
3.68938706e-02 4.34565443e-04 7.42011136e-04
3.72520424e-02 4.03042330e-04 6.96225270e-04
3.76102136e-02 -3.45046098e-04 7.25202392e-04
3.79683841e-02 1.02972455e-03 6.90207412e-04
3.83265540e-02 5.06230951e-04 6.87039539e-04
3.86847233e-02 7.76974241e-04 7.15412807e-04
3.90428920e-02 4.03891069e-04 6.71260857e-04
3.94010600e-02 8.74570137e-04 6.64694699e-04
3.97592273e-02 2.55734655e-04 6.88363046e-04
4.01173941e-02 5.04505980e-05 6.55315199e-04
4.04755601e-02 7.43180812e-04 6.67030170e-04
4.08337255e-02 -1.48627646e-05 6.61365539e-04
4.11918902e-02 7.31412939e-04 6.58920049e-04
4.15500542e-02 6.80928326e-04 6.34236892e-04
4.19082176e-02 4.72078852e-06 6.41562839e-04
4.22663802e-02 2.78569560e-04 6.47183470e-04
4.26245422e-02 1.06945389e-03 6.69352645e-04
4.29827034e-02 1.84170495e-05 6.62129595e-04
4.33408640e-02 -5.28128816e-05 6.38212892e-04
4.36990238e-02 -1.96450302e-03 6.27156085e-04
4.40571830e-02 1.42939286e-04 6.75982091e-04
4.44153414e-02 2.16789179e-04 6.95415646e-04
4.47734990e-02 2.48459761e-04 6.56686210e-04
4.51316560e-02 -7.31214419e-04 6.51775401e-04
4.54898122e-02 7.63460072e-04 6.61730397e-04
4.58479676e-02 -1.95299332e-04 6.48348029e-04
4.62061223e-02 1.18199257e-05 6.27589689e-04
4.65642762e-02 5.62470667e-05 6.48482403e-04
4.69224294e-02 1.08375657e-03 6.27954093e-04
4.72805818e-02 7.07198300e-04 6.25479422e-04
4.76387334e-02 1.65943116e-03 6.40782074e-04
4.79968842e-02 1.19281207e-04 6.16195493e-04
4.83550342e-02 -3.18694362e-05 5.91645725e-04
4.87131835e-02 -4.94407114e-04 6.13647760e-04
4.90713319e-02 -4.85538687e-04 5.95734987e-04
4.94294795e-02 7.05049156e-04 6.04196570e-04
4.97876264e-02 8.01611759e-04 6.00122236e-04
5.01457724e-02 1.07082813e-04 6.14836228e-04
5.05039175e-02 1.51035829e-03 6.07820746e-04
5.08620619e-02 -5.92027448e-05 5.99110364e-04
5.12202054e-02 -9.46931790e-04 6.18282083e-04
5.15783481e-02 -2.08980683e-04 5.62915524e-04
5.19364899e-02 -4.44937316e-04 5.63749241e-04
5.22946308e-02 -1.51843585e-04 5.95112147e-04
5.26527709e-02 -1.93553809e-04 5.72945936e-04
5.30109102e-02 2.68400605e-04 5.79307684e-04
5.33690485e-02 3.85235646e-04 5.81994997e-04
5.37271860e-02 2.72537601e-05 5.49974660e-04
5.40853226e-02 -1.76360829e-04 5.80992712e-04
5.44434583e-02 -2.55866433e-04 5.61387162e-04
5.48015932e-02 7.63654349e-04 5.72310157e-04
5.51597271e-02 1.45493918e-04 5.46104760e-04
5.55178601e-02 2.54478120e-05 5.66843776e-04
5.58759922e-02 -3.14831604e-04 5.48721129e-04
5.62341234e-02 4.73472350e-04 5.38442245e-04
5.65922536e-02 6.71609090e-04 5.53519683e-04
5.69503829e-02 7.29002536e-04 5.54734878e-04
5.73085113e-02 -6.30321908e-04 5.47383615e-04
5.76666388e-02 1.97232005e-04 5.39989167e-04
5.80247653e-02 1.29753445e-04 5.46242770e-04
5.83828908e-02 8.07787375e-04 5.44662469e-04
5.87410154e-02 -2.17814916e-04 5.36728633e-04
5.90991390e-02 -6.76877374e-04 5.16434379e-04
5.94572616e-02 1.82534095e-04 5.05778507e-04
5.98153833e-02 4.56075400e-04 5.45829048e-04
6.01735040e-02 6.81194232e-05 5.25179259e-04
6.05316237e-02 -1.72257026e-04 5.21465485e-04
6.08897424e-02 1.88201985e-04 5.27632226e-04
6.12478600e-02 -5.09563973e-04 5.07722742e-04
6.16059767e-02 6.92913697e-04 5.23896356e-04
6.19640924e-02 1.84998950e-04 5.27538231e-04
6.23222071e-02 8.36957522e-05 5.10308866e-04
6.26803207e-02 -1.09876803e-04 5.18009403e-04
6.30384333e-02 -4.11019270e-04 5.31232011e-04
6.33965448e-02 -5.36011121e-06 4.99483102e-04
6.37546554e-02 1.08569517e-03 5.09725109e-04
6.41127648e-02 -1.11135371e-04 4.97164765e-04
6.44708732e-02 5.33842342e-04 4.99330921e-04
6.48289806e-02 -5.94856550e-05 4.99242140e-04
6.51870869e-02 -3.35133737e-04 4.87402041e-04
6.55451921e-02 2.24634419e-04 5.06501044e-04
6.59032962e-02 5.18959099e-04 4.83000658e-04
6.62613993e-02 3.06949521e-04 4.93896838e-04
6.66195012e-02 6.54321602e-04 4.90362214e-04
6.69776021e-02 7.83165350e-04 4.85308063e-04
6.73357019e-02 -3.55602877e-05 4.89166239e-04
6.76938005e-02 -3.28608296e-05 4.95751447e-04
6.80518981e-02 6.26742763e-05 4.80979492e-04
6.84099945e-02 -3.31298329e-05 4.74795863e-04
6.87680898e-02 -1.10893993e-04 4.89385448e-04
6.91261840e-02 -3.18620273e-04 4.93056461e-04
6.94842770e-02 -1.58959568e-04 4.80120177e-04
6.98423689e-02 -2.69279539e-04 4.89866577e-04
7.02004596e-02 4.98214660e-04 4.80316616e-04
7.05585492e-02 1.24396691e-03 4.61841947e-04
7.09166377e-02 -2.39118469e-04 4.81576550e-04
7.12747249e-02 8.22967337e-04 4.75660109e-04
7.16328110e-02 4.52892781e-04 4.75854999e-04
7.19908959e-02 5.27785962e-04 4.73086689e-04
7.23489796e-02 2.64284965e-04 4.60225604e-04
7.27070622e-02 5.98826277e-04 4.64482134e-04
7.30651435e-02 3.69706038e-04 4.61927118e-04
7.34232237e-02 7.52339924e-04 4.63149127e-04
7.37813026e-02 8.50513920e-04 4.85604974e-04
7.41393803e-02 -2.81793474e-04 4.67742103e-04
7.44974568e-02 1.05958890e-03 4.74670492e-04
7.48555321e-02 2.54115616e-04 4.48349624e-04
7.52136061e-02 -2.75318441e-04 4.54886738e-04
7.55716789e-02 2.54540462e-04 4.49422574e-04
7.59297505e-02 -2.29439425e-04 4.58584199e-04
7.62878208e-02 -3.85124434e-05 4.58330095e-04
7.66458899e-02 -3.29293840e-04 4.47772122e-04
7.70039577e-02 2.25618777e-04 4.56543074e-04
7.73620242e-02 5.33391854e-04 4.52441870e-04
7.77200895e-02 2.31650196e-04 4.40047410e-04
7.80781535e-02 -5.13788896e-04 4.52567819e-04
7.84362162e-02 -4.30517130e-05 4.44246980e-04
7.87942776e-02 2.71845067e-04 4.52006455e-04
7.91523377e-02 4.96804143e-04 4.51587880e-04
7.95103965e-02 -3.73865339e-04 4.30470650e-04
7.98684540e-02 4.13462994e-04 4.53994834e-04
8.02265102e-02 4.34328577e-05 4.68335692e-04
8.05845651e-02 -5.78848801e-04 4.36963112e-04
8.09426186e-02 2.90503894e-04 4.36214934e-04
8.13006709e-02 -3.08640142e-05 4.50759983e-04
8.16587217e-02 -1.51052209e-04 4.38658150e-04
8.20167713e-02 -1.72368201e-04 4.60412366e-04
8.23748195e-02 2.43186752e-04 4.51656604e-04
8.27328663e-02 -4.16693613e-04 4.28561381e-04
8.30909118e-02 -5.90502044e-04 4.32703213e-04
8.34489559e-02 -2.91913856e-04 4.26567448e-04
8.38069986e-02 4.28124442e-04 4.43334256e-04
8.41650400e-02 9.71617491e-05 4.39549193e-04
8.45230800e-02 -7.38192473e-04 4.25324700e-04
8.48811185e-02 1.60635742e-04 4.30662969e-04
8.52391557e-02 -1.04722827e-04 4.34514294e-04
8.55971915e-02 -4.10198778e-04 4.38861846e-04
8.59552259e-02 3.70862435e-04 4.47872915e-04
8.63132589e-02 -3.21171742e-04 4.31683267e-04
8.66712904e-02 -7.50874060e-04 4.49904018e-04
8.70293205e-02 6.52069928e-04 4.53314067e-04
8.73873492e-02 2.46449801e-04 4.35087779e-04
8.77453765e-02 5.58760851e-05 4.33695621e-04
8.81034023e-02 -3.00571862e-04 4.14941096e-04
8.84614267e-02 7.69266944e-04 4.39772225e-04
8.88194496e-02 -6.02095470e-05 4.35883302e-04
8.91774710e-02 8.30180282e-04 4.31349082e-04
8.95354910e-02 2.42781859e-04 4.22237621e-04
8.98935095e-02 -2.23432575e-04 4.27265913e-04
9.02515266e-02 6.31406580e-04 4.25666303e-04
9.06095421e-02 -2.94311954e-04 4.28911117e-04
9.09675562e-02 -2.44920525e-04 4.30299604e-04
9.13255687e-02 -2.85109069e-04 4.30170649e-04
9.16835798e-02 4.91982938e-05 4.34188232e-04
9.20415894e-02 3.04892380e-04 4.31727811e-04
9.23995974e-02 9.95364106e-05 4.35167399e-04
9.27576039e-02 2.38329401e-04 4.17305921e-04
9.31156089e-02 8.92353102e-05 4.12499324e-04
9.34736124e-02 -1.63661174e-04 4.25162680e-04
9.38316143e-02 2.47720652e-04 4.19929783e-04
9.41896147e-02 -7.49064043e-06 4.14777525e-04
9.45476136e-02 -4.06154390e-07 4.22946540e-04
9.49056108e-02 -1.35219502e-04 4.09609076e-04
9.52636066e-02 -8.48105248e-05 4.12379245e-04
9.56216007e-02 5.19583695e-04 4.06848566e-04
9.59795933e-02 1.03370338e-04 4.09443686e-04
9.63375843e-02 1.97270979e-05 4.11819028e-04
9.66955738e-02 -4.06471082e-04 3.97933297e-04
9.70535616e-02 3.40718200e-04 3.97456619e-04
9.74115478e-02 4.97518386e-04 3.97041860e-04
9.77695325e-02 2.79634671e-04 4.00419200e-04
9.81275155e-02 8.86209948e-04 4.08433981e-04
9.84854969e-02 1.23802247e-04 3.95371195e-04
9.88434768e-02 -5.53790492e-05 4.01187192e-04
9.92014549e-02 1.34719419e-04 4.04578932e-04
9.95594315e-02 4.78398482e-05 3.91856510e-04
9.99174064e-02 4.92779232e-05 3.95881281e-04
1.00275380e-01 7.24996928e-04 3.91633753e-04
1.00633351e-01 7.26391687e-04 3.91142285e-04
1.00991321e-01 2.00397103e-04 3.90999127e-04
1.01349290e-01 1.37740724e-05 3.93461146e-04
1.01707256e-01 2.44483810e-04 3.90857170e-04
1.02065221e-01 2.16915332e-05 3.87279775e-04
1.02423184e-01 7.31068389e-06 4.08353696e-04
1.02781146e-01 2.85683835e-04 3.97653174e-04
1.03139106e-01 -1.21119301e-04 3.95830998e-04
1.03497064e-01 2.78842863e-04 3.92956196e-04
1.03855021e-01 -2.91586112e-05 3.95427768e-04
1.04212976e-01 -1.77153842e-05 3.81705698e-04
1.04570929e-01 -2.42107805e-04 3.89122446e-04
1.04928880e-01 7.58044454e-04 3.96041808e-04
1.05286830e-01 -2.88962546e-04 4.00388531e-04
1.05644778e-01 4.50813692e-04 3.98388796e-04
1.06002724e-01 7.02916753e-04 3.93368282e-04
1.06360668e-01 2.40681199e-05 4.04050797e-04
1.06718611e-01 3.36788164e-04 4.03625057e-04
1.07076552e-01 4.38261644e-04 4.13195969e-04
1.07434491e-01 5.31764040e-04 3.96020978e-04
1.07792429e-01 2.05413495e-04 4.07305982e-04
1.08150364e-01 -1.44293388e-04 4.08662238e-04
1.08508298e-01 8.67946137e-04 3.99459182e-04
1.08866230e-01 1.08987119e-03 4.09777305e-04
1.09224160e-01 1.22897634e-03 4.07845488e-04
1.09582089e-01 9.64578956e-04 4.07910713e-04
1.09940016e-01 2.75450050e-04 4.01095112e-04
1.10297941e-01 -2.06130692e-04 4.02186797e-04
1.10655864e-01 1.94581701e-05 3.85506867e-04
1.11013785e-01 3.48619656e-04 3.87566322e-04
1.11371704e-01 2.15111199e-04 3.75096457e-04
1.11729622e-01 -1.44523215e-04 3.83444181e-04
1.12087538e-01 -1.73076822e-04 3.79152282e-04
1.12445452e-01 -4.97065575e-04 3.79656219e-04
1.12803364e-01 -5.62948064e-04 3.80510122e-04
1.13161274e-01 2.16027466e-04 3.92312091e-04
1.13519182e-01 2.12698256e-04 3.79380056e-04
1.13877089e-01 2.88649112e-04 3.75991864e-04
1.14234994e-01 3.33994966e-04 3.72068532e-04
1.14592896e-01 4.32383226e-05 3.70393959e-04
1.14950797e-01 2.77350068e-04 3.82795430e-04
1.15308696e-01 2.02415231e-04 3.73164230e-04
1.15666593e-01 1.50902758e-05 3.65400194e-04
1.16024488e-01 3.46666464e-04 3.60614011e-04
1.16382382e-01 1.26955333e-04 3.76449093e-04
1.16740273e-01 7.11680008e-04 3.71598028e-04
1.17098163e-01 4.99100295e-04 3.63156727e-04
1.17456050e-01 2.23821376e-04 3.78607194e-04
1.17813936e-01 -8.81564030e-05 3.70557961e-04
1.18171819e-01 7.45269485e-05 3.73355722e-04
1.18529701e-01 -4.03545973e-04 3.73717332e-04
1.18887581e-01 -3.14439824e-04 3.68222522e-04
1.19245459e-01 -1.49011355e-04 3.68746207e-04
1.19603335e-01 3.12403873e-04 3.70714795e-04
1.19961208e-01 2.33712585e-04 3.80920631e-04
1.20319080e-01 7.06241225e-05 3.84501564e-04
1.20676950e-01 5.91990895e-04 3.68374954e-04
1.21034818e-01 1.29953365e-04 3.75133456e-04
1.21392684e-01 -3.46343525e-04 3.70058066e-04
1.21750548e-01 1.22305041e-04 3.76821117e-04
1.22108410e-01 -2.63692510e-05 3.69493894e-04
1.22466270e-01 -1.93712511e-04 3.74569268e-04
1.22824128e-01 3.48725302e-05 3.75958354e-04
1.23181984e-01 -1.98090097e-04 3.78997467e-04
1.23539838e-01 2.85253818e-04 3.72117937e-04
1.23897690e-01 -3.24926834e-04 3.70013042e-04
1.24255540e-01 9.00531470e-05 3.66836905e-04
1.24613388e-01 4.92254682e-04 3.71894894e-04
1.24971233e-01 1.96038345e-04 3.65478847e-04
1.25329077e-01 2.43421247e-04 3.60591308e-04
1.25686919e-01 -3.54714110e-07 3.65505707e-04
1.26044758e-01 4.58947799e-04 3.51118777e-04
1.26402596e-01 2.68702861e-04 3.69422300e-04
1.26760431e-01 4.05803134e-04 3.60725676e-04
1.27118265e-01 3.72829351e-05 3.57395212e-04
1.27476096e-01 8.99048885e-04 3.55400338e-04
1.27833925e-01 5.50214038e-04 3.54792339e-04
1.28191752e-01 2.39002031e-04 3.61921817e-04
1.28549577e-01 -2.18798272e-05 3.50854412e-04
1.28907400e-01 2.15760670e-04 3.47025024e-04
1.29265221e-01 -4.71841289e-05 3.57215101e-04
1.29623040e-01 1.41341350e-04 3.49194635e-04
1.29980856e-01 7.40590077e-06 3.41273984e-04
1.30338670e-01 1.01698468e-04 3.42672033e-04
1.30696483e-01 3.65564069e-04 3.41561387e-04
1.31054293e-01 1.48571964e-04 3.42194931e-04
1.31412101e-01 -1.14721224e-04 3.46554312e-04
1.31769906e-01 -6.23943165e-05 3.39888859e-04
1.32127710e-01 -8.91940550e-05 3.50649448e-04
1.32485511e-01 4.37463930e-04 3.49683939e-04
1.32843311e-01 3.80104206e-05 3.51223298e-04
1.33201108e-01 1.33916681e-04 3.42561059e-04
1.33558903e-01 -2.88430397e-05 3.39330714e-04
1.33916695e-01 -1.98147610e-04 3.37326722e-04
1.34274486e-01 8.78882085e-04 3.46392426e-04
1.34632274e-01 -5.43333147e-04 3.40496435e-04
1.34990060e-01 2.61630382e-04 3.38788853e-04
1.35347844e-01 7.03175583e-05 3.36987135e-04
1.35705626e-01 8.65438436e-05 3.37454531e-04
1.36063405e-01 7.24194885e-05 3.35765959e-04
1.36421182e-01 5.54998520e-05 3.36523163e-04
1.36778957e-01 -1.57641601e-04 3.35467605e-04
1.37136730e-01 3.54571832e-04 3.31061950e-04
1.37494500e-01 1.67986886e-05 3.36239716e-04
1.37852269e-01 -1.99573138e-04 3.32056921e-04
1.38210034e-01 -1.64980036e-04 3.28591646e-04
1.38567798e-01 -2.85776068e-04 3.31568601e-04
1.38925559e-01 2.06966464e-05 3.28994361e-04
1.39283319e-01 5.47019514e-04 3.29448218e-04
1.39641075e-01 1.96975975e-04 3.25552032e-04
1.39998830e-01 6.96133120e-05 3.28556008e-04
1.40356582e-01 -3.68748813e-05 3.34043589e-04
1.40714332e-01 4.58690439e-04 3.36174019e-04
1.41072080e-01 -1.02114918e-04 3.26927371e-04
1.41429825e-01 1.00147547e-05 3.30408361e-04
1.41787568e-01 -7.08105218e-05 3.33096358e-04
1.42145308e-01 1.48361229e-04 3.23424881e-04
1.42503047e-01 4.51977278e-04 3.22763533e-04
1.42860783e-01 3.22031519e-05 3.20552698e-04
1.43218516e-01 6.85675904e-04 3.31508191e-04
1.43576247e-01 4.58674584e-04 3.28797395e-04
1.43933976e-01 2.49136354e-04 3.36355010e-04
1.44291703e-01 -2.73227240e-04 3.26655521e-04
1.44649427e-01 6.76511335e-04 3.26400121e-04
1.45007149e-01 4.23457777e-04 3.23193800e-04
1.45364868e-01 -7.34334616e-04 3.15609979e-04
1.45722585e-01 7.60003172e-05 3.23571047e-04
1.46080300e-01 1.97604224e-04 3.15942985e-04
1.46438012e-01 2.32275711e-05 3.17621814e-04
1.46795722e-01 -3.39670584e-04 3.20929161e-04
1.47153429e-01 -4.10359930e-05 3.16145241e-04
1.47511134e-01 -2.89151869e-05 3.16283367e-04
1.47868837e-01 2.06948823e-04 3.17207674e-04
1.48226537e-01 -2.14537309e-04 3.16433743e-04
1.48584235e-01 -1.62645534e-04 3.15052027e-04
1.48941930e-01 -2.05174414e-04 3.12999039e-04
1.49299623e-01 4.28974889e-04 3.18615784e-04
1.49657313e-01 2.86147759e-04 3.16334219e-04
1.50015001e-01 -1.72361435e-04 3.21957663e-04
1.50372687e-01 -3.75760397e-06 3.26924199e-04
1.50730370e-01 2.42639694e-04 3.13148843e-04
1.51088050e-01 -3.63843768e-04 3.05597347e-04
1.51445728e-01 -3.41783070e-04 3.11181347e-04
1.51803404e-01 -5.07393445e-05 3.12518419e-04
1.52161077e-01 -9.04131674e-04 3.07123608e-04
1.52518747e-01 3.12823924e-04 3.11348725e-04
1.52876416e-01 -2.40212665e-05 3.11894783e-04
1.53234081e-01 2.61234037e-04 3.12108694e-04
1.53591744e-01 7.00803189e-04 3.07201332e-04
1.53949405e-01 3.15635821e-04 3.14025298e-04
1.54307063e-01 4.22780936e-04 3.06031646e-04
1.54664718e-01 4.77287577e-04 3.06518270e-04
1.55022371e-01 3.61943597e-04 3.05434641e-04
1.55380021e-01 -2.40740205e-04 3.09900455e-04
1.55737669e-01 1.12987966e-05 3.09180185e-04
1.56095314e-01 -4.43758602e-05 3.09063971e-04
1.56452957e-01 1.36956607e-04 3.10730742e-04
1.56810597e-01 5.45193696e-05 3.06392390e-04
1.57168235e-01 -3.83805576e-04 2.99761000e-04
1.57525870e-01 -1.51296214e-04 3.06461789e-04
1.57883502e-01 6.31106916e-05 3.04325666e-04
1.58241132e-01 4.94874959e-04 3.04227488e-04
1.58598759e-01 2.44664458e-04 2.94836412e-04
1.58956384e-01 -4.35429866e-04 2.97977378e-04
1.59314006e-01 4.73425598e-04 3.01027754e-04
1.59671625e-01 -9.69062545e-05 3.04490953e-04
1.60029242e-01 -1.00043555e-05 2.96369452e-04
1.60386856e-01 5.82936572e-04 3.01064436e-04
1.60744468e-01 -8.07139900e-05 3.05608857e-04
1.61102076e-01 5.86230403e-04 3.01604075e-04
1.61459683e-01 -2.36049023e-04 2.97096878e-04
1.61817286e-01 -1.98428825e-04 2.95776995e-04
1.62174887e-01 4.18556221e-04 2.99335817e-04
1.62532485e-01 -3.30350377e-04 2.95353465e-04
1.62890081e-01 7.39454731e-05 2.94480693e-04
1.63247674e-01 2.92738797e-04 2.97099141e-04
1.63605264e-01 4.23716871e-04 3.01113491e-04
1.63962852e-01 -8.89422196e-05 2.99744039e-04
1.64320437e-01 7.53008744e-05 2.94463950e-04
1.64678019e-01 -1.12845649e-04 2.91543776e-04
1.65035598e-01 -2.53788972e-04 2.96250651e-04
1.65393175e-01 1.21420622e-04 2.92806955e-04
1.65750749e-01 1.16037526e-04 2.94887681e-04
1.66108320e-01 1.67744620e-04 2.95317637e-04
1.66465889e-01 2.44970888e-04 2.93367019e-04
1.66823455e-01 -7.59777975e-05 2.89094488e-04
1.67181018e-01 -7.36385116e-05 2.99988392e-04
1.67538578e-01 -2.80426933e-04 2.92351847e-04
1.67896136e-01 2.25408310e-04 2.90795837e-04
1.68253691e-01 -1.81282823e-04 2.87106230e-04
1.68611243e-01 -2.12070878e-04 2.94426239e-04
1.68968792e-01 4.09406643e-04 2.97189987e-04
1.69326339e-01 2.21199476e-04 2.90047945e-04
1.69683883e-01 2.59899554e-04 2.81115956e-04
1.70041424e-01 5.43518038e-04 2.88493562e-04
1.70398962e-01 4.81031000e-05 2.91629678e-04
1.70756497e-01 2.79872979e-04 2.87664785e-04
1.71114030e-01 1.65483352e-04 2.89889699e-04
1.71471560e-01 5.42973231e-04 2.87325964e-04
1.71829087e-01 1.13382177e-05 2.84051267e-04
1.72186611e-01 2.25072621e-04 2.85880493e-04
1.72544132e-01 -1.74822446e-04 2.85691899e-04
1.72901651e-01 4.06623638e-04 2.83420659e-04
1.73259167e-01 -3.32379771e-05 2.85188853e-04
1.73616679e-01 1.16034928e-04 2.86414094e-04
1.73974189e-01 4.62180331e-04 2.80852224e-04
1.74331697e-01 -5.19397937e-04 2.75098064e-04
1.74689201e-01 -7.41864666e-05 2.81295061e-04
1.75046702e-01 4.90624540e-04 2.81317506e-04
1.75404201e-01 1.75352969e-04 2.81924929e-04
1.75761697e-01 1.90095018e-04 2.74736696e-04
1.76119189e-01 2.11930509e-04 2.80450480e-04
1.76476679e-01 8.00283050e-05 2.79427904e-04
1.76834166e-01 -7.40935154e-05 2.82214740e-04
1.77191650e-01 1.91927525e-04 2.75984926e-04
1.77549132e-01 -3.86459148e-05 2.80068773e-04
1.77906610e-01 1.86518462e-04 2.81736839e-04
1.78264085e-01 4.74487651e-05 2.78219798e-04
1.78621558e-01 6.07802818e-05 2.75951626e-04
1.78979027e-01 7.55891745e-05 2.78467136e-04
1.79336494e-01 -4.64752773e-04 2.72808041e-04
1.79693958e-01 -1.72753712e-05 2.74620406e-04
1.80051418e-01 3.85542154e-04 2.77809706e-04
1.80408876e-01 1.80900050e-04 2.78501530e-04
1.80766331e-01 1.97952866e-04 2.84815353e-04
1.81123783e-01 -2.22375800e-04 2.82209072e-04
1.81481232e-01 -1.46518668e-05 2.71800189e-04
1.81838677e-01 -3.80298313e-04 2.82086436e-04
1.82196120e-01 -5.45973357e-05 2.81391587e-04
1.82553560e-01 -1.48984665e-04 2.81814158e-04
1.82910997e-01 1.67961974e-04 2.80755011e-04
1.83268431e-01 2.03548339e-04 2.86828194e-04
1.83625862e-01 2.09950164e-04 2.84515418e-04
1.83983290e-01 -8.31482179e-05 2.90427716e-04
1.84340715e-01 1.78250544e-04 2.82587058e-04
1.84698137e-01 2.28956771e-05 2.86225922e-04
1.85055556e-01 -1.43573754e-04 2.82928768e-04
1.85412971e-01 6.72166612e-05 2.85456975e-04
1.85770384e-01 7.18932634e-04 2.78547099e-04
1.86127794e-01 1.75657232e-04 2.81506490e-04
1.86485200e-01 2.62854885e-05 2.80624718e-04
1.86842604e-01 9.53565902e-07 2.74802327e-04
1.87200005e-01 3.03199827e-04 2.82682743e-04
1.87557402e-01 1.35828823e-04 2.76654538e-04
1.87914797e-01 -1.10224193e-04 2.74221389e-04
1.88272188e-01 -2.89633198e-04 2.76941863e-04
1.88629576e-01 -1.82059802e-04 2.70942764e-04
1.88986961e-01 -3.70262641e-04 2.72907094e-04
1.89344343e-01 1.90363883e-04 2.85890227e-04
1.89701722e-01 7.46734282e-04 2.76012997e-04
1.90059098e-01 1.84123092e-04 2.72951678e-04
1.90416471e-01 5.37746146e-05 2.74652521e-04
1.90773840e-01 3.07922361e-04 2.72666008e-04
1.91131207e-01 1.32308143e-04 2.74263480e-04
1.91488570e-01 2.94851969e-04 2.69124125e-04
1.91845930e-01 -1.45310335e-04 2.65373145e-04
1.92203287e-01 -4.25268933e-05 2.71369559e-04
1.92560641e-01 1.21135531e-04 2.73231645e-04
1.92917992e-01 2.71318004e-04 2.65360858e-04
1.93275340e-01 5.13723719e-04 2.68052607e-04
1.93632684e-01 2.83247679e-04 2.70211280e-04
1.93990025e-01 -2.21969076e-04 2.70180875e-04
1.94347363e-01 2.39227018e-04 2.77694172e-04
1.94704698e-01 -1.86727744e-04 2.77410864e-04
1.95062030e-01 -3.65257013e-05 2.71566678e-04
1.95419358e-01 -4.18921968e-04 2.68581593e-04
1.95776684e-01 8.96804960e-07 2.73504931e-04
1.96134006e-01 1.63902900e-04 2.72758873e-04
1.96491324e-01 -2.99533801e-05 2.69134676e-04
1.96848640e-01 3.42419596e-04 2.72098208e-04
1.97205953e-01 2.40579764e-04 2.71387803e-04
1.97563262e-01 3.98158454e-04 2.72602918e-04
1.97920568e-01 -1.91588570e-04 2.74070789e-04
1.98277870e-01 1.54649872e-05 2.70012592e-04
1.98635170e-01 -4.82882734e-04 2.73360467e-04
1.98992466e-01 -7.10419736e-05 2.74008074e-04
1.99349759e-01 5.14592747e-04 2.82945855e-04
1.99707049e-01 3.00052570e-04 2.71759699e-04
2.00064335e-01 6.47690617e-04 2.71829314e-04
2.00421618e-01 5.48584766e-04 2.63864674e-04
2.00778898e-01 4.14175270e-04 2.68205258e-04
2.01136174e-01 3.81730310e-04 2.70392250e-04
2.01493448e-01 5.53590021e-04 2.67732172e-04
2.01850718e-01 -3.78832427e-04 2.58335966e-04
2.02207984e-01 -1.97493195e-04 2.62857326e-04
2.02565248e-01 -1.29337176e-04 2.63987835e-04
2.02922508e-01 2.60465186e-04 2.63456225e-04
2.03279764e-01 2.57825001e-04 2.63869989e-04
2.03637018e-01 1.76729049e-04 2.59285634e-04
2.03994268e-01 -4.50959043e-04 2.58019457e-04
2.04351514e-01 5.94606364e-04 2.58546275e-04
2.04708758e-01 1.20482086e-05 2.61559212e-04
2.05065998e-01 4.53190185e-04 2.63013404e-04
2.05423234e-01 -2.32534796e-05 2.58937253e-04
2.05780467e-01 3.89398461e-04 2.55827081e-04
2.06137697e-01 -2.97467771e-04 2.52432953e-04
2.06494924e-01 -3.31571682e-05 2.57550838e-04
2.06852147e-01 -1.59472768e-04 2.56280270e-04
2.07209367e-01 -1.12547423e-05 2.53531780e-04
2.07566583e-01 3.47161579e-04 2.55481270e-04
2.07923796e-01 8.20115074e-05 2.61001246e-04
2.08281005e-01 2.51352269e-04 2.54992457e-04
2.08638211e-01 2.08640791e-04 2.58662558e-04
2.08995414e-01 -1.21904801e-04 2.55877870e-04
2.09352613e-01 -7.61195547e-05 2.53606435e-04
2.09709809e-01 2.40368058e-04 2.53214365e-04
2.10067002e-01 4.68384366e-04 2.53281736e-04
2.10424191e-01 5.43401565e-04 2.54954616e-04
2.10781376e-01 2.53918761e-04 2.54462232e-04
2.11138558e-01 2.21824674e-04 2.51714289e-04
2.11495737e-01 -3.96945851e-04 2.44543320e-04
2.11852912e-01 5.64765702e-04 2.50755273e-04
2.12210084e-01 -4.33728915e-05 2.47231258e-04
2.12567252e-01 -2.56494710e-04 2.48930443e-04
2.12924416e-01 -1.70063375e-04 2.50674997e-04
2.13281578e-01 -3.98642885e-04 2.47767456e-04
2.13638735e-01 1.69126245e-04 2.49750996e-04
2.13995890e-01 -3.47343213e-05 2.47931376e-04
2.14353040e-01 4.02773954e-04 2.47868561e-04
2.14710188e-01 7.88242737e-04 2.50028186e-04
2.15067331e-01 1.88189325e-04 2.48262787e-04
2.15424471e-01 1.40342155e-04 2.46040273e-04
2.15781608e-01 7.43394332e-05 2.50704138e-04
2.16138741e-01 2.04955839e-04 2.50824104e-04
2.16495871e-01 2.01503240e-04 2.48662356e-04
2.16852997e-01 1.83177238e-04 2.47964869e-04
2.17210119e-01 2.77060677e-04 2.44178198e-04
2.17567238e-01 3.09348818e-04 2.47692458e-04
2.17924354e-01 3.90507759e-04 2.41964516e-04
2.18281465e-01 4.42197485e-06 2.40078112e-04
2.18638574e-01 6.90902701e-05 2.48366715e-04
2.18995678e-01 -1.13287938e-04 2.45089658e-04
2.19352779e-01 -5.50235661e-05 2.48125744e-04
2.19709877e-01 1.49984324e-04 2.44434645e-04
2.20066971e-01 4.08764078e-04 2.41422598e-04
2.20424061e-01 3.12075753e-04 2.45846808e-04
2.20781147e-01 2.36890851e-04 2.38933890e-04
2.21138230e-01 -1.52477989e-04 2.38288447e-04
2.21495310e-01 1.05384709e-05 2.41900203e-04
2.21852386e-01 1.91078298e-04 2.45459540e-04
2.22209458e-01 -9.47805233e-05 2.45044316e-04
2.22566526e-01 1.20847364e-04 2.47832679e-04
2.22923591e-01 -8.35868209e-06 2.38827746e-04
2.23280652e-01 6.20257881e-04 2.37503002e-04
2.23637710e-01 1.58962614e-04 2.37493640e-04
2.23994764e-01 3.52249836e-04 2.38319983e-04
2.24351814e-01 1.17223857e-04 2.42756733e-04
2.24708861e-01 2.55173523e-05 2.41413550e-04
2.25065904e-01 3.10056200e-04 2.41501371e-04
2.25422943e-01 2.85303368e-04 2.39281371e-04
2.25779978e-01 -1.42636967e-04 2.36954002e-04
2.26137010e-01 -1.71015846e-04 2.34295592e-04
2.26494038e-01 5.25145342e-04 2.40501063e-04
2.26851063e-01 4.31566401e-05 2.35384128e-04
2.27208083e-01 1.45091403e-04 2.38167417e-04
2.27565100e-01 2.88838429e-04 2.33213217e-04
2.27922114e-01 -4.24102620e-04 2.36732941e-04
2.28279123e-01 3.37312856e-05 2.36288940e-04
2.28636129e-01 -1.67079955e-04 2.30719136e-04
2.28993131e-01 4.95395582e-05 2.37536863e-04
2.29350129e-01 1.67131487e-04 2.38127985e-04
2.29707124e-01 1.06098574e-04 2.31976888e-04
2.30064115e-01 2.37660772e-04 2.31129991e-04
2.30421102e-01 2.16538179e-04 2.32305924e-04
2.30778085e-01 1.95814749e-04 2.36118044e-04
2.31135064e-01 7.90554367e-05 2.33466315e-04
2.31492040e-01 -2.23501889e-04 2.34065367e-04
2.31849012e-01 -4.00011303e-04 2.32612001e-04
2.32205980e-01 -2.03367211e-04 2.35779747e-04
2.32562944e-01 -2.30818896e-04 2.29626341e-04
2.32919905e-01 2.28277511e-04 2.28182055e-04
2.33276862e-01 2.65073744e-06 2.31343150e-04
2.33633814e-01 2.70562712e-04 2.33119746e-04
2.33990763e-01 1.31654455e-04 2.30050184e-04
2.34347709e-01 3.09079456e-04 2.31331917e-04
2.34704650e-01 -3.28320006e-04 2.27094299e-04
2.35061588e-01 2.57793839e-04 2.28583665e-04
2.35418521e-01 9.11559310e-05 2.29722729e-04
2.35775451e-01 9.46567451e-05 2.30120450e-04
2.36132377e-01 1.64970352e-04 2.28310218e-04
2.36489299e-01 1.96506350e-04 2.27374584e-04
2.36846218e-01 1.78205932e-04 2.27677615e-04
2.37203132e-01 -4.30961457e-05 2.26949641e-04
2.37560042e-01 2.38143141e-05 2.29148747e-04
2.37916949e-01 -5.22601412e-06 2.27268112e-04
2.38273852e-01 8.19072376e-05 2.26725666e-04
2.38630751e-01 1.83756476e-04 2.27510185e-04
2.38987645e-01 5.43212462e-05 2.25292807e-04
2.39344537e-01 4.20941800e-05 2.25378178e-04
2.39701424e-01 2.28068765e-05 2.24270096e-04
2.40058307e-01 1.93801927e-04 2.23974070e-04
2.40415186e-01 -3.07959005e-04 2.20642070e-04
2.40772061e-01 -3.29133643e-04 2.25793015e-04
2.41128933e-01 3.66770632e-04 2.23776100e-04
2.41485800e-01 3.88686463e-04 2.24479421e-04
2.41842664e-01 -4.63442020e-05 2.25232371e-04
2.42199523e-01 4.76122518e-05 2.22568803e-04
2.42556379e-01 -6.01117608e-04 2.20315087e-04
2.42913230e-01 1.74963611e-04 2.23581862e-04
2.43270078e-01 1.06680908e-04 2.28236004e-04
2.43626922e-01 -1.81268213e-04 2.22145929e-04
2.43983761e-01 3.03550465e-04 2.20271124e-04
2.44340597e-01 1.17864997e-04 2.18725781e-04
2.44697429e-01 1.70518036e-04 2.18793670e-04
2.45054256e-01 1.85139953e-04 2.19604802e-04
2.45411080e-01 -7.40471684e-05 2.19826573e-04
2.45767900e-01 4.61242490e-04 2.21555409e-04
2.46124715e-01 1.04285073e-04 2.20961522e-04
2.46481527e-01 1.92309860e-04 2.12916407e-04
2.46838334e-01 1.91706020e-04 2.13838752e-04
2.47195138e-01 2.71735786e-05 2.17700603e-04
2.47551938e-01 -7.26192430e-05 2.14160544e-04
2.47908733e-01 -5.40469101e-05 2.18618237e-04
2.48265524e-01 -1.67806669e-04 2.16349126e-04
2.48622312e-01 -3.19203733e-04 2.17354188e-04
2.48979095e-01 1.79297458e-04 2.19261379e-04
2.49335874e-01 -4.54303345e-05 2.16907827e-04
2.49692649e-01 -3.70662363e-04 2.18713361e-04
2.50049420e-01 2.45088382e-04 2.17043286e-04
2.50406187e-01 -3.20266190e-04 2.13157665e-04
2.50762950e-01 -1.07430938e-04 2.16141962e-04
2.51119709e-01 -3.18738126e-04 2.11549696e-04
2.51476464e-01 1.73299819e-04 2.16312041e-04
2.51833214e-01 5.09365892e-04 2.11383164e-04
2.52189961e-01 3.16733831e-04 2.12621322e-04
2.52546703e-01 1.29057030e-04 2.10749594e-04
2.52903441e-01 -3.76601095e-04 2.13162925e-04
2.53260175e-01 3.73482322e-05 2.15202561e-04
2.53616905e-01 -9.82239972e-05 2.07671105e-04
2.53973631e-01 -1.98481649e-07 2.12431079e-04
2.54330352e-01 -8.61135873e-05 2.11538566e-04
2.54687070e-01 2.33811950e-06 2.13012111e-04
2.55043783e-01 1.95989915e-04 2.10845764e-04
2.55400492e-01 -1.09951269e-04 2.13836003e-04
2.55757197e-01 1.20147759e-05 2.09033745e-04
2.56113898e-01 -8.55673378e-05 2.14126969e-04
2.56470595e-01 1.99387986e-04 2.13910973e-04
2.56827287e-01 3.58549809e-04 2.11247881e-04
2.57183975e-01 1.47490882e-04 2.17571429e-04
2.57540659e-01 1.72781487e-04 2.15646097e-04
2.57897339e-01 3.04481769e-04 2.15690828e-04
2.58254014e-01 1.98017117e-04 2.20400620e-04
2.58610686e-01 5.79564635e-05 2.17147138e-04
2.58967353e-01 1.65781698e-04 2.19246718e-04
2.59324016e-01 1.07932987e-04 2.16240446e-04
2.59680674e-01 -1.57328408e-05 2.17108285e-04
2.60037329e-01 2.55938194e-04 2.18001919e-04
2.60393979e-01 -1.99125316e-04 2.13558066e-04
2.60750625e-01 8.63885921e-05 2.13331709e-04
2.61107266e-01 1.17384602e-04 2.16725737e-04
2.61463904e-01 5.21985466e-05 2.13713211e-04
2.61820537e-01 -1.92684917e-04 2.17168822e-04
2.62177166e-01 2.31328474e-04 2.13057433e-04
2.62533790e-01 5.93389759e-05 2.12347004e-04
2.62890410e-01 1.78309429e-04 2.14400086e-04
2.63247026e-01 5.29602974e-05 2.13134881e-04
2.63603638e-01 2.07997691e-04 2.15679498e-04
2.63960245e-01 -2.08681168e-04 2.15476688e-04
2.64316848e-01 -9.33359865e-05 2.12481211e-04
2.64673447e-01 -8.23156273e-05 2.13572652e-04
2.65030042e-01 6.76985126e-06 2.10770098e-04
2.65386632e-01 -4.45363207e-05 2.13682194e-04
2.65743217e-01 -2.82334917e-04 2.09057015e-04
2.66099799e-01 -1.56833237e-05 2.10241837e-04
2.66456376e-01 1.82435880e-04 2.11138113e-04
2.66812948e-01 -1.46005088e-04 2.14150466e-04
2.67169517e-01 3.39426332e-04 2.17797315e-04
2.67526081e-01 5.76353060e-05 2.17670267e-04
2.67882640e-01 -3.27065682e-04 2.17089892e-04
2.68239195e-01 1.78642290e-04 2.17038911e-04
2.68595746e-01 -1.12668554e-04 2.15692141e-04
2.68952293e-01 -1.09297918e-04 2.13417584e-04
2.69308835e-01 3.62700060e-04 2.22490806e-04
2.69665372e-01 -2.90443117e-05 2.19479753e-04
2.70021906e-01 -2.63395149e-04 2.19092208e-04
2.70378435e-01 8.71773970e-05 2.22036863e-04
2.70734959e-01 5.15501061e-04 2.18510544e-04
2.71091479e-01 -7.25777399e-05 2.24755608e-04
2.71447995e-01 1.55260889e-04 2.24451377e-04
2.71804506e-01 3.07698593e-04 2.21851516e-04
2.72161012e-01 1.09448664e-04 2.24932463e-04
2.72517515e-01 8.83610033e-05 2.25575627e-04
2.72874012e-01 2.38325512e-04 2.25846175e-04
