1.54026655e-02 -1.58593242e-03 1.65160481e-03
1.57608633e-02 -4.85584284e-03 1.68986844e-03
1.61190608e-02 -1.36937948e-03 1.54930446e-03
1.64772580e-02 -1.12096252e-03 1.50195557e-03
1.68354550e-02 -1.49035229e-03 1.37687913e-03
1.71936517e-02 -2.11845761e-04 1.34763268e-03
1.75518481e-02 -1.63268027e-03 1.37699229e-03
1.79100442e-02 -3.54087022e-03 1.27504069e-03
1.82682400e-02 -4.66059332e-04 1.22554661e-03
1.86264355e-02 -7.86437278e-04 1.18845143e-03
1.89846308e-02 -2.06863539e-03 1.17378591e-03
1.93428257e-02 1.23327348e-03 1.17967400e-03
1.97010202e-02 1.14908994e-03 1.08071403e-03
2.00592145e-02 -1.14608838e-03 1.04991946e-03
2.04174084e-02 -9.42301251e-04 1.10306338e-03
2.07756020e-02 9.18176562e-04 1.03079273e-03
2.11337953e-02 -5.19526771e-04 1.04527599e-03
2.14919882e-02 7.91508467e-04 1.01388934e-03
2.18501808e-02 -2.21449948e-04 1.01323724e-03
2.22083729e-02 -1.19040379e-03 1.02215681e-03
2.25665648e-02 -4.85211684e-04 1.03772688e-03
2.29247562e-02 3.91496528e-04 9.59941543e-04
2.32829473e-02 -2.39983174e-03 9.35830376e-04
2.36411380e-02 4.24643687e-04 9.12577498e-04
2.39993283e-02 -1.78577752e-04 9.05897418e-04
2.43575182e-02 1.39191668e-04 9.16676396e-04
2.47157077e-02 3.31504716e-04 8.53468884e-04
2.50738968e-02 -2.23491570e-04 8.62629232e-04
2.54320855e-02 -3.75661100e-04 8.15054846e-04
2.57902738e-02 -1.35317121e-03 8.46407332e-04
2.61484617e-02 8.35873489e-04 8.30158143e-04
2.65066491e-02 7.45212375e-04 8.05694792e-04
2.68648361e-02 -4.04535022e-04 8.42935345e-04
2.72230226e-02 7.14058522e-04 8.02616122e-04
2.75812087e-02 2.95645316e-04 8.38049659e-04
2.79393943e-02 -1.21924345e-04 8.43166663e-04
2.82975795e-02 2.60181068e-04 8.05401979e-04
2.86557642e-02 1.26470447e-03 7.92279867e-04
2.90139485e-02 8.97836494e-04 8.05733187e-04
2.93721323e-02 4.90670321e-05 8.23729813e-04
2.97303155e-02 1.31471587e-03 8.00969491e-04
3.00884983e-02 -7.90722091e-05 8.60918141e-04
3.04466806e-02 -1.98073959e-04 8.07105623e-04
3.08048624e-02 -5.89137863e-05 8.65666013e-04
3.11630437e-02 7.23291380e-04 7.89441976e-04
3.15212245e-02 -2.28051016e-04 8.15209381e-04
3.18794048e-02 -1.52970784e-04 8.00610347e-04
3.22375845e-02 8.97830003e-04 7.98713095e-04
3.25957637e-02 1.53830888e-03 8.48213088e-04
3.29539424e-02 5.94823518e-04 8.04375469e-04
3.33121205e-02 8.39718475e-04 8.12247753e-04
3.36702981e-02 -7.92596421e-04 7.77178571e-04
3.40284751e-02 -2.50641740e-04 7.31538665e-04
3.43866516e-02 -1.85933950e-04 7.72269050e-04
3.47448275e-02 -4.25415370e-04 7.76801135e-04
3.51030028e-02 -4.29728616e-04 7.56348381e-04
3.54611775e-02 7.29568402e-04 7.49805729e-04
3.58193517e-02 6.27077399e-04 7.30347003e-04
3.61775253e-02 8.57099364e-04 7.34029490e-04
3.65356983e-02 4.67081342e-04 7.22162524e-04
3.68938706e-02 3.18473727e-04 7.11611960e-04
3.72520424e-02 1.31343967e-03 7.08879977e-04
3.76102136e-02 1.64219655e-03 7.11938731e-04
3.79683841e-02 7.25926809e-04 7.00078536e-04
3.83265540e-02 -3.04291958e-04 6.75731463e-04
3.86847233e-02 8.02137400e-05 6.86760843e-04
3.90428920e-02 -1.01007499e-04 6.54413856e-04
3.94010600e-02 -5.52061249e-04 6.62479747e-04
3.97592273e-02 7.72087440e-04 6.78074764e-04
4.01173941e-02 2.19889930e-04 7.08525227e-04
4.04755601e-02 2.83515009e-04 6.65606329e-04
4.08337255e-02 9.32612805e-04 6.55463348e-04
4.11918902e-02 8.55240094e-04 6.50607299e-04
4.15500542e-02 5.36600937e-04 6.30840790e-04
4.19082176e-02 -3.93071209e-05 6.57285856e-04
4.22663802e-02 1.02019177e-03 6.61433197e-04
4.26245422e-02 4.49851693e-04 6.67029451e-04
4.29827034e-02 4.58904077e-04 6.57129573e-04
4.33408640e-02 1.52859621e-03 6.50730195e-04
4.36990238e-02 1.25867052e-03 6.59530696e-04
4.40571830e-02 6.16802939e-04 6.38185538e-04
4.44153414e-02 2.31648738e-04 6.67828470e-04
4.47734990e-02 -1.88087322e-04 6.61420754e-04
4.51316560e-02 9.64818410e-04 6.56655265e-04
4.54898122e-02 4.47913947e-04 6.67567126e-04
4.58479676e-02 9.89945105e-05 6.65910822e-04
4.62061223e-02 1.18803372e-03 6.37051787e-04
4.65642762e-02 1.77095487e-03 6.47286665e-04
4.69224294e-02 1.07880145e-03 6.47551492e-04
4.72805818e-02 1.76504003e-03 6.44806177e-04
4.76387334e-02 6.05599368e-04 6.31105885e-04
4.79968842e-02 3.28784896e-04 6.11997930e-04
4.83550342e-02 -6.00759616e-04 6.29417495e-04
4.87131835e-02 1.22566497e-03 6.55110477e-04
4.90713319e-02 5.34249435e-04 6.19356082e-04
4.94294795e-02 -1.69344325e-04 5.90776039e-04
4.97876264e-02 9.00127756e-04 6.01946913e-04
5.01457724e-02 1.37824725e-03 6.05357411e-04
5.05039175e-02 -2.79439569e-05 5.98093657e-04
5.08620619e-02 7.87599183e-04 5.74835462e-04
5.12202054e-02 2.08212375e-04 5.74293474e-04
5.15783481e-02 6.26821252e-04 5.89496903e-04
5.19364899e-02 1.15556685e-03 6.02039941e-04
5.22946308e-02 -2.47400204e-05 5.80160395e-04
5.26527709e-02 -3.13302430e-05 5.78761997e-04
5.30109102e-02 2.43070061e-04 5.61723644e-04
5.33690485e-02 8.32031638e-04 5.68480796e-04
5.37271860e-02 1.29050015e-03 5.55185606e-04
5.40853226e-02 3.82131874e-04 5.77894538e-04
5.44434583e-02 4.96175838e-04 5.44187466e-04
5.48015932e-02 8.38986709e-04 5.81761429e-04
5.51597271e-02 -4.05506549e-04 5.65624073e-04
5.55178601e-02 5.26022961e-04 5.61960983e-04
5.58759922e-02 1.51918323e-03 5.74343032e-04
5.62341234e-02 4.53955276e-04 5.69724974e-04
5.65922536e-02 5.36126838e-04 5.54296816e-04
5.69503829e-02 8.15333569e-04 5.55769278e-04
5.73085113e-02 6.95637192e-04 5.61686410e-04
5.76666388e-02 -4.71827709e-04 5.27207218e-04
5.80247653e-02 1.50586171e-03 5.49064653e-04
5.83828908e-02 -2.68970414e-04 5.28784970e-04
5.87410154e-02 6.25194587e-04 5.56873154e-04
5.90991390e-02 5.94703187e-04 5.32567186e-04
5.94572616e-02 7.58359251e-04 5.24213080e-04
5.98153833e-02 1.93322248e-04 5.35233657e-04
6.01735040e-02 9.80180356e-04 5.45504657e-04
6.05316237e-02 4.90591376e-04 5.10073336e-04
6.08897424e-02 7.45288083e-04 5.23510254e-04
6.12478600e-02 1.45479709e-03 5.37999519e-04
6.16059767e-02 1.71127818e-04 5.35822550e-04
6.19640924e-02 8.93349779e-04 5.20201052e-04
6.23222071e-02 -9.21892144e-05 5.03359306e-04
6.26803207e-02 9.21421706e-04 5.10632752e-04
6.30384333e-02 8.95839450e-04 5.30050347e-04
6.33965448e-02 -4.38602477e-04 5.03090596e-04
6.37546554e-02 -2.52548773e-04 5.29224738e-04
6.41127648e-02 4.16208328e-04 5.03705801e-04
6.44708732e-02 6.44429103e-04 5.15034741e-04
6.48289806e-02 -1.79293913e-04 5.08904822e-04
6.51870869e-02 5.32544123e-04 5.08640910e-04
6.55451921e-02 6.46882216e-04 5.13825708e-04
6.59032962e-02 -6.77709195e-04 4.86512974e-04
6.62613993e-02 5.92277824e-04 4.84872222e-04
6.66195012e-02 6.93210920e-04 5.07806876e-04
6.69776021e-02 -1.10005327e-04 5.00304965e-04
6.73357019e-02 4.63221421e-04 5.08262312e-04
6.76938005e-02 5.39558845e-04 4.86968555e-04
6.80518981e-02 -2.87428473e-04 4.79626561e-04
6.84099945e-02 6.17921807e-04 4.72556430e-04
6.87680898e-02 4.84040153e-04 4.77533846e-04
6.91261840e-02 7.00488965e-05 4.75777007e-04
6.94842770e-02 -4.03033198e-05 4.72964551e-04
6.98423689e-02 3.35805968e-04 4.87913043e-04
7.02004596e-02 1.01293465e-03 4.76380200e-04
7.05585492e-02 -7.33158912e-04 4.72679883e-04
7.09166377e-02 -4.68799568e-05 4.84172411e-04
7.12747249e-02 9.91375768e-04 4.70053023e-04
7.16328110e-02 4.84757835e-04 4.70309924e-04
7.19908959e-02 5.88952507e-04 4.70037715e-04
7.23489796e-02 -7.67512656e-05 4.73765064e-04
7.27070622e-02 9.09665575e-05 4.88894290e-04
7.30651435e-02 4.08330183e-04 4.74070622e-04
7.34232237e-02 2.56173550e-04 4.73105698e-04
7.37813026e-02 -4.31757922e-04 4.72415215e-04
7.41393803e-02 2.20249166e-04 4.48301928e-04
7.44974568e-02 -3.19519798e-04 4.67487765e-04
7.48555321e-02 1.87132213e-04 4.67602796e-04
7.52136061e-02 1.29651721e-03 4.50355544e-04
7.55716789e-02 9.04251937e-04 4.64836099e-04
7.59297505e-02 8.19577840e-06 4.56790095e-04
7.62878208e-02 -3.68780001e-04 4.66330523e-04
7.66458899e-02 2.78988356e-04 4.63750461e-04
7.70039577e-02 2.07562491e-04 4.44958186e-04
7.73620242e-02 9.34279427e-04 4.60442306e-04
7.77200895e-02 5.14916221e-04 4.55116895e-04
7.80781535e-02 -2.01643267e-04 4.54445580e-04
7.84362162e-02 -1.40036128e-04 4.58005686e-04
7.87942776e-02 -2.89515232e-04 4.54353498e-04
7.91523377e-02 -2.00347186e-04 4.51113573e-04
7.95103965e-02 -7.58045361e-06 4.39155469e-04
7.98684540e-02 -1.76676236e-04 4.47768341e-04
8.02265102e-02 -2.79713874e-04 4.62059250e-04
8.05845651e-02 -1.35239573e-04 4.32346700e-04
8.09426186e-02 -1.84844984e-04 4.34172010e-04
8.13006709e-02 -7.42067789e-04 4.55810061e-04
8.16587217e-02 5.59224334e-04 4.50316615e-04
8.20167713e-02 -6.17984764e-04 4.45108661e-04
8.23748195e-02 3.78385753e-04 4.27479538e-04
8.27328663e-02 -2.78290670e-04 4.23391845e-04
8.30909118e-02 -1.43034142e-04 4.39685328e-04
8.34489559e-02 1.06972459e-04 4.35188446e-04
8.38069986e-02 5.38170326e-04 4.32011663e-04
8.41650400e-02 6.67644926e-04 4.33294131e-04
8.45230800e-02 2.98245531e-04 4.42813894e-04
8.48811185e-02 9.41122828e-04 4.39835816e-04
8.52391557e-02 -2.18929378e-04 4.34703115e-04
8.55971915e-02 9.40851903e-04 4.29872759e-04
8.59552259e-02 3.02532628e-04 4.34630412e-04
8.63132589e-02 -1.76151737e-04 4.43780272e-04
8.66712904e-02 3.79931097e-04 4.41578968e-04
8.70293205e-02 -3.60803941e-04 4.52600674e-04
8.73873492e-02 -6.75596799e-04 4.36134124e-04
8.77453765e-02 -1.17357045e-04 4.29931125e-04
8.81034023e-02 -2.07518500e-04 4.20973930e-04
8.84614267e-02 3.32500680e-04 4.25038366e-04
8.88194496e-02 -2.77737466e-04 4.09712433e-04
8.91774710e-02 -4.02352275e-04 4.25290941e-04
8.95354910e-02 4.09963434e-04 4.26866195e-04
8.98935095e-02 -1.11529222e-04 4.09670942e-04
9.02515266e-02 -3.57161432e-04 4.22906981e-04
9.06095421e-02 -8.33622457e-04 4.26282848e-04
9.09675562e-02 -1.78747594e-04 4.35335484e-04
9.13255687e-02 4.21937981e-04 4.31069284e-04
9.16835798e-02 7.53772692e-05 4.30397892e-04
9.20415894e-02 -4.51417518e-04 4.12749114e-04
9.23995974e-02 7.38498600e-05 4.22625605e-04
9.27576039e-02 5.45556338e-04 4.27679253e-04
9.31156089e-02 -4.63503765e-04 4.18513639e-04
9.34736124e-02 1.34201374e-04 4.29624657e-04
9.38316143e-02 5.67206849e-04 4.13699174e-04
9.41896147e-02 -2.14647013e-04 4.13516328e-04
9.45476136e-02 -1.22528705e-04 4.09755601e-04
9.49056108e-02 -7.71134691e-04 4.01351155e-04
9.52636066e-02 4.59661254e-04 4.10122148e-04
9.56216007e-02 1.99772857e-04 4.12878895e-04
9.59795933e-02 -4.65241499e-04 4.01565945e-04
9.63375843e-02 2.06888698e-04 4.06936024e-04
9.66955738e-02 -3.99884734e-05 4.11528154e-04
9.70535616e-02 5.01982766e-04 4.19022942e-04
9.74115478e-02 8.29765999e-06 4.02693240e-04
9.77695325e-02 -5.21648733e-04 4.00993573e-04
9.81275155e-02 -2.21699447e-04 4.14525690e-04
9.84854969e-02 7.64920456e-04 4.02896542e-04
9.88434768e-02 -3.36206012e-04 4.02355041e-04
9.92014549e-02 -9.32909919e-04 4.02673421e-04
9.95594315e-02 6.05325183e-04 3.92600474e-04
9.99174064e-02 2.81191384e-06 3.95874004e-04
1.00275380e-01 -9.77142325e-05 4.04673206e-04
1.00633351e-01 6.65949009e-05 3.88740952e-04
1.00991321e-01 3.77510962e-04 3.87416845e-04
1.01349290e-01 -4.49752691e-05 3.78489086e-04
1.01707256e-01 -8.97433440e-04 3.87655538e-04
1.02065221e-01 -7.21985470e-04 3.82895071e-04
1.02423184e-01 -3.80261210e-04 3.94428554e-04
1.02781146e-01 1.74213726e-04 3.96555441e-04
1.03139106e-01 6.31870713e-05 3.89587358e-04
1.03497064e-01 5.31547366e-04 3.91269795e-04
1.03855021e-01 6.03338551e-05 4.02392063e-04
1.04212976e-01 2.31792418e-05 3.98176546e-04
1.04570929e-01 -5.76245147e-04 3.96505697e-04
1.04928880e-01 7.35236318e-04 3.91704446e-04
1.05286830e-01 5.50309235e-04 3.96050578e-04
1.05644778e-01 2.47432964e-04 3.97661474e-04
1.06002724e-01 1.45491936e-04 4.00946995e-04
1.06360668e-01 -4.93777237e-04 4.04256180e-04
1.06718611e-01 4.65580499e-04 3.96006750e-04
1.07076552e-01 3.29493617e-04 4.05573679e-04
1.07434491e-01 -8.28259471e-05 3.99744642e-04
1.07792429e-01 -1.79653250e-04 4.07459278e-04
1.08150364e-01 -1.29998510e-04 4.05543894e-04
1.08508298e-01 4.09867326e-04 3.98408867e-04
1.08866230e-01 6.69382101e-04 3.98797879e-04
1.09224160e-01 2.35358191e-04 3.97852202e-04
1.09582089e-01 3.06781983e-04 4.03366183e-04
1.09940016e-01 -4.51621249e-04 3.95579901e-04
1.10297941e-01 -4.05245326e-04 3.95714721e-04
1.10655864e-01 7.46190599e-04 3.87924582e-04
1.11013785e-01 -1.91472785e-04 3.85658801e-04
1.11371704e-01 -4.12776525e-04 3.83017578e-04
1.11729622e-01 1.97311948e-04 3.91354355e-04
1.12087538e-01 -2.22089238e-04 3.88422796e-04
1.12445452e-01 -1.49245430e-04 3.87457145e-04
1.12803364e-01 -5.09916353e-05 3.70393737e-04
1.13161274e-01 3.23823716e-04 3.81067158e-04
1.13519182e-01 5.75343455e-04 3.74748353e-04
1.13877089e-01 4.44065636e-04 3.83406326e-04
1.14234994e-01 4.31166663e-05 3.78245280e-04
1.14592896e-01 1.98642048e-04 3.68670748e-04
1.14950797e-01 -5.03231381e-04 3.74425644e-04
1.15308696e-01 1.29203340e-04 3.72274551e-04
1.15666593e-01 1.19481959e-04 3.70905130e-04
1.16024488e-01 2.18980252e-04 3.75903773e-04
1.16382382e-01 5.92928040e-05 3.71151807e-04
1.16740273e-01 1.14815143e-03 3.72938995e-04
1.17098163e-01 1.17724191e-04 3.64143320e-04
1.17456050e-01 3.69659002e-04 3.79605375e-04
1.17813936e-01 -2.10558456e-04 3.79133225e-04
1.18171819e-01 -6.40060520e-04 3.72941579e-04
1.18529701e-01 7.80374294e-05 3.77560496e-04
1.18887581e-01 9.98967886e-05 3.74310391e-04
1.19245459e-01 1.11700652e-03 3.66019069e-04
1.19603335e-01 4.59180061e-04 3.70803293e-04
1.19961208e-01 4.86326306e-04 3.76575384e-04
1.20319080e-01 -4.39001101e-04 3.71123868e-04
1.20676950e-01 -7.19173675e-04 3.70706598e-04
1.21034818e-01 8.82633824e-04 3.76041909e-04
1.21392684e-01 1.62554351e-04 3.71799703e-04
1.21750548e-01 2.87665122e-04 3.78844161e-04
1.22108410e-01 7.19674046e-04 3.82685510e-04
1.22466270e-01 2.01285156e-04 3.77239109e-04
1.22824128e-01 5.58399577e-04 3.75569722e-04
1.23181984e-01 -2.65248008e-04 3.81652388e-04
1.23539838e-01 -4.55140740e-04 3.73848481e-04
1.23897690e-01 5.40731996e-04 3.75844068e-04
1.24255540e-01 -3.01162367e-04 3.69889215e-04
1.24613388e-01 2.43922658e-04 3.68807318e-04
1.24971233e-01 6.10601889e-04 3.70331321e-04
1.25329077e-01 1.20794746e-04 3.65757831e-04
1.25686919e-01 -1.56784540e-04 3.69249268e-04
1.26044758e-01 1.40917712e-04 3.64363319e-04
1.26402596e-01 -5.92445342e-04 3.68666472e-04
1.26760431e-01 -2.08160248e-05 3.56673707e-04
1.27118265e-01 -5.78785487e-05 3.54118052e-04
1.27476096e-01 -1.17546145e-04 3.51160827e-04
1.27833925e-01 3.63542362e-04 3.60584809e-04
1.28191752e-01 6.43796533e-05 3.58617476e-04
1.28549577e-01 -1.22771125e-04 3.52655566e-04
1.28907400e-01 -2.68405461e-04 3.55777612e-04
1.29265221e-01 -8.23535719e-04 3.48932209e-04
1.29623040e-01 -6.13022815e-04 3.46226400e-04
1.29980856e-01 -1.54143124e-04 3.41143364e-04
1.30338670e-01 -3.59544841e-04 3.46184374e-04
1.30696483e-01 -5.46953478e-05 3.52552939e-04
1.31054293e-01 -1.20594305e-04 3.42479072e-04
1.31412101e-01 -4.68635381e-04 3.44695036e-04
1.31769906e-01 2.80774700e-04 3.54432382e-04
1.32127710e-01 2.91181273e-04 3.44274947e-04
1.32485511e-01 -6.68001448e-04 3.35227931e-04
1.32843311e-01 -6.17308600e-05 3.45577925e-04
1.33201108e-01 3.54276050e-04 3.39150801e-04
1.33558903e-01 -1.23689758e-04 3.41342967e-04
1.33916695e-01 1.36027419e-04 3.41729249e-04
1.34274486e-01 -7.11364319e-06 3.41538848e-04
1.34632274e-01 4.51766740e-05 3.38810335e-04
1.34990060e-01 2.17032502e-04 3.35447182e-04
1.35347844e-01 2.10486565e-07 3.43305727e-04
1.35705626e-01 3.31926979e-04 3.34566769e-04
1.36063405e-01 -2.10652758e-04 3.39559175e-04
1.36421182e-01 -1.03056225e-03 3.29494985e-04
1.36778957e-01 -2.36889700e-04 3.35668755e-04
1.37136730e-01 -5.39061940e-04 3.30440434e-04
1.37494500e-01 5.97345333e-05 3.36755898e-04
1.37852269e-01 -2.00510915e-05 3.22890447e-04
1.38210034e-01 -2.79326917e-04 3.28558355e-04
1.38567798e-01 -1.51016968e-04 3.35390175e-04
1.38925559e-01 3.12062693e-04 3.32012772e-04
1.39283319e-01 1.42262851e-04 3.34204298e-04
1.39641075e-01 -4.21277438e-04 3.27679996e-04
1.39998830e-01 7.69929168e-05 3.23211995e-04
1.40356582e-01 -3.98113802e-04 3.29161523e-04
1.40714332e-01 1.16758939e-04 3.27042688e-04
1.41072080e-01 -1.97064631e-05 3.34763794e-04
1.41429825e-01 5.38309021e-04 3.35184533e-04
1.41787568e-01 -5.58898574e-05 3.28450631e-04
1.42145308e-01 3.12358056e-04 3.26561944e-04
1.42503047e-01 9.55011259e-05 3.27030631e-04
1.42860783e-01 6.92631426e-05 3.26065805e-04
1.43218516e-01 -2.81895222e-04 3.24620146e-04
1.43576247e-01 -1.28050340e-04 3.28067307e-04
1.43933976e-01 -5.38353893e-04 3.20053726e-04
1.44291703e-01 8.58965426e-06 3.19437436e-04
1.44649427e-01 -1.39408141e-04 3.18889723e-04
1.45007149e-01 -8.44692233e-04 3.22633259e-04
1.45364868e-01 3.79685810e-05 3.32442182e-04
1.45722585e-01 -4.64202126e-06 3.16129337e-04
1.46080300e-01 -2.21403866e-04 3.21853886e-04
1.46438012e-01 7.13665361e-05 3.15336849e-04
1.46795722e-01 -2.87494531e-04 3.14381963e-04
1.47153429e-01 -3.43150647e-05 3.17633980e-04
1.47511134e-01 -5.63917208e-05 3.17795713e-04
1.47868837e-01 1.55318514e-05 3.16402656e-04
1.48226537e-01 -1.86293603e-04 3.17953493e-04
1.48584235e-01 -5.43498108e-04 3.12919506e-04
1.48941930e-01 3.63250090e-04 3.19296947e-04
1.49299623e-01 -1.86920282e-04 3.11630407e-04
1.49657313e-01 2.03930474e-05 3.13447572e-04
1.50015001e-01 -1.69329693e-04 3.13904751e-04
1.50372687e-01 1.26185986e-04 3.14198919e-04
1.50730370e-01 -5.27747162e-05 3.13449146e-04
1.51088050e-01 4.07921114e-04 3.14126448e-04
1.51445728e-01 -3.72172577e-04 3.15675285e-04
1.51803404e-01 -2.10376817e-04 3.09289767e-04
1.52161077e-01 2.83202355e-05 3.08924393e-04
1.52518747e-01 2.13131269e-04 3.08456603e-04
1.52876416e-01 8.82134912e-04 3.14372210e-04
1.53234081e-01 -2.33048691e-04 3.10248953e-04
1.53591744e-01 1.27886750e-04 3.04860966e-04
1.53949405e-01 2.07905806e-04 3.18110327e-04
1.54307063e-01 -3.33090402e-04 3.09077987e-04
1.54664718e-01 -6.84283384e-05 3.08980984e-04
1.55022371e-01 4.48187378e-05 3.04574254e-04
1.55380021e-01 -6.94971210e-06 3.05373363e-04
1.55737669e-01 -4.80269369e-04 3.11559555e-04
1.56095314e-01 6.55727278e-04 3.11537603e-04
1.56452957e-01 -2.01869947e-04 3.06842761e-04
1.56810597e-01 -5.06407515e-04 3.02444663e-04
1.57168235e-01 -8.36911874e-05 3.03663479e-04
1.57525870e-01 -2.38109232e-04 3.02729097e-04
1.57883502e-01 -1.78557647e-04 2.95517918e-04
1.58241132e-01 -1.30246167e-04 2.96335896e-04
1.58598759e-01 -4.71381184e-05 2.99919194e-04
1.58956384e-01 -1.45907089e-04 2.99686290e-04
1.59314006e-01 -4.87693794e-04 2.93258773e-04
1.59671625e-01 1.97661219e-05 2.96545512e-04
1.60029242e-01 -4.71992706e-04 3.08082915e-04
1.60386856e-01 -1.26600710e-04 2.99856931e-04
1.60744468e-01 -1.41583547e-05 2.91848259e-04
1.61102076e-01 -1.66207407e-04 2.95799519e-04
1.61459683e-01 5.13055252e-05 2.94703055e-04
1.61817286e-01 8.85041390e-05 2.97154154e-04
1.62174887e-01 3.74142545e-04 2.97220720e-04
1.62532485e-01 2.05327835e-04 3.04214288e-04
1.62890081e-01 -3.89151162e-06 3.07180335e-04
1.63247674e-01 -1.75125169e-04 2.93276849e-04
1.63605264e-01 1.92964698e-04 3.02994611e-04
1.63962852e-01 -9.77108613e-05 2.97698768e-04
1.64320437e-01 -3.61257759e-04 2.94162124e-04
1.64678019e-01 -2.04492301e-05 2.96252415e-04
1.65035598e-01 -1.63575923e-04 2.90874446e-04
1.65393175e-01 2.75981260e-04 2.96024560e-04
1.65750749e-01 -4.85690204e-04 2.93032815e-04
1.66108320e-01 -1.59579534e-04 2.99858747e-04
1.66465889e-01 -1.09128494e-04 3.01534397e-04
1.66823455e-01 -4.81607901e-04 2.95941328e-04
1.67181018e-01 -5.88004844e-04 2.93463356e-04
1.67538578e-01 -4.07185101e-04 3.00852817e-04
1.67896136e-01 -3.20638201e-04 2.86266334e-04
1.68253691e-01 -4.84084539e-04 2.96208714e-04
1.68611243e-01 3.63485294e-04 2.90228486e-04
1.68968792e-01 -1.19976513e-05 2.85022552e-04
1.69326339e-01 9.18525136e-05 2.85144702e-04
1.69683883e-01 1.42186334e-04 2.90474654e-04
1.70041424e-01 2.88936735e-04 2.89915128e-04
1.70398962e-01 -9.51371950e-05 2.84603840e-04
1.70756497e-01 7.71283015e-05 2.89120015e-04
1.71114030e-01 -2.51604209e-04 2.88564478e-04
1.71471560e-01 5.49450804e-05 2.84400356e-04
1.71829087e-01 2.75773532e-04 2.84939646e-04
1.72186611e-01 -2.30063998e-04 2.91516444e-04
1.72544132e-01 -3.29548035e-04 2.86425677e-04
1.72901651e-01 1.35280145e-04 2.84593138e-04
1.73259167e-01 -3.19747826e-04 2.82783741e-04
1.73616679e-01 -9.22576707e-05 2.86420530e-04
1.73974189e-01 1.50088692e-05 2.86591540e-04
1.74331697e-01 9.59264240e-05 2.84358380e-04
1.74689201e-01 1.12321659e-04 2.80608553e-04
1.75046702e-01 1.42768611e-04 2.85347497e-04
1.75404201e-01 2.19490383e-04 2.84326333e-04
1.75761697e-01 -2.15321658e-05 2.83658073e-04
1.76119189e-01 7.02640299e-05 2.85750308e-04
1.76476679e-01 1.35250724e-04 2.84336831e-04
1.76834166e-01 -2.02521464e-04 2.83922572e-04
1.77191650e-01 2.57424986e-04 2.80871583e-04
1.77549132e-01 5.71205076e-04 2.85163596e-04
1.77906610e-01 4.55530420e-04 2.81925608e-04
1.78264085e-01 -2.12276996e-04 2.80288954e-04
1.78621558e-01 -4.02928930e-04 2.76130434e-04
1.78979027e-01 3.54992533e-04 2.76557269e-04
1.79336494e-01 1.50738168e-04 2.77149657e-04
1.79693958e-01 4.09264650e-05 2.75911294e-04
1.80051418e-01 -1.62938221e-04 2.75042053e-04
1.80408876e-01 2.26831927e-04 2.76505807e-04
1.80766331e-01 -1.51939739e-05 2.87823801e-04
1.81123783e-01 -1.81687136e-04 2.77556265e-04
1.81481232e-01 2.48427033e-05 2.75018548e-04
1.81838677e-01 -2.37949604e-04 2.80125704e-04
1.82196120e-01 1.04078285e-04 2.77277968e-04
1.82553560e-01 -3.69132848e-04 2.74538523e-04
1.82910997e-01 4.32249268e-04 2.83900020e-04
1.83268431e-01 -3.36183661e-05 2.84175593e-04
1.83625862e-01 -4.42364900e-04 2.85395133e-04
1.83983290e-01 -6.70948152e-05 2.85350873e-04
1.84340715e-01 -1.97428150e-04 2.89071406e-04
1.84698137e-01 -3.01050896e-04 2.84444842e-04
1.85055556e-01 -7.71268355e-04 2.85926019e-04
1.85412971e-01 -4.40250040e-04 2.75405496e-04
1.85770384e-01 -5.27658688e-04 2.81543151e-04
1.86127794e-01 -2.67036075e-04 2.84755628e-04
1.86485200e-01 -3.22714921e-04 2.77991245e-04
1.86842604e-01 1.85615157e-04 2.77502141e-04
1.87200005e-01 -1.83723362e-04 2.75338234e-04
1.87557402e-01 1.04290318e-04 2.79248164e-04
1.87914797e-01 -1.19814079e-04 2.77059963e-04
1.88272188e-01 4.41884823e-04 2.80129787e-04
1.88629576e-01 1.31432944e-04 2.71546918e-04
1.88986961e-01 3.52646605e-04 2.71532935e-04
1.89344343e-01 -1.37972684e-04 2.75205441e-04
1.89701722e-01 2.02629918e-04 2.72742573e-04
1.90059098e-01 1.11297954e-05 2.73232042e-04
1.90416471e-01 -9.12748613e-05 2.72935225e-04
1.90773840e-01 -1.20573124e-04 2.69678563e-04
1.91131207e-01 -1.19939535e-04 2.67050684e-04
1.91488570e-01 -5.18400045e-04 2.69158997e-04
1.91845930e-01 -8.41240111e-05 2.74397881e-04
1.92203287e-01 1.95191900e-05 2.63616933e-04
1.92560641e-01 7.11489115e-05 2.67665457e-04
1.92917992e-01 -1.97926052e-04 2.67094250e-04
1.93275340e-01 -2.59101962e-06 2.70885978e-04
1.93632684e-01 9.87038602e-05 2.72184829e-04
1.93990025e-01 -2.55393912e-04 2.70101659e-04
1.94347363e-01 3.79687856e-04 2.76847939e-04
1.94704698e-01 4.13790929e-04 2.71073027e-04
1.95062030e-01 -4.74363652e-05 2.80115683e-04
1.95419358e-01 5.63202755e-04 2.73198529e-04
1.95776684e-01 2.09481362e-04 2.73514506e-04
1.96134006e-01 4.76288904e-04 2.71123334e-04
1.96491324e-01 -3.56700171e-04 2.70884060e-04
1.96848640e-01 8.00617293e-05 2.71759816e-04
1.97205953e-01 -2.04231643e-04 2.74389398e-04
1.97563262e-01 -1.61569216e-04 2.70469511e-04
1.97920568e-01 3.18393816e-05 2.72669924e-04
1.98277870e-01 -5.45388820e-04 2.67025105e-04
1.98635170e-01 -6.53419175e-05 2.77138349e-04
1.98992466e-01 5.63028556e-04 2.76258611e-04
1.99349759e-01 -2.72875276e-04 2.66961971e-04
1.99707049e-01 -5.72277050e-04 2.71332752e-04
2.00064335e-01 -3.18698609e-04 2.70544189e-04
2.00421618e-01 -1.18019842e-04 2.67465534e-04
2.00778898e-01 -3.33120656e-04 2.63497305e-04
2.01136174e-01 -4.97883477e-05 2.63629221e-04
2.01493448e-01 -3.73571904e-04 2.66087280e-04
2.01850718e-01 -2.14423549e-05 2.62084200e-04
2.02207984e-01 2.60040291e-04 2.57163966e-04
2.02565248e-01 -5.04766730e-04 2.56286455e-04
2.02922508e-01 -2.73986521e-04 2.65891282e-04
2.03279764e-01 -4.66322711e-05 2.65998699e-04
2.03637018e-01 -9.05859844e-05 2.61884498e-04
2.03994268e-01 7.86747555e-05 2.63473590e-04
2.04351514e-01 2.39961081e-04 2.62654556e-04
2.04708758e-01 -2.05570166e-04 2.57140431e-04
2.05065998e-01 -2.78512783e-04 2.56693337e-04
2.05423234e-01 -7.86335901e-05 2.58198649e-04
2.05780467e-01 1.10063364e-04 2.60474795e-04
2.06137697e-01 -2.88029702e-04 2.53977291e-04
2.06494924e-01 6.97716273e-05 2.60139362e-04
2.06852147e-01 3.03413078e-04 2.56753208e-04
2.07209367e-01 -3.62355931e-04 2.64240567e-04
2.07566583e-01 2.12151377e-04 2.58775208e-04
2.07923796e-01 -6.61684931e-04 2.50724084e-04
2.08281005e-01 -2.30003641e-04 2.54770894e-04
2.08638211e-01 -4.41984492e-05 2.53663926e-04
2.08995414e-01 -2.44860257e-04 2.51283138e-04
2.09352613e-01 2.51522433e-04 2.55704170e-04
2.09709809e-01 -8.48938985e-05 2.52855371e-04
2.10067002e-01 5.66828268e-05 2.57394502e-04
2.10424191e-01 -4.50020782e-04 2.52360408e-04
2.10781376e-01 -1.11347784e-04 2.51936695e-04
2.11138558e-01 -4.73657033e-04 2.53195897e-04
2.11495737e-01 -1.56316041e-04 2.52392300e-04
2.11852912e-01 -1.93718603e-04 2.54209058e-04
2.12210084e-01 1.24699722e-04 2.51656523e-04
2.12567252e-01 -2.66381831e-04 2.48835638e-04
2.12924416e-01 -2.69860517e-04 2.52675073e-04
2.13281578e-01 -1.26521695e-04 2.48631694e-04
2.13638735e-01 3.92142266e-05 2.44234109e-04
2.13995890e-01 4.81166076e-04 2.46853824e-04
2.14353040e-01 -3.14617465e-05 2.44223019e-04
2.14710188e-01 -4.05040737e-04 2.44839528e-04
2.15067331e-01 -4.88061503e-04 2.45978338e-04
2.15424471e-01 -3.38260780e-04 2.44359828e-04
2.15781608e-01 1.65781536e-04 2.46810319e-04
2.16138741e-01 -1.44072671e-05 2.46852495e-04
2.16495871e-01 -7.23744068e-04 2.43814510e-04
2.16852997e-01 -7.44781816e-06 2.44433164e-04
2.17210119e-01 7.21716187e-05 2.41213890e-04
2.17567238e-01 1.69752762e-05 2.43761878e-04
2.17924354e-01 4.11493153e-04 2.46525135e-04
2.18281465e-01 -1.01902020e-04 2.44680285e-04
2.18638574e-01 -1.36647711e-04 2.46285809e-04
2.18995678e-01 -1.42362937e-04 2.44435737e-04
2.19352779e-01 -1.25422744e-04 2.45393306e-04
2.19709877e-01 -2.00141278e-05 2.40070432e-04
2.20066971e-01 -1.68104734e-04 2.37567524e-04
2.20424061e-01 4.38766982e-04 2.43794278e-04
2.20781147e-01 -3.08327300e-04 2.39213104e-04
2.21138230e-01 1.50980369e-06 2.34528341e-04
2.21495310e-01 -3.61688841e-04 2.38455114e-04
2.21852386e-01 1.18207962e-04 2.44191211e-04
2.22209458e-01 -3.97806336e-04 2.40219490e-04
2.22566526e-01 -1.28930955e-04 2.41795399e-04
2.22923591e-01 -2.16650006e-04 2.37569987e-04
2.23280652e-01 1.39090143e-04 2.37446298e-04
2.23637710e-01 -3.74251494e-05 2.35808983e-04
2.23994764e-01 -1.00691372e-04 2.36839589e-04
2.24351814e-01 -6.74138128e-05 2.42886727e-04
2.24708861e-01 -8.99879876e-05 2.39121198e-04
2.25065904e-01 1.92045918e-04 2.38583652e-04
2.25422943e-01 -4.89117273e-05 2.37062338e-04
2.25779978e-01 -3.47738466e-04 2.38533396e-04
2.26137010e-01 1.15434497e-04 2.36343143e-04
2.26494038e-01 1.40013566e-04 2.41374137e-04
2.26851063e-01 -7.08782028e-06 2.39392839e-04
2.27208083e-01 -9.63745569e-05 2.37557582e-04
2.27565100e-01 -1.85946065e-04 2.34498834e-04
2.27922114e-01 -4.24035457e-04 2.36283762e-04
2.28279123e-01 1.59245674e-04 2.36722557e-04
2.28636129e-01 -2.12027652e-04 2.37136922e-04
2.28993131e-01 -1.71680032e-04 2.40428334e-04
2.29350129e-01 -2.58291237e-04 2.32936287e-04
2.29707124e-01 -4.71957746e-04 2.33424729e-04
2.30064115e-01 -4.23169779e-05 2.32781743e-04
2.30421102e-01 3.18365814e-04 2.35299778e-04
2.30778085e-01 2.49519384e-04 2.34048950e-04
2.31135064e-01 1.53071238e-04 2.31987686e-04
2.31492040e-01 1.32140223e-04 2.34398204e-04
2.31849012e-01 -1.08175028e-04 2.26125496e-04
2.32205980e-01 -9.43309109e-05 2.31179501e-04
2.32562944e-01 -4.15336088e-04 2.29847621e-04
2.32919905e-01 -1.42793037e-04 2.33273825e-04
2.33276862e-01 -1.95725995e-04 2.29414834e-04
2.33633814e-01 5.10253749e-05 2.35819522e-04
2.33990763e-01 -1.17104949e-04 2.30594579e-04
2.34347709e-01 3.00009946e-04 2.27718211e-04
2.34704650e-01 2.27231173e-04 2.32461368e-04
2.35061588e-01 -4.19127032e-05 2.29196616e-04
2.35418521e-01 -1.30372416e-05 2.29078130e-04
2.35775451e-01 -9.91294970e-06 2.31642828e-04
2.36132377e-01 -2.98727332e-04 2.25281123e-04
2.36489299e-01 -3.41970249e-05 2.32286856e-04
2.36846218e-01 -1.87691059e-04 2.23714943e-04
2.37203132e-01 5.77611778e-05 2.26097614e-04
2.37560042e-01 -2.09919727e-04 2.25719046e-04
2.37916949e-01 -1.05252386e-04 2.25631900e-04
2.38273852e-01 -1.86409480e-04 2.25418327e-04
2.38630751e-01 -7.87023030e-05 2.26714715e-04
2.38987645e-01 -4.14853202e-04 2.25003248e-04
2.39344537e-01 2.24122628e-04 2.24300514e-04
2.39701424e-01 1.50725721e-05 2.27993816e-04
2.40058307e-01 -2.34037896e-05 2.26184406e-04
2.40415186e-01 -3.08312979e-05 2.26414502e-04
2.40772061e-01 1.95442976e-05 2.19622623e-04
2.41128933e-01 2.47322071e-04 2.20009062e-04
2.41485800e-01 -1.72699426e-04 2.21672935e-04
2.41842664e-01 3.08280350e-04 2.22315540e-04
2.42199523e-01 7.90368484e-05 2.21779474e-04
2.42556379e-01 2.60809390e-04 2.24226750e-04
2.42913230e-01 -6.19970607e-04 2.17317373e-04
2.43270078e-01 3.42136747e-05 2.21721300e-04
2.43626922e-01 -1.30463955e-04 2.22635728e-04
2.43983761e-01 1.41014506e-04 2.22644939e-04
2.44340597e-01 4.53904054e-04 2.20954484e-04
2.44697429e-01 -1.68377750e-04 2.20594678e-04
2.45054256e-01 -1.21801564e-04 2.17425489e-04
2.45411080e-01 -6.01442357e-04 2.17248480e-04
2.45767900e-01 2.32466868e-04 2.22382393e-04
2.46124715e-01 1.93803631e-04 2.24106941e-04
2.46481527e-01 -1.31377594e-04 2.21702813e-04
2.46838334e-01 -1.77630289e-04 2.21290153e-04
2.47195138e-01 -8.73975473e-06 2.20109404e-04
2.47551938e-01 -1.69212987e-04 2.18881737e-04
2.47908733e-01 -5.10059537e-05 2.23690147e-04
2.48265524e-01 -8.40506902e-05 2.17293074e-04
2.48622312e-01 -3.17211484e-04 2.15420745e-04
2.48979095e-01 -2.10529784e-04 2.17090189e-04
2.49335874e-01 -3.33624658e-04 2.16284106e-04
2.49692649e-01 -4.45398563e-04 2.17215077e-04
2.50049420e-01 -1.32718640e-04 2.15360226e-04
2.50406187e-01 -2.20224075e-04 2.11569258e-04
2.50762950e-01 -1.30516815e-04 2.17622596e-04
2.51119709e-01 -1.72638153e-04 2.09231310e-04
2.51476464e-01 -4.19359062e-04 2.14610129e-04
2.51833214e-01 -1.39307418e-04 2.12087508e-04
2.52189961e-01 1.10892127e-05 2.09005858e-04
2.52546703e-01 -1.50718278e-05 2.11914398e-04
2.52903441e-01 -1.95752905e-04 2.14938175e-04
2.53260175e-01 -2.04980408e-04 2.12322092e-04
2.53616905e-01 -1.64886083e-04 2.10271868e-04
2.53973631e-01 -2.31353995e-04 2.11000140e-04
2.54330352e-01 4.01580594e-04 2.11660590e-04
2.54687070e-01 2.47809165e-05 2.13972433e-04
2.55043783e-01 -2.17971046e-04 2.12249105e-04
2.55400492e-01 -1.33491349e-04 2.04589145e-04
2.55757197e-01 -1.22148406e-04 2.09202679e-04
2.56113898e-01 -1.24892452e-04 2.08996091e-04
2.56470595e-01 7.68219395e-05 2.12369180e-04
2.56827287e-01 1.10205908e-04 2.15394013e-04
2.57183975e-01 -1.87389169e-04 2.14754726e-04
2.57540659e-01 -3.86224067e-05 2.12994411e-04
2.57897339e-01 -5.00334948e-05 2.14048966e-04
2.58254014e-01 -4.27346495e-04 2.17127596e-04
2.58610686e-01 -1.75565857e-04 2.13973662e-04
2.58967353e-01 1.12454215e-04 2.18671619e-04
2.59324016e-01 1.84846196e-04 2.14428821e-04
2.59680674e-01 9.09900279e-05 2.18198914e-04
2.60037329e-01 1.65464838e-04 2.16627526e-04
2.60393979e-01 -1.55182710e-04 2.14257211e-04
2.60750625e-01 -2.63739975e-04 2.15688057e-04
2.61107266e-01 -2.85188085e-04 2.18106948e-04
2.61463904e-01 1.99452976e-04 2.16057029e-04
2.61820537e-01 7.36551823e-05 2.16444818e-04
2.62177166e-01 -1.35589987e-05 2.19037005e-04
2.62533790e-01 -8.25165662e-05 2.15657132e-04
2.62890410e-01 1.00098599e-05 2.18866745e-04
2.63247026e-01 4.23019888e-05 2.15475469e-04
2.63603638e-01 2.22921390e-05 2.16699146e-04
2.63960245e-01 -1.66797240e-04 2.12439609e-04
2.64316848e-01 1.35693383e-04 2.13277368e-04
2.64673447e-01 7.06791878e-05 2.14872413e-04
2.65030042e-01 2.25047832e-04 2.12943135e-04
2.65386632e-01 2.57714675e-04 2.15763994e-04
2.65743217e-01 1.73261907e-05 2.11472458e-04
2.66099799e-01 -1.36796660e-04 2.09237770e-04
2.66456376e-01 -2.07343648e-04 2.13879443e-04
2.66812948e-01 -1.84271294e-04 2.15366953e-04
2.67169517e-01 -3.30726113e-04 2.15925692e-04
2.67526081e-01 -1.41845890e-04 2.19106930e-04
2.67882640e-01 -9.48118284e-05 2.21778472e-04
2.68239195e-01 1.88934171e-04 2.14381783e-04
2.68595746e-01 -1.27027240e-04 2.17304292e-04
2.68952293e-01 6.42361968e-05 2.14902094e-04
2.69308835e-01 2.59053059e-04 2.21349130e-04
2.69665372e-01 1.31005106e-04 2.19819847e-04
2.70021906e-01 -4.04937911e-04 2.17812460e-04
2.70378435e-01 -3.28013208e-04 2.22652178e-04
2.70734959e-01 -3.02930332e-04 2.21598021e-04
2.71091479e-01 1.88750142e-04 2.23688091e-04
2.71447995e-01 -1.56773299e-04 2.23342201e-04
2.71804506e-01 -5.15158855e-05 2.27586662e-04
2.72161012e-01 -9.61730487e-05 2.26460211e-04
2.72517515e-01 1.09920220e-04 2.20699633e-04
2.72874012e-01 -6.77956736e-05 2.23053191e-04
