1.54026655e-02 -1.47798594e-04 1.62166539e-03
1.57608633e-02 3.66169284e-03 1.65231223e-03
1.61190608e-02 -4.55048928e-04 1.48848664e-03
1.64772580e-02 5.65435209e-03 1.44556695e-03
1.68354550e-02 2.28514473e-03 1.44197373e-03
1.71936517e-02 1.94243035e-03 1.33187891e-03
1.75518481e-02 3.67765599e-03 1.28297716e-03
1.79100442e-02 3.00244423e-03 1.28528473e-03
1.82682400e-02 6.29186553e-04 1.19504280e-03
1.86264355e-02 2.28783801e-03 1.21937861e-03
1.89846308e-02 1.70883991e-03 1.17196450e-03
1.93428257e-02 2.42346693e-03 1.16362327e-03
1.97010202e-02 2.45458609e-03 1.18740950e-03
2.00592145e-02 3.57682372e-03 1.17982586e-03
2.04174084e-02 2.44565489e-03 1.10037332e-03
2.07756020e-02 3.06606102e-03 1.09227021e-03
2.11337953e-02 3.91025350e-03 1.06277135e-03
2.14919882e-02 4.27155361e-03 1.10030935e-03
2.18501808e-02 2.75180407e-03 1.07951837e-03
2.22083729e-02 5.30297433e-03 9.97565853e-04
2.25665648e-02 6.03174657e-03 1.01637829e-03
2.29247562e-02 4.42151251e-03 1.00663042e-03
2.32829473e-02 5.84986205e-03 9.96792700e-04
2.36411380e-02 4.33461920e-03 9.99867544e-04
2.39993283e-02 4.72760285e-03 9.69549322e-04
2.43575182e-02 5.07237909e-03 9.20414878e-04
2.47157077e-02 4.17037470e-03 9.11651631e-04
2.50738968e-02 5.70095434e-03 9.09266026e-04
2.54320855e-02 4.92417520e-03 8.91985466e-04
2.57902738e-02 4.07486605e-03 8.84611247e-04
2.61484617e-02 3.80769256e-03 8.97739905e-04
2.65066491e-02 4.54828101e-03 8.80015534e-04
2.68648361e-02 3.72543584e-03 8.57267560e-04
2.72230226e-02 3.35736940e-03 8.54970029e-04
2.75812087e-02 4.10077018e-03 8.49809184e-04
2.79393943e-02 4.98815820e-03 8.78927917e-04
2.82975795e-02 4.85534681e-03 8.15210661e-04
2.86557642e-02 4.67924506e-03 8.01134208e-04
2.90139485e-02 4.72694813e-03 8.27194425e-04
2.93721323e-02 2.77995265e-03 8.28623666e-04
2.97303155e-02 3.93490612e-03 8.01136457e-04
3.00884983e-02 4.76032865e-03 8.69825336e-04
3.04466806e-02 3.14776843e-03 8.54843894e-04
3.08048624e-02 2.94629667e-03 8.06981437e-04
3.11630437e-02 5.71336354e-03 8.72192692e-04
3.15212245e-02 4.52133796e-03 8.19831386e-04
3.18794048e-02 5.05409046e-03 8.58492543e-04
3.22375845e-02 3.70096802e-03 8.27404997e-04
3.25957637e-02 4.19557582e-03 8.36742305e-04
3.29539424e-02 2.98008083e-03 8.16164403e-04
3.33121205e-02 5.20156108e-03 8.54393031e-04
3.36702981e-02 3.62871765e-03 8.16522381e-04
3.40284751e-02 4.35782143e-03 8.21045415e-04
3.43866516e-02 4.44518115e-03 7.73536245e-04
3.47448275e-02 5.15937461e-03 7.52490189e-04
3.51030028e-02 5.28515742e-03 7.18575984e-04
3.54611775e-02 4.55813366e-03 7.60372331e-04
3.58193517e-02 3.41642499e-03 7.34565844e-04
3.61775253e-02 3.53298160e-03 7.22636317e-04
3.65356983e-02 3.86010851e-03 7.45098003e-04
3.68938706e-02 4.51089768e-03 7.36611683e-04
3.72520424e-02 4.23408298e-03 7.83176343e-04
3.76102136e-02 5.36116352e-03 7.51443840e-04
3.79683841e-02 5.76943792e-03 7.60863583e-04
3.83265540e-02 4.96775577e-03 7.30626119e-04
3.86847233e-02 4.16839277e-03 6.97125285e-04
3.90428920e-02 4.57991075e-03 6.83628004e-04
3.94010600e-02 3.88550595e-03 7.32986804e-04
3.97592273e-02 3.26592861e-03 6.66886453e-04
4.01173941e-02 4.51099685e-03 6.82386376e-04
4.04755601e-02 4.32740937e-03 7.11374082e-04
4.08337255e-02 3.43303842e-03 7.05498023e-04
4.11918902e-02 4.23808711e-03 6.70026942e-04
4.15500542e-02 4.48283198e-03 6.42978413e-04
4.19082176e-02 4.07393651e-03 6.64288239e-04
4.22663802e-02 3.25072176e-03 6.61788985e-04
4.26245422e-02 4.84909802e-03 6.91952220e-04
4.29827034e-02 3.11385867e-03 6.65718939e-04
4.33408640e-02 3.59584687e-03 6.86874914e-04
4.36990238e-02 3.91974231e-03 6.48960789e-04
4.40571830e-02 4.55031931e-03 6.88491828e-04
4.44153414e-02 3.26290736e-03 6.94571979e-04
4.47734990e-02 3.57578933e-03 6.51788589e-04
4.51316560e-02 4.32379694e-03 6.35884957e-04
4.54898122e-02 4.65456160e-03 6.88981968e-04
4.58479676e-02 3.22534942e-03 6.81029467e-04
4.62061223e-02 2.67422664e-03 6.55900860e-04
4.65642762e-02 4.88472944e-03 6.37295013e-04
4.69224294e-02 3.94033790e-03 6.66520908e-04
4.72805818e-02 4.27919406e-03 6.24515176e-04
4.76387334e-02 4.43852374e-03 6.49866897e-04
4.79968842e-02 5.23484683e-03 6.51607812e-04
4.83550342e-02 2.51600361e-03 6.22630842e-04
4.87131835e-02 4.17178939e-03 6.72839852e-04
4.90713319e-02 2.75176518e-03 6.56871020e-04
4.94294795e-02 3.22397902e-03 6.36003002e-04
4.97876264e-02 2.77710344e-03 6.15569980e-04
5.01457724e-02 2.95680553e-03 6.23718258e-04
5.05039175e-02 4.00793067e-03 6.00586695e-04
5.08620619e-02 3.72227110e-03 5.91517751e-04
5.12202054e-02 3.66409346e-03 6.23527625e-04
5.15783481e-02 2.58836367e-03 5.84077178e-04
5.19364899e-02 3.60279251e-03 5.93679472e-04
5.22946308e-02 3.37766904e-03 6.00483205e-04
5.26527709e-02 3.69609280e-03 5.96121770e-04
5.30109102e-02 3.29066172e-03 5.91841164e-04
5.33690485e-02 3.25503518e-03 5.83229168e-04
5.37271860e-02 3.60260110e-03 6.12371356e-04
5.40853226e-02 3.26165300e-03 5.98764165e-04
5.44434583e-02 2.58676177e-03 5.76479949e-04
5.48015932e-02 3.67864284e-03 5.78638122e-04
5.51597271e-02 3.59578408e-03 5.60119607e-04
5.55178601e-02 4.00350628e-03 5.84082218e-04
5.58759922e-02 2.94789964e-03 5.74051182e-04
5.62341234e-02 2.79982828e-03 5.68490856e-04
5.65922536e-02 4.33196115e-03 5.65669542e-04
5.69503829e-02 2.52818000e-03 5.44268811e-04
5.73085113e-02 2.42018608e-03 5.55242265e-04
5.76666388e-02 2.48489990e-03 5.42012904e-04
5.80247653e-02 2.71154826e-03 5.57815287e-04
5.83828908e-02 3.55357526e-03 5.55083324e-04
5.87410154e-02 3.18149921e-03 5.50171368e-04
5.90991390e-02 2.59899538e-03 5.47884125e-04
5.94572616e-02 2.96529327e-03 5.47899058e-04
5.98153833e-02 2.35092687e-03 5.52584588e-04
6.01735040e-02 3.93625023e-03 5.37611293e-04
6.05316237e-02 2.29072814e-03 5.23501470e-04
6.08897424e-02 3.40938838e-03 5.27065842e-04
6.12478600e-02 2.46092131e-03 5.33186133e-04
6.16059767e-02 2.67280504e-03 5.18718093e-04
6.19640924e-02 2.27044999e-03 5.36688667e-04
6.23222071e-02 2.46956171e-03 5.40261539e-04
6.26803207e-02 2.24922357e-03 5.21303567e-04
6.30384333e-02 2.59394577e-03 5.21704627e-04
6.33965448e-02 2.50642014e-03 5.21519321e-04
6.37546554e-02 2.12037090e-03 5.24029387e-04
6.41127648e-02 2.04520183e-03 5.15236922e-04
6.44708732e-02 2.72968200e-03 5.23431476e-04
6.48289806e-02 1.67925731e-03 5.28493105e-04
6.51870869e-02 2.40968759e-03 4.95414160e-04
6.55451921e-02 2.10720503e-03 4.94397562e-04
6.59032962e-02 1.87679031e-03 5.08192816e-04
6.62613993e-02 2.08541348e-03 5.07914544e-04
6.66195012e-02 1.14732261e-03 4.96550471e-04
6.69776021e-02 2.94799279e-03 5.01948443e-04
6.73357019e-02 2.18454428e-03 5.04488454e-04
6.76938005e-02 9.67375374e-04 4.88868750e-04
6.80518981e-02 1.90896170e-03 5.07426592e-04
6.84099945e-02 1.84603647e-03 4.81830547e-04
6.87680898e-02 2.94607349e-03 4.92151135e-04
6.91261840e-02 2.44003201e-03 4.87797449e-04
6.94842770e-02 2.18247636e-03 4.70876195e-04
6.98423689e-02 2.52192788e-03 4.75595010e-04
7.02004596e-02 2.54090482e-03 4.89810193e-04
7.05585492e-02 2.19050519e-03 4.84771614e-04
7.09166377e-02 2.02537528e-03 4.81145073e-04
7.12747249e-02 9.23755223e-04 4.77794613e-04
7.16328110e-02 2.51127821e-03 4.82165032e-04
7.19908959e-02 2.18489190e-03 4.85692365e-04
7.23489796e-02 2.64131548e-03 4.85039637e-04
7.27070622e-02 2.06132764e-03 4.73819043e-04
7.30651435e-02 2.71582506e-03 4.66714230e-04
7.34232237e-02 1.27567056e-03 4.73827149e-04
7.37813026e-02 2.01065691e-03 4.62342232e-04
7.41393803e-02 2.09137746e-03 4.68916323e-04
7.44974568e-02 2.39718607e-03 4.76376250e-04
7.48555321e-02 1.70386110e-03 4.73801518e-04
7.52136061e-02 1.73196971e-03 4.73351282e-04
7.55716789e-02 1.51385412e-03 4.65754250e-04
7.59297505e-02 1.88928768e-03 4.59342179e-04
7.62878208e-02 1.13253314e-03 4.72259808e-04
7.66458899e-02 1.84333290e-03 4.67192588e-04
7.70039577e-02 2.30684749e-03 4.75768385e-04
7.73620242e-02 2.15727124e-03 4.47570909e-04
7.77200895e-02 1.54990858e-03 4.51665287e-04
7.80781535e-02 2.43167381e-03 4.54695384e-04
7.84362162e-02 1.64439984e-03 4.50789259e-04
7.87942776e-02 2.17489556e-03 4.56930158e-04
7.91523377e-02 2.10827728e-03 4.66677336e-04
7.95103965e-02 1.79092348e-03 4.52682095e-04
7.98684540e-02 1.39460527e-03 4.60161896e-04
8.02265102e-02 1.33916112e-03 4.67554466e-04
8.05845651e-02 1.52595606e-03 4.52719098e-04
8.09426186e-02 7.85641114e-04 4.54220593e-04
8.13006709e-02 1.45268518e-03 4.59269424e-04
8.16587217e-02 1.55014885e-03 4.58096910e-04
8.20167713e-02 1.11897100e-03 4.44964703e-04
8.23748195e-02 1.24090140e-03 4.45354961e-04
8.27328663e-02 1.10429492e-03 4.33595121e-04
8.30909118e-02 2.55065787e-03 4.26787170e-04
8.34489559e-02 1.99142804e-03 4.38571137e-04
8.38069986e-02 1.08329647e-03 4.41915655e-04
8.41650400e-02 7.19594675e-04 4.42327690e-04
8.45230800e-02 1.75684795e-03 4.38391517e-04
8.48811185e-02 2.14221026e-03 4.44820092e-04
8.52391557e-02 2.08963944e-03 4.57516259e-04
8.55971915e-02 8.36302708e-04 4.52101824e-04
8.59552259e-02 5.41555732e-04 4.41902992e-04
8.63132589e-02 1.00824202e-03 4.28174119e-04
8.66712904e-02 1.62154665e-03 4.52269210e-04
8.70293205e-02 1.17157967e-03 4.23284099e-04
8.73873492e-02 6.88322566e-04 4.38614928e-04
8.77453765e-02 1.16772170e-03 4.19498589e-04
8.81034023e-02 6.09602325e-04 4.43125221e-04
8.84614267e-02 1.21570640e-03 4.33418340e-04
8.88194496e-02 6.53098210e-04 4.23561963e-04
8.91774710e-02 2.03715319e-03 4.45909625e-04
8.95354910e-02 1.98861605e-03 4.34290677e-04
8.98935095e-02 1.26952348e-03 4.27231160e-04
9.02515266e-02 1.09788806e-03 4.21769098e-04
9.06095421e-02 1.68815911e-03 4.30053307e-04
9.09675562e-02 7.76026861e-04 4.41457120e-04
9.13255687e-02 1.48494656e-03 4.37005481e-04
9.16835798e-02 1.04825652e-03 4.44543988e-04
9.20415894e-02 1.14037621e-03 4.42377451e-04
9.23995974e-02 1.23202251e-03 4.26542781e-04
9.27576039e-02 8.67665319e-04 4.44290933e-04
9.31156089e-02 7.96199572e-04 4.33191532e-04
9.34736124e-02 1.21976915e-03 4.14177022e-04
9.38316143e-02 1.57481058e-03 4.17836316e-04
9.41896147e-02 1.32013223e-03 4.34531585e-04
9.45476136e-02 1.16349175e-03 4.09395052e-04
9.49056108e-02 6.05874859e-04 4.14813724e-04
9.52636066e-02 4.16833103e-04 4.14325959e-04
9.56216007e-02 7.21118556e-04 4.10697336e-04
9.59795933e-02 9.85360903e-04 4.12207134e-04
9.63375843e-02 1.11955242e-03 4.06599115e-04
9.66955738e-02 3.15415276e-04 4.01532883e-04
9.70535616e-02 1.29972245e-03 4.00686125e-04
9.74115478e-02 1.51589728e-03 4.00888533e-04
9.77695325e-02 7.87141903e-04 4.00186453e-04
9.81275155e-02 9.77585864e-04 4.03762144e-04
9.84854969e-02 1.31172100e-03 4.13660514e-04
9.88434768e-02 6.56221683e-04 3.93056421e-04
9.92014549e-02 1.39385780e-03 3.96658887e-04
9.95594315e-02 2.79145082e-04 3.98367595e-04
9.99174064e-02 5.22340240e-04 3.95774369e-04
1.00275380e-01 8.54817607e-04 3.96982959e-04
1.00633351e-01 1.78430006e-04 3.95401892e-04
1.00991321e-01 1.02199009e-03 4.00879030e-04
1.01349290e-01 9.30843888e-04 4.03031029e-04
1.01707256e-01 8.07064572e-04 4.01616237e-04
1.02065221e-01 5.03167994e-04 3.88675857e-04
1.02423184e-01 4.28237285e-04 3.98958603e-04
1.02781146e-01 1.14965450e-03 3.94498559e-04
1.03139106e-01 1.24367977e-03 4.03764199e-04
1.03497064e-01 4.98273702e-04 3.99903814e-04
1.03855021e-01 1.18232079e-03 3.95787595e-04
1.04212976e-01 3.85234018e-04 3.84856034e-04
1.04570929e-01 8.95715506e-04 3.99155615e-04
1.04928880e-01 8.84415242e-04 3.98384744e-04
1.05286830e-01 1.10748203e-03 4.06687639e-04
1.05644778e-01 9.78699554e-04 4.04396458e-04
1.06002724e-01 8.95522210e-04 4.03893404e-04
1.06360668e-01 1.52500716e-03 4.06997842e-04
1.06718611e-01 8.07992983e-04 4.02474979e-04
1.07076552e-01 1.08234066e-03 4.14960950e-04
1.07434491e-01 1.26494099e-03 4.06578624e-04
1.07792429e-01 -1.39518280e-04 3.87365535e-04
1.08150364e-01 6.37472971e-04 4.00059364e-04
1.08508298e-01 7.12165322e-05 4.00323224e-04
1.08866230e-01 3.71319019e-04 3.95876539e-04
1.09224160e-01 8.75745383e-04 3.88557332e-04
1.09582089e-01 2.72491703e-04 3.98121673e-04
1.09940016e-01 2.33989461e-04 4.04788615e-04
1.10297941e-01 9.04436710e-04 3.94798557e-04
1.10655864e-01 9.08936364e-04 3.96001861e-04
1.11013785e-01 3.01774920e-04 3.88393403e-04
1.11371704e-01 7.22837022e-04 3.89949832e-04
1.11729622e-01 1.41994412e-03 3.78412987e-04
1.12087538e-01 2.36213417e-04 3.89992758e-04
1.12445452e-01 3.71047984e-04 3.87120170e-04
1.12803364e-01 1.93769136e-04 3.75905369e-04
1.13161274e-01 4.78023714e-04 3.88928221e-04
1.13519182e-01 3.19367829e-05 3.78554770e-04
1.13877089e-01 8.90986919e-04 3.77188398e-04
1.14234994e-01 1.27571847e-03 3.68071075e-04
1.14592896e-01 7.70595142e-04 3.74022664e-04
1.14950797e-01 7.74181657e-04 3.75420310e-04
1.15308696e-01 6.98823814e-04 3.65678470e-04
1.15666593e-01 4.33696256e-04 3.68876891e-04
1.16024488e-01 2.87053226e-04 3.77213310e-04
1.16382382e-01 3.08793797e-05 3.80790485e-04
1.16740273e-01 6.77171768e-04 3.75884608e-04
1.17098163e-01 7.25036970e-04 3.61298598e-04
1.17456050e-01 -1.01353177e-04 3.63079521e-04
1.17813936e-01 9.04336671e-04 3.73062744e-04
1.18171819e-01 -8.31273773e-05 3.77389095e-04
1.18529701e-01 1.50613574e-04 3.78101291e-04
1.18887581e-01 1.89280451e-04 3.81387110e-04
1.19245459e-01 8.87808316e-04 3.76719662e-04
1.19603335e-01 5.12928558e-04 3.71444022e-04
1.19961208e-01 1.05209300e-03 3.85128996e-04
1.20319080e-01 8.05187403e-04 3.75737380e-04
1.20676950e-01 1.98098393e-04 3.68772304e-04
1.21034818e-01 8.44723363e-04 3.91422159e-04
1.21392684e-01 9.00708025e-04 3.73314170e-04
1.21750548e-01 1.34587683e-04 3.65969174e-04
1.22108410e-01 -5.84785455e-04 3.73169804e-04
1.22466270e-01 1.74389334e-04 3.75222784e-04
1.22824128e-01 5.17279302e-04 3.76505071e-04
1.23181984e-01 2.10896721e-04 3.68843936e-04
1.23539838e-01 -4.91145118e-05 3.77117897e-04
1.23897690e-01 -4.53849849e-06 3.64516911e-04
1.24255540e-01 1.59909141e-04 3.65552813e-04
1.24613388e-01 1.09751847e-03 3.76886796e-04
1.24971233e-01 4.96998240e-04 3.72103188e-04
1.25329077e-01 8.20935094e-04 3.52884398e-04
1.25686919e-01 3.68936342e-04 3.63744294e-04
1.26044758e-01 4.87958189e-04 3.56198796e-04
1.26402596e-01 2.00647707e-04 3.64721151e-04
1.26760431e-01 2.12338869e-04 3.65724810e-04
1.27118265e-01 -1.33726156e-04 3.56723972e-04
1.27476096e-01 3.38195160e-04 3.62839966e-04
1.27833925e-01 3.21384728e-04 3.55909585e-04
1.28191752e-01 6.46532204e-04 3.54535804e-04
1.28549577e-01 6.28992855e-04 3.50098749e-04
1.28907400e-01 3.61727624e-04 3.51327560e-04
1.29265221e-01 4.65777543e-04 3.60619029e-04
1.29623040e-01 1.41273321e-04 3.48019086e-04
1.29980856e-01 9.35129854e-04 3.55385711e-04
1.30338670e-01 5.42388710e-04 3.51890706e-04
1.30696483e-01 4.04062874e-04 3.54011534e-04
1.31054293e-01 2.69724640e-05 3.49233663e-04
1.31412101e-01 8.99773511e-04 3.50711577e-04
1.31769906e-01 1.78929528e-04 3.52174370e-04
1.32127710e-01 -3.75763162e-04 3.40720313e-04
1.32485511e-01 6.67532746e-04 3.41566721e-04
1.32843311e-01 1.24103399e-04 3.43701406e-04
1.33201108e-01 4.48720423e-04 3.46875868e-04
1.33558903e-01 4.44706940e-05 3.47957173e-04
1.33916695e-01 7.31807870e-04 3.48251800e-04
1.34274486e-01 1.49127930e-04 3.34486539e-04
1.34632274e-01 5.03698499e-04 3.36485739e-04
1.34990060e-01 1.97285856e-04 3.39056829e-04
1.35347844e-01 6.48993260e-04 3.38080285e-04
1.35705626e-01 7.58960371e-04 3.39104307e-04
1.36063405e-01 3.42444544e-04 3.33661705e-04
1.36421182e-01 -6.41487809e-04 3.35771657e-04
1.36778957e-01 5.83179845e-04 3.31549244e-04
1.37136730e-01 3.23549084e-04 3.32844416e-04
1.37494500e-01 3.95507782e-04 3.38595237e-04
1.37852269e-01 5.06927308e-04 3.27962468e-04
1.38210034e-01 3.78921465e-04 3.32068463e-04
1.38567798e-01 3.97920774e-04 3.31589288e-04
1.38925559e-01 1.19293124e-04 3.25830181e-04
1.39283319e-01 1.37005972e-04 3.41331512e-04
1.39641075e-01 6.74227596e-04 3.39793391e-04
1.39998830e-01 9.51299687e-05 3.34654903e-04
1.40356582e-01 3.57583227e-04 3.34811521e-04
1.40714332e-01 1.67680645e-04 3.28721857e-04
1.41072080e-01 6.56658578e-04 3.33215304e-04
1.41429825e-01 4.22119609e-04 3.28845300e-04
1.41787568e-01 3.24798425e-04 3.29429610e-04
1.42145308e-01 9.67524117e-05 3.26325925e-04
1.42503047e-01 2.81367839e-04 3.24679064e-04
1.42860783e-01 1.87513516e-04 3.26327408e-04
1.43218516e-01 6.71893541e-04 3.22624032e-04
1.43576247e-01 -7.94587187e-05 3.27230668e-04
1.43933976e-01 3.31216632e-04 3.18285482e-04
1.44291703e-01 -1.86172627e-04 3.12010509e-04
1.44649427e-01 8.89982483e-04 3.32921301e-04
1.45007149e-01 6.08806501e-04 3.18019388e-04
1.45364868e-01 5.56193677e-04 3.20385794e-04
1.45722585e-01 1.37272912e-04 3.24134021e-04
1.46080300e-01 9.67530665e-05 3.12489320e-04
1.46438012e-01 8.56067616e-06 3.17892362e-04
1.46795722e-01 1.18713919e-04 3.18297342e-04
1.47153429e-01 -1.29965047e-04 3.13185266e-04
1.47511134e-01 1.16535894e-04 3.16326801e-04
1.47868837e-01 -1.82766997e-04 3.15878157e-04
1.48226537e-01 9.78424838e-05 3.21624002e-04
1.48584235e-01 3.09111952e-04 3.15578358e-04
1.48941930e-01 1.60684791e-04 3.16467767e-04
1.49299623e-01 3.04847643e-04 3.16340107e-04
1.49657313e-01 3.77479321e-04 3.23364271e-04
1.50015001e-01 6.33655129e-04 3.15437388e-04
1.50372687e-01 -2.57491722e-04 3.12394674e-04
1.50730370e-01 1.63747846e-04 3.20974144e-04
1.51088050e-01 4.39649596e-04 3.19293301e-04
1.51445728e-01 3.26657361e-04 3.11056785e-04
1.51803404e-01 1.93293323e-04 3.05329725e-04
1.52161077e-01 -1.11501994e-04 3.08969120e-04
1.52518747e-01 1.64507082e-04 3.05244191e-04
1.52876416e-01 4.71968793e-04 3.03373816e-04
1.53234081e-01 7.24032865e-06 3.08988876e-04
1.53591744e-01 -2.26317181e-04 3.08319765e-04
1.53949405e-01 2.01480488e-04 3.12913014e-04
1.54307063e-01 4.19489596e-05 3.02786465e-04
1.54664718e-01 -2.83262059e-04 3.05743765e-04
1.55022371e-01 3.40566080e-04 3.06254569e-04
1.55380021e-01 -5.18728025e-05 3.06098800e-04
1.55737669e-01 2.88841902e-04 3.08311591e-04
1.56095314e-01 7.88278120e-04 3.06405615e-04
1.56452957e-01 6.52918777e-04 3.09837593e-04
1.56810597e-01 -2.32677043e-04 3.05332344e-04
1.57168235e-01 2.59051049e-04 3.04433167e-04
1.57525870e-01 4.10654923e-04 3.02354907e-04
1.57883502e-01 -1.43590730e-04 3.02982978e-04
1.58241132e-01 -6.50987440e-05 3.01606501e-04
1.58598759e-01 -1.83458767e-04 2.98040293e-04
1.58956384e-01 2.69910222e-04 3.01368002e-04
1.59314006e-01 1.80320102e-04 2.97046022e-04
1.59671625e-01 2.14080701e-04 2.99800282e-04
1.60029242e-01 2.14916575e-04 3.08172308e-04
1.60386856e-01 -1.12465575e-04 2.97489614e-04
1.60744468e-01 1.82172054e-04 2.97677218e-04
1.61102076e-01 2.25083084e-04 2.98782466e-04
1.61459683e-01 -2.48403002e-04 2.94849427e-04
1.61817286e-01 3.62021422e-04 2.94383481e-04
1.62174887e-01 4.71613219e-04 2.96434498e-04
1.62532485e-01 -5.24169055e-05 2.98478448e-04
1.62890081e-01 -1.49788628e-04 2.91664370e-04
1.63247674e-01 4.83709247e-04 2.88509809e-04
1.63605264e-01 2.14306321e-04 2.96955446e-04
1.63962852e-01 -2.21735807e-05 2.99673497e-04
1.64320437e-01 -1.36837408e-04 2.97063550e-04
1.64678019e-01 -4.88373228e-04 2.97523126e-04
1.65035598e-01 1.38716447e-04 2.94346252e-04
1.65393175e-01 2.50773598e-04 3.00516477e-04
1.65750749e-01 -1.59290682e-04 2.86474305e-04
1.66108320e-01 2.69575925e-04 2.90641764e-04
1.66465889e-01 2.78709373e-05 2.90669543e-04
1.66823455e-01 3.79739577e-05 2.94812695e-04
1.67181018e-01 3.92948381e-04 3.03294167e-04
1.67538578e-01 5.67302755e-05 2.97083115e-04
1.67896136e-01 3.14588537e-05 2.87452636e-04
1.68253691e-01 -4.40830673e-05 2.84630964e-04
1.68611243e-01 -1.15054163e-04 2.87660141e-04
1.68968792e-01 -2.75096394e-05 2.94946717e-04
1.69326339e-01 7.03474769e-05 2.89793200e-04
1.69683883e-01 5.87623759e-06 2.89643807e-04
1.70041424e-01 -1.38263325e-04 2.91219784e-04
1.70398962e-01 3.29927233e-04 2.91706641e-04
1.70756497e-01 2.72723113e-04 2.88513432e-04
1.71114030e-01 -2.75769180e-04 2.94469803e-04
1.71471560e-01 1.94512167e-04 2.82790094e-04
1.71829087e-01 2.81350046e-04 2.84903405e-04
1.72186611e-01 6.17317312e-04 2.83807768e-04
1.72544132e-01 -1.15721425e-04 2.81333085e-04
1.72901651e-01 -1.05439745e-04 2.87038855e-04
1.73259167e-01 6.31049097e-04 2.86265087e-04
1.73616679e-01 5.02690624e-04 2.81182686e-04
1.73974189e-01 2.45522168e-04 2.90218331e-04
1.74331697e-01 -5.76660567e-05 2.80254317e-04
1.74689201e-01 5.14573235e-04 2.80630929e-04
1.75046702e-01 4.41328739e-05 2.90724842e-04
1.75404201e-01 -4.96974775e-05 2.86349249e-04
1.75761697e-01 -2.63339713e-04 2.80881153e-04
1.76119189e-01 1.19710900e-04 2.82596549e-04
1.76476679e-01 3.87412685e-04 2.83779221e-04
1.76834166e-01 1.28458223e-04 2.83268013e-04
1.77191650e-01 2.89155469e-04 2.78677714e-04
1.77549132e-01 2.38835590e-04 2.78100955e-04
1.77906610e-01 -1.04376939e-04 2.78199658e-04
1.78264085e-01 7.81798535e-05 2.77874574e-04
1.78621558e-01 3.47326248e-05 2.79486165e-04
1.78979027e-01 -8.27723476e-05 2.78882821e-04
1.79336494e-01 1.10460591e-04 2.77852343e-04
1.79693958e-01 -3.46362066e-04 2.72919262e-04
1.80051418e-01 5.78532599e-05 2.73677793e-04
1.80408876e-01 -2.21211796e-04 2.81124175e-04
1.80766331e-01 -7.18776881e-05 2.79333795e-04
1.81123783e-01 -1.37540937e-04 2.72121073e-04
1.81481232e-01 -3.42513217e-04 2.77905704e-04
1.81838677e-01 5.40661794e-04 2.80587737e-04
1.82196120e-01 2.70397486e-04 2.92130441e-04
1.82553560e-01 1.24266700e-04 2.83271314e-04
1.82910997e-01 4.04409150e-04 2.79387871e-04
1.83268431e-01 3.27702715e-04 2.86018432e-04
1.83625862e-01 3.20255768e-04 2.86790215e-04
1.83983290e-01 1.16028915e-04 2.89879062e-04
1.84340715e-01 3.40798113e-04 2.83128640e-04
1.84698137e-01 3.51197214e-04 2.86041771e-04
1.85055556e-01 -6.09745250e-05 2.81945377e-04
1.85412971e-01 6.31555385e-05 2.82371163e-04
1.85770384e-01 4.21302556e-04 2.87563285e-04
1.86127794e-01 -1.88872448e-04 2.75770443e-04
1.86485200e-01 3.02601476e-04 2.80143109e-04
1.86842604e-01 -1.37467626e-04 2.78641324e-04
1.87200005e-01 -2.70471723e-04 2.76951149e-04
1.87557402e-01 1.38809507e-05 2.73703816e-04
1.87914797e-01 2.65593044e-04 2.74433785e-04
1.88272188e-01 -2.42655218e-04 2.72616882e-04
1.88629576e-01 7.44356645e-05 2.77993673e-04
1.88986961e-01 7.06861344e-04 2.72023043e-04
1.89344343e-01 -3.91898694e-04 2.68423637e-04
1.89701722e-01 -2.64324433e-04 2.66361314e-04
1.90059098e-01 -2.45384993e-04 2.71745934e-04
1.90416471e-01 -8.47891126e-05 2.73053228e-04
1.90773840e-01 -5.56247660e-05 2.72332890e-04
1.91131207e-01 -1.97897472e-04 2.67318249e-04
1.91488570e-01 2.28675993e-04 2.64510571e-04
1.91845930e-01 -5.60762382e-05 2.72592285e-04
1.92203287e-01 -1.07799149e-04 2.64837297e-04
1.92560641e-01 -2.41046008e-04 2.72207224e-04
1.92917992e-01 6.94186037e-05 2.71256256e-04
1.93275340e-01 3.09417281e-04 2.74759688e-04
1.93632684e-01 3.78683094e-06 2.70463313e-04
1.93990025e-01 -7.21489056e-05 2.64958392e-04
1.94347363e-01 1.17474853e-04 2.71136503e-04
1.94704698e-01 -5.14440055e-05 2.69636597e-04
1.95062030e-01 3.66837330e-04 2.75391544e-04
1.95419358e-01 -6.83916119e-05 2.75416595e-04
1.95776684e-01 -1.10603705e-04 2.68231447e-04
1.96134006e-01 9.26055630e-05 2.72277086e-04
1.96491324e-01 2.47020241e-04 2.68674093e-04
1.96848640e-01 3.28782861e-04 2.77905620e-04
1.97205953e-01 2.71216058e-04 2.70829728e-04
1.97563262e-01 5.02414113e-04 2.70181431e-04
1.97920568e-01 -2.45446635e-05 2.71881962e-04
1.98277870e-01 -1.89507217e-04 2.71271593e-04
1.98635170e-01 -2.27153405e-04 2.71430008e-04
1.98992466e-01 9.33647075e-05 2.70841009e-04
1.99349759e-01 -5.47689190e-05 2.67812786e-04
1.99707049e-01 7.81481776e-05 2.70276609e-04
2.00064335e-01 -3.97213559e-06 2.62496165e-04
2.00421618e-01 -2.30702848e-04 2.69997108e-04
2.00778898e-01 6.46999428e-05 2.68209109e-04
2.01136174e-01 1.24992573e-04 2.64932940e-04
2.01493448e-01 2.56964548e-04 2.65825074e-04
2.01850718e-01 -3.26375537e-04 2.65185746e-04
2.02207984e-01 1.90739278e-04 2.70341002e-04
2.02565248e-01 1.66348684e-04 2.69036017e-04
2.02922508e-01 -9.49544342e-05 2.61095443e-04
2.03279764e-01 4.58385197e-05 2.55751253e-04
2.03637018e-01 -4.12236197e-04 2.62806948e-04
2.03994268e-01 3.20910410e-04 2.61527625e-04
2.04351514e-01 3.24290609e-04 2.60603185e-04
2.04708758e-01 -9.12072599e-05 2.57821015e-04
2.05065998e-01 5.23264297e-04 2.57877131e-04
2.05423234e-01 -7.71863599e-05 2.56858000e-04
2.05780467e-01 -1.48228766e-04 2.55660746e-04
2.06137697e-01 1.65248767e-04 2.55746845e-04
2.06494924e-01 3.86337530e-04 2.57842878e-04
2.06852147e-01 -1.15491071e-04 2.54196095e-04
2.07209367e-01 4.11010727e-04 2.59110464e-04
2.07566583e-01 2.20715402e-04 2.54492848e-04
2.07923796e-01 1.30134983e-04 2.55432504e-04
2.08281005e-01 1.79433414e-04 2.50530739e-04
2.08638211e-01 -1.57691443e-04 2.56108916e-04
2.08995414e-01 -1.58540191e-04 2.53877865e-04
2.09352613e-01 1.90660830e-04 2.55179122e-04
2.09709809e-01 4.64943545e-04 2.56712808e-04
2.10067002e-01 4.03224264e-04 2.57022802e-04
2.10424191e-01 7.90740543e-05 2.53821009e-04
2.10781376e-01 -1.79539400e-05 2.53796715e-04
2.11138558e-01 4.15977919e-04 2.46898469e-04
2.11495737e-01 -2.11656545e-04 2.46137786e-04
2.11852912e-01 -3.58650555e-04 2.51341500e-04
2.12210084e-01 5.05057210e-05 2.51234783e-04
2.12567252e-01 -1.98577475e-05 2.52437816e-04
2.12924416e-01 1.47435126e-04 2.48807664e-04
2.13281578e-01 2.38398228e-05 2.54937700e-04
2.13638735e-01 5.08395799e-04 2.52013749e-04
2.13995890e-01 2.70139883e-04 2.49720098e-04
2.14353040e-01 -1.57484217e-04 2.44794648e-04
2.14710188e-01 3.69322328e-04 2.51238289e-04
2.15067331e-01 2.48025446e-04 2.49479308e-04
2.15424471e-01 7.10060900e-04 2.42797490e-04
2.15781608e-01 -4.27265062e-05 2.48196053e-04
2.16138741e-01 -4.64962592e-05 2.52837121e-04
2.16495871e-01 -2.43856949e-05 2.47527491e-04
2.16852997e-01 -1.36829563e-04 2.42424019e-04
2.17210119e-01 2.89845776e-04 2.45798017e-04
2.17567238e-01 1.99173064e-04 2.42871266e-04
2.17924354e-01 -2.32500550e-04 2.39349078e-04
2.18281465e-01 -1.33587396e-04 2.39428800e-04
2.18638574e-01 8.54747966e-05 2.41141222e-04
2.18995678e-01 3.77790004e-04 2.40121544e-04
2.19352779e-01 -2.41367413e-05 2.41904717e-04
2.19709877e-01 4.46175239e-04 2.46508258e-04
2.20066971e-01 -4.80279621e-05 2.46140300e-04
2.20424061e-01 1.74244080e-04 2.42002659e-04
2.20781147e-01 -2.31025017e-04 2.40771253e-04
2.21138230e-01 -4.51813479e-05 2.37450248e-04
2.21495310e-01 -1.50277009e-04 2.37920431e-04
2.21852386e-01 -7.70389462e-05 2.37700958e-04
2.22209458e-01 1.79427568e-04 2.44283968e-04
2.22566526e-01 -1.22042596e-04 2.39999779e-04
2.22923591e-01 7.25139120e-05 2.37847045e-04
2.23280652e-01 -4.35108684e-05 2.36268864e-04
2.23637710e-01 -7.17335975e-05 2.36350653e-04
2.23994764e-01 -2.16089257e-04 2.37836950e-04
2.24351814e-01 -8.77550819e-05 2.35228763e-04
2.24708861e-01 7.16854555e-05 2.40984762e-04
2.25065904e-01 5.14814723e-04 2.39310967e-04
2.25422943e-01 3.19851848e-04 2.39313077e-04
2.25779978e-01 -2.72650766e-04 2.34492531e-04
2.26137010e-01 5.68724818e-05 2.38664050e-04
2.26494038e-01 1.30507916e-04 2.39178481e-04
2.26851063e-01 1.59357660e-04 2.42027887e-04
2.27208083e-01 1.32694037e-04 2.39858315e-04
2.27565100e-01 -4.75459249e-06 2.33851041e-04
2.27922114e-01 5.01823231e-04 2.33526791e-04
2.28279123e-01 1.31453999e-05 2.35399301e-04
2.28636129e-01 2.30445681e-04 2.34438469e-04
2.28993131e-01 -4.16117225e-04 2.31024805e-04
2.29350129e-01 -4.23612395e-05 2.32786940e-04
2.29707124e-01 -2.07775289e-05 2.33370757e-04
2.30064115e-01 1.70171910e-04 2.32395163e-04
2.30421102e-01 2.26692235e-04 2.31602470e-04
2.30778085e-01 4.00297063e-05 2.29520786e-04
2.31135064e-01 2.07285840e-05 2.30881732e-04
2.31492040e-01 1.51375838e-04 2.35524393e-04
2.31849012e-01 1.67866536e-04 2.29622724e-04
2.32205980e-01 -1.33307264e-04 2.31151515e-04
2.32562944e-01 -1.90403074e-04 2.28944314e-04
2.32919905e-01 2.41953580e-04 2.36727599e-04
2.33276862e-01 1.17015976e-04 2.30339654e-04
2.33633814e-01 1.73180426e-04 2.32412841e-04
2.33990763e-01 1.42963005e-04 2.32525260e-04
2.34347709e-01 2.14251672e-04 2.29780086e-04
2.34704650e-01 1.33164037e-04 2.30058154e-04
2.35061588e-01 -3.43466626e-04 2.29531908e-04
2.35418521e-01 1.33852138e-04 2.27813153e-04
2.35775451e-01 -6.28992705e-05 2.29924804e-04
2.36132377e-01 -7.45647146e-05 2.28541357e-04
2.36489299e-01 -1.84709583e-05 2.30971300e-04
2.36846218e-01 1.49577983e-04 2.28781796e-04
2.37203132e-01 7.08293749e-06 2.25936107e-04
2.37560042e-01 6.95956348e-05 2.29349717e-04
2.37916949e-01 -5.52437912e-05 2.29645845e-04
2.38273852e-01 -3.97390207e-04 2.25965388e-04
2.38630751e-01 -1.23135361e-05 2.24116002e-04
2.38987645e-01 5.18066969e-05 2.25603214e-04
2.39344537e-01 1.12871717e-04 2.24095984e-04
2.39701424e-01 3.57252562e-04 2.24401602e-04
2.40058307e-01 2.47099307e-04 2.21894529e-04
2.40415186e-01 3.53426659e-05 2.23644604e-04
2.40772061e-01 1.63902594e-04 2.23001430e-04
2.41128933e-01 1.11626796e-05 2.22397239e-04
2.41485800e-01 -1.12362435e-04 2.20452463e-04
2.41842664e-01 7.72270551e-05 2.23968972e-04
2.42199523e-01 1.05775362e-04 2.22307175e-04
2.42556379e-01 -1.04017084e-04 2.23943331e-04
2.42913230e-01 -1.75580301e-04 2.24607480e-04
2.43270078e-01 -3.55450691e-04 2.20952813e-04
2.43626922e-01 3.43376369e-04 2.24572557e-04
2.43983761e-01 2.12896739e-04 2.19070167e-04
2.44340597e-01 9.31268136e-05 2.20974775e-04
2.44697429e-01 -4.98351188e-05 2.17265717e-04
2.45054256e-01 1.58644351e-04 2.19302964e-04
2.45411080e-01 -7.53325536e-05 2.15939091e-04
2.45767900e-01 -1.42096340e-04 2.18593313e-04
2.46124715e-01 -2.36611397e-04 2.17069472e-04
2.46481527e-01 -1.85412686e-04 2.18532155e-04
2.46838334e-01 -4.02615245e-05 2.19084899e-04
2.47195138e-01 -1.68630919e-04 2.14817560e-04
2.47551938e-01 -1.70033361e-04 2.13762153e-04
2.47908733e-01 3.29611912e-04 2.16069637e-04
2.48265524e-01 8.51036143e-05 2.16067131e-04
2.48622312e-01 -1.12698573e-04 2.18339564e-04
2.48979095e-01 8.20974825e-05 2.14766478e-04
2.49335874e-01 3.95120105e-04 2.19262530e-04
2.49692649e-01 1.55239349e-04 2.19727906e-04
2.50049420e-01 -6.62347584e-06 2.19109098e-04
2.50406187e-01 2.72641929e-05 2.14425316e-04
2.50762950e-01 -2.77956374e-04 2.14990604e-04
2.51119709e-01 -1.51627343e-04 2.15816937e-04
2.51476464e-01 8.49401941e-05 2.15300180e-04
2.51833214e-01 2.68492216e-04 2.14097337e-04
2.52189961e-01 -1.41663884e-04 2.17931658e-04
2.52546703e-01 -6.25133322e-05 2.17429073e-04
2.52903441e-01 -1.44908480e-04 2.10423063e-04
2.53260175e-01 4.38052727e-04 2.12413467e-04
2.53616905e-01 1.08257745e-05 2.15386605e-04
2.53973631e-01 -1.14955966e-04 2.15569269e-04
2.54330352e-01 1.42979226e-04 2.11393902e-04
2.54687070e-01 2.20404490e-04 2.15541653e-04
2.55043783e-01 1.61858485e-04 2.13887447e-04
2.55400492e-01 2.46985460e-04 2.12921229e-04
2.55757197e-01 6.14604360e-04 2.15648607e-04
2.56113898e-01 -3.43243044e-04 2.11423498e-04
2.56470595e-01 4.01786190e-05 2.10962321e-04
2.56827287e-01 -5.00352899e-05 2.13805925e-04
2.57183975e-01 -6.26914092e-05 2.15294031e-04
2.57540659e-01 8.48842235e-05 2.17649957e-04
2.57897339e-01 -1.80702827e-04 2.16508571e-04
2.58254014e-01 -2.03751747e-04 2.16133449e-04
2.58610686e-01 -3.02783206e-04 2.13832929e-04
2.58967353e-01 2.86863862e-04 2.16159568e-04
2.59324016e-01 1.00757655e-04 2.16715963e-04
2.59680674e-01 -2.53769765e-04 2.14314395e-04
2.60037329e-01 2.50572125e-05 2.18890894e-04
2.60393979e-01 1.86394485e-04 2.16961354e-04
2.60750625e-01 4.80910938e-04 2.19894581e-04
2.61107266e-01 -9.53685434e-06 2.16967202e-04
2.61463904e-01 -1.18976392e-04 2.15947367e-04
2.61820537e-01 9.22854243e-06 2.18124176e-04
2.62177166e-01 -2.11124302e-05 2.14478449e-04
2.62533790e-01 -9.67139338e-05 2.16676714e-04
2.62890410e-01 3.47284099e-04 2.17985733e-04
2.63247026e-01 3.86059703e-04 2.12426525e-04
2.63603638e-01 3.22277724e-05 2.15744087e-04
2.63960245e-01 1.04583183e-04 2.13882043e-04
2.64316848e-01 2.55410671e-04 2.14158766e-04
2.64673447e-01 5.45898807e-05 2.14460640e-04
2.65030042e-01 2.11566331e-04 2.14148583e-04
2.65386632e-01 3.26677713e-04 2.12267890e-04
2.65743217e-01 -1.91409891e-04 2.14804866e-04
2.66099799e-01 -3.92737458e-05 2.11366173e-04
2.66456376e-01 2.37426870e-04 2.16152336e-04
2.66812948e-01 5.26500290e-04 2.15982572e-04
2.67169517e-01 5.66774283e-04 2.17290343e-04
2.67526081e-01 1.17194318e-04 2.18605845e-04
2.67882640e-01 -1.32266677e-05 2.13656654e-04
2.68239195e-01 3.27566700e-04 2.13078512e-04
2.68595746e-01 -8.26053109e-05 2.14098015e-04
2.68952293e-01 -2.82995265e-04 2.14910785e-04
2.69308835e-01 1.89289167e-04 2.16088283e-04
2.69665372e-01 -1.57962273e-04 2.18706724e-04
2.70021906e-01 5.03980803e-05 2.21212038e-04
2.70378435e-01 8.69486220e-05 2.21022607e-04
2.70734959e-01 4.42942202e-04 2.27909980e-04
2.71091479e-01 -3.30977627e-04 2.23595583e-04
2.71447995e-01 -1.36881607e-04 2.25646090e-04
2.71804506e-01 1.77580351e-04 2.25002503e-04
2.72161012e-01 -1.40138460e-04 2.21454798e-04
2.72517515e-01 9.50363934e-05 2.25532615e-04
2.72874012e-01 3.48036718e-04 2.26871232e-04
