1.54026655e-02 1.24419193e-02 1.84135720e-03
1.57608633e-02 1.28989195e-02 1.62581243e-03
1.61190608e-02 1.32700134e-02 1.61334225e-03
1.64772580e-02 1.33229419e-02 1.52121795e-03
1.68354550e-02 1.06238785e-02 1.42948446e-03
1.71936517e-02 1.36191972e-02 1.54831164e-03
1.75518481e-02 1.28048586e-02 1.31665315e-03
1.79100442e-02 1.07669596e-02 1.30556360e-03
1.82682400e-02 1.30905049e-02 1.30454594e-03
1.86264355e-02 1.26539959e-02 1.25583608e-03
1.89846308e-02 1.01862985e-02 1.23253325e-03
1.93428257e-02 1.28129591e-02 1.27019767e-03
1.97010202e-02 1.26325521e-02 1.12933415e-03
2.00592145e-02 1.26049457e-02 1.19136415e-03
2.04174084e-02 1.40483454e-02 1.10027966e-03
2.07756020e-02 1.16501608e-02 1.09854913e-03
2.11337953e-02 1.13161405e-02 1.09719236e-03
2.14919882e-02 1.18785178e-02 1.09568295e-03
2.18501808e-02 1.21465868e-02 1.03751787e-03
2.22083729e-02 1.20021593e-02 1.08604409e-03
2.25665648e-02 1.14922036e-02 1.04047205e-03
2.29247562e-02 1.23244050e-02 1.00996426e-03
2.32829473e-02 1.21231379e-02 1.00315864e-03
2.36411380e-02 1.17211013e-02 1.06240580e-03
2.39993283e-02 1.19598629e-02 9.41166342e-04
2.43575182e-02 1.29305173e-02 9.62439251e-04
2.47157077e-02 1.31926005e-02 9.80336306e-04
2.50738968e-02 1.07780194e-02 9.36014463e-04
2.54320855e-02 1.41461125e-02 1.00067720e-03
2.57902738e-02 1.14831458e-02 8.94956374e-04
2.61484617e-02 1.01861494e-02 9.05022403e-04
2.65066491e-02 1.12530324e-02 8.84638333e-04
2.68648361e-02 1.13169095e-02 9.03540206e-04
2.72230226e-02 1.05396860e-02 8.09965847e-04
2.75812087e-02 1.19538992e-02 9.10112927e-04
2.79393943e-02 1.08979221e-02 8.87616016e-04
2.82975795e-02 1.20408239e-02 8.86877016e-04
2.86557642e-02 1.00163097e-02 8.93105519e-04
2.90139485e-02 1.17765373e-02 8.87939453e-04
2.93721323e-02 1.18534939e-02 8.81702983e-04
2.97303155e-02 1.02582843e-02 9.28630201e-04
3.00884983e-02 1.08135260e-02 8.92580470e-04
3.04466806e-02 1.00162322e-02 8.51131176e-04
3.08048624e-02 9.61930902e-03 8.03776730e-04
3.11630437e-02 9.43454482e-03 8.59648522e-04
3.15212245e-02 1.08703082e-02 8.27949352e-04
3.18794048e-02 1.08679658e-02 8.52534690e-04
3.22375845e-02 9.27741035e-03 8.15678688e-04
3.25957637e-02 9.52359691e-03 8.40957760e-04
3.29539424e-02 1.04174970e-02 8.74299077e-04
3.33121205e-02 1.02641772e-02 8.53929428e-04
3.36702981e-02 1.03343741e-02 8.13960597e-04
3.40284751e-02 9.87939983e-03 8.38963606e-04
3.43866516e-02 8.65337316e-03 8.08904081e-04
3.47448275e-02 1.06165548e-02 8.09232478e-04
3.51030028e-02 9.05334857e-03 8.10474046e-04
3.54611775e-02 9.73671526e-03 7.78076387e-04
3.58193517e-02 9.26546239e-03 7.42392066e-04
3.61775253e-02 8.14752299e-03 7.38095615e-04
3.65356983e-02 8.42794032e-03 7.70443705e-04
3.68938706e-02 1.10301733e-02 7.73351513e-04
3.72520424e-02 8.61376762e-03 7.44911285e-04
3.76102136e-02 9.03493351e-03 7.49956195e-04
3.79683841e-02 8.35502193e-03 7.27880235e-04
3.83265540e-02 8.03885702e-03 7.13570246e-04
3.86847233e-02 9.40071692e-03 7.50989846e-04
3.90428920e-02 1.01748641e-02 7.17528997e-04
3.94010600e-02 9.11292007e-03 7.04594541e-04
3.97592273e-02 7.68612364e-03 6.95703843e-04
4.01173941e-02 8.89662380e-03 6.96755264e-04
4.04755601e-02 8.91710006e-03 7.36832011e-04
4.08337255e-02 7.24686559e-03 7.12439944e-04
4.11918902e-02 7.71394188e-03 6.53651946e-04
4.15500542e-02 9.20968212e-03 6.73215731e-04
4.19082176e-02 8.62222344e-03 6.98035543e-04
4.22663802e-02 7.83325914e-03 6.53978910e-04
4.26245422e-02 8.26908922e-03 6.95504192e-04
4.29827034e-02 6.91481321e-03 6.78377538e-04
4.33408640e-02 7.52302538e-03 6.80997529e-04
4.36990238e-02 7.58285143e-03 6.96154737e-04
4.40571830e-02 7.69538153e-03 6.77206243e-04
4.44153414e-02 7.15403968e-03 6.97865852e-04
4.47734990e-02 7.05872279e-03 7.02089706e-04
4.51316560e-02 5.82222503e-03 6.91530624e-04
4.54898122e-02 7.44012197e-03 6.96314767e-04
4.58479676e-02 6.50099261e-03 6.99956483e-04
4.62061223e-02 5.95832960e-03 6.99614758e-04
4.65642762e-02 6.07293695e-03 6.66563578e-04
4.69224294e-02 6.07498946e-03 6.61760151e-04
4.72805818e-02 6.74692015e-03 6.62330370e-04
4.76387334e-02 5.41706475e-03 6.79921345e-04
4.79968842e-02 6.44625688e-03 6.54582066e-04
4.83550342e-02 6.47389721e-03 6.67133253e-04
4.87131835e-02 6.22667444e-03 6.36715892e-04
4.90713319e-02 5.63733842e-03 6.27250818e-04
4.94294795e-02 4.92784606e-03 6.58670797e-04
4.97876264e-02 4.55769548e-03 6.41679659e-04
5.01457724e-02 5.30272806e-03 6.47073506e-04
5.05039175e-02 4.73881838e-03 6.40482746e-04
5.08620619e-02 6.89836548e-03 6.10881672e-04
5.12202054e-02 5.17565503e-03 5.93648373e-04
5.15783481e-02 4.51754301e-03 5.86425844e-04
5.19364899e-02 5.46688991e-03 5.76509281e-04
5.22946308e-02 5.08949374e-03 6.07947392e-04
5.26527709e-02 5.38387816e-03 6.15306472e-04
5.30109102e-02 4.95373107e-03 6.04584990e-04
5.33690485e-02 5.32195976e-03 6.01743693e-04
5.37271860e-02 4.34795762e-03 5.80300367e-04
5.40853226e-02 3.59708025e-03 5.79284346e-04
5.44434583e-02 4.62694249e-03 5.92333118e-04
5.48015932e-02 5.06233323e-03 5.98850268e-04
5.51597271e-02 5.69717556e-03 5.94389463e-04
5.55178601e-02 5.46042265e-03 6.01668270e-04
5.58759922e-02 3.90870638e-03 5.50292201e-04
5.62341234e-02 4.25044669e-03 5.61533347e-04
5.65922536e-02 4.82452831e-03 5.91307542e-04
5.69503829e-02 4.78365795e-03 5.70770883e-04
5.73085113e-02 4.29554722e-03 5.51932427e-04
5.76666388e-02 3.23622836e-03 5.37042334e-04
5.80247653e-02 4.79659674e-03 5.57708732e-04
5.83828908e-02 4.59152978e-03 5.43998922e-04
5.87410154e-02 2.33996173e-03 5.55353773e-04
5.90991390e-02 4.16811731e-03 5.20987919e-04
5.94572616e-02 2.10880889e-03 5.32197309e-04
5.98153833e-02 4.29767480e-03 5.39182804e-04
6.01735040e-02 3.16944119e-03 5.50373795e-04
6.05316237e-02 3.33190726e-03 5.45680828e-04
6.08897424e-02 3.20949477e-03 5.32258570e-04
6.12478600e-02 4.26265369e-03 5.42670160e-04
6.16059767e-02 3.71676585e-03 5.39596322e-04
6.19640924e-02 3.97348326e-03 5.27755969e-04
6.23222071e-02 3.70333068e-03 5.45109683e-04
6.26803207e-02 4.00023051e-03 5.38911634e-04
6.30384333e-02 3.31449106e-03 5.03384275e-04
6.33965448e-02 3.12447495e-03 5.02075494e-04
6.37546554e-02 3.43395774e-03 5.06038686e-04
6.41127648e-02 2.93420624e-03 5.29639451e-04
6.44708732e-02 3.65237664e-03 5.19853859e-04
6.48289806e-02 2.66637900e-03 5.23902162e-04
6.51870869e-02 2.47061944e-03 5.14553998e-04
6.55451921e-02 2.34010796e-03 5.05082227e-04
6.59032962e-02 2.08479606e-03 5.13521749e-04
6.62613993e-02 2.47777767e-03 4.94778249e-04
6.66195012e-02 2.67851628e-03 4.95847736e-04
6.69776021e-02 3.19639051e-03 5.04967305e-04
6.73357019e-02 3.52634047e-03 5.02126419e-04
6.76938005e-02 2.33973593e-03 5.12379156e-04
6.80518981e-02 2.44081821e-03 5.01676829e-04
6.84099945e-02 2.03976184e-03 4.82176053e-04
6.87680898e-02 2.06991057e-03 4.86743853e-04
6.91261840e-02 2.57747745e-03 4.96310994e-04
6.94842770e-02 1.82070809e-03 4.94242234e-04
6.98423689e-02 3.28156227e-03 4.95048834e-04
7.02004596e-02 2.17155869e-03 4.84897914e-04
7.05585492e-02 2.29073699e-03 4.96360601e-04
7.09166377e-02 1.86273113e-03 4.74099240e-04
7.12747249e-02 2.07871736e-03 4.92264552e-04
7.16328110e-02 1.95541235e-03 5.00917194e-04
7.19908959e-02 1.59581580e-03 4.76132711e-04
7.23489796e-02 2.54714333e-03 4.72421605e-04
7.27070622e-02 1.60510731e-03 4.71495454e-04
7.30651435e-02 1.63976260e-03 4.77820614e-04
7.34232237e-02 2.25606013e-03 4.68949364e-04
7.37813026e-02 1.31943336e-03 4.78659384e-04
7.41393803e-02 1.37965178e-03 4.80262641e-04
7.44974568e-02 2.42474059e-03 4.74754990e-04
7.48555321e-02 1.69963030e-03 4.62475256e-04
7.52136061e-02 1.26371780e-03 4.71044716e-04
7.55716789e-02 1.15809385e-03 4.47017869e-04
7.59297505e-02 1.41346849e-03 4.64009122e-04
7.62878208e-02 1.76980307e-03 4.65375656e-04
7.66458899e-02 1.32960740e-03 4.59369103e-04
7.70039577e-02 1.71753646e-03 4.71110401e-04
7.73620242e-02 7.91447162e-04 4.52980111e-04
7.77200895e-02 6.37483565e-04 4.57950290e-04
7.80781535e-02 1.23751987e-03 4.53797760e-04
7.84362162e-02 6.02519042e-04 4.44425918e-04
7.87942776e-02 1.27272254e-03 4.60747526e-04
7.91523377e-02 1.79802646e-03 4.55869704e-04
7.95103965e-02 1.12870928e-03 4.42495672e-04
7.98684540e-02 1.56821929e-03 4.47819487e-04
8.02265102e-02 1.20039908e-03 4.59119443e-04
8.05845651e-02 1.42679309e-03 4.51890091e-04
8.09426186e-02 3.86734956e-04 4.48055549e-04
8.13006709e-02 5.07545612e-04 4.59489781e-04
8.16587217e-02 7.55455757e-04 4.44770921e-04
8.20167713e-02 1.18623487e-03 4.42961121e-04
8.23748195e-02 1.26690873e-03 4.44167939e-04
8.27328663e-02 1.83826032e-03 4.23270699e-04
8.30909118e-02 5.68291327e-04 4.26782496e-04
8.34489559e-02 7.45671737e-04 4.32705622e-04
8.38069986e-02 7.45241193e-04 4.30682420e-04
8.41650400e-02 4.79545790e-04 4.29471250e-04
8.45230800e-02 6.23153230e-04 4.24625766e-04
8.48811185e-02 1.08727263e-03 4.27112068e-04
8.52391557e-02 8.07486468e-04 4.40755173e-04
8.55971915e-02 6.74865772e-04 4.38882602e-04
8.59552259e-02 6.16045652e-04 4.57987535e-04
8.63132589e-02 1.03460210e-03 4.42056853e-04
8.66712904e-02 3.01096627e-04 4.23375681e-04
8.70293205e-02 4.93352959e-04 4.44225882e-04
8.73873492e-02 1.28938956e-03 4.42920724e-04
8.77453765e-02 -8.76037999e-05 4.35851136e-04
8.81034023e-02 5.24076361e-04 4.33939650e-04
8.84614267e-02 9.47295317e-04 4.41082965e-04
8.88194496e-02 5.08480364e-04 4.28749727e-04
8.91774710e-02 1.04357029e-03 4.16102821e-04
8.95354910e-02 1.17815377e-03 4.36143387e-04
8.98935095e-02 1.26265983e-03 4.11442472e-04
9.02515266e-02 3.13526526e-04 4.20616879e-04
9.06095421e-02 2.56592033e-04 4.32926873e-04
9.09675562e-02 -2.63518793e-05 4.25391838e-04
9.13255687e-02 5.67905625e-04 4.39728060e-04
9.16835798e-02 -2.88409097e-04 4.19259512e-04
9.20415894e-02 2.22961068e-04 4.38649925e-04
9.23995974e-02 -1.80777038e-04 4.35065726e-04
9.27576039e-02 5.43060008e-04 4.19507249e-04
9.31156089e-02 1.07977625e-03 4.26612486e-04
9.34736124e-02 6.22335286e-04 4.16008594e-04
9.38316143e-02 7.04637185e-04 4.23070539e-04
9.41896147e-02 4.64020939e-04 4.34965212e-04
9.45476136e-02 7.68532324e-04 4.25312741e-04
9.49056108e-02 2.73960196e-04 4.19122606e-04
9.52636066e-02 -1.54033783e-04 4.10036986e-04
9.56216007e-02 7.76138548e-04 4.06532062e-04
9.59795933e-02 3.49450154e-04 3.97397935e-04
9.63375843e-02 8.92119761e-04 4.13532115e-04
9.66955738e-02 6.70413448e-04 4.04712554e-04
9.70535616e-02 4.40096825e-04 4.08016964e-04
9.74115478e-02 -4.05942094e-04 3.98610099e-04
9.77695325e-02 5.20491920e-04 4.05939519e-04
9.81275155e-02 2.49452860e-04 4.05481082e-04
9.84854969e-02 3.31492426e-04 4.11827175e-04
9.88434768e-02 -2.79116879e-04 4.03078205e-04
9.92014549e-02 5.86640493e-04 3.95787030e-04
9.95594315e-02 2.89564375e-04 4.01393634e-04
9.99174064e-02 -4.83464925e-05 3.94228066e-04
1.00275380e-01 4.92344285e-04 3.95447810e-04
1.00633351e-01 9.14065985e-04 3.97209082e-04
1.00991321e-01 7.32784255e-05 3.98907166e-04
1.01349290e-01 -1.15464158e-04 3.89111366e-04
1.01707256e-01 -1.08677353e-04 3.94092796e-04
1.02065221e-01 3.15570793e-04 3.91232881e-04
1.02423184e-01 2.56789158e-05 3.90802436e-04
1.02781146e-01 3.19480106e-04 3.87664790e-04
1.03139106e-01 1.05575257e-03 4.02448674e-04
1.03497064e-01 -2.72773071e-04 3.81475871e-04
1.03855021e-01 1.92377361e-04 3.88467305e-04
1.04212976e-01 2.17399965e-04 3.88640188e-04
1.04570929e-01 8.97103024e-04 3.99845272e-04
1.04928880e-01 -1.00560444e-04 3.90094145e-04
1.05286830e-01 -9.78291372e-05 3.88726411e-04
1.05644778e-01 -2.00086859e-04 3.93815560e-04
1.06002724e-01 1.72994381e-04 3.87808944e-04
1.06360668e-01 -2.32514005e-04 4.02150243e-04
1.06718611e-01 1.99776923e-04 3.98075247e-04
1.07076552e-01 -1.24938028e-04 4.04820180e-04
1.07434491e-01 1.91644615e-04 4.09383097e-04
1.07792429e-01 2.58737558e-05 4.10897252e-04
1.08150364e-01 9.98384787e-04 4.11092395e-04
1.08508298e-01 6.58870029e-04 4.11086604e-04
1.08866230e-01 4.24782321e-04 4.02016304e-04
1.09224160e-01 -1.08590615e-04 3.99040696e-04
1.09582089e-01 1.87289022e-04 3.89171004e-04
1.09940016e-01 5.35731977e-04 3.98819773e-04
1.10297941e-01 3.56297775e-04 3.98059132e-04
1.10655864e-01 6.22022369e-04 3.83444702e-04
1.11013785e-01 4.16258477e-05 3.84388664e-04
1.11371704e-01 2.93712760e-04 3.88438804e-04
1.11729622e-01 5.28495567e-05 3.87367774e-04
1.12087538e-01 -1.02814247e-04 3.90636139e-04
1.12445452e-01 1.23844976e-04 3.76171057e-04
1.12803364e-01 6.25417375e-04 3.84039189e-04
1.13161274e-01 4.51691781e-04 3.90073503e-04
1.13519182e-01 2.21302771e-04 3.84201780e-04
1.13877089e-01 2.78158591e-04 3.87418093e-04
1.14234994e-01 -2.30543519e-04 3.79707450e-04
1.14592896e-01 6.63096380e-04 3.68760460e-04
1.14950797e-01 6.47399428e-04 3.64450038e-04
1.15308696e-01 4.11176345e-04 3.72528263e-04
1.15666593e-01 -6.46494625e-06 3.61502700e-04
1.16024488e-01 5.10167298e-04 3.72311162e-04
1.16382382e-01 3.68648843e-04 3.69482475e-04
1.16740273e-01 4.51500253e-04 3.68166994e-04
1.17098163e-01 1.50253521e-04 3.61237869e-04
1.17456050e-01 4.80899382e-04 3.62563395e-04
1.17813936e-01 -3.98047090e-04 3.68514683e-04
1.18171819e-01 -2.23094784e-04 3.66233036e-04
1.18529701e-01 -1.06367743e-04 3.72150375e-04
1.18887581e-01 -1.64637605e-04 3.80178626e-04
1.19245459e-01 2.56002763e-04 3.66814446e-04
1.19603335e-01 -7.24335165e-05 3.81565777e-04
1.19961208e-01 4.05823945e-04 3.78492639e-04
1.20319080e-01 2.47020750e-04 3.67699777e-04
1.20676950e-01 8.44104502e-04 3.81729754e-04
1.21034818e-01 5.13141888e-05 3.66105929e-04
1.21392684e-01 2.66997662e-04 3.74059392e-04
1.21750548e-01 -2.91413552e-04 3.70427089e-04
1.22108410e-01 5.31948690e-04 3.74972662e-04
1.22466270e-01 1.80084150e-04 3.86007508e-04
1.22824128e-01 3.58092127e-04 3.78265961e-04
1.23181984e-01 1.94820431e-04 3.72250684e-04
1.23539838e-01 -2.55269993e-04 3.72763649e-04
1.23897690e-01 1.16496808e-04 3.70750323e-04
1.24255540e-01 -5.58594577e-05 3.64662787e-04
1.24613388e-01 -2.93665194e-04 3.62386960e-04
1.24971233e-01 7.96446307e-04 3.66717660e-04
1.25329077e-01 -1.63715106e-04 3.61939381e-04
1.25686919e-01 -1.09007651e-04 3.59679186e-04
1.26044758e-01 -4.32490546e-04 3.64098420e-04
1.26402596e-01 2.04311196e-04 3.62189291e-04
1.26760431e-01 3.42520818e-04 3.53996763e-04
1.27118265e-01 7.97173899e-04 3.62413284e-04
1.27476096e-01 5.55436391e-04 3.58692523e-04
1.27833925e-01 1.56787445e-04 3.64450755e-04
1.28191752e-01 -5.54991967e-04 3.54391043e-04
1.28549577e-01 3.56176170e-04 3.51776600e-04
1.28907400e-01 -2.30164978e-04 3.47804877e-04
1.29265221e-01 7.61660791e-04 3.50690727e-04
1.29623040e-01 -1.20096017e-04 3.53660325e-04
1.29980856e-01 4.05232967e-04 3.56869919e-04
1.30338670e-01 2.16236114e-04 3.41072414e-04
1.30696483e-01 1.88458573e-04 3.42155274e-04
1.31054293e-01 3.46780920e-04 3.52904557e-04
1.31412101e-01 -9.15296481e-06 3.42005189e-04
1.31769906e-01 -8.05407776e-04 3.44176554e-04
1.32127710e-01 1.23485609e-04 3.46698864e-04
1.32485511e-01 2.42867141e-04 3.51911906e-04
1.32843311e-01 -1.89970521e-04 3.48479110e-04
1.33201108e-01 4.39905899e-04 3.38824210e-04
1.33558903e-01 6.39904438e-04 3.39600392e-04
1.33916695e-01 2.59704184e-04 3.48307845e-04
1.34274486e-01 -1.19374309e-04 3.43020250e-04
1.34632274e-01 -9.24438859e-05 3.33825546e-04
1.34990060e-01 -1.00660491e-04 3.43250830e-04
1.35347844e-01 2.75869544e-04 3.38801477e-04
1.35705626e-01 -1.93468340e-04 3.35554602e-04
1.36063405e-01 -1.23234334e-04 3.33402990e-04
1.36421182e-01 -1.31774126e-04 3.29043392e-04
1.36778957e-01 1.74350601e-04 3.35603970e-04
1.37136730e-01 -2.28535747e-04 3.39821846e-04
1.37494500e-01 5.23595682e-04 3.43786777e-04
1.37852269e-01 -2.50807606e-05 3.38195279e-04
1.38210034e-01 5.97643940e-04 3.32362871e-04
1.38567798e-01 -4.28259528e-04 3.38537877e-04
1.38925559e-01 2.76801672e-04 3.35346024e-04
1.39283319e-01 1.93414822e-04 3.31890865e-04
1.39641075e-01 -1.30591602e-04 3.36326899e-04
1.39998830e-01 -7.21656848e-05 3.26603009e-04
1.40356582e-01 3.46038484e-04 3.31068593e-04
1.40714332e-01 9.12970561e-06 3.29364814e-04
1.41072080e-01 4.60292205e-04 3.24648804e-04
1.41429825e-01 1.85934887e-04 3.28913216e-04
1.41787568e-01 -3.19886638e-04 3.26150899e-04
1.42145308e-01 4.23606318e-04 3.22809763e-04
1.42503047e-01 4.51569425e-04 3.28284541e-04
1.42860783e-01 5.28094712e-04 3.33027117e-04
1.43218516e-01 3.16866430e-04 3.28277275e-04
1.43576247e-01 4.96185200e-05 3.31078169e-04
1.43933976e-01 -3.36642283e-04 3.20044494e-04
1.44291703e-01 7.55370994e-04 3.30745709e-04
1.44649427e-01 4.01564529e-04 3.22044568e-04
1.45007149e-01 3.81074448e-04 3.20605538e-04
1.45364868e-01 2.55935250e-05 3.17221274e-04
1.45722585e-01 1.67299468e-04 3.17426436e-04
1.46080300e-01 -6.25948191e-05 3.17475058e-04
1.46438012e-01 4.16755763e-05 3.25008136e-04
1.46795722e-01 2.21252542e-04 3.21739895e-04
1.47153429e-01 9.27836802e-05 3.16812988e-04
1.47511134e-01 8.84013194e-05 3.18972171e-04
1.47868837e-01 -1.29659183e-04 3.20828859e-04
1.48226537e-01 1.18215014e-04 3.20141923e-04
1.48584235e-01 -1.30048261e-04 3.16231737e-04
1.48941930e-01 5.66259570e-04 3.21360724e-04
1.49299623e-01 5.00985801e-04 3.09220981e-04
1.49657313e-01 -7.28342762e-05 3.21935841e-04
1.50015001e-01 3.26824160e-04 3.09508895e-04
1.50372687e-01 -2.00583318e-04 3.20755615e-04
1.50730370e-01 9.86663891e-05 3.14878979e-04
1.51088050e-01 6.30146711e-04 3.16789717e-04
1.51445728e-01 -1.40747740e-04 3.15714361e-04
1.51803404e-01 4.29362706e-05 3.19704818e-04
1.52161077e-01 4.85453156e-04 3.11259168e-04
1.52518747e-01 2.68881532e-04 3.11711660e-04
1.52876416e-01 9.62001538e-05 3.15467627e-04
1.53234081e-01 -1.05156588e-04 3.05432250e-04
1.53591744e-01 1.72984835e-04 3.04554478e-04
1.53949405e-01 3.15390702e-04 3.08421623e-04
1.54307063e-01 -2.13133471e-04 3.07128309e-04
1.54664718e-01 1.14949163e-04 3.07811827e-04
1.55022371e-01 2.71906560e-04 3.03999800e-04
1.55380021e-01 2.07838642e-04 3.08881725e-04
1.55737669e-01 -2.95413519e-05 3.07191579e-04
1.56095314e-01 2.73062947e-04 3.04162590e-04
1.56452957e-01 -1.86109843e-04 3.04892859e-04
1.56810597e-01 2.13008180e-04 3.03181583e-04
1.57168235e-01 4.47833328e-04 3.07150572e-04
1.57525870e-01 -2.20636060e-04 3.08260769e-04
1.57883502e-01 -1.60930125e-04 3.01003469e-04
1.58241132e-01 1.61803526e-04 2.98368868e-04
1.58598759e-01 4.81631367e-04 3.06713208e-04
1.58956384e-01 2.20273159e-05 2.98037679e-04
1.59314006e-01 -7.58035185e-05 3.04392727e-04
1.59671625e-01 -2.56797452e-04 2.97933080e-04
1.60029242e-01 2.05664113e-04 3.00301610e-04
1.60386856e-01 -4.00194990e-05 3.01107373e-04
1.60744468e-01 6.12130338e-05 2.99286140e-04
1.61102076e-01 1.57142767e-04 2.92887613e-04
1.61459683e-01 -3.95376570e-04 2.91577639e-04
1.61817286e-01 -4.86229367e-05 2.94783209e-04
1.62174887e-01 1.45229839e-04 2.98955587e-04
1.62532485e-01 6.62000088e-04 2.96238620e-04
1.62890081e-01 4.15782131e-05 2.93942669e-04
1.63247674e-01 5.46332245e-04 2.97276776e-04
1.63605264e-01 -7.35836542e-05 2.96847962e-04
1.63962852e-01 5.12085225e-05 2.88962455e-04
1.64320437e-01 -6.68835671e-04 2.85706110e-04
1.64678019e-01 -3.56053896e-04 2.97029608e-04
1.65035598e-01 1.02036274e-04 2.94591192e-04
1.65393175e-01 -1.68968342e-04 2.93898383e-04
1.65750749e-01 -2.16220597e-04 2.96596324e-04
1.66108320e-01 1.10207525e-04 3.02104789e-04
1.66465889e-01 1.94312340e-04 2.90140830e-04
1.66823455e-01 3.31560877e-05 2.91256618e-04
1.67181018e-01 -2.00230736e-04 2.92601331e-04
1.67538578e-01 -4.41270120e-04 2.80696551e-04
1.67896136e-01 -4.24036665e-05 2.89960781e-04
1.68253691e-01 4.06991562e-05 2.91312901e-04
1.68611243e-01 2.21435105e-04 2.91559274e-04
1.68968792e-01 2.57858540e-04 2.88673686e-04
1.69326339e-01 -3.15752160e-04 2.97842480e-04
1.69683883e-01 -6.72975666e-04 2.87326166e-04
1.70041424e-01 1.95994410e-04 2.83454935e-04
1.70398962e-01 -1.60993280e-04 2.87825727e-04
1.70756497e-01 1.94385884e-04 2.87774125e-04
1.71114030e-01 -4.04385590e-05 2.85062593e-04
1.71471560e-01 3.33879317e-04 2.85290057e-04
1.71829087e-01 3.85884758e-04 2.92787921e-04
1.72186611e-01 2.41175668e-04 2.88857041e-04
1.72544132e-01 3.37692729e-04 2.86335525e-04
1.72901651e-01 -4.34213934e-04 2.83467699e-04
1.73259167e-01 5.44492882e-06 2.86154028e-04
1.73616679e-01 -2.70831334e-04 2.88803162e-04
1.73974189e-01 2.09930561e-04 2.85446074e-04
1.74331697e-01 1.51981279e-05 2.83707779e-04
1.74689201e-01 4.08409797e-05 2.83478567e-04
1.75046702e-01 3.34936442e-04 2.87581350e-04
1.75404201e-01 -2.23336058e-04 2.84197373e-04
1.75761697e-01 3.17689320e-04 2.83113315e-04
1.76119189e-01 -3.52777980e-04 2.87179976e-04
1.76476679e-01 -2.38080805e-04 2.75378212e-04
1.76834166e-01 2.96509705e-04 2.85528725e-04
1.77191650e-01 3.97271497e-04 2.80153825e-04
1.77549132e-01 -8.13026626e-05 2.79982303e-04
1.77906610e-01 -2.67059590e-04 2.81351722e-04
1.78264085e-01 -7.52969820e-05 2.80541185e-04
1.78621558e-01 -8.89626874e-05 2.75101686e-04
1.78979027e-01 6.32595702e-04 2.80842235e-04
1.79336494e-01 5.68870173e-05 2.80870038e-04
1.79693958e-01 -4.00011230e-05 2.81654308e-04
1.80051418e-01 1.51264679e-04 2.80255777e-04
1.80408876e-01 -4.73020812e-04 2.75033999e-04
1.80766331e-01 2.31755109e-04 2.78915150e-04
1.81123783e-01 2.56861950e-04 2.79786216e-04
1.81481232e-01 -2.51766228e-04 2.78234592e-04
1.81838677e-01 -1.20602547e-04 2.79975669e-04
1.82196120e-01 -7.81357419e-05 2.83076434e-04
1.82553560e-01 -2.69276015e-04 2.83994069e-04
1.82910997e-01 -6.50898331e-05 2.75244072e-04
1.83268431e-01 2.23633601e-04 2.82401984e-04
1.83625862e-01 2.39185373e-04 2.82377930e-04
1.83983290e-01 -1.39872664e-04 2.83917012e-04
1.84340715e-01 1.53814559e-04 2.83390463e-04
1.84698137e-01 4.82098337e-04 2.86734547e-04
1.85055556e-01 -3.34743810e-05 2.83033353e-04
1.85412971e-01 -2.19429758e-04 2.78394405e-04
1.85770384e-01 -1.55574616e-04 2.83266125e-04
1.86127794e-01 -1.98075265e-04 2.87683891e-04
1.86485200e-01 1.64409530e-04 2.81713110e-04
1.86842604e-01 1.85776394e-04 2.79158879e-04
1.87200005e-01 -6.10204891e-06 2.72501946e-04
1.87557402e-01 4.55181261e-04 2.76524646e-04
1.87914797e-01 2.41608433e-05 2.74735464e-04
1.88272188e-01 -1.28006035e-04 2.77861954e-04
1.88629576e-01 8.76711937e-05 2.80203837e-04
1.88986961e-01 -1.66751552e-04 2.69918459e-04
1.89344343e-01 1.36276846e-04 2.72916724e-04
1.89701722e-01 1.91130761e-04 2.70914824e-04
1.90059098e-01 -2.65113948e-04 2.71207322e-04
1.90416471e-01 1.38146173e-04 2.77366508e-04
1.90773840e-01 -7.11608745e-05 2.72625069e-04
1.91131207e-01 -9.23914973e-04 2.71102983e-04
1.91488570e-01 1.95432181e-05 2.71760448e-04
1.91845930e-01 -3.16062640e-04 2.67784270e-04
1.92203287e-01 -7.00686704e-04 2.72314426e-04
1.92560641e-01 -2.21492925e-04 2.67324395e-04
1.92917992e-01 -2.10534457e-04 2.67715428e-04
1.93275340e-01 -1.03795541e-04 2.69099775e-04
1.93632684e-01 -2.84415567e-04 2.74845504e-04
1.93990025e-01 -8.75789772e-05 2.68157142e-04
1.94347363e-01 -3.38132445e-04 2.68210545e-04
1.94704698e-01 -2.47274897e-04 2.70176046e-04
1.95062030e-01 7.77766357e-05 2.73008631e-04
1.95419358e-01 2.26489367e-04 2.71310569e-04
1.95776684e-01 -1.24371976e-04 2.72641198e-04
1.96134006e-01 -1.94474419e-04 2.68021591e-04
1.96491324e-01 3.75213296e-04 2.70927221e-04
1.96848640e-01 -5.31569202e-05 2.70470310e-04
1.97205953e-01 -1.69422515e-04 2.82007054e-04
1.97563262e-01 4.13699264e-04 2.72402361e-04
1.97920568e-01 3.07183844e-04 2.78234162e-04
1.98277870e-01 3.80550436e-04 2.77611181e-04
1.98635170e-01 1.89676387e-04 2.72763861e-04
1.98992466e-01 1.46960874e-04 2.67701527e-04
1.99349759e-01 -2.99240844e-04 2.72334200e-04
1.99707049e-01 2.59516597e-04 2.66556454e-04
2.00064335e-01 1.34585120e-04 2.66319992e-04
2.00421618e-01 -3.96769996e-04 2.69770259e-04
2.00778898e-01 -1.84603242e-04 2.68904145e-04
2.01136174e-01 1.80055503e-05 2.59183173e-04
2.01493448e-01 -3.90550826e-04 2.64874912e-04
2.01850718e-01 -1.72673737e-05 2.58473322e-04
2.02207984e-01 -6.83609329e-05 2.60279785e-04
2.02565248e-01 -1.12394444e-04 2.62455374e-04
2.02922508e-01 -1.41276123e-04 2.61794968e-04
2.03279764e-01 -8.23396543e-05 2.58170276e-04
2.03637018e-01 9.08462015e-05 2.61258213e-04
2.03994268e-01 8.48456462e-04 2.64268028e-04
2.04351514e-01 -1.03534546e-04 2.57273073e-04
2.04708758e-01 -4.53038086e-05 2.57747126e-04
2.05065998e-01 3.04694470e-04 2.60001287e-04
2.05423234e-01 1.11913596e-04 2.60299340e-04
2.05780467e-01 2.99808923e-04 2.60098043e-04
2.06137697e-01 1.82547520e-04 2.57548783e-04
2.06494924e-01 3.32748491e-04 2.57250599e-04
2.06852147e-01 -2.37199385e-04 2.53819408e-04
2.07209367e-01 2.90232649e-04 2.57947281e-04
2.07566583e-01 2.21150974e-04 2.59776471e-04
2.07923796e-01 3.37252208e-04 2.57846863e-04
2.08281005e-01 4.13261070e-05 2.58232123e-04
2.08638211e-01 -9.36406372e-05 2.57369423e-04
2.08995414e-01 -1.85382536e-04 2.54469222e-04
2.09352613e-01 4.71179812e-05 2.56577160e-04
2.09709809e-01 1.17324291e-04 2.56904409e-04
2.10067002e-01 3.04098615e-04 2.56937739e-04
2.10424191e-01 3.25739428e-04 2.52110860e-04
2.10781376e-01 -1.26518452e-04 2.50426272e-04
2.11138558e-01 -1.09768810e-05 2.50256066e-04
2.11495737e-01 2.16349018e-04 2.53545824e-04
2.11852912e-01 8.96517142e-05 2.53894886e-04
2.12210084e-01 7.03291650e-05 2.47460759e-04
2.12567252e-01 -1.36089066e-05 2.54119367e-04
2.12924416e-01 2.09622415e-04 2.47018065e-04
2.13281578e-01 4.92372297e-04 2.54990333e-04
2.13638735e-01 -1.47784008e-04 2.46969155e-04
2.13995890e-01 7.56861924e-05 2.48651257e-04
2.14353040e-01 -1.82604358e-04 2.46139425e-04
2.14710188e-01 -3.83323770e-04 2.41275896e-04
2.15067331e-01 -8.65505182e-05 2.50608245e-04
2.15424471e-01 -1.78592864e-04 2.46900430e-04
2.15781608e-01 -8.63105675e-05 2.46304201e-04
2.16138741e-01 3.61582935e-04 2.49184621e-04
2.16495871e-01 1.37547612e-04 2.43685765e-04
2.16852997e-01 3.67790355e-04 2.44442659e-04
2.17210119e-01 2.57402193e-04 2.45089957e-04
2.17567238e-01 2.13456414e-04 2.47643547e-04
2.17924354e-01 -3.27406575e-04 2.45881958e-04
2.18281465e-01 -4.73093301e-04 2.39122392e-04
2.18638574e-01 -7.83687418e-05 2.36988364e-04
2.18995678e-01 9.59704981e-05 2.39738870e-04
2.19352779e-01 -2.09535032e-04 2.45193126e-04
2.19709877e-01 -1.04049466e-04 2.44795912e-04
2.20066971e-01 6.13020909e-05 2.38572170e-04
2.20424061e-01 1.68758237e-04 2.42111477e-04
2.20781147e-01 4.18125372e-05 2.38416318e-04
2.21138230e-01 1.68980476e-04 2.37936139e-04
2.21495310e-01 3.78564328e-04 2.36264907e-04
2.21852386e-01 4.23533755e-04 2.37142238e-04
2.22209458e-01 -6.58725115e-05 2.38079903e-04
2.22566526e-01 -1.80007169e-05 2.33018144e-04
2.22923591e-01 1.56346367e-04 2.34885184e-04
2.23280652e-01 2.18989257e-04 2.36928222e-04
2.23637710e-01 -2.99258174e-05 2.36948605e-04
2.23994764e-01 -1.44369278e-04 2.32529568e-04
2.24351814e-01 2.36117076e-04 2.42853807e-04
2.24708861e-01 -5.17938457e-05 2.41180903e-04
2.25065904e-01 1.05100039e-04 2.39388687e-04
2.25422943e-01 -2.20503406e-04 2.41182726e-04
2.25779978e-01 -2.63869604e-04 2.37095137e-04
2.26137010e-01 -1.44834558e-04 2.31443208e-04
2.26494038e-01 4.84047835e-05 2.36061345e-04
2.26851063e-01 -3.09570496e-04 2.36499207e-04
2.27208083e-01 -7.37393432e-05 2.35125220e-04
2.27565100e-01 -3.74262870e-04 2.31148354e-04
2.27922114e-01 -4.32022855e-04 2.33322830e-04
2.28279123e-01 -1.30798252e-04 2.37386896e-04
2.28636129e-01 1.12329744e-05 2.35448861e-04
2.28993131e-01 -6.10660780e-05 2.34644257e-04
2.29350129e-01 1.36112675e-04 2.30668314e-04
2.29707124e-01 3.96733244e-04 2.38343787e-04
2.30064115e-01 -1.06627499e-04 2.33392856e-04
2.30421102e-01 -1.97088439e-04 2.33179265e-04
2.30778085e-01 -3.19180615e-04 2.31286030e-04
2.31135064e-01 2.37270571e-04 2.32247500e-04
2.31492040e-01 2.68062691e-04 2.33127245e-04
2.31849012e-01 1.01803516e-04 2.32735444e-04
2.32205980e-01 6.11196750e-04 2.31586820e-04
2.32562944e-01 -3.11091760e-04 2.32247664e-04
2.32919905e-01 -3.13421735e-04 2.29783750e-04
2.33276862e-01 -2.17660197e-04 2.31954006e-04
2.33633814e-01 5.47844199e-04 2.32486561e-04
2.33990763e-01 -8.76393281e-06 2.32409130e-04
2.34347709e-01 -3.09230500e-05 2.30985797e-04
2.34704650e-01 7.99022245e-05 2.30771242e-04
2.35061588e-01 -1.87108573e-04 2.31346781e-04
2.35418521e-01 2.16594660e-04 2.27557609e-04
2.35775451e-01 -6.76143843e-05 2.29084839e-04
2.36132377e-01 -5.19726727e-04 2.27855575e-04
2.36489299e-01 -3.14104638e-04 2.28654536e-04
2.36846218e-01 1.99398879e-04 2.28154096e-04
2.37203132e-01 -1.65157462e-04 2.25843015e-04
2.37560042e-01 -4.97492037e-05 2.27364405e-04
2.37916949e-01 2.11487238e-04 2.27544112e-04
2.38273852e-01 2.48737939e-04 2.24382787e-04
2.38630751e-01 -8.51416242e-05 2.24574523e-04
2.38987645e-01 -1.47795060e-04 2.26488921e-04
2.39344537e-01 9.16413666e-05 2.29815896e-04
2.39701424e-01 7.66460263e-05 2.24095930e-04
2.40058307e-01 -1.15887269e-04 2.25565924e-04
2.40415186e-01 2.73002430e-04 2.23164748e-04
2.40772061e-01 -1.29039194e-04 2.22424042e-04
2.41128933e-01 -1.11832069e-04 2.25121976e-04
2.41485800e-01 9.95736494e-05 2.24274083e-04
2.41842664e-01 3.20713779e-04 2.25938561e-04
2.42199523e-01 -8.58990648e-05 2.21816993e-04
2.42556379e-01 -6.39361381e-06 2.20621858e-04
2.42913230e-01 2.84920368e-04 2.23609420e-04
2.43270078e-01 -1.69755382e-04 2.21778334e-04
2.43626922e-01 2.42170790e-04 2.27062326e-04
2.43983761e-01 2.62479053e-04 2.25403495e-04
2.44340597e-01 2.62912220e-04 2.22696793e-04
2.44697429e-01 -1.55151347e-04 2.21333359e-04
2.45054256e-01 1.79312498e-04 2.21127468e-04
2.45411080e-01 1.49546706e-04 2.17677348e-04
2.45767900e-01 3.56163530e-04 2.20013664e-04
2.46124715e-01 1.43101196e-04 2.21432092e-04
2.46481527e-01 2.69076462e-04 2.15391604e-04
2.46838334e-01 -1.66210915e-05 2.23226627e-04
2.47195138e-01 1.13071067e-04 2.22251279e-04
2.47551938e-01 -2.00043205e-04 2.13210072e-04
2.47908733e-01 -3.18962499e-04 2.14978013e-04
2.48265524e-01 1.80922123e-04 2.16566684e-04
2.48622312e-01 1.48734464e-04 2.13156084e-04
2.48979095e-01 7.82693739e-05 2.16476800e-04
2.49335874e-01 -6.27453815e-05 2.19549915e-04
2.49692649e-01 -2.95267211e-05 2.20425591e-04
2.50049420e-01 1.47661177e-04 2.15390515e-04
2.50406187e-01 1.42477127e-04 2.15566067e-04
2.50762950e-01 -1.42803815e-06 2.14269505e-04
2.51119709e-01 1.01950215e-04 2.14155467e-04
2.51476464e-01 9.88793631e-05 2.18669625e-04
2.51833214e-01 1.45361211e-04 2.12967491e-04
2.52189961e-01 3.81884401e-04 2.15314698e-04
2.52546703e-01 4.36447385e-05 2.12936802e-04
2.52903441e-01 -3.90501422e-04 2.13093172e-04
2.53260175e-01 -1.98155804e-04 2.14576880e-04
2.53616905e-01 1.92272502e-05 2.16990816e-04
2.53973631e-01 2.57329068e-04 2.15876714e-04
2.54330352e-01 -5.26775447e-05 2.11770825e-04
2.54687070e-01 1.52863566e-04 2.13332245e-04
2.55043783e-01 -1.04811152e-04 2.14384548e-04
2.55400492e-01 3.47829356e-04 2.12513376e-04
2.55757197e-01 4.77456951e-04 2.12448524e-04
2.56113898e-01 1.99914331e-04 2.07368827e-04
2.56470595e-01 -2.54149536e-04 2.11519264e-04
2.56827287e-01 4.99022978e-05 2.07748023e-04
2.57183975e-01 1.62236751e-04 2.17252660e-04
2.57540659e-01 -2.10229761e-04 2.15865216e-04
2.57897339e-01 8.09449800e-05 2.11206363e-04
2.58254014e-01 9.55303029e-05 2.14621369e-04
2.58610686e-01 -8.29003932e-06 2.14554605e-04
2.58967353e-01 3.00866736e-04 2.15612852e-04
2.59324016e-01 -1.46950078e-04 2.15778050e-04
2.59680674e-01 6.47745460e-05 2.13733731e-04
2.60037329e-01 -5.78348815e-04 2.18251385e-04
2.60393979e-01 6.34973704e-05 2.15131962e-04
2.60750625e-01 6.83798542e-05 2.19417065e-04
2.61107266e-01 -2.86279798e-04 2.16891412e-04
2.61463904e-01 -1.50834916e-04 2.17792181e-04
2.61820537e-01 -1.34066647e-04 2.13806422e-04
2.62177166e-01 1.76229814e-05 2.18192676e-04
2.62533790e-01 2.30537488e-04 2.14816573e-04
2.62890410e-01 1.46950310e-04 2.18807601e-04
2.63247026e-01 1.62704743e-04 2.16412698e-04
2.63603638e-01 -1.27230203e-04 2.13176920e-04
2.63960245e-01 4.76024899e-04 2.16774106e-04
2.64316848e-01 -1.71489791e-05 2.14261637e-04
2.64673447e-01 -2.37677882e-04 2.12512706e-04
2.65030042e-01 -1.41002536e-04 2.15171632e-04
2.65386632e-01 1.23127475e-04 2.20566006e-04
2.65743217e-01 1.36983449e-04 2.15637231e-04
2.66099799e-01 3.97431041e-04 2.17451575e-04
2.66456376e-01 1.14284429e-04 2.16797673e-04
2.66812948e-01 -1.71194510e-04 2.18928777e-04
2.67169517e-01 -8.53527986e-06 2.16053246e-04
2.67526081e-01 1.72460979e-04 2.11747358e-04
2.67882640e-01 -5.80117999e-06 2.15647709e-04
2.68239195e-01 -1.31594099e-04 2.16982799e-04
2.68595746e-01 5.21181515e-04 2.17300680e-04
2.68952293e-01 -1.54865947e-04 2.19201754e-04
2.69308835e-01 -8.37329654e-06 2.18850624e-04
2.69665372e-01 -3.63867760e-04 2.18581281e-04
2.70021906e-01 -1.94616537e-04 2.13210481e-04
2.70378435e-01 -3.69887383e-04 2.19266245e-04
2.70734959e-01 5.16919029e-05 2.25296869e-04
2.71091479e-01 2.72654291e-04 2.24125669e-04
2.71447995e-01 -2.74575493e-04 2.21390011e-04
2.71804506e-01 -3.76093882e-05 2.23329907e-04
2.72161012e-01 1.53192659e-04 2.25570688e-04
2.72517515e-01 3.13236240e-05 2.25322360e-04
2.72874012e-01 3.76517051e-05 2.29716096e-04
