1.54026655e-02 -1.49865211e-04 1.56943444e-03
1.57608633e-02 -1.56889007e-03 1.53230217e-03
1.61190608e-02 1.27968669e-03 1.57191926e-03
1.64772580e-02 -1.39793777e-03 1.45025991e-03
1.68354550e-02 -1.08607553e-03 1.34152913e-03
1.71936517e-02 -2.39710886e-03 1.38415985e-03
1.75518481e-02 1.24090621e-03 1.33724246e-03
1.79100442e-02 1.54587186e-03 1.29014789e-03
1.82682400e-02 -1.22314720e-03 1.22554063e-03
1.86264355e-02 -3.05356472e-03 1.10632919e-03
1.89846308e-02 -3.27830877e-04 1.19953641e-03
1.93428257e-02 -5.63237991e-04 1.14464793e-03
1.97010202e-02 1.84687608e-03 1.13290955e-03
2.00592145e-02 -5.32127912e-04 1.07541326e-03
2.04174084e-02 -6.65791297e-04 1.04203159e-03
2.07756020e-02 8.35204199e-04 1.03945216e-03
2.11337953e-02 3.95153853e-04 9.33986857e-04
2.14919882e-02 1.15255452e-03 9.76750093e-04
2.18501808e-02 -1.33101433e-03 1.03455764e-03
2.22083729e-02 5.99266267e-05 9.82966095e-04
2.25665648e-02 -1.08468134e-03 9.64301000e-04
2.29247562e-02 1.74315596e-04 9.31790467e-04
2.32829473e-02 5.44401025e-04 9.11489668e-04
2.36411380e-02 8.72464157e-04 8.91253378e-04
2.39993283e-02 2.88512854e-04 8.63709317e-04
2.43575182e-02 2.10886602e-04 9.34919486e-04
2.47157077e-02 2.97781665e-04 8.84713905e-04
2.50738968e-02 1.49755311e-04 8.91986474e-04
2.54320855e-02 7.33191309e-04 8.72935413e-04
2.57902738e-02 7.67916812e-04 8.56752015e-04
2.61484617e-02 -1.35659049e-04 8.41810330e-04
2.65066491e-02 -1.48559449e-03 8.03717528e-04
2.68648361e-02 -1.72035728e-03 7.93130589e-04
2.72230226e-02 -1.20057155e-03 8.17233082e-04
2.75812087e-02 9.42619857e-04 8.39299135e-04
2.79393943e-02 6.93592910e-04 8.63705708e-04
2.82975795e-02 -1.32917990e-03 8.14749421e-04
2.86557642e-02 -4.58098572e-04 8.23949441e-04
2.90139485e-02 8.41520420e-04 8.15067415e-04
2.93721323e-02 -7.94321551e-04 7.59125530e-04
2.97303155e-02 -7.78852922e-05 8.35773029e-04
3.00884983e-02 -3.51992995e-04 8.28488157e-04
3.04466806e-02 -8.28015740e-04 8.23515991e-04
3.08048624e-02 -6.48172468e-04 8.22215003e-04
3.11630437e-02 1.06274527e-03 8.55842582e-04
3.15212245e-02 -7.74718272e-04 7.75995689e-04
3.18794048e-02 -2.00363686e-04 8.27840814e-04
3.22375845e-02 6.11907950e-05 8.22863816e-04
3.25957637e-02 -8.76005777e-04 7.65455773e-04
3.29539424e-02 -3.25324206e-04 7.57382032e-04
3.33121205e-02 1.89344261e-03 8.16088409e-04
3.36702981e-02 -1.82668311e-04 7.92207490e-04
3.40284751e-02 -1.26180836e-03 7.97988677e-04
3.43866516e-02 -5.23095909e-04 7.39023441e-04
3.47448275e-02 -6.76770277e-04 7.42615375e-04
3.51030028e-02 -1.03140447e-04 7.35622182e-04
3.54611775e-02 -1.13883639e-04 7.49875311e-04
3.58193517e-02 -2.12943225e-04 7.25453501e-04
3.61775253e-02 3.37180749e-04 7.07380285e-04
3.65356983e-02 -9.13904049e-04 7.20621409e-04
3.68938706e-02 -2.14531473e-04 6.95220033e-04
3.72520424e-02 1.87275332e-04 7.40325858e-04
3.76102136e-02 3.23853200e-04 6.99971829e-04
3.79683841e-02 1.31143182e-04 7.07828896e-04
3.83265540e-02 -6.39160711e-04 6.87168447e-04
3.86847233e-02 -2.54536694e-04 6.83187018e-04
3.90428920e-02 1.55680787e-03 7.17007753e-04
3.94010600e-02 -9.15475370e-04 6.63462662e-04
3.97592273e-02 -8.18797888e-05 6.72067685e-04
4.01173941e-02 2.62721440e-04 6.72622685e-04
4.04755601e-02 -2.37728750e-04 6.93170080e-04
4.08337255e-02 -3.88404488e-04 6.70784337e-04
4.11918902e-02 -8.23516075e-04 6.67919582e-04
4.15500542e-02 5.61270684e-04 6.47166475e-04
4.19082176e-02 -1.09213313e-03 6.40027419e-04
4.22663802e-02 -2.50573067e-04 6.41738512e-04
4.26245422e-02 -3.52575326e-04 6.35973352e-04
4.29827034e-02 2.75454628e-04 6.66846096e-04
4.33408640e-02 -4.20997923e-05 6.63429045e-04
4.36990238e-02 5.70957866e-04 6.65884130e-04
4.40571830e-02 -1.26545018e-03 6.54160922e-04
4.44153414e-02 3.12799974e-04 6.85592691e-04
4.47734990e-02 1.01116317e-03 6.20596835e-04
4.51316560e-02 -5.43758753e-04 6.58077864e-04
4.54898122e-02 3.12805363e-04 6.50880072e-04
4.58479676e-02 1.37616579e-03 6.13198429e-04
4.62061223e-02 -2.70743263e-04 6.25769603e-04
4.65642762e-02 -4.29067345e-04 6.43713951e-04
4.69224294e-02 -5.26641752e-04 6.02422717e-04
4.72805818e-02 -9.20814111e-04 6.32309205e-04
4.76387334e-02 -1.62233810e-03 6.47848617e-04
4.79968842e-02 -6.82447469e-04 6.41275196e-04
4.83550342e-02 -2.32009447e-04 6.31373618e-04
4.87131835e-02 -2.38732909e-04 6.19087753e-04
4.90713319e-02 3.33473034e-04 6.12446983e-04
4.94294795e-02 -8.93303866e-04 6.10693805e-04
4.97876264e-02 -1.09457085e-04 5.93113305e-04
5.01457724e-02 -7.19580307e-04 6.20883192e-04
5.05039175e-02 -4.95229485e-04 5.96830415e-04
5.08620619e-02 -2.38840267e-04 5.97750720e-04
5.12202054e-02 2.04792099e-04 5.92656132e-04
5.15783481e-02 -3.56398719e-05 5.91016782e-04
5.19364899e-02 -5.93086698e-04 5.83494854e-04
5.22946308e-02 -1.33666793e-03 6.01259358e-04
5.26527709e-02 -6.99861133e-05 5.88443820e-04
5.30109102e-02 3.98511036e-04 5.58288288e-04
5.33690485e-02 -5.00080792e-04 5.52537739e-04
5.37271860e-02 -3.62111338e-04 5.64615335e-04
5.40853226e-02 9.97705905e-04 5.59646421e-04
5.44434583e-02 1.67316258e-04 5.62387655e-04
5.48015932e-02 -2.64124068e-04 5.75342689e-04
5.51597271e-02 -1.11972514e-03 5.52379742e-04
5.55178601e-02 -4.91582110e-04 5.61580380e-04
5.58759922e-02 -6.62174669e-04 5.38012724e-04
5.62341234e-02 -9.26552694e-04 5.43187450e-04
5.65922536e-02 5.86693514e-04 5.42341923e-04
5.69503829e-02 4.21955366e-04 5.59403552e-04
5.73085113e-02 -4.91948312e-04 5.27747363e-04
5.76666388e-02 -3.51205816e-04 5.39086788e-04
5.80247653e-02 -2.61044490e-04 5.33154774e-04
5.83828908e-02 -4.91015175e-04 5.30904652e-04
5.87410154e-02 -5.09321840e-04 5.13094764e-04
5.90991390e-02 -1.31223789e-03 5.20831837e-04
5.94572616e-02 2.41679724e-04 5.31797206e-04
5.98153833e-02 -5.01571292e-04 5.21048011e-04
6.01735040e-02 -2.10414115e-04 4.92692170e-04
6.05316237e-02 -5.02485495e-04 5.23499922e-04
6.08897424e-02 -1.77078059e-04 5.29416059e-04
6.12478600e-02 -8.45456640e-04 5.10721325e-04
6.16059767e-02 -1.32467207e-03 5.18510681e-04
6.19640924e-02 4.50308286e-04 5.04958156e-04
6.23222071e-02 -8.23873522e-04 5.21095335e-04
6.26803207e-02 -2.54584109e-04 5.02620192e-04
6.30384333e-02 -2.82858267e-04 5.12970898e-04
6.33965448e-02 -6.62348871e-04 5.00458035e-04
6.37546554e-02 -4.68517468e-04 5.00418901e-04
6.41127648e-02 -1.85905207e-04 5.10890095e-04
6.44708732e-02 -1.85142545e-06 5.19688279e-04
6.48289806e-02 -5.23441553e-04 4.99319098e-04
6.51870869e-02 2.88021304e-04 5.04076153e-04
6.55451921e-02 -2.36169580e-04 4.96037194e-04
6.59032962e-02 -1.05671967e-03 4.85130488e-04
6.62613993e-02 -9.58720298e-04 4.83875506e-04
6.66195012e-02 2.78065220e-04 4.96131416e-04
6.69776021e-02 1.14096381e-04 4.92413674e-04
6.73357019e-02 4.75451033e-04 4.97340147e-04
6.76938005e-02 -8.26940319e-04 4.83386066e-04
6.80518981e-02 -5.48661190e-05 4.83567537e-04
6.84099945e-02 4.91023600e-04 4.89123224e-04
6.87680898e-02 -3.42324128e-04 4.72242799e-04
6.91261840e-02 -7.78737810e-04 4.85236555e-04
6.94842770e-02 -4.16815731e-04 4.81377977e-04
6.98423689e-02 2.02826741e-04 4.85339511e-04
7.02004596e-02 -8.77978364e-04 4.79422802e-04
7.05585492e-02 -3.07888166e-04 4.55659967e-04
7.09166377e-02 4.95047379e-04 4.81975684e-04
7.12747249e-02 -5.01995311e-04 4.66932936e-04
7.16328110e-02 -4.36919781e-04 4.67776872e-04
7.19908959e-02 -5.66603203e-04 4.76425284e-04
7.23489796e-02 6.68745881e-05 4.69030212e-04
7.27070622e-02 3.20147299e-05 4.62562571e-04
7.30651435e-02 -5.64503809e-04 4.78883376e-04
7.34232237e-02 -1.79630255e-04 4.51984987e-04
7.37813026e-02 2.25635648e-05 4.70540363e-04
7.41393803e-02 -3.06317974e-04 4.47125108e-04
7.44974568e-02 -4.19917906e-04 4.68254121e-04
7.48555321e-02 -8.14168826e-04 4.42611305e-04
7.52136061e-02 -9.26796479e-04 4.59596126e-04
7.55716789e-02 6.27543689e-04 4.48290917e-04
7.59297505e-02 -4.31017695e-04 4.55585685e-04
7.62878208e-02 -8.34269804e-04 4.44427315e-04
7.66458899e-02 -3.63138834e-04 4.62405239e-04
7.70039577e-02 2.58384107e-04 4.59239709e-04
7.73620242e-02 5.72232439e-04 4.39837915e-04
7.77200895e-02 -2.62840438e-04 4.56680060e-04
7.80781535e-02 -2.91915870e-04 4.58447369e-04
7.84362162e-02 -7.52463684e-04 4.48099034e-04
7.87942776e-02 -5.82755982e-04 4.57865782e-04
7.91523377e-02 -3.31851103e-04 4.44671016e-04
7.95103965e-02 4.79423915e-04 4.61558918e-04
7.98684540e-02 -7.80451920e-04 4.52465266e-04
8.02265102e-02 -1.45065972e-04 4.56740250e-04
8.05845651e-02 -3.66368910e-04 4.51094747e-04
8.09426186e-02 -6.11966710e-04 4.37053115e-04
8.13006709e-02 -2.83457985e-04 4.46378408e-04
8.16587217e-02 -2.82617657e-04 4.50166960e-04
8.20167713e-02 -7.05239995e-04 4.42614704e-04
8.23748195e-02 -9.75242617e-04 4.36247968e-04
8.27328663e-02 -5.12831323e-04 4.29080193e-04
8.30909118e-02 2.25485835e-04 4.38640030e-04
8.34489559e-02 5.22772473e-04 4.46187869e-04
8.38069986e-02 -1.34837972e-04 4.35137153e-04
8.41650400e-02 -1.12520969e-04 4.13558669e-04
8.45230800e-02 1.00146823e-04 4.24507244e-04
8.48811185e-02 -2.72085009e-04 4.13503143e-04
8.52391557e-02 -2.59957445e-04 4.34901034e-04
8.55971915e-02 -1.93631703e-04 4.59019587e-04
8.59552259e-02 -1.35376924e-03 4.36159721e-04
8.63132589e-02 -8.39890684e-04 4.43656096e-04
8.66712904e-02 -7.24797609e-04 4.27036595e-04
8.70293205e-02 -1.49281041e-05 4.30150172e-04
8.73873492e-02 -2.25406275e-04 4.44342957e-04
8.77453765e-02 -1.46257010e-03 4.24673405e-04
8.81034023e-02 -1.31531330e-03 4.15082929e-04
8.84614267e-02 8.75114139e-05 4.16967011e-04
8.88194496e-02 5.32453721e-05 4.28444938e-04
8.91774710e-02 -1.49557753e-04 4.32250878e-04
8.95354910e-02 -2.86495878e-04 4.21733510e-04
8.98935095e-02 -1.08220927e-03 4.29200650e-04
9.02515266e-02 -1.05032658e-04 4.34368681e-04
9.06095421e-02 -6.97845673e-04 4.33410066e-04
9.09675562e-02 -3.18595671e-04 4.20269933e-04
9.13255687e-02 -1.95523107e-04 4.26453578e-04
9.16835798e-02 -8.45214131e-04 4.25125110e-04
9.20415894e-02 -5.35081766e-04 4.31334568e-04
9.23995974e-02 4.85898291e-05 4.22340139e-04
9.27576039e-02 6.74870442e-05 4.11531364e-04
9.31156089e-02 -7.86132664e-05 4.16867744e-04
9.34736124e-02 -2.88982916e-04 4.25321513e-04
9.38316143e-02 -3.99395548e-05 4.25829486e-04
9.41896147e-02 -9.21496072e-05 4.34420018e-04
9.45476136e-02 -3.43904095e-04 4.30951473e-04
9.49056108e-02 -2.85815585e-04 4.15059982e-04
9.52636066e-02 -7.51961791e-05 4.18446932e-04
9.56216007e-02 -5.07077058e-04 3.98743734e-04
9.59795933e-02 -5.86960343e-04 4.13838168e-04
9.63375843e-02 -4.22686552e-04 4.12924600e-04
9.66955738e-02 2.25226966e-04 3.96445629e-04
9.70535616e-02 -1.30992071e-04 4.03870292e-04
9.74115478e-02 -5.57616249e-04 3.99085057e-04
9.77695325e-02 3.17237878e-04 4.04216162e-04
9.81275155e-02 -2.83700526e-04 3.99728379e-04
9.84854969e-02 -1.14148634e-04 3.95506527e-04
9.88434768e-02 -4.91870238e-04 4.04508133e-04
9.92014549e-02 -6.38716748e-04 3.99213306e-04
9.95594315e-02 5.71351316e-04 4.04349966e-04
9.99174064e-02 -2.31963054e-04 3.83146676e-04
1.00275380e-01 -6.96976523e-04 3.85194828e-04
1.00633351e-01 -9.84246965e-04 3.83491442e-04
1.00991321e-01 -5.74636465e-04 3.84293626e-04
1.01349290e-01 -4.29270972e-04 3.77927036e-04
1.01707256e-01 -5.03334317e-04 3.84177783e-04
1.02065221e-01 -5.27703166e-04 3.93417305e-04
1.02423184e-01 -1.86344558e-04 3.84253386e-04
1.02781146e-01 -1.19696141e-04 3.82180035e-04
1.03139106e-01 -9.22837435e-04 3.94687266e-04
1.03497064e-01 -2.37278660e-04 3.92802784e-04
1.03855021e-01 -5.83739506e-04 3.80206146e-04
1.04212976e-01 -1.88584612e-04 3.93339921e-04
1.04570929e-01 -1.00250163e-03 3.93985195e-04
1.04928880e-01 -5.09409687e-04 3.89560982e-04
1.05286830e-01 -4.57331942e-04 3.86058126e-04
1.05644778e-01 -3.93634418e-04 3.93231718e-04
1.06002724e-01 7.66744056e-05 3.94880727e-04
1.06360668e-01 -8.94637218e-05 3.96789870e-04
1.06718611e-01 -9.29114608e-05 3.97994834e-04
1.07076552e-01 -5.51215554e-04 3.87725042e-04
1.07434491e-01 -4.45812521e-04 4.02873819e-04
1.07792429e-01 -9.12110588e-04 3.98666994e-04
1.08150364e-01 -1.00788887e-04 3.90825210e-04
1.08508298e-01 3.96418270e-04 4.12692248e-04
1.08866230e-01 -5.68081149e-05 3.96883517e-04
1.09224160e-01 -4.57983272e-04 3.92487657e-04
1.09582089e-01 -5.63471591e-05 3.94363742e-04
1.09940016e-01 -6.01516340e-04 3.85045505e-04
1.10297941e-01 6.96867620e-05 3.91348443e-04
1.10655864e-01 1.14939468e-05 3.80390711e-04
1.11013785e-01 -3.33937510e-04 3.90796102e-04
1.11371704e-01 -4.87512644e-04 3.83996635e-04
1.11729622e-01 2.12038695e-04 3.83814215e-04
1.12087538e-01 -5.68758690e-04 3.77432601e-04
1.12445452e-01 -5.03009529e-04 3.70948596e-04
1.12803364e-01 -6.12950498e-04 3.80213874e-04
1.13161274e-01 -7.59058823e-05 3.81472985e-04
1.13519182e-01 4.26329940e-05 3.76697100e-04
1.13877089e-01 -6.22499808e-04 3.70418178e-04
1.14234994e-01 -1.19818953e-04 3.85159177e-04
1.14592896e-01 -1.51152853e-04 3.65554266e-04
1.14950797e-01 -6.64872665e-04 3.72110678e-04
1.15308696e-01 -5.85960781e-04 3.66053002e-04
1.15666593e-01 -3.91293417e-04 3.73820422e-04
1.16024488e-01 -3.79897543e-04 3.79205929e-04
1.16382382e-01 3.17128754e-04 3.61399827e-04
1.16740273e-01 -3.63339378e-04 3.78071494e-04
1.17098163e-01 -1.72465910e-04 3.71698794e-04
1.17456050e-01 -3.76547011e-04 3.63520335e-04
1.17813936e-01 -1.17398009e-04 3.74973911e-04
1.18171819e-01 -1.90212133e-04 3.75785455e-04
1.18529701e-01 -1.43633817e-04 3.84021931e-04
1.18887581e-01 -3.20208401e-06 3.80048686e-04
1.19245459e-01 -8.44807540e-04 3.62246430e-04
1.19603335e-01 -6.64427010e-04 3.72704710e-04
1.19961208e-01 -4.53958956e-04 3.73525022e-04
1.20319080e-01 -4.33688518e-04 3.75208487e-04
1.20676950e-01 -5.41580485e-04 3.66238142e-04
1.21034818e-01 -5.48675666e-05 3.79573571e-04
1.21392684e-01 -7.52319015e-05 3.73753751e-04
1.21750548e-01 -3.80044351e-04 3.67995096e-04
1.22108410e-01 1.87713518e-04 3.78409869e-04
1.22466270e-01 -2.31450953e-04 3.66075493e-04
1.22824128e-01 1.19299486e-04 3.76093911e-04
1.23181984e-01 7.26973116e-05 3.70204601e-04
1.23539838e-01 8.92050816e-05 3.80407271e-04
1.23897690e-01 -5.32119915e-05 3.65323894e-04
1.24255540e-01 -1.81115574e-04 3.64102668e-04
1.24613388e-01 -2.82429401e-04 3.72275877e-04
1.24971233e-01 -4.50312765e-04 3.60766223e-04
1.25329077e-01 4.80307592e-05 3.63674603e-04
1.25686919e-01 -5.02289727e-04 3.51753440e-04
1.26044758e-01 -3.26771535e-04 3.55285501e-04
1.26402596e-01 -7.93713090e-04 3.63382470e-04
1.26760431e-01 -4.19083882e-04 3.57009537e-04
1.27118265e-01 -6.49897772e-04 3.48688145e-04
1.27476096e-01 -3.12797456e-04 3.55890934e-04
1.27833925e-01 -1.00737062e-03 3.46081019e-04
1.28191752e-01 8.22607900e-05 3.60238983e-04
1.28549577e-01 -7.02763567e-04 3.47182998e-04
1.28907400e-01 -1.02406048e-03 3.48586374e-04
1.29265221e-01 -9.30781230e-04 3.43223199e-04
1.29623040e-01 5.32356200e-05 3.53505206e-04
1.29980856e-01 -7.38007545e-04 3.48593382e-04
1.30338670e-01 3.85441724e-05 3.50193748e-04
1.30696483e-01 1.51489674e-05 3.40733628e-04
1.31054293e-01 -2.80096571e-04 3.42228988e-04
1.31412101e-01 8.06808858e-05 3.37930951e-04
1.31769906e-01 -5.13609047e-04 3.39999246e-04
1.32127710e-01 -4.22549060e-04 3.43811476e-04
1.32485511e-01 2.07117704e-04 3.50376785e-04
1.32843311e-01 -5.19237410e-04 3.40115683e-04
1.33201108e-01 -1.56213326e-04 3.43907926e-04
1.33558903e-01 -1.91114485e-04 3.44089758e-04
1.33916695e-01 2.11967297e-04 3.44137714e-04
1.34274486e-01 -3.81828353e-04 3.36508327e-04
1.34632274e-01 6.59252272e-09 3.37772637e-04
1.34990060e-01 -1.11117053e-03 3.36686412e-04
1.35347844e-01 -6.80640783e-04 3.34809834e-04
1.35705626e-01 -1.53489399e-04 3.33214124e-04
1.36063405e-01 6.69391489e-05 3.35019154e-04
1.36421182e-01 -1.44914134e-04 3.37788991e-04
1.36778957e-01 -2.44522369e-04 3.39342808e-04
1.37136730e-01 -2.35427836e-04 3.38281901e-04
1.37494500e-01 -5.63909351e-04 3.31504791e-04
1.37852269e-01 2.73137356e-04 3.29822128e-04
1.38210034e-01 -7.33100961e-05 3.28738368e-04
1.38567798e-01 -4.30530997e-04 3.34346096e-04
1.38925559e-01 -3.05471700e-04 3.27097437e-04
1.39283319e-01 -4.69890795e-04 3.29383865e-04
1.39641075e-01 -7.33627464e-04 3.24629551e-04
1.39998830e-01 -6.97064431e-04 3.34186344e-04
1.40356582e-01 -2.84071248e-04 3.25859719e-04
1.40714332e-01 -1.61009204e-04 3.23231281e-04
1.41072080e-01 -2.02158416e-06 3.29456790e-04
1.41429825e-01 -7.85769077e-04 3.18950908e-04
1.41787568e-01 -8.65490778e-04 3.28229322e-04
1.42145308e-01 -6.06651736e-04 3.20472940e-04
1.42503047e-01 2.05860727e-04 3.24364834e-04
1.42860783e-01 -4.54327537e-04 3.27607996e-04
1.43218516e-01 2.13354824e-04 3.29900583e-04
1.43576247e-01 -5.76019482e-04 3.21646301e-04
1.43933976e-01 -7.13041907e-05 3.20812671e-04
1.44291703e-01 1.64902062e-04 3.17388514e-04
1.44649427e-01 -9.01354310e-04 3.19393703e-04
1.45007149e-01 -4.03250671e-04 3.20726677e-04
1.45364868e-01 1.91799744e-05 3.18025122e-04
1.45722585e-01 -5.67457039e-05 3.20552786e-04
1.46080300e-01 -4.53448833e-04 3.17883852e-04
1.46438012e-01 -8.85049708e-04 3.10380327e-04
1.46795722e-01 -1.88175531e-04 3.16883604e-04
1.47153429e-01 -7.17495628e-04 3.14760109e-04
1.47511134e-01 -1.00431650e-04 3.16529100e-04
1.47868837e-01 3.53334183e-04 3.24576722e-04
1.48226537e-01 -5.12808413e-04 3.10247563e-04
1.48584235e-01 -1.59908319e-04 3.12196197e-04
1.48941930e-01 -6.89019088e-04 3.14429506e-04
1.49299623e-01 -6.45967917e-04 3.11048679e-04
1.49657313e-01 -6.53003148e-04 3.08319265e-04
1.50015001e-01 -2.40941661e-04 3.17207301e-04
1.50372687e-01 5.21727195e-05 3.12260665e-04
1.50730370e-01 -6.76141738e-05 3.12285498e-04
1.51088050e-01 -1.92135755e-04 3.10363092e-04
1.51445728e-01 1.75523792e-06 3.05966483e-04
1.51803404e-01 -3.44561827e-04 3.10403926e-04
1.52161077e-01 5.24849106e-05 3.08504730e-04
1.52518747e-01 4.26570489e-04 3.04782767e-04
1.52876416e-01 -1.57487774e-04 3.06436286e-04
1.53234081e-01 -2.80534305e-04 3.02325636e-04
1.53591744e-01 -4.16815795e-04 3.04727859e-04
1.53949405e-01 -6.02979021e-04 2.97731045e-04
1.54307063e-01 -6.77361204e-04 2.99957658e-04
1.54664718e-01 -2.21553701e-04 3.10014244e-04
1.55022371e-01 1.21180738e-04 3.17375263e-04
1.55380021e-01 -1.34996161e-04 3.08342191e-04
1.55737669e-01 -4.11600842e-04 3.01827946e-04
1.56095314e-01 1.02589259e-04 2.96347226e-04
1.56452957e-01 -1.12411308e-04 3.05861244e-04
1.56810597e-01 -5.77481476e-04 3.06349158e-04
1.57168235e-01 -5.15430543e-05 3.13582304e-04
1.57525870e-01 -7.31875571e-04 3.04973395e-04
1.57883502e-01 -7.83034544e-04 2.98397914e-04
1.58241132e-01 -2.49252044e-04 3.04672976e-04
1.58598759e-01 -4.36081741e-04 3.02280253e-04
1.58956384e-01 -1.28403795e-03 2.96545152e-04
1.59314006e-01 -6.89197899e-04 2.94796364e-04
1.59671625e-01 -5.62714499e-04 2.96692231e-04
1.60029242e-01 5.90789979e-05 3.03643839e-04
1.60386856e-01 -9.58773050e-04 2.96719348e-04
1.60744468e-01 -1.84596825e-04 2.95375119e-04
1.61102076e-01 -5.88520567e-04 2.95372494e-04
1.61459683e-01 3.60582158e-05 2.96333455e-04
1.61817286e-01 1.66664556e-04 3.01508555e-04
1.62174887e-01 -5.92750175e-04 2.90305696e-04
1.62532485e-01 -2.91790311e-04 2.91354003e-04
1.62890081e-01 9.98511307e-05 2.92909021e-04
1.63247674e-01 -4.37694321e-04 2.88243854e-04
1.63605264e-01 -2.33281558e-04 2.97017131e-04
1.63962852e-01 4.12005970e-04 2.98421205e-04
1.64320437e-01 1.12491925e-04 2.96685362e-04
1.64678019e-01 -8.48950369e-05 2.96243968e-04
1.65035598e-01 -1.61813790e-04 2.93642096e-04
1.65393175e-01 -3.54351226e-04 2.92275203e-04
1.65750749e-01 -3.04567946e-04 2.93904339e-04
1.66108320e-01 -3.81203075e-04 2.93627434e-04
1.66465889e-01 -5.62954406e-04 2.85003449e-04
1.66823455e-01 -4.51760538e-04 2.89231616e-04
1.67181018e-01 -8.94033421e-04 2.84655180e-04
1.67538578e-01 -7.96613821e-04 2.87643379e-04
1.67896136e-01 -1.00998463e-04 2.82863912e-04
1.68253691e-01 -2.44421034e-04 2.86825535e-04
1.68611243e-01 1.17205707e-05 2.91811279e-04
1.68968792e-01 -2.54922180e-04 2.90568014e-04
1.69326339e-01 -1.15684514e-04 2.84773504e-04
1.69683883e-01 -3.34997934e-04 2.86995712e-04
1.70041424e-01 -6.99949275e-04 2.81224002e-04
1.70398962e-01 -4.74095021e-04 2.83183801e-04
1.70756497e-01 1.23747257e-04 2.84243631e-04
1.71114030e-01 -1.52718064e-04 2.84581555e-04
1.71471560e-01 -4.57980630e-04 2.82634433e-04
1.71829087e-01 -4.40342314e-04 2.92212279e-04
1.72186611e-01 1.38213498e-04 2.90347914e-04
1.72544132e-01 -5.99258976e-04 2.86958070e-04
1.72901651e-01 -3.15097206e-04 2.86467027e-04
1.73259167e-01 1.39135923e-04 2.93031652e-04
1.73616679e-01 -4.78695268e-04 2.80374452e-04
1.73974189e-01 -3.03250650e-04 2.85105310e-04
1.74331697e-01 -5.04153986e-05 2.84391427e-04
1.74689201e-01 -2.35726911e-05 2.85882977e-04
1.75046702e-01 -1.78085075e-04 2.78058317e-04
1.75404201e-01 -4.98197913e-04 2.79865048e-04
1.75761697e-01 -1.79451407e-04 2.79704587e-04
1.76119189e-01 -4.40614123e-04 2.80270941e-04
1.76476679e-01 -5.76490912e-04 2.72413715e-04
1.76834166e-01 -5.96680239e-04 2.77832159e-04
1.77191650e-01 5.46493012e-05 2.82340508e-04
1.77549132e-01 2.09267866e-04 2.81125092e-04
1.77906610e-01 -1.83426602e-04 2.83221926e-04
1.78264085e-01 -1.49558479e-04 2.82718063e-04
1.78621558e-01 -5.64054032e-05 2.81843713e-04
1.78979027e-01 -2.51076253e-04 2.79682817e-04
1.79336494e-01 -1.77753011e-04 2.78705652e-04
1.79693958e-01 -4.66693517e-04 2.74134686e-04
1.80051418e-01 -2.26600525e-04 2.81929505e-04
1.80408876e-01 -4.98788758e-04 2.73981714e-04
1.80766331e-01 -3.64668277e-04 2.83316311e-04
1.81123783e-01 -7.37215972e-05 2.81651686e-04
1.81481232e-01 -4.16577002e-04 2.72249541e-04
1.81838677e-01 -6.73662114e-04 2.74654010e-04
1.82196120e-01 -7.67763615e-05 2.84707962e-04
1.82553560e-01 -3.86436996e-04 2.82633911e-04
1.82910997e-01 -4.90582124e-04 2.82352955e-04
1.83268431e-01 6.50867851e-05 2.82928043e-04
1.83625862e-01 -4.68156509e-05 2.85935009e-04
1.83983290e-01 -3.87447700e-04 2.83851733e-04
1.84340715e-01 -5.16769269e-04 2.81572879e-04
1.84698137e-01 -5.75544370e-04 2.77680089e-04
1.85055556e-01 -2.51074211e-04 2.80325732e-04
1.85412971e-01 -5.74882424e-04 2.70314977e-04
1.85770384e-01 -1.80334581e-04 2.82602786e-04
1.86127794e-01 -3.85445634e-04 2.79936624e-04
1.86485200e-01 -4.93539274e-05 2.76246630e-04
1.86842604e-01 -1.59211211e-04 2.76687507e-04
1.87200005e-01 -6.70995580e-04 2.76171807e-04
1.87557402e-01 -7.20541447e-05 2.76978328e-04
1.87914797e-01 -3.96184278e-04 2.71617107e-04
1.88272188e-01 4.70905322e-04 2.80054244e-04
1.88629576e-01 3.35360334e-05 2.74362488e-04
1.88986961e-01 -2.62972062e-04 2.76041752e-04
1.89344343e-01 -2.38164217e-04 2.69205048e-04
1.89701722e-01 -1.12678778e-04 2.74620011e-04
1.90059098e-01 5.47416558e-05 2.70240596e-04
1.90416471e-01 -5.74550011e-04 2.69721474e-04
1.90773840e-01 -4.44044911e-04 2.70542265e-04
1.91131207e-01 -3.38349614e-04 2.70236020e-04
1.91488570e-01 -2.30470977e-04 2.70163970e-04
1.91845930e-01 -6.68106103e-04 2.72825475e-04
1.92203287e-01 -8.89329511e-05 2.70235306e-04
1.92560641e-01 -3.79079772e-04 2.63910605e-04
1.92917992e-01 -3.44360209e-04 2.65980440e-04
1.93275340e-01 -5.64722713e-04 2.66055050e-04
1.93632684e-01 -4.67965323e-05 2.65812576e-04
1.93990025e-01 -6.63635152e-04 2.69263503e-04
1.94347363e-01 -5.92122084e-04 2.72204188e-04
1.94704698e-01 -5.01297576e-04 2.72999948e-04
1.95062030e-01 1.12977426e-04 2.74023818e-04
1.95419358e-01 -3.41114876e-04 2.70095252e-04
1.95776684e-01 7.05073085e-06 2.73718236e-04
1.96134006e-01 -2.15198063e-04 2.67954828e-04
1.96491324e-01 -3.31475600e-04 2.67642263e-04
1.96848640e-01 -3.64517400e-04 2.63470850e-04
1.97205953e-01 -4.34612526e-04 2.71826435e-04
1.97563262e-01 -2.18496351e-04 2.75556522e-04
1.97920568e-01 -4.29789492e-04 2.68639444e-04
1.98277870e-01 -5.22657158e-04 2.67579815e-04
1.98635170e-01 -4.76898086e-04 2.70519490e-04
1.98992466e-01 -5.59260594e-04 2.69121991e-04
1.99349759e-01 -3.53256048e-04 2.74099859e-04
1.99707049e-01 -3.74323615e-04 2.72076923e-04
2.00064335e-01 -2.81253847e-04 2.66317976e-04
2.00421618e-01 -2.79918494e-05 2.69541830e-04
2.00778898e-01 1.78948511e-04 2.64239447e-04
2.01136174e-01 -7.87931067e-04 2.58684187e-04
2.01493448e-01 -5.93074184e-04 2.58904950e-04
2.01850718e-01 -2.75091280e-04 2.57037847e-04
2.02207984e-01 1.07857984e-04 2.58952695e-04
2.02565248e-01 -1.52736375e-04 2.59306878e-04
2.02922508e-01 -3.19261936e-04 2.57556358e-04
2.03279764e-01 -4.85254011e-04 2.62461824e-04
2.03637018e-01 -6.96196231e-04 2.54346276e-04
2.03994268e-01 -2.51433734e-04 2.52335288e-04
2.04351514e-01 -3.81209700e-04 2.51584447e-04
2.04708758e-01 -2.55606502e-04 2.52778597e-04
2.05065998e-01 -5.21075217e-04 2.55626372e-04
2.05423234e-01 -1.26585106e-04 2.60702655e-04
2.05780467e-01 -1.11137017e-04 2.60727247e-04
2.06137697e-01 -3.49788356e-04 2.56626635e-04
2.06494924e-01 -3.47075446e-04 2.59091607e-04
2.06852147e-01 5.31036855e-05 2.53279366e-04
2.07209367e-01 -4.83843991e-04 2.50632459e-04
2.07566583e-01 1.67717686e-04 2.59148861e-04
2.07923796e-01 -7.02045611e-05 2.53766823e-04
2.08281005e-01 -2.95380940e-04 2.56784838e-04
2.08638211e-01 -7.19323525e-04 2.51945908e-04
2.08995414e-01 1.37575290e-04 2.56183207e-04
2.09352613e-01 -1.03997206e-04 2.51048735e-04
2.09709809e-01 -2.45699696e-04 2.53556366e-04
2.10067002e-01 -1.43918142e-04 2.53008053e-04
2.10424191e-01 1.12623541e-05 2.55566735e-04
2.10781376e-01 -6.64595316e-04 2.50111030e-04
2.11138558e-01 -5.19881418e-04 2.57710026e-04
2.11495737e-01 -2.29553454e-05 2.52601147e-04
2.11852912e-01 -3.64779190e-04 2.51540933e-04
2.12210084e-01 7.44741115e-05 2.47575067e-04
2.12567252e-01 -1.74420658e-04 2.46067022e-04
2.12924416e-01 -5.44996483e-04 2.49439328e-04
2.13281578e-01 -2.62001892e-04 2.50203335e-04
2.13638735e-01 -5.66839451e-04 2.51662827e-04
2.13995890e-01 -3.76824708e-05 2.46807517e-04
2.14353040e-01 -6.66130575e-04 2.44620761e-04
2.14710188e-01 -6.81343903e-04 2.39997305e-04
2.15067331e-01 -3.11188381e-04 2.46557967e-04
2.15424471e-01 -3.65695001e-04 2.41863035e-04
2.15781608e-01 -2.49138027e-04 2.43278659e-04
2.16138741e-01 -5.03979984e-04 2.48035082e-04
2.16495871e-01 -1.64216017e-04 2.46353648e-04
2.16852997e-01 2.77066768e-04 2.47939772e-04
2.17210119e-01 -2.71589886e-04 2.49145213e-04
2.17567238e-01 -3.90626003e-04 2.43374288e-04
2.17924354e-01 -4.72063408e-04 2.42589012e-04
2.18281465e-01 1.58319359e-05 2.45925123e-04
2.18638574e-01 -9.71684837e-05 2.43843924e-04
2.18995678e-01 -6.62347810e-04 2.40634655e-04
2.19352779e-01 -2.01297601e-04 2.37135090e-04
2.19709877e-01 -4.49224071e-04 2.42838001e-04
2.20066971e-01 -3.38744537e-05 2.39031764e-04
2.20424061e-01 5.17448864e-05 2.43852919e-04
2.20781147e-01 -6.07886820e-05 2.42980010e-04
2.21138230e-01 -4.75290076e-04 2.40517317e-04
2.21495310e-01 -2.13197659e-04 2.38873511e-04
2.21852386e-01 -1.74804840e-04 2.39375255e-04
2.22209458e-01 -5.63352818e-04 2.36966719e-04
2.22566526e-01 -8.85401367e-05 2.39289654e-04
2.22923591e-01 -2.85567443e-04 2.42393577e-04
2.23280652e-01 -5.33577875e-04 2.33213569e-04
2.23637710e-01 -4.02451022e-04 2.30900572e-04
2.23994764e-01 -2.45811107e-04 2.35733260e-04
2.24351814e-01 -3.42141464e-04 2.36332759e-04
2.24708861e-01 -1.82370130e-04 2.39592469e-04
2.25065904e-01 1.47080785e-04 2.37887335e-04
2.25422943e-01 -4.12873926e-04 2.36692985e-04
2.25779978e-01 -1.22612796e-04 2.38236311e-04
2.26137010e-01 1.79978053e-05 2.33515950e-04
2.26494038e-01 -5.17022001e-05 2.40024700e-04
2.26851063e-01 -4.43020755e-04 2.30194668e-04
2.27208083e-01 -2.29076481e-04 2.34111973e-04
2.27565100e-01 -1.88128361e-04 2.33347494e-04
2.27922114e-01 -2.42539297e-04 2.31027205e-04
2.28279123e-01 -9.33209555e-05 2.32922046e-04
2.28636129e-01 2.51345169e-04 2.34635345e-04
2.28993131e-01 5.36782930e-05 2.35656548e-04
2.29350129e-01 -3.35873498e-04 2.30140890e-04
2.29707124e-01 -1.64615701e-04 2.33695134e-04
2.30064115e-01 1.13996536e-07 2.34570087e-04
2.30421102e-01 -3.54499110e-04 2.28950090e-04
2.30778085e-01 -4.22547818e-04 2.27631294e-04
2.31135064e-01 -2.67016722e-04 2.31862772e-04
2.31492040e-01 9.31909063e-06 2.30059988e-04
2.31849012e-01 7.27606806e-05 2.30150311e-04
2.32205980e-01 -2.32940678e-04 2.29030560e-04
2.32562944e-01 -1.16771370e-04 2.31035262e-04
2.32919905e-01 -2.43867051e-04 2.32036563e-04
2.33276862e-01 -1.46166532e-04 2.31899701e-04
2.33633814e-01 1.07297688e-04 2.33704248e-04
2.33990763e-01 -1.78737608e-04 2.30827454e-04
2.34347709e-01 -5.50575035e-05 2.27319718e-04
2.34704650e-01 -4.29994557e-04 2.21826598e-04
2.35061588e-01 -5.37573422e-04 2.30166264e-04
2.35418521e-01 -5.73499841e-04 2.25980604e-04
2.35775451e-01 -3.33815104e-05 2.24918928e-04
2.36132377e-01 -7.56148335e-04 2.24906038e-04
2.36489299e-01 -3.79222001e-04 2.27598910e-04
2.36846218e-01 -3.88613215e-04 2.28931391e-04
2.37203132e-01 -4.56706631e-04 2.27341979e-04
2.37560042e-01 -2.12395121e-04 2.24277565e-04
2.37916949e-01 -1.63798813e-04 2.26277671e-04
2.38273852e-01 -1.07574251e-04 2.22747562e-04
2.38630751e-01 5.76276848e-05 2.24912031e-04
2.38987645e-01 -1.75179889e-04 2.22599911e-04
2.39344537e-01 -1.33116003e-05 2.22476053e-04
2.39701424e-01 -1.36469411e-04 2.22033380e-04
2.40058307e-01 -1.63778983e-04 2.16888082e-04
2.40415186e-01 -2.79504977e-04 2.26877830e-04
2.40772061e-01 -2.92486684e-04 2.22626078e-04
2.41128933e-01 -2.14887106e-04 2.21541401e-04
2.41485800e-01 -1.43743688e-04 2.25000405e-04
2.41842664e-01 -6.77102183e-05 2.23714861e-04
2.42199523e-01 -1.73958282e-04 2.21894457e-04
2.42556379e-01 -2.31071426e-04 2.23166763e-04
2.42913230e-01 -7.38499292e-05 2.20075475e-04
2.43270078e-01 -1.78098454e-04 2.15297507e-04
2.43626922e-01 -1.01531593e-04 2.19239682e-04
2.43983761e-01 1.64013276e-04 2.21155559e-04
2.44340597e-01 -1.33388733e-04 2.16076093e-04
2.44697429e-01 1.36127802e-04 2.17971800e-04
2.45054256e-01 -4.49905914e-04 2.12922665e-04
2.45411080e-01 -1.69938494e-04 2.17841063e-04
2.45767900e-01 -4.81499294e-04 2.14994676e-04
2.46124715e-01 -4.51657170e-04 2.20523129e-04
2.46481527e-01 -1.61294715e-04 2.18144079e-04
2.46838334e-01 2.30568323e-05 2.15944074e-04
2.47195138e-01 -2.99678177e-04 2.19004552e-04
2.47551938e-01 -1.06007447e-04 2.16585827e-04
2.47908733e-01 -4.50717848e-05 2.17474765e-04
2.48265524e-01 -3.84893393e-04 2.15951719e-04
2.48622312e-01 -6.99528276e-04 2.14000634e-04
2.48979095e-01 -4.19803255e-04 2.16521123e-04
2.49335874e-01 -4.85925315e-04 2.14421550e-04
2.49692649e-01 3.36879958e-04 2.18199159e-04
2.50049420e-01 1.33854515e-04 2.18162846e-04
2.50406187e-01 -1.33585629e-04 2.15402730e-04
2.50762950e-01 2.68726012e-05 2.14049590e-04
2.51119709e-01 -3.71382632e-04 2.11898048e-04
2.51476464e-01 -3.59727488e-04 2.14802858e-04
2.51833214e-01 -2.26302611e-04 2.10891923e-04
2.52189961e-01 -2.47792836e-04 2.15597700e-04
2.52546703e-01 -4.07587792e-04 2.08786359e-04
2.52903441e-01 -2.37858154e-04 2.14600169e-04
2.53260175e-01 -3.33689103e-04 2.16343437e-04
2.53616905e-01 -4.84320958e-04 2.13126404e-04
2.53973631e-01 -2.07346656e-04 2.13113069e-04
2.54330352e-01 1.38006588e-04 2.13910804e-04
2.54687070e-01 1.02082282e-04 2.14577385e-04
2.55043783e-01 -9.57566349e-05 2.09057414e-04
2.55400492e-01 -1.11140827e-04 2.07568796e-04
2.55757197e-01 -1.79738410e-04 2.11441017e-04
2.56113898e-01 -2.34578666e-04 2.11230702e-04
2.56470595e-01 -4.87744545e-05 2.14108419e-04
2.56827287e-01 -2.82144955e-04 2.08857481e-04
2.57183975e-01 -4.48657000e-04 2.15248016e-04
2.57540659e-01 -3.18058159e-04 2.16353375e-04
2.57897339e-01 -1.99942668e-04 2.16180320e-04
2.58254014e-01 -3.79415759e-04 2.12204189e-04
2.58610686e-01 -3.14919412e-04 2.14671512e-04
2.58967353e-01 1.64634460e-04 2.13907175e-04
2.59324016e-01 -7.04308997e-05 2.14681603e-04
2.59680674e-01 -2.01386485e-05 2.16163324e-04
2.60037329e-01 -4.04365534e-04 2.17627123e-04
2.60393979e-01 -5.50360555e-04 2.13881034e-04
2.60750625e-01 -3.75503798e-05 2.14704959e-04
2.61107266e-01 -4.48249960e-04 2.16577915e-04
2.61463904e-01 -4.41364641e-05 2.13605651e-04
2.61820537e-01 -5.47454862e-04 2.12991877e-04
2.62177166e-01 -4.61369966e-04 2.10430097e-04
2.62533790e-01 8.20268204e-05 2.15161243e-04
2.62890410e-01 -1.71768640e-04 2.13989704e-04
2.63247026e-01 -4.55377846e-04 2.12488853e-04
2.63603638e-01 -7.68835504e-05 2.09126733e-04
2.63960245e-01 -3.15562904e-05 2.11918096e-04
2.64316848e-01 -2.20434594e-04 2.10574029e-04
2.64673447e-01 -4.83914747e-05 2.12675497e-04
2.65030042e-01 1.20257791e-04 2.13374587e-04
2.65386632e-01 -2.91632623e-04 2.13317642e-04
2.65743217e-01 2.20267751e-06 2.11223303e-04
2.66099799e-01 -3.01288951e-04 2.12902656e-04
2.66456376e-01 -2.40278331e-04 2.11011982e-04
2.66812948e-01 -4.30838757e-04 2.10748443e-04
2.67169517e-01 -3.54089232e-04 2.12672507e-04
2.67526081e-01 -2.67863109e-04 2.16354245e-04
2.67882640e-01 -3.67059333e-05 2.18782025e-04
2.68239195e-01 4.37612258e-05 2.23266619e-04
2.68595746e-01 3.94418452e-05 2.18221733e-04
2.68952293e-01 -2.86881318e-04 2.09048942e-04
2.69308835e-01 -2.95463388e-04 2.15397364e-04
2.69665372e-01 -2.94770983e-04 2.18393955e-04
2.70021906e-01 -1.50339452e-04 2.16821956e-04
2.70378435e-01 -1.96907950e-04 2.18962073e-04
2.70734959e-01 -3.15808906e-04 2.20273459e-04
2.71091479e-01 -5.43574234e-04 2.22112891e-04
2.71447995e-01 -3.23890233e-04 2.22436848e-04
2.71804506e-01 -3.04395859e-04 2.24224273e-04
2.72161012e-01 -3.35906994e-04 2.22665993e-04
2.72517515e-01 1.02659305e-04 2.27413354e-04
2.72874012e-01 -2.72955253e-04 2.16647024e-04
