1.54026655e-02 1.56651681e-03 1.58539195e-03
1.57608633e-02 2.07497398e-03 1.59283665e-03
1.61190608e-02 2.29170128e-03 1.56872220e-03
1.64772580e-02 2.20011455e-03 1.53759171e-03
1.68354550e-02 5.56545736e-04 1.43738445e-03
1.71936517e-02 2.53242371e-03 1.37023537e-03
1.75518481e-02 1.03259914e-03 1.37530709e-03
1.79100442e-02 -9.08368818e-04 1.27218695e-03
1.82682400e-02 7.55967271e-04 1.35353086e-03
1.86264355e-02 1.95661320e-03 1.30555992e-03
1.89846308e-02 2.73043867e-03 1.18758285e-03
1.93428257e-02 2.79180130e-03 1.16158023e-03
1.97010202e-02 8.59742968e-04 1.11629274e-03
2.00592145e-02 1.55317414e-04 1.12308883e-03
2.04174084e-02 2.91923756e-03 1.13372532e-03
2.07756020e-02 3.27658805e-03 1.06812139e-03
2.11337953e-02 2.82554965e-03 1.00499263e-03
2.14919882e-02 4.42527181e-04 9.90699931e-04
2.18501808e-02 2.10745130e-03 1.11053887e-03
2.22083729e-02 2.18352096e-03 1.01201696e-03
2.25665648e-02 3.06455577e-03 1.03086457e-03
2.29247562e-02 3.04638611e-03 9.51995966e-04
2.32829473e-02 2.02122294e-03 9.44956397e-04
2.36411380e-02 2.03619716e-03 9.65226327e-04
2.39993283e-02 1.90687032e-03 9.58906263e-04
2.43575182e-02 4.96933222e-04 9.02729856e-04
2.47157077e-02 6.90189180e-04 8.71970215e-04
2.50738968e-02 1.76980204e-03 9.03680583e-04
2.54320855e-02 9.93851181e-04 9.23154242e-04
2.57902738e-02 1.62181831e-03 8.48305820e-04
2.61484617e-02 1.35409481e-03 8.74768427e-04
2.65066491e-02 1.82985342e-03 8.23204510e-04
2.68648361e-02 1.39905376e-03 8.43839003e-04
2.72230226e-02 1.61088590e-03 7.92697501e-04
2.75812087e-02 2.07498706e-03 8.30165709e-04
2.79393943e-02 1.20849001e-03 7.82362020e-04
2.82975795e-02 1.17281905e-03 8.41182571e-04
2.86557642e-02 1.05777116e-03 8.33709149e-04
2.90139485e-02 3.77850604e-04 8.05048600e-04
2.93721323e-02 2.71047545e-03 8.48778923e-04
2.97303155e-02 1.07208483e-03 8.08325392e-04
3.00884983e-02 4.14930117e-04 7.85998438e-04
3.04466806e-02 1.91114202e-03 8.07123364e-04
3.08048624e-02 2.49228141e-03 8.08718685e-04
3.11630437e-02 2.06588087e-03 8.03331829e-04
3.15212245e-02 1.19906289e-03 8.21237915e-04
3.18794048e-02 1.44717586e-03 8.09947998e-04
3.22375845e-02 2.03263150e-03 7.82533843e-04
3.25957637e-02 1.39876846e-03 8.02585372e-04
3.29539424e-02 1.33781752e-03 7.80395757e-04
3.33121205e-02 2.13503066e-03 7.98666547e-04
3.36702981e-02 1.06223381e-03 8.07846764e-04
3.40284751e-02 1.57749594e-03 8.16544959e-04
3.43866516e-02 1.75989145e-03 8.19569343e-04
3.47448275e-02 6.54405886e-04 7.44847280e-04
3.51030028e-02 1.43319323e-03 6.97995973e-04
3.54611775e-02 2.21659577e-03 7.59774686e-04
3.58193517e-02 1.26378663e-03 7.23943567e-04
3.61775253e-02 2.14390588e-03 7.51369095e-04
3.65356983e-02 1.49016923e-03 7.10447293e-04
3.68938706e-02 1.68283001e-03 7.02020696e-04
3.72520424e-02 3.49745789e-04 7.10952159e-04
3.76102136e-02 1.75298541e-03 7.23575281e-04
3.79683841e-02 1.17677048e-03 6.79365462e-04
3.83265540e-02 2.64458770e-03 6.71390732e-04
3.86847233e-02 1.31258565e-03 7.34193156e-04
3.90428920e-02 2.20651432e-03 6.79539872e-04
3.94010600e-02 1.89722771e-03 6.52845758e-04
3.97592273e-02 1.85122629e-03 7.04727152e-04
4.01173941e-02 1.96002722e-03 6.35067492e-04
4.04755601e-02 1.55745030e-03 6.71481279e-04
4.08337255e-02 5.54032739e-04 6.55969702e-04
4.11918902e-02 1.08302407e-03 6.64267128e-04
4.15500542e-02 1.41891213e-03 6.43001561e-04
4.19082176e-02 1.73381930e-03 6.47075241e-04
4.22663802e-02 6.82042569e-04 6.58620441e-04
4.26245422e-02 5.77898690e-04 6.50766134e-04
4.29827034e-02 1.75584346e-04 6.64801403e-04
4.33408640e-02 1.09917390e-03 6.90841428e-04
4.36990238e-02 1.29429092e-03 6.44688603e-04
4.40571830e-02 1.20952320e-03 6.50474978e-04
4.44153414e-02 9.92936722e-04 6.71197160e-04
4.47734990e-02 1.17451956e-03 6.60045070e-04
4.51316560e-02 8.54817567e-04 6.22958588e-04
4.54898122e-02 8.86572081e-04 6.55855648e-04
4.58479676e-02 1.65719403e-03 6.67374094e-04
4.62061223e-02 1.57319803e-03 6.52939043e-04
4.65642762e-02 1.27271077e-03 6.52567538e-04
4.69224294e-02 1.41603037e-04 6.52306315e-04
4.72805818e-02 8.02522910e-04 6.43763697e-04
4.76387334e-02 8.40512088e-04 6.40018419e-04
4.79968842e-02 4.38240417e-04 6.40785526e-04
4.83550342e-02 3.49729894e-04 6.43223946e-04
4.87131835e-02 2.22058200e-04 6.26436972e-04
4.90713319e-02 8.73700138e-04 5.91420116e-04
4.94294795e-02 1.46660872e-05 5.86147006e-04
4.97876264e-02 6.66328656e-04 5.95050491e-04
5.01457724e-02 4.75867820e-04 6.09170534e-04
5.05039175e-02 1.42911496e-03 5.75191586e-04
5.08620619e-02 7.94497068e-04 5.78107819e-04
5.12202054e-02 6.80936842e-05 5.90237713e-04
5.15783481e-02 1.10692078e-03 5.79959404e-04
5.19364899e-02 1.56748336e-03 6.09355553e-04
5.22946308e-02 1.48528136e-03 5.86172566e-04
5.26527709e-02 -9.79168408e-05 5.51870462e-04
5.30109102e-02 1.55685072e-03 5.82477924e-04
5.33690485e-02 4.47452479e-04 5.66188741e-04
5.37271860e-02 -1.25235033e-04 5.78423736e-04
5.40853226e-02 8.09459184e-04 5.67578106e-04
5.44434583e-02 3.81207333e-04 5.69197254e-04
5.48015932e-02 8.09935487e-04 5.50422345e-04
5.51597271e-02 2.26126905e-04 5.59013736e-04
5.55178601e-02 2.54538507e-04 5.81498571e-04
5.58759922e-02 4.61697937e-04 5.55906262e-04
5.62341234e-02 -5.05285752e-04 5.56159355e-04
5.65922536e-02 6.62834261e-04 5.74621967e-04
5.69503829e-02 6.33854462e-04 5.43695213e-04
5.73085113e-02 9.94717857e-04 5.56092150e-04
5.76666388e-02 5.74061620e-04 5.59422867e-04
5.80247653e-02 5.26907678e-04 5.34146815e-04
5.83828908e-02 8.63967401e-04 5.54354235e-04
5.87410154e-02 6.68024061e-05 5.55537467e-04
5.90991390e-02 1.23337237e-03 5.49658484e-04
5.94572616e-02 4.81996437e-04 5.45866242e-04
5.98153833e-02 2.20532855e-04 5.38031400e-04
6.01735040e-02 -2.62288715e-04 5.30528763e-04
6.05316237e-02 -3.97502440e-04 5.42353494e-04
6.08897424e-02 1.72121538e-03 5.28938010e-04
6.12478600e-02 -5.13782150e-04 5.16435707e-04
6.16059767e-02 9.08201908e-04 5.30109773e-04
6.19640924e-02 3.65353184e-04 5.14714259e-04
6.23222071e-02 3.44629858e-04 5.26578510e-04
6.26803207e-02 5.56596790e-04 5.05712047e-04
6.30384333e-02 3.25582004e-04 5.14137542e-04
6.33965448e-02 -1.14786913e-04 5.02516956e-04
6.37546554e-02 8.00209836e-04 5.03398435e-04
6.41127648e-02 -1.53205202e-04 5.07398892e-04
6.44708732e-02 6.24044101e-04 5.30528414e-04
6.48289806e-02 -6.39595029e-05 4.96289011e-04
6.51870869e-02 -2.49467749e-04 5.01058730e-04
6.55451921e-02 -1.70632568e-04 4.89245012e-04
6.59032962e-02 2.45466028e-04 4.81998255e-04
6.62613993e-02 2.14891620e-04 4.82663133e-04
6.66195012e-02 1.51024212e-03 4.95745160e-04
6.69776021e-02 3.46180126e-04 4.91407758e-04
6.73357019e-02 9.90073597e-04 5.04242781e-04
6.76938005e-02 7.07221366e-04 4.98044439e-04
6.80518981e-02 -1.49271716e-04 4.71817420e-04
6.84099945e-02 2.15245699e-04 4.72940432e-04
6.87680898e-02 -6.01325223e-04 4.74221543e-04
6.91261840e-02 -9.43915825e-06 4.64573375e-04
6.94842770e-02 1.76303963e-04 4.63666201e-04
6.98423689e-02 2.57583269e-04 4.82402723e-04
7.02004596e-02 1.98185185e-04 4.77546984e-04
7.05585492e-02 -2.98268715e-04 4.79008876e-04
7.09166377e-02 7.18561552e-05 4.76565924e-04
7.12747249e-02 -7.33308733e-05 4.60503918e-04
7.16328110e-02 -8.98932598e-06 4.62669475e-04
7.19908959e-02 -3.14991706e-04 4.59314966e-04
7.23489796e-02 -9.86615788e-05 4.73216397e-04
7.27070622e-02 4.12889591e-04 4.53961397e-04
7.30651435e-02 5.30744726e-04 4.58652119e-04
7.34232237e-02 1.11682643e-03 4.67340592e-04
7.37813026e-02 3.76724336e-04 4.60138343e-04
7.41393803e-02 1.14521637e-03 4.60678946e-04
7.44974568e-02 1.41820988e-04 4.63060709e-04
7.48555321e-02 7.24927884e-05 4.51499100e-04
7.52136061e-02 1.38257055e-04 4.58279212e-04
7.55716789e-02 -7.42290071e-04 4.64692245e-04
7.59297505e-02 5.60479661e-04 4.69862360e-04
7.62878208e-02 -4.34268065e-04 4.56850841e-04
7.66458899e-02 -4.08385837e-04 4.51183084e-04
7.70039577e-02 2.64116292e-04 4.44853577e-04
7.73620242e-02 5.62196429e-05 4.55202955e-04
7.77200895e-02 7.46012538e-04 4.71824763e-04
7.80781535e-02 1.73942726e-04 4.49102998e-04
7.84362162e-02 1.99262083e-04 4.46342547e-04
7.87942776e-02 -1.33097621e-05 4.61296328e-04
7.91523377e-02 3.29775688e-04 4.59543284e-04
7.95103965e-02 2.80695658e-04 4.39612645e-04
7.98684540e-02 4.31019751e-04 4.37710009e-04
8.02265102e-02 1.16275000e-04 4.39529841e-04
8.05845651e-02 5.15439342e-04 4.51603356e-04
8.09426186e-02 -2.40211035e-04 4.51373243e-04
8.13006709e-02 3.51129272e-04 4.38997892e-04
8.16587217e-02 -3.44514851e-04 4.36109639e-04
8.20167713e-02 2.47593802e-04 4.25648009e-04
8.23748195e-02 -7.24778248e-04 4.51242727e-04
8.27328663e-02 2.95963675e-04 4.31994909e-04
8.30909118e-02 5.37435785e-04 4.48550965e-04
8.34489559e-02 1.43523296e-04 4.27360853e-04
8.38069986e-02 2.70945885e-04 4.37996376e-04
8.41650400e-02 8.26429356e-05 4.29663149e-04
8.45230800e-02 -3.27667400e-04 4.24819840e-04
8.48811185e-02 3.34262206e-05 4.52473042e-04
8.52391557e-02 -7.23620847e-05 4.41695976e-04
8.55971915e-02 7.90655503e-04 4.37989702e-04
8.59552259e-02 1.77658283e-04 4.32682140e-04
8.63132589e-02 5.20115082e-04 4.45703956e-04
8.66712904e-02 4.94134734e-04 4.38480933e-04
8.70293205e-02 5.20011608e-04 4.40516410e-04
8.73873492e-02 2.06994213e-04 4.40368275e-04
8.77453765e-02 -1.52189126e-06 4.20268835e-04
8.81034023e-02 3.87876041e-05 4.28259586e-04
8.84614267e-02 4.57112294e-05 4.31914001e-04
8.88194496e-02 2.61426182e-04 4.27540030e-04
8.91774710e-02 -2.19957450e-05 4.10454953e-04
8.95354910e-02 -4.34762120e-04 4.32928469e-04
8.98935095e-02 4.10125134e-04 4.13631173e-04
9.02515266e-02 -1.75636392e-04 4.14414094e-04
9.06095421e-02 -1.37534036e-04 4.23693898e-04
9.09675562e-02 1.02824574e-03 4.37776967e-04
9.13255687e-02 2.04420051e-04 4.24524248e-04
9.16835798e-02 5.59885443e-04 4.34529301e-04
9.20415894e-02 -6.20123251e-04 4.08037950e-04
9.23995974e-02 7.61588337e-05 4.22945042e-04
9.27576039e-02 -5.27079354e-04 4.15049460e-04
9.31156089e-02 2.51002115e-04 4.21093206e-04
9.34736124e-02 2.50820290e-04 4.09384426e-04
9.38316143e-02 4.15911538e-04 4.14826648e-04
9.41896147e-02 3.17173345e-04 4.19339380e-04
9.45476136e-02 -2.35240382e-04 4.09283834e-04
9.49056108e-02 -1.77261446e-04 4.14113344e-04
9.52636066e-02 -4.91473070e-04 4.09025271e-04
9.56216007e-02 -1.05494394e-04 3.94653553e-04
9.59795933e-02 -2.57053321e-04 3.92556040e-04
9.63375843e-02 3.56483506e-04 4.09870352e-04
9.66955738e-02 7.79375232e-04 4.05464699e-04
9.70535616e-02 4.92812739e-04 3.99897790e-04
9.74115478e-02 1.98453886e-04 3.96962109e-04
9.77695325e-02 1.84397070e-04 4.02396724e-04
9.81275155e-02 -3.14616247e-04 3.93643042e-04
9.84854969e-02 3.92272340e-04 4.01717438e-04
9.88434768e-02 -5.29520464e-04 4.07622383e-04
9.92014549e-02 1.80091807e-04 3.88688343e-04
9.95594315e-02 2.66034421e-04 3.87099851e-04
9.99174064e-02 2.51131361e-04 3.93112735e-04
1.00275380e-01 9.65539480e-05 3.95729301e-04
1.00633351e-01 5.05654104e-07 3.91199351e-04
1.00991321e-01 -8.01431958e-05 3.90565725e-04
1.01349290e-01 -6.92278872e-04 3.80418951e-04
1.01707256e-01 -1.14830267e-04 3.88671225e-04
1.02065221e-01 5.69201068e-04 3.91157969e-04
1.02423184e-01 2.24994612e-04 4.01594650e-04
1.02781146e-01 -1.98838863e-04 3.92610994e-04
1.03139106e-01 -4.27593745e-04 3.98069874e-04
1.03497064e-01 5.38892718e-05 3.85949959e-04
1.03855021e-01 1.37898833e-04 3.74746372e-04
1.04212976e-01 -1.13946112e-04 3.91666816e-04
1.04570929e-01 -2.65628542e-04 4.02699210e-04
1.04928880e-01 6.84446490e-04 3.99713158e-04
1.05286830e-01 -1.94516000e-04 3.94590462e-04
1.05644778e-01 8.46404405e-05 3.85604846e-04
1.06002724e-01 -1.05663834e-04 3.97990430e-04
1.06360668e-01 -1.70235683e-04 4.01742421e-04
1.06718611e-01 -1.35014512e-04 4.02559664e-04
1.07076552e-01 -5.48740363e-04 3.92289387e-04
1.07434491e-01 -3.47166420e-04 4.00700840e-04
1.07792429e-01 3.01810734e-06 4.06897341e-04
1.08150364e-01 1.73561586e-04 3.95643363e-04
1.08508298e-01 3.80099305e-05 4.03635843e-04
1.08866230e-01 3.61724763e-04 3.98939922e-04
1.09224160e-01 -1.87568721e-04 3.92293010e-04
1.09582089e-01 3.37786872e-04 3.91820250e-04
1.09940016e-01 1.07381762e-04 3.98410631e-04
1.10297941e-01 -4.22008352e-04 3.96134095e-04
1.10655864e-01 -1.40449585e-04 3.95395913e-04
1.11013785e-01 -4.69608023e-06 3.84616866e-04
1.11371704e-01 2.04549504e-04 3.91375897e-04
1.11729622e-01 1.50729099e-04 3.93077152e-04
1.12087538e-01 2.55389873e-04 3.75379456e-04
1.12445452e-01 -3.01633764e-04 3.79993355e-04
1.12803364e-01 -1.27993409e-04 3.79745622e-04
1.13161274e-01 3.19222919e-06 3.78332223e-04
1.13519182e-01 2.48745873e-04 3.87298578e-04
1.13877089e-01 -2.59247514e-04 3.78805294e-04
1.14234994e-01 -2.60311557e-05 3.70777433e-04
1.14592896e-01 1.16359433e-04 3.73145947e-04
1.14950797e-01 1.35625467e-04 3.64718941e-04
1.15308696e-01 -1.85380961e-04 3.70912434e-04
1.15666593e-01 -1.06305128e-04 3.68283144e-04
1.16024488e-01 1.38179302e-05 3.68885717e-04
1.16382382e-01 1.30745321e-04 3.55777875e-04
1.16740273e-01 8.44364913e-04 3.71094934e-04
1.17098163e-01 3.93984154e-04 3.64088404e-04
1.17456050e-01 4.12273220e-04 3.65987578e-04
1.17813936e-01 -4.31357332e-04 3.69132102e-04
1.18171819e-01 1.54492694e-04 3.68844713e-04
1.18529701e-01 -2.93522634e-04 3.63074981e-04
1.18887581e-01 -6.53821845e-06 3.74027072e-04
1.19245459e-01 -4.16150369e-05 3.77687352e-04
1.19603335e-01 1.94139190e-04 3.81331470e-04
1.19961208e-01 -1.91189129e-05 3.72091698e-04
1.20319080e-01 -3.18005483e-04 3.77793946e-04
1.20676950e-01 1.55676533e-04 3.66733814e-04
1.21034818e-01 5.88807801e-04 3.81982394e-04
1.21392684e-01 2.43311811e-04 3.79115840e-04
1.21750548e-01 -1.40055994e-04 3.81899745e-04
1.22108410e-01 -1.93070971e-04 3.70875700e-04
1.22466270e-01 -6.36047909e-05 3.78248210e-04
1.22824128e-01 -3.55499526e-04 3.74075219e-04
1.23181984e-01 5.87341384e-04 3.66228208e-04
1.23539838e-01 -4.29409998e-04 3.75046687e-04
1.23897690e-01 1.51868182e-04 3.75958482e-04
1.24255540e-01 2.18221125e-04 3.66149692e-04
1.24613388e-01 -2.01140079e-04 3.64343766e-04
1.24971233e-01 -8.64264850e-05 3.64550512e-04
1.25329077e-01 1.53676597e-04 3.59411617e-04
1.25686919e-01 3.80182767e-04 3.65295911e-04
1.26044758e-01 2.53916169e-04 3.50886492e-04
1.26402596e-01 9.01209698e-06 3.61775805e-04
1.26760431e-01 -4.91083346e-04 3.64392513e-04
1.27118265e-01 -3.25214038e-04 3.52238211e-04
1.27476096e-01 2.02505676e-04 3.56028082e-04
1.27833925e-01 1.25540458e-04 3.49448463e-04
1.28191752e-01 6.08779426e-05 3.52951692e-04
1.28549577e-01 4.29997695e-04 3.46489877e-04
1.28907400e-01 5.95110557e-05 3.42257962e-04
1.29265221e-01 -3.90953287e-04 3.43576864e-04
1.29623040e-01 -9.16268141e-05 3.41453838e-04
1.29980856e-01 -3.80834905e-04 3.56473575e-04
1.30338670e-01 5.74232132e-04 3.57008088e-04
1.30696483e-01 3.34583653e-04 3.50407290e-04
1.31054293e-01 1.57665471e-04 3.41588961e-04
1.31412101e-01 -1.91785805e-05 3.38584269e-04
1.31769906e-01 -5.34603375e-04 3.38101613e-04
1.32127710e-01 1.94156230e-04 3.48357413e-04
1.32485511e-01 -4.61584760e-04 3.42724216e-04
1.32843311e-01 1.63237184e-04 3.47519556e-04
1.33201108e-01 2.78686423e-04 3.40334937e-04
1.33558903e-01 2.76637683e-04 3.35146968e-04
1.33916695e-01 -7.73691539e-05 3.37477998e-04
1.34274486e-01 1.06991276e-04 3.39046873e-04
1.34632274e-01 1.88865295e-04 3.33467084e-04
1.34990060e-01 6.23503933e-04 3.44384442e-04
1.35347844e-01 -3.12042095e-05 3.39796872e-04
1.35705626e-01 -9.28015301e-05 3.38503061e-04
1.36063405e-01 1.49890972e-05 3.33111049e-04
1.36421182e-01 -6.44551304e-05 3.29711946e-04
1.36778957e-01 -6.25602977e-04 3.40543095e-04
1.37136730e-01 4.26492941e-05 3.35046220e-04
1.37494500e-01 1.15169843e-04 3.32533394e-04
1.37852269e-01 2.80033179e-04 3.32856542e-04
1.38210034e-01 3.10761224e-04 3.25813966e-04
1.38567798e-01 7.51106630e-05 3.36371484e-04
1.38925559e-01 -3.87046476e-05 3.31773910e-04
1.39283319e-01 2.22026397e-04 3.36615558e-04
1.39641075e-01 3.33276148e-04 3.30788340e-04
1.39998830e-01 2.35610590e-05 3.37542184e-04
1.40356582e-01 1.09131104e-04 3.25623656e-04
1.40714332e-01 -6.41197793e-05 3.29436716e-04
1.41072080e-01 -2.82738487e-04 3.32962862e-04
1.41429825e-01 2.07809018e-04 3.21096903e-04
1.41787568e-01 -5.01393255e-04 3.22147362e-04
1.42145308e-01 1.50232256e-04 3.30454890e-04
1.42503047e-01 4.14935158e-05 3.24883862e-04
1.42860783e-01 -1.28864941e-04 3.28822563e-04
1.43218516e-01 5.74334807e-05 3.26443197e-04
1.43576247e-01 8.95771481e-05 3.28088985e-04
1.43933976e-01 -1.21372407e-04 3.28736120e-04
1.44291703e-01 6.64233544e-04 3.18509570e-04
1.44649427e-01 -2.35033730e-04 3.15359294e-04
1.45007149e-01 1.94787729e-04 3.19680501e-04
1.45364868e-01 2.32308525e-04 3.18314652e-04
1.45722585e-01 -4.39271206e-06 3.16250579e-04
1.46080300e-01 2.41028702e-04 3.21912382e-04
1.46438012e-01 -2.25698029e-04 3.19440365e-04
1.46795722e-01 -9.49121546e-05 3.22113445e-04
1.47153429e-01 7.41255072e-04 3.12303186e-04
1.47511134e-01 3.71922561e-04 3.27268260e-04
1.47868837e-01 -7.78916959e-05 3.25001874e-04
1.48226537e-01 -6.93470207e-05 3.10149099e-04
1.48584235e-01 -2.48651514e-04 3.22002274e-04
1.48941930e-01 3.70614077e-05 3.22802608e-04
1.49299623e-01 1.42330030e-05 3.17620879e-04
1.49657313e-01 -1.28922888e-04 3.18664447e-04
1.50015001e-01 4.00093543e-04 3.16331931e-04
1.50372687e-01 -1.91060208e-04 3.10758610e-04
1.50730370e-01 -9.49735088e-05 3.12139438e-04
1.51088050e-01 1.87879709e-04 3.15126849e-04
1.51445728e-01 -4.18121297e-05 3.19514711e-04
1.51803404e-01 -1.68273580e-04 3.12269980e-04
1.52161077e-01 6.33237875e-05 3.04947154e-04
1.52518747e-01 -1.34399412e-04 3.07897146e-04
1.52876416e-01 -4.46080544e-04 3.01461129e-04
1.53234081e-01 7.19779805e-04 3.14939125e-04
1.53591744e-01 -1.90689027e-04 3.00243604e-04
1.53949405e-01 -7.61012720e-04 3.11170712e-04
1.54307063e-01 -2.54695314e-05 3.07691069e-04
1.54664718e-01 1.05915260e-04 3.07444210e-04
1.55022371e-01 -2.20514145e-04 3.07324143e-04
1.55380021e-01 2.08830409e-04 3.05479611e-04
1.55737669e-01 4.04783656e-04 3.09908251e-04
1.56095314e-01 -3.13831983e-05 3.06701884e-04
1.56452957e-01 1.70338109e-04 3.12396381e-04
1.56810597e-01 -1.76605535e-04 3.04820384e-04
1.57168235e-01 9.28395994e-06 3.03445961e-04
1.57525870e-01 -1.29921322e-04 3.04990478e-04
1.57883502e-01 -6.18617059e-04 3.02323511e-04
1.58241132e-01 -9.82173031e-05 3.00050526e-04
1.58598759e-01 6.26413814e-05 2.99767069e-04
1.58956384e-01 -1.20876433e-04 3.06148450e-04
1.59314006e-01 -2.17792402e-04 3.00700362e-04
1.59671625e-01 -3.38997048e-04 2.91342035e-04
1.60029242e-01 -1.18186074e-04 3.02580737e-04
1.60386856e-01 -6.76939637e-04 2.94379737e-04
1.60744468e-01 -6.31149326e-04 2.99302387e-04
1.61102076e-01 3.38583208e-04 2.99307518e-04
1.61459683e-01 -2.18179709e-06 2.98890123e-04
1.61817286e-01 2.03172731e-04 2.99926510e-04
1.62174887e-01 -1.00745119e-04 3.01526405e-04
1.62532485e-01 4.22695191e-04 2.94659573e-04
1.62890081e-01 -1.14720187e-04 2.95610125e-04
1.63247674e-01 -2.91521452e-05 2.93714296e-04
1.63605264e-01 1.91261405e-04 2.96123976e-04
1.63962852e-01 -2.38021409e-04 2.96242420e-04
1.64320437e-01 -2.97127164e-05 2.93593346e-04
1.64678019e-01 1.01539983e-04 2.89425127e-04
1.65035598e-01 6.69533242e-04 2.96037214e-04
1.65393175e-01 -6.04882364e-04 2.95664420e-04
1.65750749e-01 -6.99140916e-05 2.90999216e-04
1.66108320e-01 1.73209468e-04 2.96977463e-04
1.66465889e-01 4.07174955e-04 2.90148359e-04
1.66823455e-01 3.24728681e-04 2.98012365e-04
1.67181018e-01 3.83672551e-04 2.97739644e-04
1.67538578e-01 -2.71881574e-04 2.93249802e-04
1.67896136e-01 1.82117172e-04 2.88907331e-04
1.68253691e-01 -3.23198027e-04 2.91158061e-04
1.68611243e-01 -7.43961735e-05 2.83885924e-04
1.68968792e-01 3.72648478e-04 2.97549765e-04
1.69326339e-01 3.11473161e-04 2.92390903e-04
1.69683883e-01 2.12837013e-06 2.92866291e-04
1.70041424e-01 -2.88826745e-04 2.83162186e-04
1.70398962e-01 2.40575319e-05 2.92725363e-04
1.70756497e-01 4.00103653e-04 2.87711380e-04
1.71114030e-01 -2.96149819e-04 2.80190039e-04
1.71471560e-01 -2.37498004e-04 2.85256678e-04
1.71829087e-01 -2.87057218e-04 2.88828512e-04
1.72186611e-01 1.17270990e-04 2.90162178e-04
1.72544132e-01 -4.48884374e-04 2.80101192e-04
1.72901651e-01 -2.36543221e-04 2.88844843e-04
1.73259167e-01 1.06184930e-04 2.88629519e-04
1.73616679e-01 4.29760712e-04 2.90071845e-04
1.73974189e-01 -2.11324638e-04 2.84310226e-04
1.74331697e-01 -3.91216173e-04 2.87334459e-04
1.74689201e-01 -3.33387985e-05 2.80053126e-04
1.75046702e-01 2.29240860e-04 2.89032917e-04
1.75404201e-01 -1.29159366e-04 2.84590107e-04
1.75761697e-01 -4.56459432e-04 2.80371839e-04
1.76119189e-01 -3.10625097e-04 2.82338136e-04
1.76476679e-01 -8.96794234e-05 2.81178708e-04
1.76834166e-01 5.37233603e-05 2.82552801e-04
1.77191650e-01 4.30519654e-05 2.87125306e-04
1.77549132e-01 3.97654535e-04 2.82838581e-04
1.77906610e-01 1.95535668e-04 2.83224571e-04
1.78264085e-01 -3.03178905e-04 2.81239559e-04
1.78621558e-01 -8.74504224e-05 2.74451155e-04
1.78979027e-01 -1.71954993e-05 2.75558029e-04
1.79336494e-01 -1.55619970e-04 2.82385572e-04
1.79693958e-01 -5.25266609e-04 2.76589050e-04
1.80051418e-01 -5.95801924e-06 2.77028077e-04
1.80408876e-01 -5.62383944e-05 2.80988886e-04
1.80766331e-01 5.20319929e-04 2.79529258e-04
1.81123783e-01 1.01649255e-04 2.81669195e-04
1.81481232e-01 2.51901731e-04 2.78790426e-04
1.81838677e-01 -3.02555620e-06 2.81557442e-04
1.82196120e-01 -1.92567249e-04 2.81209422e-04
1.82553560e-01 1.25768544e-04 2.80729884e-04
1.82910997e-01 1.51855980e-04 2.78427719e-04
1.83268431e-01 -1.05407765e-04 2.84039820e-04
1.83625862e-01 1.89189961e-04 2.87440248e-04
1.83983290e-01 5.57259897e-04 2.89366097e-04
1.84340715e-01 -3.18398765e-04 2.80857081e-04
1.84698137e-01 1.74390861e-04 2.79618556e-04
1.85055556e-01 -3.21822843e-04 2.83469073e-04
1.85412971e-01 2.53042639e-05 2.80573938e-04
1.85770384e-01 -6.60710620e-04 2.80105540e-04
1.86127794e-01 -2.76233736e-04 2.74827041e-04
1.86485200e-01 -8.53012743e-05 2.82892866e-04
1.86842604e-01 5.33383255e-05 2.79487810e-04
1.87200005e-01 5.02633334e-05 2.78008202e-04
1.87557402e-01 1.68222977e-04 2.78246313e-04
1.87914797e-01 -3.04125345e-05 2.77655499e-04
1.88272188e-01 3.78040861e-04 2.78097193e-04
1.88629576e-01 3.08545742e-04 2.74881502e-04
1.88986961e-01 1.71766088e-04 2.76918963e-04
1.89344343e-01 -8.53553861e-05 2.76924809e-04
1.89701722e-01 -3.73426268e-04 2.73308490e-04
1.90059098e-01 -1.07152751e-04 2.72619398e-04
1.90416471e-01 4.04408864e-06 2.70037649e-04
1.90773840e-01 -2.23109801e-04 2.71640168e-04
1.91131207e-01 1.32441115e-04 2.71437415e-04
1.91488570e-01 1.56267799e-04 2.72616985e-04
1.91845930e-01 -2.42561835e-04 2.73663214e-04
1.92203287e-01 9.76210951e-05 2.72363102e-04
1.92560641e-01 2.89208778e-04 2.74490482e-04
1.92917992e-01 1.41399375e-04 2.66214263e-04
1.93275340e-01 1.34573001e-04 2.68533381e-04
1.93632684e-01 1.36535902e-04 2.71268767e-04
1.93990025e-01 -2.95910141e-05 2.68356217e-04
1.94347363e-01 -3.50340570e-04 2.74800972e-04
1.94704698e-01 2.34549981e-04 2.74357894e-04
1.95062030e-01 -4.08367981e-04 2.74619195e-04
1.95419358e-01 -2.21063181e-04 2.71777949e-04
1.95776684e-01 -4.33465874e-04 2.68449652e-04
1.96134006e-01 -1.24613722e-04 2.65819715e-04
1.96491324e-01 1.90593042e-04 2.71701610e-04
1.96848640e-01 3.38718964e-05 2.73307053e-04
1.97205953e-01 5.25304654e-04 2.75513327e-04
1.97563262e-01 1.31274794e-04 2.66702070e-04
1.97920568e-01 -9.79195952e-05 2.77112356e-04
1.98277870e-01 -4.21383000e-05 2.71406414e-04
1.98635170e-01 2.60970632e-04 2.80850600e-04
1.98992466e-01 1.35231751e-04 2.76918489e-04
1.99349759e-01 2.44635816e-05 2.76133330e-04
1.99707049e-01 3.38034912e-05 2.69217482e-04
2.00064335e-01 -2.01521708e-05 2.68871830e-04
2.00421618e-01 8.19917687e-05 2.66894300e-04
2.00778898e-01 3.33560163e-04 2.71493570e-04
2.01136174e-01 -2.08979301e-05 2.62526562e-04
2.01493448e-01 -5.45349044e-05 2.60076384e-04
2.01850718e-01 2.76141721e-04 2.59972902e-04
2.02207984e-01 -9.88315376e-05 2.63131841e-04
2.02565248e-01 -8.72132464e-05 2.55419260e-04
2.02922508e-01 4.31954047e-04 2.62190428e-04
2.03279764e-01 3.07456402e-04 2.60270382e-04
2.03637018e-01 -6.95337765e-05 2.57773476e-04
2.03994268e-01 -1.36858592e-04 2.59885839e-04
2.04351514e-01 -6.74656862e-05 2.62059241e-04
2.04708758e-01 -1.91312277e-04 2.55111068e-04
2.05065998e-01 -2.01963510e-04 2.54313719e-04
2.05423234e-01 -6.97192596e-05 2.56747858e-04
2.05780467e-01 1.83528535e-04 2.61618805e-04
2.06137697e-01 -1.47254417e-04 2.59866650e-04
2.06494924e-01 6.23896187e-06 2.62012176e-04
2.06852147e-01 3.43746753e-04 2.56689614e-04
2.07209367e-01 -1.50828257e-04 2.55619994e-04
2.07566583e-01 2.07816127e-04 2.57825294e-04
2.07923796e-01 -1.27300048e-04 2.55216254e-04
2.08281005e-01 -2.59095877e-04 2.57947704e-04
2.08638211e-01 4.64123500e-04 2.55060523e-04
2.08995414e-01 -7.01532485e-05 2.57903091e-04
2.09352613e-01 -7.36837989e-05 2.57384028e-04
2.09709809e-01 8.32032848e-05 2.51384683e-04
2.10067002e-01 1.68245576e-04 2.53955439e-04
2.10424191e-01 -6.85983901e-05 2.47487766e-04
2.10781376e-01 7.60630244e-05 2.54789127e-04
2.11138558e-01 -3.99742857e-04 2.53750887e-04
2.11495737e-01 -1.49163064e-04 2.56917582e-04
2.11852912e-01 -3.46370662e-04 2.52721472e-04
2.12210084e-01 -4.99384439e-05 2.51305831e-04
2.12567252e-01 -2.01226870e-04 2.52481726e-04
2.12924416e-01 -7.66519902e-05 2.49252648e-04
2.13281578e-01 -1.06817974e-04 2.47996027e-04
2.13638735e-01 -1.15059953e-04 2.44102529e-04
2.13995890e-01 -3.01005950e-04 2.45371368e-04
2.14353040e-01 -2.07312062e-05 2.45997164e-04
2.14710188e-01 1.80643274e-04 2.46540889e-04
2.15067331e-01 -1.96716859e-04 2.47351060e-04
2.15424471e-01 -3.23254884e-05 2.45867457e-04
2.15781608e-01 -1.48143133e-04 2.41802507e-04
2.16138741e-01 -1.97359231e-04 2.43382405e-04
2.16495871e-01 -8.27400834e-05 2.47586677e-04
2.16852997e-01 2.53031589e-05 2.42264483e-04
2.17210119e-01 -2.21667798e-04 2.38627911e-04
2.17567238e-01 -4.39464672e-06 2.50065240e-04
2.17924354e-01 -2.73265053e-04 2.45255624e-04
2.18281465e-01 -2.02696347e-04 2.41565347e-04
2.18638574e-01 -6.28356092e-05 2.43378955e-04
2.18995678e-01 -1.51356360e-04 2.40013639e-04
2.19352779e-01 -1.00380225e-04 2.44448148e-04
2.19709877e-01 -1.33484837e-04 2.41187097e-04
2.20066971e-01 5.82965247e-05 2.41985803e-04
2.20424061e-01 -4.04941270e-05 2.39942210e-04
2.20781147e-01 1.21376847e-04 2.40582971e-04
2.21138230e-01 1.70409553e-04 2.42257573e-04
2.21495310e-01 1.59718842e-04 2.39526915e-04
2.21852386e-01 4.59654886e-05 2.41220155e-04
2.22209458e-01 8.69004536e-05 2.39522789e-04
2.22566526e-01 -1.09220052e-04 2.36712487e-04
2.22923591e-01 -9.57156170e-05 2.39490678e-04
2.23280652e-01 -3.09395906e-04 2.36251195e-04
2.23637710e-01 -3.30189482e-04 2.35599200e-04
2.23994764e-01 -3.71738819e-05 2.42138988e-04
2.24351814e-01 -2.83376146e-04 2.33155048e-04
2.24708861e-01 -1.94142750e-04 2.41582477e-04
2.25065904e-01 2.16301022e-04 2.32900153e-04
2.25422943e-01 2.04761183e-04 2.40936995e-04
2.25779978e-01 -4.99405625e-05 2.36358215e-04
2.26137010e-01 -5.87989480e-05 2.36686351e-04
2.26494038e-01 1.68940701e-04 2.35030315e-04
2.26851063e-01 -1.69708436e-05 2.37527534e-04
2.27208083e-01 7.57433949e-05 2.35304576e-04
2.27565100e-01 -4.28980956e-05 2.33203957e-04
2.27922114e-01 -1.74902038e-04 2.30527586e-04
2.28279123e-01 -1.06203519e-04 2.36375284e-04
2.28636129e-01 3.32681099e-04 2.33684518e-04
2.28993131e-01 -5.23141760e-04 2.29383308e-04
2.29350129e-01 -3.35799664e-05 2.31214472e-04
2.29707124e-01 -1.38082995e-04 2.32963496e-04
2.30064115e-01 -7.14348279e-05 2.31610022e-04
2.30421102e-01 3.58991394e-04 2.32318434e-04
2.30778085e-01 2.78672721e-04 2.36044039e-04
2.31135064e-01 -1.14017681e-04 2.33933796e-04
2.31492040e-01 -5.36543158e-05 2.35325223e-04
2.31849012e-01 -5.87696587e-05 2.30072838e-04
2.32205980e-01 1.75429000e-04 2.32252819e-04
2.32562944e-01 -1.04911355e-04 2.28744010e-04
2.32919905e-01 -8.77454848e-05 2.30102066e-04
2.33276862e-01 7.34855680e-05 2.33040781e-04
2.33633814e-01 5.72591332e-05 2.32533788e-04
2.33990763e-01 8.01818352e-05 2.34312843e-04
2.34347709e-01 7.26199515e-05 2.29285708e-04
2.34704650e-01 1.28411284e-05 2.27048522e-04
2.35061588e-01 -4.21266949e-04 2.25610817e-04
2.35418521e-01 -1.33419061e-04 2.27485330e-04
2.35775451e-01 -5.32952894e-04 2.24740644e-04
2.36132377e-01 -2.26838853e-04 2.26675152e-04
2.36489299e-01 -1.04951051e-04 2.29381461e-04
2.36846218e-01 -1.51550766e-04 2.26178900e-04
2.37203132e-01 -5.39355620e-04 2.30466223e-04
2.37560042e-01 -2.49414193e-04 2.27864520e-04
2.37916949e-01 -1.02799041e-05 2.27311667e-04
2.38273852e-01 -2.49683055e-05 2.27681636e-04
2.38630751e-01 1.84227810e-05 2.23480539e-04
2.38987645e-01 1.53677897e-05 2.23631753e-04
2.39344537e-01 7.32546396e-05 2.24086497e-04
2.39701424e-01 1.28167516e-04 2.23835135e-04
2.40058307e-01 9.05575281e-05 2.26340253e-04
2.40415186e-01 1.44270414e-04 2.24356092e-04
2.40772061e-01 1.12382189e-04 2.22496148e-04
2.41128933e-01 4.06608404e-04 2.25613088e-04
2.41485800e-01 -1.51513808e-04 2.21353241e-04
2.41842664e-01 -1.23144946e-04 2.23286774e-04
2.42199523e-01 3.06714488e-05 2.21449202e-04
2.42556379e-01 2.70002970e-04 2.22513710e-04
2.42913230e-01 -6.34844493e-05 2.22418806e-04
2.43270078e-01 -1.39199458e-04 2.25181867e-04
2.43626922e-01 -9.09911197e-05 2.20936372e-04
2.43983761e-01 -1.46984372e-04 2.16819848e-04
2.44340597e-01 2.64885556e-04 2.21177073e-04
2.44697429e-01 7.78952053e-05 2.17689423e-04
2.45054256e-01 1.00250350e-04 2.19306069e-04
2.45411080e-01 1.53679871e-04 2.17807876e-04
2.45767900e-01 1.16488612e-04 2.22466976e-04
2.46124715e-01 -2.69790666e-04 2.16886925e-04
2.46481527e-01 -8.64979893e-05 2.17689052e-04
2.46838334e-01 2.70061440e-04 2.16220116e-04
2.47195138e-01 -2.51286750e-05 2.14834690e-04
2.47551938e-01 4.51946155e-04 2.13791982e-04
2.47908733e-01 -7.79151530e-05 2.16135660e-04
2.48265524e-01 -1.32862860e-04 2.17180127e-04
2.48622312e-01 -1.08295824e-04 2.13613174e-04
2.48979095e-01 -6.76070860e-05 2.15533082e-04
2.49335874e-01 1.91641852e-04 2.17780478e-04
2.49692649e-01 1.56555608e-04 2.20018529e-04
2.50049420e-01 -5.54381559e-05 2.14490516e-04
2.50406187e-01 2.53481729e-05 2.14905113e-04
2.50762950e-01 -2.86729295e-04 2.17404575e-04
2.51119709e-01 2.53958844e-04 2.14454324e-04
2.51476464e-01 9.08847970e-06 2.12284681e-04
2.51833214e-01 3.44899528e-04 2.15090488e-04
2.52189961e-01 -3.00221356e-05 2.16569592e-04
2.52546703e-01 -1.66987575e-05 2.10831794e-04
2.52903441e-01 -1.16153354e-04 2.10020857e-04
2.53260175e-01 4.17636210e-05 2.13435828e-04
2.53616905e-01 8.21646492e-05 2.12179524e-04
2.53973631e-01 -3.55141021e-04 2.11726771e-04
2.54330352e-01 -2.02635866e-04 2.11751112e-04
2.54687070e-01 4.13027108e-04 2.11795801e-04
2.55043783e-01 9.91833992e-05 2.11192397e-04
2.55400492e-01 -1.94104970e-04 2.09135984e-04
2.55757197e-01 -1.66724627e-04 2.13185072e-04
2.56113898e-01 1.95647320e-04 2.14782793e-04
2.56470595e-01 -1.09182225e-05 2.08800893e-04
2.56827287e-01 3.82922579e-04 2.13132645e-04
2.57183975e-01 -4.14396802e-05 2.12859715e-04
2.57540659e-01 1.64831341e-04 2.14753061e-04
2.57897339e-01 9.97071740e-05 2.13936019e-04
2.58254014e-01 2.65560539e-04 2.17616960e-04
2.58610686e-01 -2.48228419e-04 2.16633653e-04
2.58967353e-01 2.44858072e-05 2.13664948e-04
2.59324016e-01 -3.02589477e-04 2.14125065e-04
2.59680674e-01 2.86799007e-04 2.14603585e-04
2.60037329e-01 -3.27440595e-04 2.14413216e-04
2.60393979e-01 -5.50445918e-05 2.17089554e-04
2.60750625e-01 -2.35770669e-05 2.15595621e-04
2.61107266e-01 -3.54813655e-05 2.15354939e-04
2.61463904e-01 -2.43946929e-05 2.15270019e-04
2.61820537e-01 1.17961396e-04 2.17091445e-04
2.62177166e-01 6.83988185e-05 2.16100543e-04
2.62533790e-01 -2.29222659e-04 2.17456409e-04
2.62890410e-01 4.19703523e-05 2.14699665e-04
2.63247026e-01 1.81678130e-04 2.17244780e-04
2.63603638e-01 -2.10908814e-05 2.15153684e-04
2.63960245e-01 -9.97437903e-05 2.16115276e-04
2.64316848e-01 -1.49518222e-04 2.13836794e-04
2.64673447e-01 -6.83282016e-04 2.13095258e-04
2.65030042e-01 5.56431694e-05 2.12664850e-04
2.65386632e-01 -9.39674167e-05 2.13177991e-04
2.65743217e-01 -3.03994635e-04 2.11636107e-04
2.66099799e-01 -8.99941223e-05 2.10838916e-04
2.66456376e-01 -9.57164324e-05 2.12907583e-04
2.66812948e-01 -5.77183285e-04 2.17205439e-04
2.67169517e-01 1.35491444e-05 2.12863486e-04
2.67526081e-01 -1.38793143e-04 2.14374209e-04
2.67882640e-01 1.86122155e-04 2.16210676e-04
2.68239195e-01 1.97535219e-04 2.14057238e-04
2.68595746e-01 -9.74587799e-06 2.15322270e-04
2.68952293e-01 -1.37369237e-04 2.16489018e-04
2.69308835e-01 -2.79763960e-04 2.16979654e-04
2.69665372e-01 -3.00230827e-04 2.15153275e-04
2.70021906e-01 -4.44994411e-04 2.25172971e-04
2.70378435e-01 -3.43571584e-04 2.16778443e-04
2.70734959e-01 -1.34036869e-04 2.19759867e-04
2.71091479e-01 -1.39406251e-04 2.29234833e-04
2.71447995e-01 -2.34098854e-04 2.22325840e-04
2.71804506e-01 3.02618514e-07 2.18311817e-04
2.72161012e-01 2.58872532e-04 2.22402776e-04
2.72517515e-01 4.46847970e-04 2.21379306e-04
2.72874012e-01 -4.85123663e-04 2.20900831e-04
