1.54026655e-02 -5.27932733e-04 1.70336920e-03
1.57608633e-02 1.61489442e-03 1.63993376e-03
1.61190608e-02 2.43069751e-03 1.57369367e-03
1.64772580e-02 -9.76282969e-04 1.46024958e-03
1.68354550e-02 1.71288886e-03 1.42102653e-03
1.71936517e-02 -7.02797787e-04 1.29054638e-03
1.75518481e-02 -6.51997679e-04 1.30891901e-03
1.79100442e-02 1.05515329e-03 1.32391948e-03
1.82682400e-02 -2.45836176e-04 1.21105784e-03
1.86264355e-02 9.50367423e-04 1.16627160e-03
1.89846308e-02 1.62443493e-03 1.24524423e-03
1.93428257e-02 2.23859992e-03 1.14260267e-03
1.97010202e-02 -1.90489961e-03 1.10961824e-03
2.00592145e-02 5.92412590e-04 1.12951052e-03
2.04174084e-02 5.39350361e-04 1.13313634e-03
2.07756020e-02 1.21482812e-03 1.05012375e-03
2.11337953e-02 3.59820470e-04 1.06898134e-03
2.14919882e-02 1.09719573e-03 1.05692058e-03
2.18501808e-02 9.56510747e-04 1.01889787e-03
2.22083729e-02 1.62778888e-03 9.50843006e-04
2.25665648e-02 4.19230861e-04 1.00315689e-03
2.29247562e-02 -7.72112139e-04 9.69143166e-04
2.32829473e-02 -1.55810662e-03 9.07110259e-04
2.36411380e-02 -2.10143614e-04 9.20433762e-04
2.39993283e-02 1.74212696e-03 8.71010411e-04
2.43575182e-02 1.12067712e-03 8.57956813e-04
2.47157077e-02 -4.40671362e-04 8.97194416e-04
2.50738968e-02 1.31971719e-03 8.43087843e-04
2.54320855e-02 8.56523131e-04 8.40645710e-04
2.57902738e-02 1.72956948e-03 8.63161474e-04
2.61484617e-02 1.10421339e-03 8.42730655e-04
2.65066491e-02 3.53612245e-04 7.81985152e-04
2.68648361e-02 -1.60484756e-04 8.73715733e-04
2.72230226e-02 9.45187219e-04 7.93218575e-04
2.75812087e-02 -1.91799220e-03 7.77297777e-04
2.79393943e-02 -6.78278626e-04 7.83873919e-04
2.82975795e-02 4.85363454e-04 8.07671418e-04
2.86557642e-02 7.52863174e-05 8.35301474e-04
2.90139485e-02 9.55536800e-04 8.59200474e-04
2.93721323e-02 9.10095846e-04 7.75714270e-04
2.97303155e-02 7.07590294e-04 8.53082868e-04
3.00884983e-02 7.04250069e-04 7.80515860e-04
3.04466806e-02 1.04362810e-03 8.63867095e-04
3.08048624e-02 -6.81932959e-04 7.81009077e-04
3.11630437e-02 4.55701590e-04 8.18948466e-04
3.15212245e-02 -1.24987938e-03 8.00270271e-04
3.18794048e-02 -1.58937490e-03 8.15126039e-04
3.22375845e-02 -1.86260035e-04 8.04876061e-04
3.25957637e-02 2.59609429e-04 7.81014322e-04
3.29539424e-02 1.18521346e-04 7.82956340e-04
3.33121205e-02 1.29663255e-03 7.89331010e-04
3.36702981e-02 7.36719052e-04 8.01224535e-04
3.40284751e-02 -5.41975469e-04 7.85961771e-04
3.43866516e-02 5.30922107e-04 8.06868719e-04
3.47448275e-02 3.37081244e-04 7.44675348e-04
3.51030028e-02 5.58625477e-04 7.29447920e-04
3.54611775e-02 -3.08395495e-04 7.49218821e-04
3.58193517e-02 6.52014094e-04 7.45412292e-04
3.61775253e-02 8.03452048e-04 7.20539326e-04
3.65356983e-02 -6.11265436e-04 7.41355549e-04
3.68938706e-02 8.48770908e-04 7.01647462e-04
3.72520424e-02 -3.65369679e-04 7.02282496e-04
3.76102136e-02 2.14323105e-04 6.92379360e-04
3.79683841e-02 -6.85489032e-04 6.33523064e-04
3.83265540e-02 -1.32727842e-04 6.96257788e-04
3.86847233e-02 3.67036151e-04 6.61809239e-04
3.90428920e-02 -5.43665903e-04 6.75665822e-04
3.94010600e-02 -2.99522251e-04 6.58219526e-04
3.97592273e-02 4.44420680e-04 6.65312388e-04
4.01173941e-02 5.85325470e-04 6.80241812e-04
4.04755601e-02 5.02013938e-04 6.71706133e-04
4.08337255e-02 -2.08284995e-04 6.93241033e-04
4.11918902e-02 -1.82014463e-04 6.32729473e-04
4.15500542e-02 2.05361677e-04 6.49970482e-04
4.19082176e-02 5.40618103e-04 6.53272662e-04
4.22663802e-02 8.04788202e-04 6.68787517e-04
4.26245422e-02 6.90061684e-04 6.72656045e-04
4.29827034e-02 1.35826188e-03 6.92343099e-04
4.33408640e-02 7.36850626e-04 6.46338162e-04
4.36990238e-02 -3.00771459e-04 6.52865481e-04
4.40571830e-02 -2.25870148e-04 6.58589469e-04
4.44153414e-02 9.86113274e-04 6.67287686e-04
4.47734990e-02 6.50681746e-04 6.59285036e-04
4.51316560e-02 9.58226629e-06 6.50899611e-04
4.54898122e-02 -9.57813173e-05 6.62200589e-04
4.58479676e-02 2.30260605e-04 6.58617123e-04
4.62061223e-02 -3.04734656e-04 6.64702181e-04
4.65642762e-02 1.20690276e-03 6.50952436e-04
4.69224294e-02 -4.63675037e-04 6.45176242e-04
4.72805818e-02 4.70432001e-04 6.61923963e-04
4.76387334e-02 -4.89548687e-04 6.51134290e-04
4.79968842e-02 -4.89588485e-04 6.12995110e-04
4.83550342e-02 2.03142999e-04 6.11482809e-04
4.87131835e-02 4.90132946e-04 6.14875330e-04
4.90713319e-02 3.97316491e-04 6.29100092e-04
4.94294795e-02 -1.46216451e-04 6.23487324e-04
4.97876264e-02 3.51134498e-04 5.72428045e-04
5.01457724e-02 3.00868404e-05 6.09283505e-04
5.05039175e-02 1.00859363e-03 6.01961404e-04
5.08620619e-02 6.36997071e-04 6.00512682e-04
5.12202054e-02 6.89073705e-04 5.94563177e-04
5.15783481e-02 -1.75672227e-04 5.77512506e-04
5.19364899e-02 -5.75812777e-04 5.65358563e-04
5.22946308e-02 3.33401165e-04 5.76255229e-04
5.26527709e-02 2.43552743e-04 5.74931854e-04
5.30109102e-02 7.07261688e-05 5.74321246e-04
5.33690485e-02 -4.99558625e-05 5.44067230e-04
5.37271860e-02 -1.13615811e-04 5.64185898e-04
5.40853226e-02 2.15480456e-04 5.87895612e-04
5.44434583e-02 -9.82696019e-05 5.38802486e-04
5.48015932e-02 2.47327824e-04 5.68007797e-04
5.51597271e-02 -8.56728779e-04 5.69366660e-04
5.55178601e-02 -1.08776088e-04 5.69162737e-04
5.58759922e-02 -1.17250151e-04 5.49184904e-04
5.62341234e-02 -4.97934891e-04 5.70157884e-04
5.65922536e-02 -3.08437288e-04 5.27578554e-04
5.69503829e-02 5.99143999e-04 5.38147501e-04
5.73085113e-02 -2.93023253e-05 5.43102550e-04
5.76666388e-02 -6.35773600e-04 5.39781648e-04
5.80247653e-02 7.84266033e-04 5.41875565e-04
5.83828908e-02 3.94944223e-05 5.62669386e-04
5.87410154e-02 9.81809324e-04 5.49592054e-04
5.90991390e-02 -6.08211798e-04 5.39993299e-04
5.94572616e-02 -6.22019828e-04 5.49390498e-04
5.98153833e-02 5.90633033e-04 5.46920482e-04
6.01735040e-02 6.98318253e-04 5.46657985e-04
6.05316237e-02 -1.44006263e-04 5.36385168e-04
6.08897424e-02 -1.03450033e-04 5.22545643e-04
6.12478600e-02 1.12701470e-03 5.39823572e-04
6.16059767e-02 -6.63673191e-05 5.14356082e-04
6.19640924e-02 -3.44013448e-04 5.30226851e-04
6.23222071e-02 -7.60669412e-05 4.97931093e-04
6.26803207e-02 -1.54265376e-04 5.00240553e-04
6.30384333e-02 -7.21713621e-05 5.26872495e-04
6.33965448e-02 -1.34573418e-04 5.17555567e-04
6.37546554e-02 -6.73655205e-04 5.13731131e-04
6.41127648e-02 -8.91698233e-05 5.07309051e-04
6.44708732e-02 3.14161301e-04 4.94556236e-04
6.48289806e-02 -6.07955030e-05 4.94060889e-04
6.51870869e-02 -3.56538417e-04 5.08392836e-04
6.55451921e-02 -1.03767814e-03 4.96394303e-04
6.59032962e-02 -2.26690038e-04 4.93992502e-04
6.62613993e-02 6.46661545e-04 4.95566113e-04
6.66195012e-02 -4.60129744e-04 4.90495954e-04
6.69776021e-02 -2.16719385e-04 4.99333743e-04
6.73357019e-02 1.22032669e-04 5.10766316e-04
6.76938005e-02 -7.40681062e-05 4.84384799e-04
6.80518981e-02 7.94223080e-04 4.84891914e-04
6.84099945e-02 2.11730775e-04 4.84365888e-04
6.87680898e-02 -4.74700860e-05 4.94843349e-04
6.91261840e-02 1.14631309e-04 4.74880230e-04
6.94842770e-02 -2.06248097e-04 4.80572492e-04
6.98423689e-02 6.48446478e-04 4.73269020e-04
7.02004596e-02 2.78407151e-04 4.80258586e-04
7.05585492e-02 3.28773060e-04 4.70380458e-04
7.09166377e-02 4.40462543e-04 4.73469942e-04
7.12747249e-02 -2.34112858e-04 4.67741210e-04
7.16328110e-02 -4.43226603e-04 4.70547023e-04
7.19908959e-02 9.12184542e-05 4.74084034e-04
7.23489796e-02 2.18529426e-04 4.67058293e-04
7.27070622e-02 -8.00060494e-05 4.77436764e-04
7.30651435e-02 4.99469637e-05 4.73022218e-04
7.34232237e-02 -4.87172269e-04 4.66310919e-04
7.37813026e-02 -5.43638504e-05 4.72021134e-04
7.41393803e-02 7.59751003e-05 4.62901722e-04
7.44974568e-02 1.63142336e-04 4.64398136e-04
7.48555321e-02 -4.26500415e-04 4.48003287e-04
7.52136061e-02 2.07272944e-04 4.70151784e-04
7.55716789e-02 1.71985853e-04 4.73057932e-04
7.59297505e-02 3.28902918e-04 4.56183186e-04
7.62878208e-02 9.57235914e-04 4.50663583e-04
7.66458899e-02 -8.17654455e-05 4.46591441e-04
7.70039577e-02 -7.41499059e-04 4.54886264e-04
7.73620242e-02 9.79401284e-05 4.60974208e-04
7.77200895e-02 -6.94949165e-05 4.51097777e-04
7.80781535e-02 -6.88015235e-04 4.41889530e-04
7.84362162e-02 3.55979886e-05 4.41685561e-04
7.87942776e-02 1.81884521e-04 4.53797517e-04
7.91523377e-02 -1.88052424e-04 4.43973983e-04
7.95103965e-02 -5.54234335e-04 4.51755330e-04
7.98684540e-02 -1.93083972e-04 4.43673519e-04
8.02265102e-02 -2.89535270e-04 4.50497594e-04
8.05845651e-02 -1.23225289e-04 4.31987614e-04
8.09426186e-02 -1.02101224e-04 4.33349408e-04
8.13006709e-02 -2.45927393e-04 4.47174294e-04
8.16587217e-02 7.80816826e-05 4.37457958e-04
8.20167713e-02 2.67295874e-04 4.48298688e-04
8.23748195e-02 -4.90759001e-04 4.34023202e-04
8.27328663e-02 -4.40694104e-04 4.51356299e-04
8.30909118e-02 7.18128733e-06 4.38068788e-04
8.34489559e-02 -3.28560390e-04 4.25558225e-04
8.38069986e-02 -4.61133414e-05 4.33194630e-04
8.41650400e-02 3.41836609e-04 4.36123311e-04
8.45230800e-02 4.36358258e-04 4.32704106e-04
8.48811185e-02 -4.94104057e-04 4.32688868e-04
8.52391557e-02 2.56041159e-04 4.39075315e-04
8.55971915e-02 -1.29925759e-04 4.40717611e-04
8.59552259e-02 1.08642096e-05 4.40538402e-04
8.63132589e-02 -1.33158680e-04 4.51746940e-04
8.66712904e-02 1.55048799e-04 4.37571058e-04
8.70293205e-02 4.54453059e-04 4.39051732e-04
8.73873492e-02 -3.55439911e-04 4.35959521e-04
8.77453765e-02 -2.32668172e-04 4.29431773e-04
8.81034023e-02 2.06925463e-07 4.42051372e-04
8.84614267e-02 1.25489096e-04 4.41209210e-04
8.88194496e-02 -6.58968306e-05 4.23011921e-04
8.91774710e-02 -3.56527351e-04 4.27396901e-04
8.95354910e-02 7.37909324e-04 4.41447698e-04
8.98935095e-02 -1.87310152e-04 4.23392677e-04
9.02515266e-02 1.38052234e-04 4.40265215e-04
9.06095421e-02 -3.03347167e-04 4.31631959e-04
9.09675562e-02 -4.47183640e-05 4.28656149e-04
9.13255687e-02 -8.09210922e-04 4.14452062e-04
9.16835798e-02 -3.06199024e-04 4.43438120e-04
9.20415894e-02 1.18362525e-04 4.34880691e-04
9.23995974e-02 1.67501955e-04 4.09854885e-04
9.27576039e-02 -3.87726047e-04 4.19079738e-04
9.31156089e-02 2.28256171e-04 4.07683994e-04
9.34736124e-02 5.09616954e-04 4.13205310e-04
9.38316143e-02 2.01400250e-04 4.21804321e-04
9.41896147e-02 -2.75785398e-04 4.16929648e-04
9.45476136e-02 2.68186923e-04 4.26604099e-04
9.49056108e-02 -4.01828554e-04 3.98386063e-04
9.52636066e-02 -8.22823649e-05 4.04800866e-04
9.56216007e-02 -1.84131634e-04 4.04835500e-04
9.59795933e-02 -1.89656702e-04 4.06889473e-04
9.63375843e-02 -1.21787880e-03 4.04198054e-04
9.66955738e-02 -1.90042833e-04 3.91803183e-04
9.70535616e-02 4.75799800e-04 4.05587789e-04
9.74115478e-02 -3.32303903e-04 4.04734647e-04
9.77695325e-02 2.92902568e-04 3.98288274e-04
9.81275155e-02 1.98651193e-04 3.92899489e-04
9.84854969e-02 1.07245042e-04 4.01488768e-04
9.88434768e-02 -2.01436648e-04 4.04689898e-04
9.92014549e-02 -2.40912951e-04 3.91864157e-04
9.95594315e-02 2.56059141e-04 3.93321249e-04
9.99174064e-02 -1.16098512e-04 3.91339411e-04
1.00275380e-01 1.94530276e-04 3.90149071e-04
1.00633351e-01 -5.32521494e-04 3.86184132e-04
1.00991321e-01 -6.97431049e-04 3.82561134e-04
1.01349290e-01 3.98993174e-04 3.92858796e-04
1.01707256e-01 4.36185486e-04 3.97194434e-04
1.02065221e-01 -3.65726353e-04 3.83991341e-04
1.02423184e-01 -3.27827005e-04 3.80104938e-04
1.02781146e-01 3.03899160e-05 3.90173080e-04
1.03139106e-01 -5.25828977e-04 3.92655181e-04
1.03497064e-01 4.85981224e-04 3.82163914e-04
1.03855021e-01 2.87060503e-04 3.77760831e-04
1.04212976e-01 1.77091709e-04 3.86296985e-04
1.04570929e-01 1.60407254e-04 3.83019621e-04
1.04928880e-01 -6.85340093e-05 3.98373097e-04
1.05286830e-01 4.99194824e-04 4.07269984e-04
1.05644778e-01 5.22823446e-04 4.00913963e-04
1.06002724e-01 1.66123217e-04 3.98306087e-04
1.06360668e-01 -4.65643675e-04 3.97338947e-04
1.06718611e-01 -1.48595615e-04 4.08671894e-04
1.07076552e-01 8.19246997e-04 4.00813104e-04
1.07434491e-01 -2.71044439e-04 3.94902777e-04
1.07792429e-01 2.07104173e-04 3.99214249e-04
1.08150364e-01 7.90901219e-06 3.96545605e-04
1.08508298e-01 -6.87495629e-05 4.08432733e-04
1.08866230e-01 -2.72631384e-04 4.00225504e-04
1.09224160e-01 6.55722872e-04 4.04923401e-04
1.09582089e-01 7.08344634e-06 3.99827294e-04
1.09940016e-01 -8.71345909e-05 3.86800147e-04
1.10297941e-01 3.28828895e-04 3.95935068e-04
1.10655864e-01 4.35012838e-04 3.82880922e-04
1.11013785e-01 1.64224433e-05 3.92528254e-04
1.11371704e-01 2.85279016e-05 3.82342769e-04
1.11729622e-01 -4.97087698e-04 3.78614434e-04
1.12087538e-01 6.40040525e-04 3.79377767e-04
1.12445452e-01 6.43815412e-05 3.87706266e-04
1.12803364e-01 8.25273713e-04 3.82400232e-04
1.13161274e-01 1.00780127e-04 3.65389942e-04
1.13519182e-01 4.37471414e-05 3.83775810e-04
1.13877089e-01 4.05568445e-05 3.73341139e-04
1.14234994e-01 -6.17404763e-04 3.82953813e-04
1.14592896e-01 5.75391023e-05 3.69818727e-04
1.14950797e-01 1.81624713e-04 3.81244846e-04
1.15308696e-01 -2.31910393e-04 3.84305767e-04
1.15666593e-01 -2.07455525e-04 3.65457344e-04
1.16024488e-01 4.52418722e-04 3.80332158e-04
1.16382382e-01 2.91653298e-04 3.69015069e-04
1.16740273e-01 -3.27917225e-05 3.67528284e-04
1.17098163e-01 5.92636602e-04 3.71832270e-04
1.17456050e-01 1.79464203e-04 3.64725011e-04
1.17813936e-01 1.80080182e-04 3.72053119e-04
1.18171819e-01 6.24627434e-04 3.78059687e-04
1.18529701e-01 3.88767766e-04 3.79069417e-04
1.18887581e-01 1.67080015e-04 3.66194083e-04
1.19245459e-01 1.42814505e-04 3.72964662e-04
1.19603335e-01 1.88693837e-04 3.84980687e-04
1.19961208e-01 1.05456993e-04 3.76968564e-04
1.20319080e-01 1.74730181e-04 3.70274294e-04
1.20676950e-01 -3.67188270e-05 3.82098295e-04
1.21034818e-01 6.44103362e-05 3.81292740e-04
1.21392684e-01 -2.04035928e-04 3.81712269e-04
1.21750548e-01 2.79782675e-04 3.86524332e-04
1.22108410e-01 3.26303982e-04 3.85743102e-04
1.22466270e-01 -1.03637095e-04 3.71593941e-04
1.22824128e-01 1.94796055e-04 3.63825829e-04
1.23181984e-01 -2.72112568e-04 3.73749738e-04
1.23539838e-01 1.76336310e-04 3.76969006e-04
1.23897690e-01 -5.69829027e-05 3.69010060e-04
1.24255540e-01 -6.73313361e-04 3.67212891e-04
1.24613388e-01 2.77037643e-04 3.69978441e-04
1.24971233e-01 5.38549399e-04 3.70046002e-04
1.25329077e-01 2.47235679e-04 3.56860626e-04
1.25686919e-01 2.43976837e-04 3.73264184e-04
1.26044758e-01 -1.65407669e-04 3.53723148e-04
1.26402596e-01 -2.40548750e-04 3.60399523e-04
1.26760431e-01 5.22702237e-05 3.59625066e-04
1.27118265e-01 5.81442287e-04 3.64621111e-04
1.27476096e-01 4.89157377e-05 3.57296210e-04
1.27833925e-01 -3.58919518e-04 3.45583745e-04
1.28191752e-01 -4.30028313e-04 3.46813832e-04
1.28549577e-01 2.62473665e-04 3.64119192e-04
1.28907400e-01 5.11182029e-04 3.55423692e-04
1.29265221e-01 3.08023190e-04 3.45469781e-04
1.29623040e-01 -2.48684350e-04 3.47524886e-04
1.29980856e-01 -5.77082106e-05 3.46199189e-04
1.30338670e-01 2.74906060e-04 3.50849302e-04
1.30696483e-01 -1.72564752e-04 3.47910584e-04
1.31054293e-01 3.66670167e-05 3.48697775e-04
1.31412101e-01 -3.03848030e-04 3.38260554e-04
1.31769906e-01 8.12536014e-05 3.40592520e-04
1.32127710e-01 -2.14596411e-04 3.41710690e-04
1.32485511e-01 -1.47320849e-04 3.37668963e-04
1.32843311e-01 -2.84592712e-04 3.42775831e-04
1.33201108e-01 -2.56798354e-04 3.38945828e-04
1.33558903e-01 1.73039452e-04 3.44166880e-04
1.33916695e-01 1.61706113e-04 3.40521982e-04
1.34274486e-01 4.41232095e-04 3.41777904e-04
1.34632274e-01 4.32066260e-04 3.49312337e-04
1.34990060e-01 7.65810081e-04 3.39970762e-04
1.35347844e-01 -5.98158568e-04 3.37059960e-04
1.35705626e-01 -4.75647694e-05 3.32606112e-04
1.36063405e-01 -3.75218427e-05 3.36117131e-04
1.36421182e-01 3.58766658e-04 3.29843376e-04
1.36778957e-01 3.60250646e-04 3.34199101e-04
1.37136730e-01 4.08100437e-04 3.31750255e-04
1.37494500e-01 3.66715546e-05 3.28359414e-04
1.37852269e-01 -1.65467611e-04 3.42897570e-04
1.38210034e-01 -1.69873718e-05 3.32782486e-04
1.38567798e-01 1.66157792e-04 3.31823747e-04
1.38925559e-01 -2.43397471e-04 3.25113811e-04
1.39283319e-01 -1.11537229e-04 3.34680583e-04
1.39641075e-01 4.30654893e-04 3.33947317e-04
1.39998830e-01 -1.08444931e-04 3.32328194e-04
1.40356582e-01 -2.89285306e-04 3.35703207e-04
1.40714332e-01 -5.87933990e-04 3.25397820e-04
1.41072080e-01 5.43997748e-04 3.31943229e-04
1.41429825e-01 1.63555062e-04 3.20693311e-04
1.41787568e-01 7.96285260e-05 3.27665161e-04
1.42145308e-01 1.30383657e-04 3.25348823e-04
1.42503047e-01 1.56166339e-04 3.22487247e-04
1.42860783e-01 6.62868188e-05 3.26860429e-04
1.43218516e-01 -3.27789510e-04 3.14642836e-04
1.43576247e-01 2.93933022e-04 3.25449499e-04
1.43933976e-01 7.60330588e-04 3.18281391e-04
1.44291703e-01 -2.30114216e-04 3.16739794e-04
1.44649427e-01 -3.98963051e-05 3.25294440e-04
1.45007149e-01 5.95804395e-05 3.21104550e-04
1.45364868e-01 3.33584112e-05 3.19692082e-04
1.45722585e-01 -9.52377541e-06 3.13484386e-04
1.46080300e-01 -3.02130192e-04 3.19104755e-04
1.46438012e-01 -1.59324189e-04 3.14653708e-04
1.46795722e-01 4.03666276e-04 3.20350086e-04
1.47153429e-01 -5.92367311e-04 3.17288118e-04
1.47511134e-01 -1.37230882e-04 3.16009122e-04
1.47868837e-01 -4.38319152e-05 3.10176148e-04
1.48226537e-01 -2.32139287e-05 3.16810475e-04
1.48584235e-01 1.09145746e-04 3.15839113e-04
1.48941930e-01 3.04818905e-04 3.11750156e-04
1.49299623e-01 -3.04598594e-04 3.16821676e-04
1.49657313e-01 2.57452852e-04 3.20994271e-04
1.50015001e-01 -2.37297506e-04 3.17622119e-04
1.50372687e-01 -1.78376340e-04 3.19072428e-04
1.50730370e-01 4.99360951e-04 3.23587374e-04
1.51088050e-01 3.52617454e-04 3.12187123e-04
1.51445728e-01 1.29955415e-04 3.10493761e-04
1.51803404e-01 8.97767331e-05 3.09581012e-04
1.52161077e-01 2.22658068e-04 3.14424392e-04
1.52518747e-01 -1.73130496e-04 3.07236542e-04
1.52876416e-01 -7.60574864e-05 3.03411400e-04
1.53234081e-01 -3.59827865e-04 3.07295342e-04
1.53591744e-01 -3.84333514e-05 3.09795788e-04
1.53949405e-01 3.11493036e-04 3.15771231e-04
1.54307063e-01 -1.31612423e-04 3.05321372e-04
1.54664718e-01 -5.75195527e-04 3.08653599e-04
1.55022371e-01 -3.74803431e-05 3.12665573e-04
1.55380021e-01 2.14542467e-04 3.14987416e-04
1.55737669e-01 -1.61252060e-04 3.08265460e-04
1.56095314e-01 1.33942852e-04 3.05884656e-04
1.56452957e-01 4.30627945e-04 3.10099000e-04
1.56810597e-01 4.08465024e-04 3.05115910e-04
1.57168235e-01 -2.86839045e-04 2.98222587e-04
1.57525870e-01 1.57698076e-04 3.04753661e-04
1.57883502e-01 -3.43635991e-04 3.02112707e-04
1.58241132e-01 2.65426966e-04 3.05338965e-04
1.58598759e-01 -5.58064658e-05 3.07012522e-04
1.58956384e-01 -1.78403561e-05 2.97095011e-04
1.59314006e-01 -1.19043580e-04 3.02743946e-04
1.59671625e-01 -5.88123156e-05 3.03938943e-04
1.60029242e-01 2.77297229e-04 3.06561566e-04
1.60386856e-01 2.84226242e-04 2.94334408e-04
1.60744468e-01 2.38824311e-05 3.01168046e-04
1.61102076e-01 4.93108220e-04 2.93859826e-04
1.61459683e-01 -2.64742563e-04 2.98628282e-04
1.61817286e-01 3.66452182e-06 2.90810947e-04
1.62174887e-01 -2.81961499e-04 2.94697293e-04
1.62532485e-01 4.16304128e-04 2.96145280e-04
1.62890081e-01 5.34718743e-04 2.99162790e-04
1.63247674e-01 1.07587707e-04 2.98817354e-04
1.63605264e-01 2.49278997e-04 2.91904058e-04
1.63962852e-01 2.42580407e-04 2.93702169e-04
1.64320437e-01 1.55294749e-05 2.97277759e-04
1.64678019e-01 -1.81060848e-05 2.98048689e-04
1.65035598e-01 -1.34135325e-05 2.96647425e-04
1.65393175e-01 -3.69816091e-04 2.86903326e-04
1.65750749e-01 3.11830616e-04 2.94610431e-04
1.66108320e-01 5.45249068e-04 2.96839442e-04
1.66465889e-01 3.63555078e-04 2.88795188e-04
1.66823455e-01 2.84283600e-04 2.92307220e-04
1.67181018e-01 1.76063292e-04 2.96695152e-04
1.67538578e-01 -1.99675710e-04 2.91940738e-04
1.67896136e-01 2.21645822e-04 2.95435597e-04
1.68253691e-01 -2.14784714e-04 2.90895702e-04
1.68611243e-01 2.04424080e-04 2.90636559e-04
1.68968792e-01 -1.62353310e-04 2.94237762e-04
1.69326339e-01 -2.13001058e-05 2.94027072e-04
1.69683883e-01 -8.74817472e-05 2.90993285e-04
1.70041424e-01 3.10046025e-04 2.93696034e-04
1.70398962e-01 -9.60836245e-05 2.90159427e-04
1.70756497e-01 2.58637331e-04 2.90297999e-04
1.71114030e-01 -3.37614044e-05 2.81332703e-04
1.71471560e-01 3.54796745e-07 2.85174173e-04
1.71829087e-01 6.71910645e-05 2.84540079e-04
1.72186611e-01 2.94235848e-05 2.88628815e-04
1.72544132e-01 -1.57909781e-04 2.82053264e-04
1.72901651e-01 -1.93934686e-04 2.89171364e-04
1.73259167e-01 -1.76021315e-04 2.84726710e-04
1.73616679e-01 -6.94441349e-05 2.77256063e-04
1.73974189e-01 9.75588642e-05 2.81050456e-04
1.74331697e-01 -8.92644867e-05 2.79852975e-04
1.74689201e-01 -2.04273457e-04 2.82222026e-04
1.75046702e-01 -1.37432423e-04 2.77332049e-04
1.75404201e-01 2.82384222e-06 2.91670225e-04
1.75761697e-01 -3.79745657e-04 2.79075133e-04
1.76119189e-01 -3.80814016e-04 2.77028587e-04
1.76476679e-01 1.73381499e-04 2.75133285e-04
1.76834166e-01 -1.87022824e-04 2.77068419e-04
1.77191650e-01 -3.95974281e-04 2.77798895e-04
1.77549132e-01 4.43826541e-04 2.87277321e-04
1.77906610e-01 -9.35014030e-05 2.82130689e-04
1.78264085e-01 8.94570650e-05 2.81101646e-04
1.78621558e-01 -1.97292701e-05 2.78265365e-04
1.78979027e-01 -2.77415486e-04 2.74837685e-04
1.79336494e-01 9.11410368e-06 2.80206864e-04
1.79693958e-01 2.15115920e-04 2.73271568e-04
1.80051418e-01 -2.60689591e-04 2.74689040e-04
1.80408876e-01 -2.77016260e-04 2.75268480e-04
1.80766331e-01 8.95075337e-05 2.78350483e-04
1.81123783e-01 9.34422492e-06 2.81566969e-04
1.81481232e-01 2.33889408e-04 2.78348351e-04
1.81838677e-01 4.10260031e-04 2.81551173e-04
1.82196120e-01 2.26330293e-04 2.76923833e-04
1.82553560e-01 4.43842555e-04 2.85340799e-04
1.82910997e-01 -7.58601890e-05 2.74887814e-04
1.83268431e-01 -9.53716532e-05 2.84213095e-04
1.83625862e-01 -2.58777427e-04 2.84302714e-04
1.83983290e-01 -8.43365172e-05 2.82159863e-04
1.84340715e-01 1.81297451e-04 2.86136601e-04
1.84698137e-01 -3.95602852e-05 2.85067152e-04
1.85055556e-01 1.33091213e-04 2.90141723e-04
1.85412971e-01 3.24079691e-04 2.77299660e-04
1.85770384e-01 -4.05145552e-04 2.82538545e-04
1.86127794e-01 -1.45316824e-04 2.84637635e-04
1.86485200e-01 3.32029295e-04 2.79811020e-04
1.86842604e-01 -9.42314246e-05 2.79687520e-04
1.87200005e-01 4.53155784e-05 2.76082966e-04
1.87557402e-01 -3.35668229e-05 2.87072339e-04
1.87914797e-01 -2.85658890e-04 2.74797718e-04
1.88272188e-01 4.15611053e-05 2.72687127e-04
1.88629576e-01 6.96742248e-04 2.79529386e-04
1.88986961e-01 -3.81130874e-04 2.71854689e-04
1.89344343e-01 -1.30102840e-05 2.71893730e-04
1.89701722e-01 1.45905268e-04 2.72515077e-04
1.90059098e-01 -1.74419569e-04 2.70072303e-04
1.90416471e-01 2.87058005e-04 2.75014592e-04
1.90773840e-01 -8.74534204e-07 2.70509345e-04
1.91131207e-01 9.59131441e-05 2.66483346e-04
1.91488570e-01 4.53411014e-04 2.66198019e-04
1.91845930e-01 7.82308099e-05 2.73996758e-04
1.92203287e-01 5.78211786e-04 2.72849978e-04
1.92560641e-01 6.21241825e-05 2.64294981e-04
1.92917992e-01 -3.53007284e-04 2.68343533e-04
1.93275340e-01 -1.62942897e-04 2.74374531e-04
1.93632684e-01 -2.88756792e-04 2.75263808e-04
1.93990025e-01 -1.74094427e-04 2.73337504e-04
1.94347363e-01 4.23196597e-04 2.72594352e-04
1.94704698e-01 1.91855576e-04 2.74846099e-04
1.95062030e-01 3.45989621e-04 2.67902090e-04
1.95419358e-01 -2.95750652e-04 2.70550580e-04
1.95776684e-01 -4.94504909e-05 2.74550566e-04
1.96134006e-01 -4.73693978e-05 2.70041298e-04
1.96491324e-01 2.44006139e-04 2.67505939e-04
1.96848640e-01 -1.64388396e-04 2.67978248e-04
1.97205953e-01 -7.61274135e-05 2.67929924e-04
1.97563262e-01 -3.29425898e-04 2.62810579e-04
1.97920568e-01 7.52041238e-04 2.73932258e-04
1.98277870e-01 -1.70376585e-04 2.69966654e-04
1.98635170e-01 -3.68291108e-04 2.70884000e-04
1.98992466e-01 4.81580427e-04 2.76811285e-04
1.99349759e-01 -3.25335509e-04 2.65246389e-04
1.99707049e-01 -4.35257087e-05 2.70666979e-04
2.00064335e-01 9.96874064e-05 2.72293059e-04
2.00421618e-01 2.91881165e-04 2.65862038e-04
2.00778898e-01 -4.51441233e-04 2.64693753e-04
2.01136174e-01 -4.09281010e-05 2.62288088e-04
2.01493448e-01 -1.63095181e-04 2.63670911e-04
2.01850718e-01 -2.83588156e-04 2.60161109e-04
2.02207984e-01 9.64945835e-05 2.65948218e-04
2.02565248e-01 -3.64171329e-04 2.59483979e-04
2.02922508e-01 7.28924561e-05 2.60278873e-04
2.03279764e-01 -4.20944944e-04 2.63169674e-04
2.03637018e-01 -1.63759621e-05 2.63705589e-04
2.03994268e-01 9.78110020e-06 2.58333301e-04
2.04351514e-01 3.30003324e-04 2.53615658e-04
2.04708758e-01 2.05674632e-05 2.62981928e-04
2.05065998e-01 1.53689765e-04 2.54143906e-04
2.05423234e-01 -5.45545333e-04 2.57260461e-04
2.05780467e-01 1.26960818e-04 2.61127878e-04
2.06137697e-01 1.51492073e-04 2.52300651e-04
2.06494924e-01 -1.01078268e-04 2.60614696e-04
2.06852147e-01 -9.73568802e-05 2.58149234e-04
2.07209367e-01 -1.33079895e-04 2.59408978e-04
2.07566583e-01 -3.31110957e-04 2.59103669e-04
2.07923796e-01 6.08424384e-05 2.53698003e-04
2.08281005e-01 -1.71509547e-04 2.55280777e-04
2.08638211e-01 -3.28677883e-04 2.50542447e-04
2.08995414e-01 4.34956826e-05 2.50955340e-04
2.09352613e-01 1.26049446e-04 2.54143135e-04
2.09709809e-01 -6.92290828e-04 2.50320259e-04
2.10067002e-01 -8.46183802e-05 2.54794822e-04
2.10424191e-01 -2.22864847e-04 2.52629232e-04
2.10781376e-01 -8.15516646e-06 2.53097472e-04
2.11138558e-01 -3.22049935e-04 2.55858936e-04
2.11495737e-01 -1.46938669e-04 2.49410128e-04
2.11852912e-01 -4.63862363e-04 2.48871588e-04
2.12210084e-01 -1.88522939e-04 2.43576756e-04
2.12567252e-01 -5.64088711e-04 2.42125018e-04
2.12924416e-01 2.20360036e-04 2.48713120e-04
2.13281578e-01 -2.07660829e-04 2.48404553e-04
2.13638735e-01 -1.93267413e-04 2.46819195e-04
2.13995890e-01 2.29053762e-04 2.48588468e-04
2.14353040e-01 -4.89155117e-04 2.46536973e-04
2.14710188e-01 -3.48695302e-04 2.45549085e-04
2.15067331e-01 -2.31356982e-04 2.48040955e-04
2.15424471e-01 -2.13509718e-04 2.46377574e-04
2.15781608e-01 2.24951845e-04 2.50130906e-04
2.16138741e-01 1.22685483e-04 2.45663846e-04
2.16495871e-01 -2.06999751e-04 2.42783138e-04
2.16852997e-01 -1.08908860e-04 2.44795209e-04
2.17210119e-01 1.14075223e-04 2.47633540e-04
2.17567238e-01 -1.40973253e-04 2.45028319e-04
2.17924354e-01 3.15542102e-04 2.46542659e-04
2.18281465e-01 -5.89277474e-05 2.43029183e-04
2.18638574e-01 3.21914084e-04 2.39405469e-04
2.18995678e-01 -2.98816570e-04 2.40943812e-04
2.19352779e-01 2.59319485e-04 2.46238221e-04
2.19709877e-01 -2.85649627e-04 2.44041639e-04
2.20066971e-01 1.19638750e-04 2.44094724e-04
2.20424061e-01 7.28097959e-05 2.41159045e-04
2.20781147e-01 5.38357745e-05 2.37022950e-04
2.21138230e-01 -3.61777823e-04 2.37085363e-04
2.21495310e-01 -2.07799713e-04 2.39243679e-04
2.21852386e-01 1.15912739e-04 2.39098257e-04
2.22209458e-01 -1.62792863e-05 2.40044375e-04
2.22566526e-01 2.34700464e-04 2.40573058e-04
2.22923591e-01 5.01803184e-04 2.39109571e-04
2.23280652e-01 2.83090651e-04 2.37862796e-04
2.23637710e-01 7.22039067e-05 2.42981417e-04
2.23994764e-01 1.18513710e-04 2.36908690e-04
2.24351814e-01 1.40722477e-04 2.38521522e-04
2.24708861e-01 6.17806658e-05 2.36777111e-04
2.25065904e-01 1.49236799e-04 2.38808820e-04
2.25422943e-01 -3.11012647e-04 2.37240717e-04
2.25779978e-01 -1.70635362e-04 2.35650439e-04
2.26137010e-01 6.57801620e-05 2.33724979e-04
2.26494038e-01 8.00053805e-05 2.36047506e-04
2.26851063e-01 1.27763732e-04 2.37363609e-04
2.27208083e-01 -2.45822580e-04 2.35043939e-04
2.27565100e-01 -2.36176107e-05 2.40571620e-04
2.27922114e-01 -4.52451845e-05 2.35789919e-04
2.28279123e-01 -1.47843457e-04 2.35140452e-04
2.28636129e-01 1.13989884e-04 2.33743846e-04
2.28993131e-01 2.11687008e-04 2.31821344e-04
2.29350129e-01 1.32042813e-04 2.30326807e-04
2.29707124e-01 7.25424678e-05 2.33840124e-04
2.30064115e-01 -3.04969625e-04 2.34574651e-04
2.30421102e-01 3.77627402e-05 2.31634228e-04
2.30778085e-01 -3.19484164e-04 2.35549006e-04
2.31135064e-01 2.01323131e-04 2.33529579e-04
2.31492040e-01 -2.95182261e-04 2.32432779e-04
2.31849012e-01 -2.03805790e-04 2.30771242e-04
2.32205980e-01 3.69399788e-05 2.28305112e-04
2.32562944e-01 2.03807030e-04 2.29407791e-04
2.32919905e-01 -1.19217053e-04 2.31911432e-04
2.33276862e-01 1.36903886e-04 2.34415884e-04
2.33633814e-01 3.25002189e-05 2.36564905e-04
2.33990763e-01 3.57704815e-04 2.29027158e-04
2.34347709e-01 7.04258629e-05 2.30171251e-04
2.34704650e-01 1.58810569e-04 2.28994142e-04
2.35061588e-01 -1.26846410e-05 2.30756170e-04
2.35418521e-01 -2.83097255e-05 2.24655658e-04
2.35775451e-01 -2.55432902e-04 2.27569955e-04
2.36132377e-01 -3.55951849e-05 2.31460991e-04
2.36489299e-01 6.05794326e-05 2.30939617e-04
2.36846218e-01 3.08961465e-04 2.27389705e-04
2.37203132e-01 -1.08475858e-04 2.28437517e-04
2.37560042e-01 -2.55995189e-04 2.28338715e-04
2.37916949e-01 3.26343183e-04 2.25634722e-04
2.38273852e-01 -5.68087206e-05 2.24656412e-04
2.38630751e-01 -4.40629256e-04 2.24795067e-04
2.38987645e-01 -1.22417863e-04 2.27740806e-04
2.39344537e-01 -1.74162733e-04 2.23755516e-04
2.39701424e-01 1.49689191e-04 2.21306575e-04
2.40058307e-01 1.51070317e-05 2.24304484e-04
2.40415186e-01 -1.17443745e-04 2.24104210e-04
2.40772061e-01 -5.28370453e-05 2.19812844e-04
2.41128933e-01 -1.32595168e-04 2.22510027e-04
2.41485800e-01 -1.53434400e-04 2.22863361e-04
2.41842664e-01 -3.70529255e-04 2.22338690e-04
2.42199523e-01 6.65280033e-05 2.21519134e-04
2.42556379e-01 2.62147575e-04 2.22812952e-04
2.42913230e-01 2.27369579e-04 2.20664374e-04
2.43270078e-01 1.01389011e-04 2.22431537e-04
2.43626922e-01 -1.82545791e-04 2.20925595e-04
2.43983761e-01 6.26614488e-05 2.22606623e-04
2.44340597e-01 2.04123339e-04 2.19541008e-04
2.44697429e-01 -4.87274938e-05 2.21064787e-04
2.45054256e-01 -2.32481759e-04 2.15746122e-04
2.45411080e-01 -1.24211570e-04 2.19092488e-04
2.45767900e-01 5.92563558e-05 2.17497272e-04
2.46124715e-01 1.38199310e-04 2.17547355e-04
2.46481527e-01 8.59686326e-05 2.15313477e-04
2.46838334e-01 2.20122647e-04 2.19608368e-04
2.47195138e-01 1.56681964e-04 2.16191512e-04
2.47551938e-01 1.12893725e-04 2.12511951e-04
2.47908733e-01 -1.50244689e-04 2.20638685e-04
2.48265524e-01 -1.00188997e-04 2.16031425e-04
2.48622312e-01 2.24309906e-04 2.17189724e-04
2.48979095e-01 -2.28505852e-04 2.18616617e-04
2.49335874e-01 -1.76707460e-04 2.12957749e-04
2.49692649e-01 2.44870703e-04 2.16554434e-04
2.50049420e-01 -9.88255577e-05 2.18150704e-04
2.50406187e-01 2.04460214e-04 2.14056337e-04
2.50762950e-01 -5.73875054e-04 2.12184714e-04
2.51119709e-01 1.20799308e-04 2.15004931e-04
2.51476464e-01 1.99451629e-04 2.14122702e-04
2.51833214e-01 6.49864894e-05 2.14895047e-04
2.52189961e-01 -1.38716390e-04 2.14442392e-04
2.52546703e-01 -3.58977593e-04 2.16338805e-04
2.52903441e-01 2.03772827e-04 2.14652818e-04
2.53260175e-01 -5.52766255e-05 2.12593170e-04
2.53616905e-01 2.16274415e-04 2.09569797e-04
2.53973631e-01 1.42233683e-04 2.15825045e-04
2.54330352e-01 -2.77019611e-05 2.11581728e-04
2.54687070e-01 -3.22261816e-04 2.12309938e-04
2.55043783e-01 1.83240147e-04 2.11642059e-04
2.55400492e-01 2.79747614e-04 2.11372582e-04
2.55757197e-01 6.72949222e-05 2.10500739e-04
2.56113898e-01 -7.00742712e-05 2.12435070e-04
2.56470595e-01 -3.72597392e-04 2.12832454e-04
2.56827287e-01 -3.39084577e-04 2.15288013e-04
2.57183975e-01 -1.44258167e-04 2.12886381e-04
2.57540659e-01 -2.00284145e-04 2.18006166e-04
2.57897339e-01 2.40326700e-04 2.14188563e-04
2.58254014e-01 1.26720781e-04 2.15577836e-04
2.58610686e-01 -1.79344294e-04 2.12357396e-04
2.58967353e-01 9.58779650e-05 2.11284008e-04
2.59324016e-01 -1.02629753e-04 2.12733600e-04
2.59680674e-01 1.01137905e-04 2.16128779e-04
2.60037329e-01 1.84925686e-04 2.16600498e-04
2.60393979e-01 3.26878533e-04 2.20532682e-04
2.60750625e-01 3.99753014e-04 2.17617668e-04
2.61107266e-01 1.25004400e-04 2.17216484e-04
2.61463904e-01 -2.34578104e-05 2.16696079e-04
2.61820537e-01 -4.46602820e-05 2.21696735e-04
2.62177166e-01 -2.12315348e-04 2.13885658e-04
2.62533790e-01 -2.75609359e-04 2.19208730e-04
2.62890410e-01 -1.06094637e-04 2.19650108e-04
2.63247026e-01 2.01195782e-04 2.17665102e-04
2.63603638e-01 4.06111882e-04 2.16185031e-04
2.63960245e-01 4.19655172e-05 2.11501698e-04
2.64316848e-01 -6.49482534e-05 2.16661761e-04
2.64673447e-01 -7.41065360e-05 2.13530192e-04
2.65030042e-01 -1.86237580e-04 2.11124625e-04
2.65386632e-01 -3.99249652e-04 2.10649470e-04
2.65743217e-01 9.12645543e-05 2.14022171e-04
2.66099799e-01 7.92244966e-05 2.13850485e-04
2.66456376e-01 3.56280897e-04 2.14286217e-04
2.66812948e-01 1.01761378e-04 2.14778890e-04
2.67169517e-01 -1.86561019e-04 2.13122592e-04
2.67526081e-01 6.93894200e-05 2.14628182e-04
2.67882640e-01 1.10801919e-04 2.18515700e-04
2.68239195e-01 1.40068976e-04 2.17427249e-04
2.68595746e-01 -4.09623271e-04 2.14932489e-04
2.68952293e-01 1.89940698e-04 2.16427117e-04
2.69308835e-01 1.98322220e-04 2.24034750e-04
2.69665372e-01 -1.21295357e-04 2.19449069e-04
2.70021906e-01 2.41653443e-05 2.16982359e-04
2.70378435e-01 -2.09438861e-05 2.20664103e-04
2.70734959e-01 -2.03018693e-04 2.20642546e-04
2.71091479e-01 2.17503105e-04 2.25335001e-04
2.71447995e-01 2.76701343e-04 2.22632932e-04
2.71804506e-01 -7.84518190e-05 2.21690996e-04
2.72161012e-01 -6.69237734e-06 2.25238069e-04
2.72517515e-01 -4.84811272e-04 2.27389614e-04
2.72874012e-01 -3.54985256e-04 2.27301857e-04
