1.54026655e-02 4.04995864e-03 1.78337569e-03
1.57608633e-02 6.89467576e-03 1.72873097e-03
1.61190608e-02 2.70448275e-03 1.47302575e-03
1.64772580e-02 3.83728990e-03 1.46582972e-03
1.68354550e-02 2.51881419e-03 1.36995224e-03
1.71936517e-02 3.80298049e-03 1.33526270e-03
1.75518481e-02 1.93175009e-03 1.37569807e-03
1.79100442e-02 5.26081940e-03 1.35592985e-03
1.82682400e-02 4.61966928e-03 1.38500529e-03
1.86264355e-02 4.56980554e-03 1.18539947e-03
1.89846308e-02 1.72774567e-03 1.12318451e-03
1.93428257e-02 5.78773352e-03 1.15548777e-03
1.97010202e-02 4.32073424e-03 1.12653357e-03
2.00592145e-02 3.95786108e-03 1.14693270e-03
2.04174084e-02 5.49570622e-03 1.07292282e-03
2.07756020e-02 5.36688768e-03 1.05548936e-03
2.11337953e-02 5.77255852e-03 1.07021243e-03
2.14919882e-02 3.96743234e-03 1.01396231e-03
2.18501808e-02 5.27761434e-03 1.05826126e-03
2.22083729e-02 2.84054684e-03 1.00516025e-03
2.25665648e-02 3.17400335e-03 9.93715669e-04
2.29247562e-02 5.25639714e-03 1.05228879e-03
2.32829473e-02 3.93714929e-03 9.97775675e-04
2.36411380e-02 5.35569852e-03 9.65701427e-04
2.39993283e-02 4.91447778e-03 8.99654948e-04
2.43575182e-02 6.69052514e-03 9.60078542e-04
2.47157077e-02 3.40659797e-03 8.98344874e-04
2.50738968e-02 4.70416065e-03 9.31875710e-04
2.54320855e-02 4.74373309e-03 9.30178997e-04
2.57902738e-02 5.05999527e-03 9.01049864e-04
2.61484617e-02 5.13485530e-03 8.74270100e-04
2.65066491e-02 4.27854119e-03 8.67451790e-04
2.68648361e-02 4.31681490e-03 8.49986402e-04
2.72230226e-02 4.03473363e-03 8.43984042e-04
2.75812087e-02 4.12985593e-03 8.69116849e-04
2.79393943e-02 3.53940224e-03 8.03453476e-04
2.82975795e-02 4.77053536e-03 8.55588833e-04
2.86557642e-02 6.54176774e-03 9.04132939e-04
2.90139485e-02 6.35054334e-03 8.22285306e-04
2.93721323e-02 5.83934489e-03 8.32203870e-04
2.97303155e-02 4.38790931e-03 8.34959842e-04
3.00884983e-02 5.56830674e-03 8.13279622e-04
3.04466806e-02 5.18458710e-03 8.45996551e-04
3.08048624e-02 3.77898109e-03 8.22395549e-04
3.11630437e-02 3.43913846e-03 8.44245104e-04
3.15212245e-02 4.69763228e-03 7.68427608e-04
3.18794048e-02 3.86265783e-03 8.43508396e-04
3.22375845e-02 2.53762237e-03 8.20962912e-04
3.25957637e-02 3.83910275e-03 7.61771097e-04
3.29539424e-02 2.88532276e-03 8.25780288e-04
3.33121205e-02 4.75385257e-03 8.07977800e-04
3.36702981e-02 5.16438496e-03 8.27377297e-04
3.40284751e-02 3.39133259e-03 8.19372983e-04
3.43866516e-02 5.01272539e-03 7.74422875e-04
3.47448275e-02 3.34791894e-03 7.56311698e-04
3.51030028e-02 3.39425593e-03 7.55994720e-04
3.54611775e-02 4.51254441e-03 7.85411788e-04
3.58193517e-02 4.93369384e-03 7.53514113e-04
3.61775253e-02 4.78177514e-03 7.45279882e-04
3.65356983e-02 5.01021805e-03 7.60717240e-04
3.68938706e-02 3.98645540e-03 7.27171350e-04
3.72520424e-02 3.82474929e-03 7.07642422e-04
3.76102136e-02 3.79975210e-03 7.35373038e-04
3.79683841e-02 3.77706460e-03 7.29087479e-04
3.83265540e-02 4.40264529e-03 6.96866289e-04
3.86847233e-02 3.85439549e-03 7.15659866e-04
3.90428920e-02 4.03846125e-03 6.92595381e-04
3.94010600e-02 2.75042446e-03 7.00544149e-04
3.97592273e-02 3.80864613e-03 6.66916239e-04
4.01173941e-02 4.90738772e-03 6.81337514e-04
4.04755601e-02 3.10732670e-03 6.88520107e-04
4.08337255e-02 2.47317581e-03 7.03211965e-04
4.11918902e-02 3.69602653e-03 6.44024130e-04
4.15500542e-02 3.33511310e-03 6.60960539e-04
4.19082176e-02 4.15858613e-03 6.71766605e-04
4.22663802e-02 3.23123050e-03 6.83614160e-04
4.26245422e-02 2.87797170e-03 6.61060943e-04
4.29827034e-02 2.60855245e-03 6.78276461e-04
4.33408640e-02 2.65045974e-03 7.00753583e-04
4.36990238e-02 4.25176544e-03 6.83462219e-04
4.40571830e-02 3.72968972e-03 6.70403867e-04
4.44153414e-02 2.54338379e-03 6.67319589e-04
4.47734990e-02 1.73664184e-03 6.48592301e-04
4.51316560e-02 1.79344569e-03 7.06778212e-04
4.54898122e-02 4.41000855e-03 6.62813711e-04
4.58479676e-02 3.28579333e-03 6.57528140e-04
4.62061223e-02 3.22297754e-03 6.69346917e-04
4.65642762e-02 4.04733833e-03 6.71809073e-04
4.69224294e-02 2.25811336e-03 6.23590277e-04
4.72805818e-02 2.56293335e-03 6.84106769e-04
4.76387334e-02 3.13656827e-03 6.60968370e-04
4.79968842e-02 3.37269922e-03 6.57472335e-04
4.83550342e-02 2.54069979e-03 6.39284408e-04
4.87131835e-02 4.19553972e-03 6.48693060e-04
4.90713319e-02 2.70364941e-03 6.19988933e-04
4.94294795e-02 3.51127987e-03 6.15558954e-04
4.97876264e-02 3.56960809e-03 6.16401024e-04
5.01457724e-02 2.31421789e-03 6.10595654e-04
5.05039175e-02 3.45021693e-03 6.21848912e-04
5.08620619e-02 2.56760049e-03 5.99693600e-04
5.12202054e-02 2.79567442e-03 6.06035919e-04
5.15783481e-02 1.67595920e-03 6.12913331e-04
5.19364899e-02 2.75207213e-03 5.92795562e-04
5.22946308e-02 2.44630638e-03 5.77853882e-04
5.26527709e-02 1.82368076e-03 5.75245006e-04
5.30109102e-02 2.48256427e-03 6.01457878e-04
5.33690485e-02 2.24186729e-03 5.88952571e-04
5.37271860e-02 2.55200554e-03 6.11250016e-04
5.40853226e-02 2.66502273e-03 5.85587075e-04
5.44434583e-02 1.76637760e-03 5.64387326e-04
5.48015932e-02 1.68490430e-03 5.61135792e-04
5.51597271e-02 2.12694604e-03 5.64641386e-04
5.55178601e-02 1.87338323e-03 6.12296437e-04
5.58759922e-02 2.44239697e-03 5.63288402e-04
5.62341234e-02 2.16464959e-03 6.04850498e-04
5.65922536e-02 2.97743489e-03 5.73714850e-04
5.69503829e-02 1.21932049e-03 5.77562782e-04
5.73085113e-02 1.70640986e-03 5.60148716e-04
5.76666388e-02 2.04019579e-03 5.40438063e-04
5.80247653e-02 2.33970143e-03 5.26524403e-04
5.83828908e-02 2.39382790e-03 5.48415564e-04
5.87410154e-02 2.99022444e-03 5.50984253e-04
5.90991390e-02 2.73624307e-03 5.21983021e-04
5.94572616e-02 1.17829708e-03 5.39260030e-04
5.98153833e-02 2.08495256e-03 5.42606514e-04
6.01735040e-02 2.26483883e-03 5.21468513e-04
6.05316237e-02 1.83600550e-03 5.28946310e-04
6.08897424e-02 1.82322143e-03 5.22445314e-04
6.12478600e-02 2.38344931e-03 5.29585914e-04
6.16059767e-02 1.08220436e-03 5.17437025e-04
6.19640924e-02 1.42414210e-03 5.07579473e-04
6.23222071e-02 1.40375259e-03 5.10068924e-04
6.26803207e-02 2.12236266e-03 5.26801034e-04
6.30384333e-02 1.03880110e-03 5.18738552e-04
6.33965448e-02 2.01064282e-03 5.02172018e-04
6.37546554e-02 6.89622797e-04 5.14915621e-04
6.41127648e-02 1.54255210e-03 5.20577714e-04
6.44708732e-02 1.24579340e-03 5.03729113e-04
6.48289806e-02 9.84207998e-04 4.99344408e-04
6.51870869e-02 1.80725558e-03 4.98708534e-04
6.55451921e-02 1.98629201e-03 5.09862236e-04
6.59032962e-02 1.57155360e-03 4.90704542e-04
6.62613993e-02 1.92222731e-03 5.06836019e-04
6.66195012e-02 6.39242919e-04 5.07184426e-04
6.69776021e-02 1.13344380e-03 5.04700208e-04
6.73357019e-02 1.59436735e-03 5.15998477e-04
6.76938005e-02 1.08829583e-03 4.84839927e-04
6.80518981e-02 1.57045762e-03 4.77359397e-04
6.84099945e-02 1.06258794e-03 4.68398743e-04
6.87680898e-02 9.92870534e-04 4.73257247e-04
6.91261840e-02 8.64591778e-04 4.83828117e-04
6.94842770e-02 7.79047162e-04 4.58706496e-04
6.98423689e-02 2.20472076e-03 4.82526326e-04
7.02004596e-02 1.08880938e-03 4.85563385e-04
7.05585492e-02 6.10204324e-04 4.71696489e-04
7.09166377e-02 1.14335852e-03 4.53037696e-04
7.12747249e-02 1.54622337e-03 4.87266826e-04
7.16328110e-02 -1.39248794e-04 4.81100288e-04
7.19908959e-02 6.34667097e-04 4.73667155e-04
7.23489796e-02 2.24553407e-03 4.80445978e-04
7.27070622e-02 1.32111309e-03 4.82303696e-04
7.30651435e-02 1.27728187e-03 4.76375695e-04
7.34232237e-02 1.37165147e-03 4.74319245e-04
7.37813026e-02 7.34301415e-04 4.76255609e-04
7.41393803e-02 6.03863275e-04 4.65457803e-04
7.44974568e-02 3.28732028e-04 4.67219815e-04
7.48555321e-02 5.27387879e-04 4.63771504e-04
7.52136061e-02 8.75328664e-04 4.67769747e-04
7.55716789e-02 7.33363408e-04 4.71345342e-04
7.59297505e-02 8.52910883e-04 4.66396892e-04
7.62878208e-02 2.28761666e-04 4.54343224e-04
7.66458899e-02 9.14711577e-04 4.63472957e-04
7.70039577e-02 1.03241993e-03 4.61899371e-04
7.73620242e-02 1.15054835e-03 4.55245857e-04
7.77200895e-02 5.67688368e-04 4.44474334e-04
7.80781535e-02 2.55688520e-05 4.42899909e-04
7.84362162e-02 4.83443307e-04 4.45291120e-04
7.87942776e-02 8.57278529e-04 4.60634477e-04
7.91523377e-02 6.48576786e-04 4.58279337e-04
7.95103965e-02 1.00060664e-03 4.49253652e-04
7.98684540e-02 -2.18974891e-04 4.40619293e-04
8.02265102e-02 5.46651782e-04 4.68023724e-04
8.05845651e-02 6.81654474e-04 4.55392579e-04
8.09426186e-02 6.38546602e-04 4.40889445e-04
8.13006709e-02 1.00501009e-03 4.35224450e-04
8.16587217e-02 4.17206151e-04 4.41076094e-04
8.20167713e-02 2.56216447e-04 4.49886369e-04
8.23748195e-02 1.11159982e-03 4.57365309e-04
8.27328663e-02 6.88296218e-04 4.43815038e-04
8.30909118e-02 4.39985488e-04 4.28698285e-04
8.34489559e-02 5.04117102e-04 4.36440618e-04
8.38069986e-02 3.98576470e-04 4.39491096e-04
8.41650400e-02 3.63356458e-04 4.24191770e-04
8.45230800e-02 8.42922288e-04 4.32330263e-04
8.48811185e-02 7.34154156e-04 4.39200667e-04
8.52391557e-02 3.99762247e-05 4.21571179e-04
8.55971915e-02 7.22901456e-04 4.32692997e-04
8.59552259e-02 4.40824824e-04 4.44996013e-04
8.63132589e-02 3.53332201e-04 4.35120914e-04
8.66712904e-02 6.74657156e-04 4.47685322e-04
8.70293205e-02 8.49039380e-04 4.53299214e-04
8.73873492e-02 5.80387014e-04 4.45114629e-04
8.77453765e-02 -3.35626636e-04 4.43509549e-04
8.81034023e-02 -1.07621812e-07 4.37237167e-04
8.84614267e-02 -8.43649131e-05 4.33414381e-04
8.88194496e-02 1.71561273e-05 4.28412111e-04
8.91774710e-02 3.02947091e-04 4.33462912e-04
8.95354910e-02 8.58599243e-05 4.25756203e-04
8.98935095e-02 -2.42087624e-04 4.11623265e-04
9.02515266e-02 1.59271674e-04 4.31305252e-04
9.06095421e-02 2.45023321e-04 4.28962904e-04
9.09675562e-02 2.23279328e-04 4.37123591e-04
9.13255687e-02 3.82172019e-04 4.31872298e-04
9.16835798e-02 6.00347730e-04 4.37017279e-04
9.20415894e-02 7.58845827e-04 4.34976575e-04
9.23995974e-02 1.95019692e-04 4.32167022e-04
9.27576039e-02 9.83948278e-05 4.15310815e-04
9.31156089e-02 7.34966988e-04 4.28355380e-04
9.34736124e-02 -2.93142770e-04 4.27616414e-04
9.38316143e-02 5.49793238e-04 4.16225126e-04
9.41896147e-02 -4.56001881e-04 4.16542125e-04
9.45476136e-02 -1.77295646e-04 4.20021315e-04
9.49056108e-02 -6.44062769e-04 4.18054866e-04
9.52636066e-02 9.46723622e-04 4.08868229e-04
9.56216007e-02 1.77470842e-04 4.08399977e-04
9.59795933e-02 7.39901459e-04 4.02117040e-04
9.63375843e-02 -1.08648345e-04 4.00262944e-04
9.66955738e-02 1.76831141e-04 4.06283645e-04
9.70535616e-02 3.77052875e-04 3.91199588e-04
9.74115478e-02 2.34990623e-04 3.93915303e-04
9.77695325e-02 -2.55748506e-04 4.16969421e-04
9.81275155e-02 9.19711450e-05 4.02227649e-04
9.84854969e-02 3.31006971e-04 4.11571027e-04
9.88434768e-02 2.43630204e-04 4.08743108e-04
9.92014549e-02 6.15877878e-04 4.12256764e-04
9.95594315e-02 6.81214202e-04 4.07051253e-04
9.99174064e-02 2.56306498e-04 4.03760962e-04
1.00275380e-01 -3.13527381e-04 3.94777152e-04
1.00633351e-01 -2.15270784e-04 3.85142377e-04
1.00991321e-01 4.21299371e-04 3.98081957e-04
1.01349290e-01 3.98632387e-05 3.92159868e-04
1.01707256e-01 2.71158662e-04 3.93941085e-04
1.02065221e-01 -2.22385008e-04 3.91543314e-04
1.02423184e-01 -2.38098186e-04 3.92690657e-04
1.02781146e-01 3.58110742e-04 3.94410203e-04
1.03139106e-01 1.39779670e-04 3.97910337e-04
1.03497064e-01 -2.14394216e-04 3.90508675e-04
1.03855021e-01 1.52088303e-04 3.94841349e-04
1.04212976e-01 2.78377999e-04 3.91630571e-04
1.04570929e-01 1.30514778e-05 3.81982979e-04
1.04928880e-01 4.67415014e-04 3.88587674e-04
1.05286830e-01 1.25512239e-04 3.93547589e-04
1.05644778e-01 7.33905598e-04 3.97040415e-04
1.06002724e-01 7.55218846e-04 3.96859351e-04
1.06360668e-01 -2.79714810e-05 4.00588926e-04
1.06718611e-01 -2.20595842e-05 3.96738296e-04
1.07076552e-01 2.89422832e-04 3.96941905e-04
1.07434491e-01 -7.26023847e-05 3.92279589e-04
1.07792429e-01 1.71927004e-04 4.04416798e-04
1.08150364e-01 3.64355843e-04 4.04046973e-04
1.08508298e-01 2.84600871e-04 4.02965421e-04
1.08866230e-01 5.09773132e-04 3.95857069e-04
1.09224160e-01 1.73206834e-04 4.03179653e-04
1.09582089e-01 -5.39948079e-06 4.03907917e-04
1.09940016e-01 -6.07073131e-04 3.97914456e-04
1.10297941e-01 2.19056072e-04 3.95689608e-04
1.10655864e-01 1.17074166e-04 3.88373786e-04
1.11013785e-01 -3.36836510e-04 3.92695079e-04
1.11371704e-01 3.44414422e-04 3.86368965e-04
1.11729622e-01 3.21153177e-04 3.91106124e-04
1.12087538e-01 -3.35709017e-04 3.77912684e-04
1.12445452e-01 -2.97684262e-04 3.91338119e-04
1.12803364e-01 9.12757667e-04 3.87567293e-04
1.13161274e-01 -5.16615278e-04 3.93161662e-04
1.13519182e-01 3.33678697e-05 3.76003141e-04
1.13877089e-01 -4.65050892e-04 3.68773259e-04
1.14234994e-01 -5.26405784e-04 3.76411199e-04
1.14592896e-01 3.22899708e-04 3.76589794e-04
1.14950797e-01 -1.95390186e-04 3.68647436e-04
1.15308696e-01 4.86695814e-05 3.74813919e-04
1.15666593e-01 1.34169427e-04 3.70327039e-04
1.16024488e-01 3.28476041e-04 3.75564210e-04
1.16382382e-01 -6.30055251e-04 3.76452070e-04
1.16740273e-01 6.17019110e-04 3.69992415e-04
1.17098163e-01 4.10879294e-04 3.63599692e-04
1.17456050e-01 -1.39800340e-04 3.69045363e-04
1.17813936e-01 -2.69497298e-04 3.63604681e-04
1.18171819e-01 9.99886008e-04 3.74763573e-04
1.18529701e-01 2.81925187e-04 3.86706932e-04
1.18887581e-01 1.25844331e-04 3.75777757e-04
1.19245459e-01 1.14970105e-04 3.67204894e-04
1.19603335e-01 3.67666490e-04 3.73968280e-04
1.19961208e-01 5.58061077e-04 3.80138217e-04
1.20319080e-01 8.37498600e-04 3.71405465e-04
1.20676950e-01 -5.59346738e-05 3.71436646e-04
1.21034818e-01 6.16089926e-05 3.75768995e-04
1.21392684e-01 4.26845951e-04 3.83356916e-04
1.21750548e-01 3.64096557e-04 3.83552853e-04
1.22108410e-01 4.56645349e-04 3.84831048e-04
1.22466270e-01 8.12853952e-04 3.78813691e-04
1.22824128e-01 7.27235786e-05 3.67420827e-04
1.23181984e-01 -1.76530967e-05 3.83428785e-04
1.23539838e-01 1.58785378e-05 3.77192341e-04
1.23897690e-01 5.81946305e-05 3.65275011e-04
1.24255540e-01 -2.23947061e-04 3.71366509e-04
1.24613388e-01 5.85453383e-05 3.68656895e-04
1.24971233e-01 3.00744923e-04 3.67406396e-04
1.25329077e-01 3.68281891e-04 3.60069107e-04
1.25686919e-01 3.81021817e-04 3.64481964e-04
1.26044758e-01 3.00104229e-04 3.60797602e-04
1.26402596e-01 -4.56030716e-04 3.65508673e-04
1.26760431e-01 -6.03663798e-04 3.51357045e-04
1.27118265e-01 2.77436337e-04 3.64218345e-04
1.27476096e-01 1.90199048e-05 3.60080307e-04
1.27833925e-01 -4.04207361e-04 3.51931101e-04
1.28191752e-01 1.04646839e-04 3.58217424e-04
1.28549577e-01 2.70081922e-04 3.56255124e-04
1.28907400e-01 -4.04940139e-04 3.41773859e-04
1.29265221e-01 4.29654137e-04 3.47455634e-04
1.29623040e-01 8.39816667e-05 3.51637973e-04
1.29980856e-01 4.98531795e-05 3.49840551e-04
1.30338670e-01 9.97858103e-05 3.49771108e-04
1.30696483e-01 -5.03564186e-05 3.41894980e-04
1.31054293e-01 2.18553098e-04 3.46652431e-04
1.31412101e-01 -5.34279292e-05 3.39520111e-04
1.31769906e-01 -2.29517534e-04 3.40392668e-04
1.32127710e-01 -8.02327059e-05 3.42363442e-04
1.32485511e-01 2.65987015e-04 3.38219448e-04
1.32843311e-01 -2.87544567e-04 3.39032526e-04
1.33201108e-01 2.25826156e-04 3.40590623e-04
1.33558903e-01 1.90790363e-04 3.44339440e-04
1.33916695e-01 -2.94752592e-04 3.37639693e-04
1.34274486e-01 2.01625089e-04 3.38702485e-04
1.34632274e-01 3.03556660e-04 3.38599097e-04
1.34990060e-01 8.58026148e-05 3.34369875e-04
1.35347844e-01 5.10538764e-04 3.43725161e-04
1.35705626e-01 4.30682301e-04 3.30465641e-04
1.36063405e-01 3.89168208e-05 3.40072583e-04
1.36421182e-01 -2.45379730e-04 3.42090355e-04
1.36778957e-01 7.43091261e-05 3.35842263e-04
1.37136730e-01 -3.89702282e-04 3.37374768e-04
1.37494500e-01 -1.43368706e-04 3.42189720e-04
1.37852269e-01 7.65782143e-05 3.39817504e-04
1.38210034e-01 -3.28127290e-04 3.26390717e-04
1.38567798e-01 9.78956739e-05 3.41833848e-04
1.38925559e-01 2.56871882e-04 3.36968559e-04
1.39283319e-01 -1.15431685e-04 3.37702529e-04
1.39641075e-01 1.58616608e-04 3.30236557e-04
1.39998830e-01 4.75602428e-04 3.31170360e-04
1.40356582e-01 3.24167661e-04 3.34310337e-04
1.40714332e-01 1.84108102e-04 3.37810941e-04
1.41072080e-01 3.74834499e-04 3.30128258e-04
1.41429825e-01 7.10695226e-05 3.30163903e-04
1.41787568e-01 2.82046410e-04 3.30031895e-04
1.42145308e-01 1.65084682e-05 3.32250713e-04
1.42503047e-01 4.41777679e-04 3.36778746e-04
1.42860783e-01 5.91439248e-04 3.25777827e-04
1.43218516e-01 2.70237884e-04 3.25578546e-04
1.43576247e-01 1.07209708e-04 3.28930380e-04
1.43933976e-01 -1.46187181e-04 3.22167116e-04
1.44291703e-01 1.41883187e-04 3.21450567e-04
1.44649427e-01 1.88962917e-04 3.24473523e-04
1.45007149e-01 1.41092306e-04 3.21544205e-04
1.45364868e-01 -1.04760960e-04 3.14114333e-04
1.45722585e-01 1.30699072e-04 3.14083314e-04
1.46080300e-01 2.77503474e-06 3.16265861e-04
1.46438012e-01 3.71697882e-04 3.15687450e-04
1.46795722e-01 4.64503932e-04 3.23282486e-04
1.47153429e-01 6.92750806e-05 3.17728066e-04
1.47511134e-01 2.18003419e-04 3.13331385e-04
1.47868837e-01 -3.82160933e-04 3.16636435e-04
1.48226537e-01 7.68828753e-05 3.15169896e-04
1.48584235e-01 8.08579351e-05 3.11177744e-04
1.48941930e-01 -2.74356851e-04 3.13491106e-04
1.49299623e-01 -1.96635592e-04 3.11980294e-04
1.49657313e-01 7.44965644e-04 3.18851607e-04
1.50015001e-01 -1.15008861e-04 3.17412730e-04
1.50372687e-01 -3.46976659e-04 3.09418279e-04
1.50730370e-01 3.42715651e-04 3.09157405e-04
1.51088050e-01 9.71618179e-05 3.07800690e-04
1.51445728e-01 2.02234086e-04 3.11541167e-04
1.51803404e-01 1.93675431e-04 3.14167913e-04
1.52161077e-01 -5.17402984e-05 3.12535038e-04
1.52518747e-01 6.21983717e-05 3.05594759e-04
1.52876416e-01 -9.79325895e-05 3.07260540e-04
1.53234081e-01 -5.64332184e-04 3.05430431e-04
1.53591744e-01 -1.95170064e-04 3.08535494e-04
1.53949405e-01 5.30565776e-05 3.08792324e-04
1.54307063e-01 3.44866492e-04 3.10809237e-04
1.54664718e-01 3.78872831e-04 3.12985659e-04
1.55022371e-01 -5.78133245e-05 3.10866886e-04
1.55380021e-01 2.69676751e-04 3.11030542e-04
1.55737669e-01 -2.94236194e-04 3.03984720e-04
1.56095314e-01 5.18267836e-04 3.03434162e-04
1.56452957e-01 -1.78796721e-04 3.04031168e-04
1.56810597e-01 5.40443517e-04 3.11411348e-04
1.57168235e-01 -1.92387310e-04 3.05080753e-04
1.57525870e-01 4.85130826e-04 3.10930696e-04
1.57883502e-01 8.43079295e-05 3.04358567e-04
1.58241132e-01 -2.30052767e-04 3.03998885e-04
1.58598759e-01 2.34482909e-04 2.91271429e-04
1.58956384e-01 1.41337951e-04 3.03761370e-04
1.59314006e-01 2.34950377e-04 3.04318525e-04
1.59671625e-01 -7.23055941e-05 3.05205483e-04
1.60029242e-01 9.40355371e-05 2.97670333e-04
1.60386856e-01 3.58175503e-04 2.99069951e-04
1.60744468e-01 4.08721186e-04 3.04425925e-04
1.61102076e-01 -5.62585300e-05 3.01980421e-04
1.61459683e-01 -3.60365375e-04 3.00714641e-04
1.61817286e-01 1.82168113e-04 2.93576156e-04
1.62174887e-01 4.53516871e-04 2.93435798e-04
1.62532485e-01 4.85918357e-04 2.98203590e-04
1.62890081e-01 1.77702837e-04 2.94469076e-04
1.63247674e-01 1.20282255e-04 2.98583475e-04
1.63605264e-01 -4.82889071e-04 2.88397711e-04
1.63962852e-01 -6.26961744e-04 2.91446934e-04
1.64320437e-01 1.49971837e-04 3.03739432e-04
1.64678019e-01 -5.12011198e-05 2.99406208e-04
1.65035598e-01 -2.19504407e-04 2.92938017e-04
1.65393175e-01 -2.14390546e-04 2.95573989e-04
1.65750749e-01 4.68773384e-04 2.97677359e-04
1.66108320e-01 3.05912606e-04 2.94608834e-04
1.66465889e-01 5.28994791e-05 2.86948416e-04
1.66823455e-01 1.13583143e-04 2.91916086e-04
1.67181018e-01 5.85492828e-04 2.92490516e-04
1.67538578e-01 2.54927612e-04 2.94015716e-04
1.67896136e-01 2.56865981e-04 2.95358742e-04
1.68253691e-01 3.24287533e-04 2.87402410e-04
1.68611243e-01 -1.71611924e-04 2.95892332e-04
1.68968792e-01 1.39530898e-05 2.92616565e-04
1.69326339e-01 1.25625101e-04 2.89391056e-04
1.69683883e-01 -2.82384420e-04 2.87232868e-04
1.70041424e-01 -1.38838149e-04 2.83904297e-04
1.70398962e-01 4.90149746e-04 2.86103906e-04
1.70756497e-01 1.68544335e-05 2.82313849e-04
1.71114030e-01 -2.05154390e-05 2.81422082e-04
1.71471560e-01 -3.31511944e-05 2.80845067e-04
1.71829087e-01 7.61941252e-05 2.89052448e-04
1.72186611e-01 1.81777363e-04 2.87996064e-04
1.72544132e-01 2.83635610e-04 2.84596608e-04
1.72901651e-01 1.93327811e-04 2.88074305e-04
1.73259167e-01 6.07596064e-04 2.84724782e-04
1.73616679e-01 -5.75361707e-04 2.83794935e-04
1.73974189e-01 -5.39505411e-05 2.80737515e-04
1.74331697e-01 2.03425887e-04 2.84568183e-04
1.74689201e-01 6.80627597e-05 2.79954558e-04
1.75046702e-01 -1.45166818e-04 2.86972106e-04
1.75404201e-01 -2.27743275e-04 2.87534285e-04
1.75761697e-01 -7.43719233e-04 2.79568993e-04
1.76119189e-01 -2.29488279e-04 2.78612282e-04
1.76476679e-01 -2.47552836e-05 2.85125587e-04
1.76834166e-01 2.36028181e-04 2.82648873e-04
1.77191650e-01 3.44496671e-04 2.76892147e-04
1.77549132e-01 -4.61581038e-04 2.79322032e-04
1.77906610e-01 2.45839301e-04 2.78660028e-04
1.78264085e-01 2.06085702e-04 2.75227674e-04
1.78621558e-01 -2.07933656e-04 2.83270422e-04
1.78979027e-01 -1.24342148e-04 2.78212363e-04
1.79336494e-01 1.31178799e-04 2.77585321e-04
1.79693958e-01 1.46975474e-04 2.78069481e-04
1.80051418e-01 -1.36842339e-04 2.79112140e-04
1.80408876e-01 2.29783614e-04 2.80470298e-04
1.80766331e-01 -2.40401383e-04 2.82080202e-04
1.81123783e-01 1.72404498e-04 2.78254493e-04
1.81481232e-01 -2.80189837e-04 2.81166882e-04
1.81838677e-01 3.00187608e-04 2.90491960e-04
1.82196120e-01 -2.86057201e-04 2.83041520e-04
1.82553560e-01 7.96079669e-05 2.85291236e-04
1.82910997e-01 -1.94842361e-04 2.82696961e-04
1.83268431e-01 -2.17630086e-04 2.81627932e-04
1.83625862e-01 -1.26632784e-04 2.85821356e-04
1.83983290e-01 9.11429409e-05 2.82151829e-04
1.84340715e-01 -1.11421254e-04 2.83031861e-04
1.84698137e-01 -2.74795966e-04 2.85224796e-04
1.85055556e-01 -9.76330951e-08 2.83210164e-04
1.85412971e-01 3.75512451e-04 2.82014963e-04
1.85770384e-01 -5.80056640e-05 2.79382301e-04
1.86127794e-01 3.24241240e-04 2.82873948e-04
1.86485200e-01 1.59934409e-04 2.77347533e-04
1.86842604e-01 2.86868399e-04 2.78598867e-04
1.87200005e-01 2.79834443e-04 2.73767988e-04
1.87557402e-01 -1.70764342e-04 2.77215051e-04
1.87914797e-01 8.24008736e-05 2.75196276e-04
1.88272188e-01 -4.66060064e-04 2.77432967e-04
1.88629576e-01 -8.65449452e-06 2.75645449e-04
1.88986961e-01 -1.08990992e-04 2.72358430e-04
1.89344343e-01 -1.55134350e-04 2.75436019e-04
1.89701722e-01 -3.03285825e-05 2.68325927e-04
1.90059098e-01 -2.86045972e-04 2.68492312e-04
1.90416471e-01 4.51384673e-04 2.73509221e-04
1.90773840e-01 3.45117459e-05 2.69058094e-04
1.91131207e-01 -2.90601317e-04 2.73265810e-04
1.91488570e-01 1.57572089e-04 2.72899667e-04
1.91845930e-01 7.59104743e-05 2.78263175e-04
1.92203287e-01 5.43091739e-04 2.78292714e-04
1.92560641e-01 6.64696261e-04 2.77973842e-04
1.92917992e-01 6.81248551e-04 2.67643080e-04
1.93275340e-01 -2.08800071e-04 2.61009738e-04
1.93632684e-01 1.82436780e-04 2.71833681e-04
1.93990025e-01 -2.48965583e-05 2.67013474e-04
1.94347363e-01 -8.62970970e-05 2.73808783e-04
1.94704698e-01 -5.17960574e-04 2.68207712e-04
1.95062030e-01 -3.33151819e-04 2.75253114e-04
1.95419358e-01 5.85948464e-04 2.73714610e-04
1.95776684e-01 4.67478291e-04 2.72858768e-04
1.96134006e-01 1.52334415e-04 2.70821021e-04
1.96491324e-01 -2.92949467e-04 2.68761056e-04
1.96848640e-01 -4.74312360e-04 2.67312594e-04
1.97205953e-01 -1.51991902e-04 2.71738505e-04
1.97563262e-01 -2.31708515e-05 2.69376194e-04
1.97920568e-01 9.88291428e-05 2.72438877e-04
1.98277870e-01 4.19899675e-04 2.72853950e-04
1.98635170e-01 -5.73362872e-04 2.73278544e-04
1.98992466e-01 -1.21879140e-04 2.75471362e-04
1.99349759e-01 -1.72948706e-04 2.60688915e-04
1.99707049e-01 -6.88196616e-05 2.70393700e-04
2.00064335e-01 -1.31801324e-05 2.64609691e-04
2.00421618e-01 -2.51160692e-04 2.62569443e-04
2.00778898e-01 -5.45985368e-05 2.57279211e-04
2.01136174e-01 -4.13050113e-05 2.63721241e-04
2.01493448e-01 6.78604813e-05 2.62090728e-04
2.01850718e-01 8.50146244e-05 2.60444019e-04
2.02207984e-01 1.03467523e-04 2.61528627e-04
2.02565248e-01 -1.59250835e-04 2.65011380e-04
2.02922508e-01 3.31206232e-04 2.64567980e-04
2.03279764e-01 1.11968370e-04 2.57148723e-04
2.03637018e-01 -1.26605751e-04 2.62902027e-04
2.03994268e-01 -4.05327222e-04 2.64889384e-04
2.04351514e-01 2.44604258e-04 2.58848435e-04
2.04708758e-01 -2.87833997e-04 2.59278127e-04
2.05065998e-01 -2.25238700e-04 2.57682646e-04
2.05423234e-01 5.65455702e-04 2.63691161e-04
2.05780467e-01 1.59571443e-04 2.57193132e-04
2.06137697e-01 -3.37094156e-04 2.52226334e-04
2.06494924e-01 2.00750969e-04 2.58728357e-04
2.06852147e-01 1.10947736e-04 2.58500923e-04
2.07209367e-01 2.41174730e-04 2.59205499e-04
2.07566583e-01 1.60368510e-04 2.58361395e-04
2.07923796e-01 -1.55064691e-04 2.55818252e-04
2.08281005e-01 -6.21698337e-05 2.56817889e-04
2.08638211e-01 4.76810855e-05 2.53050027e-04
2.08995414e-01 -3.85628582e-04 2.50886348e-04
2.09352613e-01 -3.57209593e-04 2.55605609e-04
2.09709809e-01 2.62706596e-04 2.56676939e-04
2.10067002e-01 4.08347335e-04 2.53543861e-04
2.10424191e-01 2.42653098e-04 2.54921230e-04
2.10781376e-01 -4.17023783e-04 2.54183661e-04
2.11138558e-01 1.59428826e-04 2.51043067e-04
2.11495737e-01 -2.11696120e-04 2.43928620e-04
2.11852912e-01 -4.49820681e-05 2.52245659e-04
2.12210084e-01 1.53203840e-04 2.54072776e-04
2.12567252e-01 3.28526121e-04 2.56768807e-04
2.12924416e-01 -2.35467841e-04 2.47014786e-04
2.13281578e-01 9.81019570e-05 2.46234133e-04
2.13638735e-01 1.49667995e-05 2.46941953e-04
2.13995890e-01 -5.47756459e-05 2.46341765e-04
2.14353040e-01 2.79909366e-05 2.48072063e-04
2.14710188e-01 -1.15190015e-04 2.45994686e-04
2.15067331e-01 5.34529007e-05 2.44892158e-04
2.15424471e-01 9.62558599e-05 2.46330716e-04
2.15781608e-01 -4.63578675e-06 2.40539916e-04
2.16138741e-01 5.94572331e-05 2.43332976e-04
2.16495871e-01 1.96812646e-04 2.45943634e-04
2.16852997e-01 -4.33781904e-05 2.46657211e-04
2.17210119e-01 4.30883742e-04 2.52317215e-04
2.17567238e-01 3.76054623e-04 2.50555094e-04
2.17924354e-01 1.68235546e-04 2.43374935e-04
2.18281465e-01 -1.92580303e-04 2.43737101e-04
2.18638574e-01 -5.98718931e-05 2.45630312e-04
2.18995678e-01 -3.03868357e-05 2.41846294e-04
2.19352779e-01 1.36223104e-04 2.41825052e-04
2.19709877e-01 -1.87197801e-05 2.39471785e-04
2.20066971e-01 -7.97282690e-05 2.43647449e-04
2.20424061e-01 9.68602426e-08 2.41726253e-04
2.20781147e-01 -4.41881137e-05 2.41291473e-04
2.21138230e-01 4.05910503e-04 2.37839083e-04
2.21495310e-01 -4.99367842e-05 2.39476898e-04
2.21852386e-01 2.87599176e-04 2.39157899e-04
2.22209458e-01 -8.71494829e-05 2.41690299e-04
2.22566526e-01 1.00284665e-04 2.39077258e-04
2.22923591e-01 3.79618723e-04 2.36616860e-04
2.23280652e-01 1.15077185e-04 2.41013423e-04
2.23637710e-01 2.54761119e-04 2.39191464e-04
2.23994764e-01 -1.21459915e-04 2.43131333e-04
2.24351814e-01 3.31382923e-04 2.40610829e-04
2.24708861e-01 -7.29574160e-05 2.41422950e-04
2.25065904e-01 -7.88266840e-06 2.33981764e-04
2.25422943e-01 -5.63877364e-05 2.33803928e-04
2.25779978e-01 -2.76513482e-04 2.33416179e-04
2.26137010e-01 -6.33696802e-05 2.35111452e-04
2.26494038e-01 1.48999908e-04 2.36202956e-04
2.26851063e-01 1.64751116e-04 2.35797973e-04
2.27208083e-01 -2.62440137e-04 2.35924772e-04
2.27565100e-01 -2.84565199e-04 2.34393833e-04
2.27922114e-01 -2.15652926e-04 2.35288810e-04
2.28279123e-01 3.44186026e-04 2.33386456e-04
2.28636129e-01 -1.05881178e-04 2.35315652e-04
2.28993131e-01 -2.65769444e-04 2.36663913e-04
2.29350129e-01 -6.00666119e-05 2.30257119e-04
2.29707124e-01 -9.76964576e-06 2.32949217e-04
2.30064115e-01 1.22717432e-04 2.34559130e-04
2.30421102e-01 3.70475698e-04 2.35808087e-04
2.30778085e-01 6.02187398e-07 2.27591859e-04
2.31135064e-01 2.32265765e-04 2.29038768e-04
2.31492040e-01 1.46262888e-04 2.31831041e-04
2.31849012e-01 -1.11188221e-04 2.32427603e-04
2.32205980e-01 -4.29408431e-04 2.26513556e-04
2.32562944e-01 -2.72958517e-04 2.31598621e-04
2.32919905e-01 2.55818152e-05 2.26744049e-04
2.33276862e-01 1.57312871e-04 2.31114174e-04
2.33633814e-01 2.24719899e-04 2.27867449e-04
2.33990763e-01 -3.69110199e-04 2.29082786e-04
2.34347709e-01 8.09873611e-06 2.29094213e-04
2.34704650e-01 -1.98068203e-04 2.25121663e-04
2.35061588e-01 -1.24306691e-04 2.29164571e-04
2.35418521e-01 -4.49715112e-05 2.27023541e-04
2.35775451e-01 4.13853730e-04 2.29560670e-04
2.36132377e-01 2.14904607e-04 2.32838534e-04
2.36489299e-01 3.38960990e-04 2.31111875e-04
2.36846218e-01 2.35782657e-04 2.28527582e-04
2.37203132e-01 4.64324400e-05 2.25205831e-04
2.37560042e-01 -4.90634194e-05 2.27710226e-04
2.37916949e-01 7.07094887e-04 2.30116022e-04
2.38273852e-01 4.69225593e-05 2.26397921e-04
2.38630751e-01 -3.00848285e-04 2.22637986e-04
2.38987645e-01 -6.77806215e-04 2.23823828e-04
2.39344537e-01 2.03352623e-04 2.25550870e-04
2.39701424e-01 1.51261976e-05 2.28688536e-04
2.40058307e-01 1.41545600e-04 2.21658014e-04
2.40415186e-01 -2.35118774e-04 2.23596422e-04
2.40772061e-01 7.07665290e-05 2.16679216e-04
2.41128933e-01 1.61817191e-04 2.22755981e-04
2.41485800e-01 3.55188088e-04 2.25183244e-04
2.41842664e-01 -1.83718154e-04 2.20825863e-04
2.42199523e-01 6.59818269e-05 2.25620478e-04
2.42556379e-01 1.74986923e-04 2.23701881e-04
2.42913230e-01 5.53146692e-04 2.21848598e-04
2.43270078e-01 -3.38157143e-05 2.24009201e-04
2.43626922e-01 5.81298676e-06 2.22752334e-04
2.43983761e-01 3.97149311e-04 2.20532087e-04
2.44340597e-01 2.03853938e-04 2.21568430e-04
2.44697429e-01 2.37220636e-04 2.23110530e-04
2.45054256e-01 1.40825804e-04 2.22820092e-04
2.45411080e-01 -6.64095083e-05 2.19884479e-04
2.45767900e-01 2.12082138e-04 2.19158063e-04
2.46124715e-01 5.00206088e-05 2.22064084e-04
2.46481527e-01 5.03975228e-04 2.18619296e-04
2.46838334e-01 -3.83105438e-04 2.17454641e-04
2.47195138e-01 -6.92613430e-05 2.14637208e-04
2.47551938e-01 2.99429803e-04 2.15476963e-04
2.47908733e-01 -8.31511512e-05 2.18284973e-04
2.48265524e-01 2.12354455e-04 2.17980762e-04
2.48622312e-01 -3.37490272e-05 2.16729539e-04
2.48979095e-01 -1.09501677e-04 2.17618757e-04
2.49335874e-01 -4.10991667e-04 2.16859692e-04
2.49692649e-01 -3.94939870e-04 2.13813770e-04
2.50049420e-01 3.27164416e-05 2.18636256e-04
2.50406187e-01 1.46171790e-06 2.15356939e-04
2.50762950e-01 -1.69889052e-04 2.16693941e-04
2.51119709e-01 3.42721166e-04 2.16018230e-04
2.51476464e-01 -1.13850415e-04 2.17907276e-04
2.51833214e-01 -1.40869633e-04 2.16164409e-04
2.52189961e-01 2.17526242e-04 2.16703402e-04
2.52546703e-01 -8.50178079e-05 2.16406761e-04
2.52903441e-01 -1.58978516e-06 2.14428626e-04
2.53260175e-01 1.46290461e-04 2.13433790e-04
2.53616905e-01 2.59970538e-04 2.14823566e-04
2.53973631e-01 -2.41089916e-04 2.13284547e-04
2.54330352e-01 -1.71722596e-04 2.07592578e-04
2.54687070e-01 -2.47688805e-04 2.12323956e-04
2.55043783e-01 7.82052155e-05 2.10890490e-04
2.55400492e-01 -9.39576771e-05 2.08569204e-04
2.55757197e-01 8.46353612e-06 2.09044858e-04
2.56113898e-01 1.25372205e-04 2.13470328e-04
2.56470595e-01 2.72252636e-04 2.11234050e-04
2.56827287e-01 2.57381676e-04 2.14440951e-04
2.57183975e-01 -6.53388076e-05 2.14724056e-04
2.57540659e-01 -3.72740294e-05 2.17314770e-04
2.57897339e-01 8.25901814e-05 2.15460454e-04
2.58254014e-01 -2.21175801e-04 2.12862978e-04
2.58610686e-01 -2.24533689e-04 2.15457739e-04
2.58967353e-01 -1.25783746e-04 2.14190307e-04
2.59324016e-01 2.23277925e-05 2.14681635e-04
2.59680674e-01 2.08310965e-04 2.16173049e-04
2.60037329e-01 1.80083288e-04 2.19180019e-04
2.60393979e-01 -2.72494650e-04 2.12719168e-04
2.60750625e-01 2.31068853e-04 2.20672344e-04
2.61107266e-01 -2.07583418e-04 2.17122680e-04
2.61463904e-01 -4.71145959e-05 2.16391736e-04
2.61820537e-01 -1.20884449e-04 2.14556022e-04
2.62177166e-01 4.48984976e-05 2.15075357e-04
2.62533790e-01 2.25308844e-04 2.15648945e-04
2.62890410e-01 -5.20939419e-06 2.14990116e-04
2.63247026e-01 1.00495715e-04 2.14037336e-04
2.63603638e-01 -8.30066472e-05 2.15769374e-04
2.63960245e-01 -1.55095000e-04 2.14373733e-04
2.64316848e-01 -1.52536144e-04 2.12804077e-04
2.64673447e-01 1.88506812e-05 2.14869430e-04
2.65030042e-01 1.69577006e-04 2.16884695e-04
2.65386632e-01 3.24265092e-04 2.16437104e-04
2.65743217e-01 3.75951585e-04 2.17168742e-04
2.66099799e-01 -2.54626055e-05 2.14906487e-04
2.66456376e-01 1.71504301e-04 2.12490042e-04
2.66812948e-01 -2.95824639e-04 2.15304706e-04
2.67169517e-01 -3.28704678e-06 2.15781913e-04
2.67526081e-01 -1.09373805e-04 2.21709715e-04
2.67882640e-01 1.64220059e-04 2.16761814e-04
2.68239195e-01 -3.75285433e-04 2.11285754e-04
2.68595746e-01 -2.13499511e-04 2.19336176e-04
2.68952293e-01 1.55305193e-04 2.14570727e-04
2.69308835e-01 1.18775069e-06 2.13916604e-04
2.69665372e-01 -3.95626324e-05 2.17081647e-04
2.70021906e-01 8.15747449e-05 2.21551712e-04
2.70378435e-01 -1.69197834e-05 2.22688182e-04
2.70734959e-01 -2.81591990e-05 2.18821674e-04
2.71091479e-01 -2.79519550e-04 2.17827774e-04
2.71447995e-01 3.23144863e-04 2.26044138e-04
2.71804506e-01 1.80886570e-04 2.26214679e-04
2.72161012e-01 -1.50069099e-04 2.25576784e-04
2.72517515e-01 -3.29835823e-04 2.22001939e-04
2.72874012e-01 1.55207806e-04 2.27733377e-04
