1.54026655e-02 2.71146530e-02 1.76334538e-03
1.57608633e-02 2.54055852e-02 1.75803391e-03
1.61190608e-02 2.57605799e-02 1.70672630e-03
1.64772580e-02 2.51627508e-02 1.66145321e-03
1.68354550e-02 2.50390774e-02 1.43079757e-03
1.71936517e-02 2.64413274e-02 1.48862969e-03
1.75518481e-02 2.56617376e-02 1.41493037e-03
1.79100442e-02 2.14080493e-02 1.37498425e-03
1.82682400e-02 2.40333298e-02 1.35200877e-03
1.86264355e-02 2.47748881e-02 1.33444211e-03
1.89846308e-02 2.79389677e-02 1.33774785e-03
1.93428257e-02 2.54751207e-02 1.26102104e-03
1.97010202e-02 2.56607830e-02 1.30169256e-03
2.00592145e-02 2.59023708e-02 1.26675510e-03
2.04174084e-02 2.52838422e-02 1.17053457e-03
2.07756020e-02 2.27839506e-02 1.16362268e-03
2.11337953e-02 2.50733967e-02 1.13487632e-03
2.14919882e-02 2.36359475e-02 1.12724687e-03
2.18501808e-02 2.35148512e-02 1.15614326e-03
2.22083729e-02 2.33830430e-02 1.12845144e-03
2.25665648e-02 2.19854844e-02 1.08490000e-03
2.29247562e-02 2.38642083e-02 1.02354470e-03
2.32829473e-02 2.45027005e-02 1.09071364e-03
2.36411380e-02 2.37171796e-02 1.07044707e-03
2.39993283e-02 2.30565140e-02 1.08413874e-03
2.43575182e-02 2.29422282e-02 1.05764199e-03
2.47157077e-02 2.33413307e-02 9.54180998e-04
2.50738968e-02 2.28697045e-02 9.97527200e-04
2.54320855e-02 2.33053722e-02 9.24990554e-04
2.57902738e-02 2.19163460e-02 9.73843397e-04
2.61484617e-02 2.07576025e-02 9.81272138e-04
2.65066491e-02 2.20520067e-02 9.30207799e-04
2.68648361e-02 2.23338093e-02 9.74101673e-04
2.72230226e-02 2.22913369e-02 8.99269897e-04
2.75812087e-02 2.35854018e-02 9.00513883e-04
2.79393943e-02 2.18479375e-02 8.96242735e-04
2.82975795e-02 2.16886606e-02 9.16820462e-04
2.86557642e-02 2.10067208e-02 9.26102918e-04
2.90139485e-02 2.21062252e-02 9.18772917e-04
2.93721323e-02 2.01854217e-02 9.52098021e-04
2.97303155e-02 2.00488105e-02 9.55967259e-04
3.00884983e-02 2.08434090e-02 9.35602234e-04
3.04466806e-02 2.17027055e-02 8.98349425e-04
3.08048624e-02 2.00581992e-02 9.26085792e-04
3.11630437e-02 1.89056465e-02 8.89154150e-04
3.15212245e-02 1.77404738e-02 9.06112308e-04
3.18794048e-02 2.14846196e-02 8.80568438e-04
3.22375845e-02 1.82507351e-02 8.39134158e-04
3.25957637e-02 1.91178251e-02 8.92870108e-04
3.29539424e-02 1.99215574e-02 8.38651011e-04
3.33121205e-02 1.93748166e-02 8.79676338e-04
3.36702981e-02 1.72307820e-02 8.45560880e-04
3.40284751e-02 1.73099641e-02 7.98932665e-04
3.43866516e-02 1.79139767e-02 8.52369704e-04
3.47448275e-02 2.01368769e-02 8.98218316e-04
3.51030028e-02 1.89724552e-02 8.79756052e-04
3.54611775e-02 1.87038036e-02 8.62566834e-04
3.58193517e-02 1.63954477e-02 7.87444569e-04
3.61775253e-02 1.73544143e-02 7.84170279e-04
3.65356983e-02 1.63639112e-02 8.01527999e-04
3.68938706e-02 1.75708080e-02 8.06610524e-04
3.72520424e-02 1.75807766e-02 8.09235640e-04
3.76102136e-02 1.76028549e-02 7.84157879e-04
3.79683841e-02 1.63847627e-02 8.06153387e-04
3.83265540e-02 1.58543573e-02 8.14883425e-04
3.86847233e-02 1.59266559e-02 7.70783788e-04
3.90428920e-02 1.61315230e-02 7.93323173e-04
3.94010600e-02 1.58522168e-02 7.32171097e-04
3.97592273e-02 1.59824110e-02 7.58565263e-04
4.01173941e-02 1.50424287e-02 7.46391471e-04
4.04755601e-02 1.45763980e-02 7.46482852e-04
4.08337255e-02 1.49597336e-02 7.48026097e-04
4.11918902e-02 1.46026240e-02 7.35742259e-04
4.15500542e-02 1.47814917e-02 7.20392049e-04
4.19082176e-02 1.58298846e-02 7.31689460e-04
4.22663802e-02 1.35769247e-02 7.23258274e-04
4.26245422e-02 1.50035193e-02 7.35774865e-04
4.29827034e-02 1.42223905e-02 7.67744807e-04
4.33408640e-02 1.41054257e-02 6.88030664e-04
4.36990238e-02 1.43244906e-02 6.92092468e-04
4.40571830e-02 1.34739622e-02 7.01884925e-04
4.44153414e-02 1.37993215e-02 6.89853007e-04
4.47734990e-02 1.31342384e-02 7.08893166e-04
4.51316560e-02 1.28386990e-02 6.98146264e-04
4.54898122e-02 1.21713590e-02 6.88680048e-04
4.58479676e-02 1.15337761e-02 6.81804453e-04
4.62061223e-02 1.27292556e-02 6.78498098e-04
4.65642762e-02 1.24052231e-02 7.01866921e-04
4.69224294e-02 1.26213550e-02 6.80603648e-04
4.72805818e-02 1.19825445e-02 7.23953233e-04
4.76387334e-02 1.20564031e-02 7.12354993e-04
4.79968842e-02 1.11619186e-02 6.83742922e-04
4.83550342e-02 1.11777934e-02 6.65010580e-04
4.87131835e-02 1.24133288e-02 7.12822261e-04
4.90713319e-02 1.09435774e-02 6.80919820e-04
4.94294795e-02 1.04266926e-02 6.77827479e-04
4.97876264e-02 1.07733650e-02 6.52657359e-04
5.01457724e-02 1.01027493e-02 6.21936881e-04
5.05039175e-02 1.07887634e-02 6.27779655e-04
5.08620619e-02 1.04066310e-02 6.45936615e-04
5.12202054e-02 9.54716979e-03 6.18964622e-04
5.15783481e-02 9.00132485e-03 6.33392918e-04
5.19364899e-02 9.04899187e-03 6.43570830e-04
5.22946308e-02 8.87039375e-03 6.20503874e-04
5.26527709e-02 8.72212503e-03 6.05217723e-04
5.30109102e-02 1.00086324e-02 6.14805896e-04
5.33690485e-02 9.93322768e-03 6.04546791e-04
5.37271860e-02 8.70002067e-03 6.05844487e-04
5.40853226e-02 9.02604202e-03 6.17141275e-04
5.44434583e-02 9.49451169e-03 6.34506886e-04
5.48015932e-02 9.38510128e-03 6.03787325e-04
5.51597271e-02 8.63431277e-03 6.05875195e-04
5.55178601e-02 9.32289100e-03 5.84986882e-04
5.58759922e-02 7.85273013e-03 5.83305872e-04
5.62341234e-02 7.86892149e-03 6.12377540e-04
5.65922536e-02 8.06974574e-03 6.04669506e-04
5.69503829e-02 6.93002513e-03 5.88211097e-04
5.73085113e-02 7.87817371e-03 5.82257748e-04
5.76666388e-02 7.24333679e-03 5.68917993e-04
5.80247653e-02 7.09821426e-03 5.59078143e-04
5.83828908e-02 7.33598469e-03 5.77201395e-04
5.87410154e-02 6.61829434e-03 5.66266485e-04
5.90991390e-02 6.79931563e-03 5.85806561e-04
5.94572616e-02 7.52942957e-03 5.99101416e-04
5.98153833e-02 7.25280091e-03 5.62456811e-04
6.01735040e-02 5.60843800e-03 5.52152687e-04
6.05316237e-02 6.30465794e-03 5.49642575e-04
6.08897424e-02 6.11616477e-03 5.41912102e-04
6.12478600e-02 6.15878439e-03 5.42934519e-04
6.16059767e-02 5.31166566e-03 5.57935596e-04
6.19640924e-02 5.23700733e-03 5.34175101e-04
6.23222071e-02 4.83778484e-03 5.46104531e-04
6.26803207e-02 4.93890169e-03 5.31937704e-04
6.30384333e-02 4.91212905e-03 5.35917900e-04
6.33965448e-02 5.94908637e-03 5.35049746e-04
6.37546554e-02 5.14971328e-03 5.17410943e-04
6.41127648e-02 5.16395896e-03 5.25575593e-04
6.44708732e-02 5.58055465e-03 5.22575237e-04
6.48289806e-02 4.26199050e-03 5.55282457e-04
6.51870869e-02 4.82247787e-03 5.22857000e-04
6.55451921e-02 4.59661916e-03 5.17305241e-04
6.59032962e-02 5.13215081e-03 5.41700930e-04
6.62613993e-02 4.49284759e-03 5.12863050e-04
6.66195012e-02 4.87247324e-03 5.28677305e-04
6.69776021e-02 3.71961703e-03 5.15391082e-04
6.73357019e-02 5.12268831e-03 5.07986534e-04
6.76938005e-02 4.20011444e-03 5.15800381e-04
6.80518981e-02 3.79947856e-03 5.04354433e-04
6.84099945e-02 3.98814156e-03 4.98071566e-04
6.87680898e-02 3.85753063e-03 4.98099557e-04
6.91261840e-02 4.36641813e-03 5.07386935e-04
6.94842770e-02 3.73042610e-03 5.02826310e-04
6.98423689e-02 4.06167502e-03 4.86761451e-04
7.02004596e-02 3.79709655e-03 4.94049766e-04
7.05585492e-02 3.25619127e-03 4.69727474e-04
7.09166377e-02 2.68326291e-03 4.84785404e-04
7.12747249e-02 2.96967914e-03 4.67619027e-04
7.16328110e-02 3.45784798e-03 4.84594424e-04
7.19908959e-02 3.61943151e-03 4.88981527e-04
7.23489796e-02 3.09969771e-03 4.84355270e-04
7.27070622e-02 2.87898331e-03 4.74818734e-04
7.30651435e-02 2.47263856e-03 4.84222987e-04
7.34232237e-02 3.36760561e-03 4.79879933e-04
7.37813026e-02 2.30661935e-03 4.75034145e-04
7.41393803e-02 3.15275238e-03 4.80678669e-04
7.44974568e-02 3.24148090e-03 4.62769071e-04
7.48555321e-02 3.28870050e-03 4.70070615e-04
7.52136061e-02 3.39118478e-03 4.77021948e-04
7.55716789e-02 3.03482804e-03 4.78165433e-04
7.59297505e-02 2.65471547e-03 4.81880920e-04
7.62878208e-02 3.23635506e-03 4.69286586e-04
7.66458899e-02 3.08694819e-03 4.49650868e-04
7.70039577e-02 2.63233854e-03 4.67444220e-04
7.73620242e-02 3.10820262e-03 4.69023596e-04
7.77200895e-02 3.18215221e-03 4.60415342e-04
7.80781535e-02 1.43074179e-03 4.52364608e-04
7.84362162e-02 1.95777804e-03 4.37069052e-04
7.87942776e-02 1.33709975e-03 4.48425496e-04
7.91523377e-02 2.82915730e-03 4.57965222e-04
7.95103965e-02 1.95795579e-03 4.54698983e-04
7.98684540e-02 1.27365691e-03 4.54895256e-04
8.02265102e-02 2.01832752e-03 4.45717946e-04
8.05845651e-02 2.51224747e-03 4.50211953e-04
8.09426186e-02 2.27556488e-03 4.62879685e-04
8.13006709e-02 1.56809085e-03 4.61686635e-04
8.16587217e-02 1.78516534e-03 4.52745701e-04
8.20167713e-02 1.70831257e-03 4.37704111e-04
8.23748195e-02 1.97095845e-03 4.46642263e-04
8.27328663e-02 1.35743474e-03 4.21582812e-04
8.30909118e-02 2.24367856e-03 4.36123160e-04
8.34489559e-02 1.73440367e-03 4.30515966e-04
8.38069986e-02 2.21628885e-03 4.45086426e-04
8.41650400e-02 2.16387239e-03 4.36359300e-04
8.45230800e-02 1.39250385e-03 4.16419773e-04
8.48811185e-02 1.28265201e-03 4.30792035e-04
8.52391557e-02 1.02510148e-03 4.37164576e-04
8.55971915e-02 1.11899832e-03 4.45565026e-04
8.59552259e-02 6.84604476e-04 4.40309204e-04
8.63132589e-02 1.57420252e-03 4.49477454e-04
8.66712904e-02 1.14193754e-03 4.35061053e-04
8.70293205e-02 1.15795914e-03 4.34059889e-04
8.73873492e-02 9.11046261e-04 4.41846250e-04
8.77453765e-02 1.19629112e-03 4.18825688e-04
8.81034023e-02 3.42214483e-04 4.40205524e-04
8.84614267e-02 9.84973001e-04 4.26486236e-04
8.88194496e-02 1.21485353e-03 4.27083771e-04
8.91774710e-02 1.23833205e-03 4.35225810e-04
8.95354910e-02 1.38938752e-03 4.31177197e-04
8.98935095e-02 9.43993342e-04 4.33159819e-04
9.02515266e-02 8.73877129e-04 4.37878331e-04
9.06095421e-02 1.06206094e-03 4.35399216e-04
9.09675562e-02 8.63663587e-04 4.32973079e-04
9.13255687e-02 7.52513810e-04 4.23551209e-04
9.16835798e-02 6.80903854e-04 4.23369920e-04
9.20415894e-02 8.45016247e-04 4.22281516e-04
9.23995974e-02 1.53814320e-03 4.30931806e-04
9.27576039e-02 1.55715166e-03 4.33855551e-04
9.31156089e-02 1.59394405e-03 4.25071779e-04
9.34736124e-02 1.20188999e-03 4.30725875e-04
9.38316143e-02 3.40715962e-04 4.21097343e-04
9.41896147e-02 7.11063029e-04 4.12525434e-04
9.45476136e-02 1.26863038e-03 4.26791803e-04
9.49056108e-02 7.03281801e-04 4.14541457e-04
9.52636066e-02 1.46370154e-03 4.10996044e-04
9.56216007e-02 4.63793531e-04 4.11394655e-04
9.59795933e-02 9.94149590e-04 4.13143257e-04
9.63375843e-02 5.99327688e-04 4.10377466e-04
9.66955738e-02 1.08518119e-03 4.11940797e-04
9.70535616e-02 1.06857522e-03 4.04093499e-04
9.74115478e-02 6.58639588e-04 4.09037297e-04
9.77695325e-02 7.22186790e-04 4.06335396e-04
9.81275155e-02 1.25340414e-04 3.99200890e-04
9.84854969e-02 5.08266213e-04 3.96092845e-04
9.88434768e-02 3.71907113e-04 4.01092557e-04
9.92014549e-02 2.01044717e-04 4.06786373e-04
9.95594315e-02 7.10829584e-04 3.99812239e-04
9.99174064e-02 1.01297927e-03 3.98538672e-04
1.00275380e-01 1.21079821e-03 3.98330988e-04
1.00633351e-01 3.23455695e-04 3.99843427e-04
1.00991321e-01 1.17387408e-03 4.02702064e-04
1.01349290e-01 1.66525861e-04 3.89767459e-04
1.01707256e-01 7.39076711e-04 3.85684539e-04
1.02065221e-01 -7.66888292e-07 3.90338417e-04
1.02423184e-01 3.58175033e-04 3.93921897e-04
1.02781146e-01 4.92161193e-05 3.85700933e-04
1.03139106e-01 3.58937564e-04 3.96352169e-04
1.03497064e-01 9.17835853e-04 3.93233565e-04
1.03855021e-01 2.55806496e-04 3.99104621e-04
1.04212976e-01 3.58374987e-04 3.91690487e-04
1.04570929e-01 7.42411981e-04 3.95152208e-04
1.04928880e-01 1.03812542e-03 4.04312781e-04
1.05286830e-01 1.39872911e-03 4.00080321e-04
1.05644778e-01 6.82465318e-05 4.07893895e-04
1.06002724e-01 2.73328804e-04 3.90666096e-04
1.06360668e-01 8.88351681e-04 4.03345148e-04
1.06718611e-01 3.30758428e-04 3.96093695e-04
1.07076552e-01 5.07045379e-04 4.13163957e-04
1.07434491e-01 8.15953099e-04 4.02021631e-04
1.07792429e-01 8.19848566e-04 4.08330125e-04
1.08150364e-01 2.68948162e-04 4.02918781e-04
1.08508298e-01 7.71844227e-05 4.13705174e-04
1.08866230e-01 7.95958000e-04 4.04558039e-04
1.09224160e-01 8.11579557e-04 3.98402432e-04
1.09582089e-01 8.86675252e-04 3.87140252e-04
1.09940016e-01 5.33386431e-04 3.91117260e-04
1.10297941e-01 6.25098952e-04 3.84779775e-04
1.10655864e-01 8.77079032e-04 3.86666966e-04
1.11013785e-01 6.23331903e-04 3.96058527e-04
1.11371704e-01 6.53336267e-04 3.92221304e-04
1.11729622e-01 7.96217596e-04 3.93444535e-04
1.12087538e-01 1.65054582e-04 3.80585092e-04
1.12445452e-01 8.38338657e-04 3.81797492e-04
1.12803364e-01 5.61482267e-04 3.82871596e-04
1.13161274e-01 8.29737345e-05 3.78949237e-04
1.13519182e-01 2.55361106e-04 3.83082694e-04
1.13877089e-01 4.52283239e-04 3.76933523e-04
1.14234994e-01 7.72520185e-04 3.78619391e-04
1.14592896e-01 7.12755457e-04 3.78002446e-04
1.14950797e-01 1.11690284e-04 3.72771089e-04
1.15308696e-01 1.35197510e-04 3.81161942e-04
1.15666593e-01 1.56326836e-04 3.73805288e-04
1.16024488e-01 4.71764634e-04 3.63184326e-04
1.16382382e-01 5.25349878e-04 3.64869119e-04
1.16740273e-01 3.71230538e-04 3.76126082e-04
1.17098163e-01 -5.35240854e-06 3.68546395e-04
1.17456050e-01 3.34665731e-04 3.72281524e-04
1.17813936e-01 5.99574895e-05 3.69287745e-04
1.18171819e-01 8.00942412e-04 3.68455536e-04
1.18529701e-01 5.55225934e-04 3.82649679e-04
1.18887581e-01 6.58466240e-04 3.76231431e-04
1.19245459e-01 7.50669823e-04 3.76389219e-04
1.19603335e-01 -1.23081198e-04 3.73816328e-04
1.19961208e-01 7.75540979e-04 3.76993049e-04
1.20319080e-01 4.00087430e-04 3.71301005e-04
1.20676950e-01 3.40505757e-04 3.72773869e-04
1.21034818e-01 5.85905940e-04 3.82449653e-04
1.21392684e-01 2.45068562e-04 3.79573050e-04
1.21750548e-01 3.82681516e-04 3.72686667e-04
1.22108410e-01 3.31263781e-04 3.80114544e-04
1.22466270e-01 5.01922472e-04 3.76090564e-04
1.22824128e-01 1.03135900e-03 3.78862539e-04
1.23181984e-01 -2.02210078e-04 3.71062503e-04
1.23539838e-01 3.42133324e-04 3.81193553e-04
1.23897690e-01 8.35195979e-04 3.73471937e-04
1.24255540e-01 -1.82906555e-04 3.63256741e-04
1.24613388e-01 4.84889178e-04 3.70375118e-04
1.24971233e-01 1.07750856e-03 3.60849841e-04
1.25329077e-01 7.12418371e-04 3.63615320e-04
1.25686919e-01 4.65347182e-04 3.74127581e-04
1.26044758e-01 -1.10185789e-04 3.65075380e-04
1.26402596e-01 5.56954596e-04 3.68472219e-04
1.26760431e-01 4.48561147e-04 3.67552303e-04
1.27118265e-01 -3.77418188e-05 3.64910052e-04
1.27476096e-01 7.14265910e-04 3.52954559e-04
1.27833925e-01 2.40675399e-04 3.59719860e-04
1.28191752e-01 4.12424301e-04 3.59072405e-04
1.28549577e-01 4.88496402e-04 3.47564910e-04
1.28907400e-01 1.32904921e-04 3.48186216e-04
1.29265221e-01 7.86176654e-04 3.47278773e-04
1.29623040e-01 4.16922183e-04 3.50571135e-04
1.29980856e-01 2.08571561e-04 3.48723974e-04
1.30338670e-01 -1.78482197e-04 3.47716712e-04
1.30696483e-01 4.51597889e-04 3.43750337e-04
1.31054293e-01 7.16021786e-04 3.51934097e-04
1.31412101e-01 3.10281696e-04 3.32669611e-04
1.31769906e-01 4.87655564e-04 3.36948453e-04
1.32127710e-01 -1.29213199e-04 3.50356548e-04
1.32485511e-01 -4.92346985e-05 3.46596794e-04
1.32843311e-01 8.33169139e-05 3.37339876e-04
1.33201108e-01 5.83081190e-04 3.33047010e-04
1.33558903e-01 5.48055636e-04 3.48142059e-04
1.33916695e-01 9.96801763e-04 3.48970144e-04
1.34274486e-01 6.96819515e-04 3.38097648e-04
1.34632274e-01 3.92469967e-04 3.36754076e-04
1.34990060e-01 5.24584382e-04 3.35718085e-04
1.35347844e-01 1.44698587e-04 3.40972424e-04
1.35705626e-01 5.30485264e-04 3.39274953e-04
1.36063405e-01 3.63875361e-04 3.43563258e-04
1.36421182e-01 3.22406660e-04 3.36565000e-04
1.36778957e-01 7.02893649e-04 3.41815491e-04
1.37136730e-01 4.78571986e-04 3.34260343e-04
1.37494500e-01 4.20105765e-04 3.38185769e-04
1.37852269e-01 -7.28835551e-05 3.29016015e-04
1.38210034e-01 3.46650320e-04 3.23930750e-04
1.38567798e-01 8.55513561e-06 3.28464896e-04
1.38925559e-01 2.33105945e-04 3.36134759e-04
1.39283319e-01 3.32620101e-05 3.32121901e-04
1.39641075e-01 -7.63082056e-05 3.29960023e-04
1.39998830e-01 5.51825023e-04 3.32027579e-04
1.40356582e-01 2.94645409e-04 3.28437535e-04
1.40714332e-01 8.21532941e-05 3.31429173e-04
1.41072080e-01 5.51213920e-04 3.30200065e-04
1.41429825e-01 5.82108931e-04 3.31000999e-04
1.41787568e-01 2.52650245e-04 3.25020895e-04
1.42145308e-01 -3.69969014e-04 3.33208459e-04
1.42503047e-01 3.75373117e-06 3.30839492e-04
1.42860783e-01 2.09908583e-04 3.23153650e-04
1.43218516e-01 5.50665739e-04 3.20592400e-04
1.43576247e-01 6.08501675e-04 3.32260232e-04
1.43933976e-01 2.99233705e-04 3.25904103e-04
1.44291703e-01 3.37637060e-04 3.26477474e-04
1.44649427e-01 2.89188313e-04 3.22779633e-04
1.45007149e-01 3.03858885e-04 3.10370074e-04
1.45364868e-01 6.43205803e-04 3.34276442e-04
1.45722585e-01 -2.39406333e-05 3.19716950e-04
1.46080300e-01 -7.87777049e-05 3.13309346e-04
1.46438012e-01 -3.94477027e-04 3.13985981e-04
1.46795722e-01 -7.99440116e-05 3.14122256e-04
1.47153429e-01 1.74098416e-04 3.18531080e-04
1.47511134e-01 -1.83246185e-04 3.13061439e-04
1.47868837e-01 3.39022136e-04 3.20581208e-04
1.48226537e-01 2.48754521e-05 3.21452264e-04
1.48584235e-01 4.33580279e-05 3.12754145e-04
1.48941930e-01 2.62902487e-04 3.20179026e-04
1.49299623e-01 1.50452665e-04 3.17820563e-04
1.49657313e-01 -5.08893076e-06 3.07399210e-04
1.50015001e-01 -2.09016632e-04 3.16001891e-04
1.50372687e-01 4.87578400e-04 3.11183200e-04
1.50730370e-01 1.35781865e-04 3.15612666e-04
1.51088050e-01 3.38061320e-04 3.11296891e-04
1.51445728e-01 2.42377430e-04 3.15301954e-04
1.51803404e-01 4.88889983e-04 3.11703538e-04
1.52161077e-01 4.64405287e-04 3.17375192e-04
1.52518747e-01 9.59287713e-04 3.09843990e-04
1.52876416e-01 1.20161523e-04 3.07650101e-04
1.53234081e-01 -4.78277772e-04 3.08157815e-04
1.53591744e-01 1.11102298e-04 3.09438935e-04
1.53949405e-01 -1.99792002e-04 3.06775091e-04
1.54307063e-01 3.47457618e-04 3.08139897e-04
1.54664718e-01 1.35290867e-04 3.09706868e-04
1.55022371e-01 4.55524856e-04 3.04032263e-04
1.55380021e-01 -5.58123778e-05 3.02304190e-04
1.55737669e-01 2.84710485e-04 3.11183481e-04
1.56095314e-01 1.96449108e-04 3.01915317e-04
1.56452957e-01 -2.79778177e-04 3.07051873e-04
1.56810597e-01 -2.70375143e-04 3.03964833e-04
1.57168235e-01 1.06097828e-04 3.06327785e-04
1.57525870e-01 1.93350760e-04 3.08665133e-04
1.57883502e-01 6.89409174e-04 3.08391173e-04
1.58241132e-01 5.67407886e-04 3.08862429e-04
1.58598759e-01 3.85869619e-05 3.02652352e-04
1.58956384e-01 -4.08776484e-04 2.98409604e-04
1.59314006e-01 3.82792440e-04 3.06470942e-04
1.59671625e-01 4.44288138e-04 3.06141880e-04
1.60029242e-01 1.09369079e-04 3.02079918e-04
1.60386856e-01 3.99112758e-04 2.98950212e-04
1.60744468e-01 -2.33044988e-04 2.97774209e-04
1.61102076e-01 1.84310852e-04 3.01356294e-04
1.61459683e-01 4.75509210e-04 2.98303288e-04
1.61817286e-01 7.06083965e-05 2.98875712e-04
1.62174887e-01 -2.76990250e-04 3.04199816e-04
1.62532485e-01 -1.44422160e-04 3.02142241e-04
1.62890081e-01 5.87556174e-05 2.97974889e-04
1.63247674e-01 3.69142335e-04 3.00530346e-04
1.63605264e-01 3.87689983e-04 2.92389902e-04
1.63962852e-01 2.13293843e-04 2.99626336e-04
1.64320437e-01 4.43226336e-04 3.00295828e-04
1.64678019e-01 2.12443349e-04 2.96507670e-04
1.65035598e-01 1.19098702e-04 2.95102370e-04
1.65393175e-01 3.11307477e-04 2.89293307e-04
1.65750749e-01 -1.01225905e-04 2.88442059e-04
1.66108320e-01 -1.67587623e-04 2.94464892e-04
1.66465889e-01 2.09939801e-05 2.93794976e-04
1.66823455e-01 -4.86342712e-04 2.90948391e-04
1.67181018e-01 -5.91250004e-04 2.89446057e-04
1.67538578e-01 3.08589571e-05 2.93025539e-04
1.67896136e-01 2.28217136e-04 2.88297174e-04
1.68253691e-01 1.37103950e-05 2.86772785e-04
1.68611243e-01 -1.31439332e-04 2.85053230e-04
1.68968792e-01 -2.00802085e-04 2.86337682e-04
1.69326339e-01 7.55029402e-05 2.89452174e-04
1.69683883e-01 -3.95185469e-04 2.81803853e-04
1.70041424e-01 -2.38914634e-04 2.89315547e-04
1.70398962e-01 1.59954047e-04 2.94342210e-04
1.70756497e-01 3.72791223e-04 2.90765103e-04
1.71114030e-01 5.53380269e-05 2.91496335e-04
1.71471560e-01 5.43308631e-04 2.85689801e-04
1.71829087e-01 1.65458294e-04 2.84911142e-04
1.72186611e-01 -2.41475034e-04 2.85139792e-04
1.72544132e-01 2.64468377e-04 2.89818647e-04
1.72901651e-01 1.42502359e-04 2.84841211e-04
1.73259167e-01 -3.09771927e-04 2.82555108e-04
1.73616679e-01 -1.21560767e-04 2.84155694e-04
1.73974189e-01 1.82028058e-04 2.86143958e-04
1.74331697e-01 1.46779673e-04 2.82715210e-04
1.74689201e-01 4.22618437e-04 2.80625393e-04
1.75046702e-01 2.90738013e-04 2.83179156e-04
1.75404201e-01 2.50810359e-04 2.82686454e-04
1.75761697e-01 4.07413890e-05 2.80450763e-04
1.76119189e-01 8.65920661e-05 2.83352983e-04
1.76476679e-01 1.42708121e-04 2.77734342e-04
1.76834166e-01 1.05804824e-04 2.86153471e-04
1.77191650e-01 4.08232869e-04 2.81400334e-04
1.77549132e-01 -3.80341018e-04 2.83723839e-04
1.77906610e-01 6.83283399e-05 2.82225850e-04
1.78264085e-01 -1.02473500e-04 2.75776572e-04
1.78621558e-01 4.05188063e-04 2.80796898e-04
1.78979027e-01 -2.66634718e-04 2.78593756e-04
1.79336494e-01 -6.10352553e-05 2.77700088e-04
1.79693958e-01 2.29201561e-04 2.79332666e-04
1.80051418e-01 -1.54094208e-04 2.75923444e-04
1.80408876e-01 1.58117225e-04 2.83905639e-04
1.80766331e-01 1.44859947e-04 2.80972760e-04
1.81123783e-01 2.05588069e-04 2.81865399e-04
1.81481232e-01 4.55206492e-04 2.86516924e-04
1.81838677e-01 -6.99563270e-05 2.82841399e-04
1.82196120e-01 7.33106775e-05 2.78342869e-04
1.82553560e-01 -1.52456036e-04 2.82767266e-04
1.82910997e-01 -5.81762766e-05 2.83047355e-04
1.83268431e-01 -1.79714694e-04 2.90706793e-04
1.83625862e-01 -7.81882864e-05 2.90851029e-04
1.83983290e-01 4.96721429e-04 2.83540059e-04
1.84340715e-01 -1.80465532e-04 2.79964826e-04
1.84698137e-01 -5.83916709e-05 2.79707588e-04
1.85055556e-01 1.25112130e-04 2.79779179e-04
1.85412971e-01 1.07867142e-04 2.84324648e-04
1.85770384e-01 3.96027569e-04 2.80810897e-04
1.86127794e-01 4.00967221e-04 2.77282010e-04
1.86485200e-01 3.06945116e-05 2.83564136e-04
1.86842604e-01 5.13262782e-04 2.78444306e-04
1.87200005e-01 1.99671834e-04 2.74364621e-04
1.87557402e-01 -7.24389621e-05 2.71315468e-04
1.87914797e-01 -4.58429838e-04 2.73817719e-04
1.88272188e-01 -4.20639663e-05 2.73424315e-04
1.88629576e-01 1.70869395e-06 2.78356817e-04
1.88986961e-01 1.88698258e-05 2.72848559e-04
1.89344343e-01 2.61277647e-04 2.74260349e-04
1.89701722e-01 3.89392461e-04 2.70203595e-04
1.90059098e-01 -5.25656446e-05 2.75866215e-04
1.90416471e-01 -4.68643374e-05 2.67282493e-04
1.90773840e-01 -7.76948399e-05 2.75487590e-04
1.91131207e-01 -5.03777292e-05 2.72861492e-04
1.91488570e-01 -2.75637651e-04 2.70841043e-04
1.91845930e-01 -1.30396129e-04 2.76103557e-04
1.92203287e-01 3.50777372e-04 2.75270182e-04
1.92560641e-01 5.91661907e-05 2.70363421e-04
1.92917992e-01 2.49224661e-05 2.63354453e-04
1.93275340e-01 -1.78374969e-04 2.74165647e-04
1.93632684e-01 4.01427956e-04 2.73683947e-04
1.93990025e-01 8.12381697e-05 2.69990516e-04
1.94347363e-01 -3.57447510e-04 2.69386749e-04
1.94704698e-01 1.33093327e-04 2.73944759e-04
1.95062030e-01 -5.03033739e-04 2.77700325e-04
1.95419358e-01 -3.71273223e-04 2.72477487e-04
1.95776684e-01 -3.80605251e-04 2.70825274e-04
1.96134006e-01 3.21007421e-04 2.72561112e-04
1.96491324e-01 7.73977762e-05 2.71337492e-04
1.96848640e-01 1.31554759e-04 2.72748688e-04
1.97205953e-01 1.24617085e-04 2.76485097e-04
1.97563262e-01 4.10066000e-04 2.72924246e-04
1.97920568e-01 -1.34920657e-04 2.72515678e-04
1.98277870e-01 2.70979265e-04 2.69674678e-04
1.98635170e-01 -1.24495085e-04 2.78204242e-04
1.98992466e-01 -4.34922480e-05 2.68567783e-04
1.99349759e-01 -1.95279313e-04 2.70753628e-04
1.99707049e-01 3.67781354e-04 2.72780699e-04
2.00064335e-01 1.12639365e-04 2.68579528e-04
2.00421618e-01 -4.45464168e-04 2.69246178e-04
2.00778898e-01 2.26982356e-04 2.70682085e-04
2.01136174e-01 1.33900223e-04 2.59075779e-04
2.01493448e-01 4.57031615e-05 2.60427644e-04
2.01850718e-01 -7.85966554e-05 2.61583026e-04
2.02207984e-01 2.51171410e-04 2.60679832e-04
2.02565248e-01 9.98062633e-05 2.61307473e-04
2.02922508e-01 3.30714416e-04 2.60031505e-04
2.03279764e-01 -4.79607252e-04 2.60460523e-04
2.03637018e-01 -3.60236356e-05 2.59409431e-04
2.03994268e-01 5.79891878e-04 2.59102497e-04
2.04351514e-01 -1.05873825e-04 2.60621936e-04
2.04708758e-01 -5.82836611e-05 2.59412211e-04
2.05065998e-01 5.02167329e-05 2.58088433e-04
2.05423234e-01 1.14858007e-04 2.60446793e-04
2.05780467e-01 2.67062419e-04 2.54868253e-04
2.06137697e-01 1.65748990e-04 2.55472144e-04
2.06494924e-01 -1.80418788e-04 2.65350544e-04
2.06852147e-01 -1.25128369e-04 2.56754142e-04
2.07209367e-01 3.76510812e-05 2.58709461e-04
2.07566583e-01 5.45103859e-05 2.58144467e-04
2.07923796e-01 1.56924828e-04 2.54673422e-04
2.08281005e-01 -2.11778341e-04 2.55246899e-04
2.08638211e-01 6.63109541e-05 2.57174337e-04
2.08995414e-01 3.37866668e-04 2.50334371e-04
2.09352613e-01 1.66426712e-04 2.53912364e-04
2.09709809e-01 3.54312610e-04 2.55461082e-04
2.10067002e-01 1.71593315e-04 2.59392192e-04
2.10424191e-01 -5.49540020e-05 2.52396322e-04
2.10781376e-01 -1.02057386e-04 2.52056236e-04
2.11138558e-01 2.44288094e-04 2.54203038e-04
2.11495737e-01 2.14493779e-05 2.50068756e-04
2.11852912e-01 -6.70969106e-06 2.55302374e-04
2.12210084e-01 3.96346751e-04 2.54818173e-04
2.12567252e-01 -1.92718747e-04 2.43791687e-04
2.12924416e-01 -1.99175575e-04 2.49474332e-04
2.13281578e-01 -1.60010761e-04 2.47661257e-04
2.13638735e-01 -1.58966302e-04 2.46780888e-04
2.13995890e-01 2.12479205e-04 2.48413122e-04
2.14353040e-01 1.62379559e-04 2.51521747e-04
2.14710188e-01 -2.96846388e-04 2.47790711e-04
2.15067331e-01 2.12860117e-04 2.45294010e-04
2.15424471e-01 -3.86669647e-04 2.49141434e-04
2.15781608e-01 -9.74081936e-05 2.50326217e-04
2.16138741e-01 8.14970116e-05 2.48263482e-04
2.16495871e-01 -2.23160138e-05 2.46837162e-04
2.16852997e-01 1.00569255e-04 2.45331751e-04
2.17210119e-01 1.73857176e-04 2.45950599e-04
2.17567238e-01 7.18079258e-07 2.48542420e-04
2.17924354e-01 -8.76547513e-05 2.42021646e-04
2.18281465e-01 5.08583989e-05 2.49628535e-04
2.18638574e-01 -2.57526387e-04 2.47200804e-04
2.18995678e-01 9.95806177e-05 2.45619739e-04
2.19352779e-01 -1.37185856e-05 2.39256054e-04
2.19709877e-01 -3.96340846e-05 2.42999347e-04
2.20066971e-01 -3.41689608e-05 2.42307899e-04
2.20424061e-01 6.49114356e-05 2.42596298e-04
2.20781147e-01 -2.20872379e-04 2.34980991e-04
2.21138230e-01 2.08238947e-04 2.38346471e-04
2.21495310e-01 -2.03678993e-04 2.37957151e-04
2.21852386e-01 2.62763940e-05 2.38947401e-04
2.22209458e-01 -1.39060657e-04 2.43443266e-04
2.22566526e-01 1.35433559e-04 2.41792964e-04
2.22923591e-01 -1.66601621e-04 2.35117489e-04
2.23280652e-01 1.91564395e-04 2.41880772e-04
2.23637710e-01 1.43970167e-04 2.40696166e-04
2.23994764e-01 -7.09026107e-05 2.42284744e-04
2.24351814e-01 -1.54915001e-04 2.41415590e-04
2.24708861e-01 2.37849086e-04 2.41090511e-04
2.25065904e-01 1.38035395e-04 2.43659680e-04
2.25422943e-01 5.63630816e-04 2.38528375e-04
2.25779978e-01 -2.21056787e-05 2.35316342e-04
2.26137010e-01 -8.85768770e-05 2.38639027e-04
2.26494038e-01 3.42918632e-04 2.39194325e-04
2.26851063e-01 1.10237488e-04 2.37567106e-04
2.27208083e-01 -4.15878516e-04 2.33777405e-04
2.27565100e-01 1.79409711e-04 2.32686945e-04
2.27922114e-01 7.09581876e-05 2.31756201e-04
2.28279123e-01 3.29851208e-05 2.35787250e-04
2.28636129e-01 2.47481083e-04 2.40237059e-04
2.28993131e-01 4.10441023e-04 2.37316572e-04
2.29350129e-01 1.17547261e-04 2.33286494e-04
2.29707124e-01 7.91221778e-05 2.34635195e-04
2.30064115e-01 6.57857724e-05 2.38320751e-04
2.30421102e-01 -1.26282910e-04 2.34085649e-04
2.30778085e-01 -3.65109230e-04 2.31233641e-04
2.31135064e-01 4.46710306e-04 2.33049152e-04
2.31492040e-01 -3.30928470e-05 2.31523810e-04
2.31849012e-01 5.49616375e-05 2.27363692e-04
2.32205980e-01 -3.42591917e-04 2.28124759e-04
2.32562944e-01 -1.09537299e-04 2.29580803e-04
2.32919905e-01 1.60927754e-04 2.36080943e-04
2.33276862e-01 1.06492822e-04 2.32039711e-04
2.33633814e-01 7.20810577e-05 2.26409246e-04
2.33990763e-01 -1.57186987e-04 2.29601705e-04
2.34347709e-01 1.38226234e-04 2.26189632e-04
2.34704650e-01 2.43820413e-04 2.28860166e-04
2.35061588e-01 -5.94404698e-05 2.29467829e-04
2.35418521e-01 -1.07518689e-04 2.28226505e-04
2.35775451e-01 -1.72464440e-04 2.21919032e-04
2.36132377e-01 -8.72712189e-05 2.24584873e-04
2.36489299e-01 2.93251306e-04 2.22856458e-04
2.36846218e-01 2.34702947e-04 2.28718234e-04
2.37203132e-01 -5.65759596e-06 2.28684592e-04
2.37560042e-01 1.41500339e-04 2.34936639e-04
2.37916949e-01 -1.00967171e-04 2.26563782e-04
2.38273852e-01 -9.66819128e-05 2.21392771e-04
2.38630751e-01 1.15565643e-04 2.24804631e-04
2.38987645e-01 -1.15295540e-04 2.24704184e-04
2.39344537e-01 3.17421120e-04 2.28001202e-04
2.39701424e-01 -1.65413963e-04 2.24196947e-04
2.40058307e-01 -1.24938642e-04 2.24973869e-04
2.40415186e-01 -1.10599152e-04 2.20870584e-04
2.40772061e-01 1.20650936e-04 2.22688321e-04
2.41128933e-01 9.82599533e-05 2.22367874e-04
2.41485800e-01 3.27789679e-04 2.26826065e-04
2.41842664e-01 -3.08862830e-04 2.23232409e-04
2.42199523e-01 -1.12279052e-04 2.19411338e-04
2.42556379e-01 -1.53983293e-05 2.20568815e-04
2.42913230e-01 2.92632926e-05 2.22674737e-04
2.43270078e-01 2.10396890e-04 2.23671879e-04
2.43626922e-01 3.72835397e-04 2.26260915e-04
2.43983761e-01 -5.00853296e-05 2.20920512e-04
2.44340597e-01 2.24290279e-06 2.23012962e-04
2.44697429e-01 -1.66187935e-04 2.18973234e-04
2.45054256e-01 1.17088665e-04 2.18097998e-04
2.45411080e-01 -1.52008483e-04 2.19438351e-04
2.45767900e-01 3.73720125e-04 2.22433493e-04
2.46124715e-01 2.98586269e-04 2.23364011e-04
2.46481527e-01 5.80761622e-04 2.20429297e-04
2.46838334e-01 -1.51054482e-04 2.15800587e-04
2.47195138e-01 -8.45375935e-06 2.16328016e-04
2.47551938e-01 -4.45922845e-04 2.14734342e-04
2.47908733e-01 -1.31852067e-04 2.17214021e-04
2.48265524e-01 -2.76806579e-04 2.18404968e-04
2.48622312e-01 1.02192046e-04 2.19954019e-04
2.48979095e-01 1.16647184e-04 2.17109809e-04
2.49335874e-01 -5.47882864e-06 2.18193135e-04
2.49692649e-01 2.58769458e-05 2.19017354e-04
2.50049420e-01 -1.39022706e-04 2.15114984e-04
2.50406187e-01 -3.40095988e-04 2.16663142e-04
2.50762950e-01 1.38698725e-05 2.17352599e-04
2.51119709e-01 3.38074048e-04 2.19223320e-04
2.51476464e-01 2.13095831e-04 2.18841521e-04
2.51833214e-01 3.91631625e-04 2.16430763e-04
2.52189961e-01 1.32966915e-04 2.12949717e-04
2.52546703e-01 -2.60450026e-04 2.15553580e-04
2.52903441e-01 -2.78743004e-04 2.12798492e-04
2.53260175e-01 -3.14897499e-05 2.12646080e-04
2.53616905e-01 3.05498333e-04 2.09660696e-04
2.53973631e-01 -1.56098585e-04 2.15505080e-04
2.54330352e-01 -2.69442967e-04 2.08834354e-04
2.54687070e-01 7.68973388e-06 2.11460129e-04
2.55043783e-01 -2.70828977e-04 2.11633407e-04
2.55400492e-01 1.16301127e-04 2.09112946e-04
2.55757197e-01 -1.90473616e-04 2.07163301e-04
2.56113898e-01 -1.65143445e-04 2.14214527e-04
2.56470595e-01 -1.41235844e-04 2.12834936e-04
2.56827287e-01 1.89455318e-04 2.16544909e-04
2.57183975e-01 2.05916681e-04 2.15315616e-04
2.57540659e-01 4.33783380e-05 2.13595103e-04
2.57897339e-01 -2.04065270e-04 2.10508923e-04
2.58254014e-01 8.89611496e-05 2.12375944e-04
2.58610686e-01 1.11549059e-04 2.14513701e-04
2.58967353e-01 2.27035617e-04 2.15453402e-04
2.59324016e-01 1.46774893e-04 2.16709384e-04
2.59680674e-01 3.33636631e-04 2.15330137e-04
2.60037329e-01 1.27875287e-04 2.19043563e-04
2.60393979e-01 5.90972155e-05 2.15740806e-04
2.60750625e-01 3.46658953e-04 2.16302242e-04
2.61107266e-01 -3.02436954e-04 2.11280255e-04
2.61463904e-01 6.51220483e-05 2.15562953e-04
2.61820537e-01 1.68340841e-04 2.18572631e-04
2.62177166e-01 3.99398787e-04 2.18009719e-04
2.62533790e-01 -9.26063201e-05 2.16373885e-04
2.62890410e-01 1.94876055e-05 2.17748409e-04
2.63247026e-01 -2.95744196e-04 2.14629306e-04
2.63603638e-01 4.25446828e-05 2.15301561e-04
2.63960245e-01 1.61952116e-04 2.17281591e-04
2.64316848e-01 1.59199454e-04 2.13442031e-04
2.64673447e-01 2.83703942e-04 2.09961497e-04
2.65030042e-01 -4.25458480e-05 2.13161951e-04
2.65386632e-01 2.16030117e-04 2.15686651e-04
2.65743217e-01 -2.61192541e-04 2.13320548e-04
2.66099799e-01 3.14740956e-04 2.12154698e-04
2.66456376e-01 1.54195820e-04 2.15726934e-04
2.66812948e-01 -1.21482068e-04 2.18908203e-04
2.67169517e-01 -5.81986668e-05 2.17154915e-04
2.67526081e-01 -3.04933101e-05 2.17619423e-04
2.67882640e-01 -3.26127191e-04 2.16060507e-04
2.68239195e-01 -1.26838752e-04 2.18358060e-04
2.68595746e-01 2.72776029e-05 2.14210736e-04
2.68952293e-01 1.88020108e-05 2.16486557e-04
2.69308835e-01 3.63354646e-04 2.19801702e-04
2.69665372e-01 -3.02652688e-04 2.16316785e-04
2.70021906e-01 -3.11439969e-04 2.21750073e-04
2.70378435e-01 2.29960071e-05 2.21456874e-04
2.70734959e-01 -1.52461869e-04 2.18627422e-04
2.71091479e-01 1.44723922e-04 2.24506537e-04
2.71447995e-01 -4.11417494e-04 2.22674782e-04
2.71804506e-01 -5.85568331e-05 2.18693271e-04
2.72161012e-01 -2.29358539e-04 2.24031434e-04
2.72517515e-01 2.22979821e-04 2.28393834e-04
2.72874012e-01 -4.83668295e-05 2.24152479e-04
