1.54026655e-02 -4.14938366e-03 1.71541701e-03
1.57608633e-02 -1.80879399e-03 1.60565369e-03
1.61190608e-02 -6.16805994e-04 1.59504243e-03
1.64772580e-02 -3.35974832e-03 1.41064575e-03
1.68354550e-02 1.44588803e-03 1.47105042e-03
1.71936517e-02 5.98675982e-04 1.37925032e-03
1.75518481e-02 -1.61002194e-03 1.28747804e-03
1.79100442e-02 5.41253698e-04 1.25514961e-03
1.82682400e-02 2.04065572e-03 1.27976618e-03
1.86264355e-02 3.39901279e-04 1.20191488e-03
1.89846308e-02 -1.68908254e-03 1.18492014e-03
1.93428257e-02 -2.45359740e-03 1.13939568e-03
1.97010202e-02 -9.12051482e-04 1.10517167e-03
2.00592145e-02 4.83204753e-04 1.11194581e-03
2.04174084e-02 -2.77267622e-04 1.04250205e-03
2.07756020e-02 4.22833959e-04 1.08570121e-03
2.11337953e-02 2.17202727e-04 9.81919999e-04
2.14919882e-02 1.33594865e-03 1.03626713e-03
2.18501808e-02 -2.26501511e-03 9.63812647e-04
2.22083729e-02 9.81551329e-05 1.01885998e-03
2.25665648e-02 -4.13411284e-04 1.01466171e-03
2.29247562e-02 7.96122460e-04 9.11695377e-04
2.32829473e-02 8.08967505e-04 9.80391690e-04
2.36411380e-02 1.60222634e-03 9.24704816e-04
2.39993283e-02 1.63456457e-03 9.46193321e-04
2.43575182e-02 1.42571277e-03 9.21221438e-04
2.47157077e-02 2.29648353e-04 8.71091029e-04
2.50738968e-02 4.32858144e-04 8.61416801e-04
2.54320855e-02 1.25689942e-03 9.16527772e-04
2.57902738e-02 2.04748253e-05 8.45258267e-04
2.61484617e-02 -4.70988688e-04 8.36279339e-04
2.65066491e-02 3.44436370e-05 8.09517927e-04
2.68648361e-02 8.68107643e-04 8.48267718e-04
2.72230226e-02 2.57042478e-04 8.00290540e-04
2.75812087e-02 -1.28453773e-04 8.12436326e-04
2.79393943e-02 1.45877917e-03 8.47989611e-04
2.82975795e-02 1.07942086e-03 8.28545343e-04
2.86557642e-02 1.19690145e-03 8.17145805e-04
2.90139485e-02 1.34677638e-04 7.84968726e-04
2.93721323e-02 -3.32167043e-04 8.35887481e-04
2.97303155e-02 7.70661153e-04 8.16075664e-04
3.00884983e-02 1.47306245e-04 8.48142754e-04
3.04466806e-02 -1.84353603e-04 8.41373569e-04
3.08048624e-02 9.29624571e-04 7.78331402e-04
3.11630437e-02 2.81673401e-04 8.49909581e-04
3.15212245e-02 -1.96276237e-04 8.25589863e-04
3.18794048e-02 6.26606620e-04 8.36549441e-04
3.22375845e-02 1.66243270e-03 8.10713481e-04
3.25957637e-02 1.53433134e-03 8.25035202e-04
3.29539424e-02 8.33615283e-04 8.04897045e-04
3.33121205e-02 1.41957149e-03 7.91529575e-04
3.36702981e-02 -1.03209111e-04 7.73742706e-04
3.40284751e-02 1.29306307e-03 7.80558193e-04
3.43866516e-02 -2.67952345e-04 7.79450103e-04
3.47448275e-02 6.06504854e-04 7.58980143e-04
3.51030028e-02 2.41802053e-03 7.28972673e-04
3.54611775e-02 9.67128098e-04 7.61277358e-04
3.58193517e-02 1.02767994e-03 7.43060221e-04
3.61775253e-02 9.47137028e-04 7.30689369e-04
3.65356983e-02 1.31407169e-03 7.21969157e-04
3.68938706e-02 -1.33443534e-04 7.06105690e-04
3.72520424e-02 4.92973858e-04 6.89461470e-04
3.76102136e-02 -5.44529076e-04 7.02187763e-04
3.79683841e-02 -3.61983850e-04 6.97084763e-04
3.83265540e-02 8.05505050e-04 6.54553396e-04
3.86847233e-02 2.84127821e-03 6.93980673e-04
3.90428920e-02 8.71710463e-04 6.99816423e-04
3.94010600e-02 3.92002709e-04 6.82556149e-04
3.97592273e-02 3.80463338e-04 6.86556180e-04
4.01173941e-02 3.55295569e-04 6.47107881e-04
4.04755601e-02 5.44311019e-05 6.32689840e-04
4.08337255e-02 2.31367892e-04 6.61117028e-04
4.11918902e-02 2.25707524e-04 6.53335623e-04
4.15500542e-02 1.69173115e-03 6.55225860e-04
4.19082176e-02 -2.98251997e-04 6.51700687e-04
4.22663802e-02 1.19887416e-03 6.67030413e-04
4.26245422e-02 1.00648517e-03 6.74809831e-04
4.29827034e-02 1.87004443e-03 6.87232861e-04
4.33408640e-02 6.99274176e-04 6.50238007e-04
4.36990238e-02 -2.71487022e-04 6.58351268e-04
4.40571830e-02 -1.81476953e-05 6.59808716e-04
4.44153414e-02 4.14180727e-05 6.44362811e-04
4.47734990e-02 1.29157015e-03 6.68977969e-04
4.51316560e-02 3.26827095e-05 6.46303717e-04
4.54898122e-02 1.54639373e-03 6.68845278e-04
4.58479676e-02 1.34266522e-05 6.38545302e-04
4.62061223e-02 1.03101914e-03 6.44731907e-04
4.65642762e-02 2.76436207e-04 6.25977718e-04
4.69224294e-02 1.26537783e-03 6.48490335e-04
4.72805818e-02 9.31924859e-04 6.20649567e-04
4.76387334e-02 1.53620616e-03 6.59680832e-04
4.79968842e-02 1.08744996e-03 6.37482597e-04
4.83550342e-02 2.93929707e-04 6.45375494e-04
4.87131835e-02 5.94346809e-04 6.21492500e-04
4.90713319e-02 7.20921261e-04 6.18125826e-04
4.94294795e-02 1.90222621e-03 6.12748283e-04
4.97876264e-02 1.03585395e-03 6.33687344e-04
5.01457724e-02 1.59961630e-03 6.21824796e-04
5.05039175e-02 9.09552506e-04 5.82375013e-04
5.08620619e-02 2.84071372e-04 5.97103964e-04
5.12202054e-02 1.37271471e-03 6.03746826e-04
5.15783481e-02 7.80307272e-05 5.74153148e-04
5.19364899e-02 9.95007985e-04 5.85222306e-04
5.22946308e-02 4.54768988e-04 5.92437034e-04
5.26527709e-02 5.58160603e-04 5.94949928e-04
5.30109102e-02 6.58523213e-04 5.66029635e-04
5.33690485e-02 2.53741536e-04 5.81027783e-04
5.37271860e-02 -4.09077669e-04 5.62660354e-04
5.40853226e-02 3.67091837e-04 5.66071070e-04
5.44434583e-02 1.70778203e-03 5.72291299e-04
5.48015932e-02 -3.26367268e-05 5.48267787e-04
5.51597271e-02 4.93870289e-04 5.94524671e-04
5.55178601e-02 7.64531176e-04 5.61856853e-04
5.58759922e-02 -8.01913253e-04 5.63677731e-04
5.62341234e-02 -3.83195369e-04 5.73503593e-04
5.65922536e-02 -2.71355293e-04 5.81104520e-04
5.69503829e-02 1.60851865e-03 5.52549386e-04
5.73085113e-02 1.18032526e-03 5.48937557e-04
5.76666388e-02 1.40700917e-03 5.33806709e-04
5.80247653e-02 1.55921743e-03 5.47112336e-04
5.83828908e-02 8.65211202e-04 5.50613341e-04
5.87410154e-02 1.70907087e-03 5.72584635e-04
5.90991390e-02 8.86679343e-04 5.35490996e-04
5.94572616e-02 4.79429375e-04 5.26622268e-04
5.98153833e-02 1.43266852e-03 5.41619051e-04
6.01735040e-02 9.96263704e-04 5.17980745e-04
6.05316237e-02 4.22466183e-04 5.20279790e-04
6.08897424e-02 -2.84316520e-04 5.18507750e-04
6.12478600e-02 -4.98653994e-04 5.12771190e-04
6.16059767e-02 -1.70729638e-04 5.11777538e-04
6.19640924e-02 -3.32447557e-04 5.12115367e-04
6.23222071e-02 -6.32891967e-04 5.37308009e-04
6.26803207e-02 -7.86904397e-04 5.10600934e-04
6.30384333e-02 -3.91539083e-04 5.02364091e-04
6.33965448e-02 -2.29585108e-04 5.08866625e-04
6.37546554e-02 1.10547791e-03 4.98706407e-04
6.41127648e-02 4.11179721e-04 5.09981276e-04
6.44708732e-02 8.21147169e-04 4.89629931e-04
6.48289806e-02 5.15073259e-04 4.99025813e-04
6.51870869e-02 -1.97038252e-04 4.97425241e-04
6.55451921e-02 2.23854376e-05 5.09782625e-04
6.59032962e-02 6.26679753e-04 5.04665416e-04
6.62613993e-02 4.21679039e-04 4.90922130e-04
6.66195012e-02 6.30051931e-04 4.98159650e-04
6.69776021e-02 1.13981145e-03 4.83552513e-04
6.73357019e-02 9.67369408e-04 5.20610764e-04
6.76938005e-02 5.40131617e-04 5.06247076e-04
6.80518981e-02 7.15220499e-04 4.80612719e-04
6.84099945e-02 5.45949260e-04 4.73133705e-04
6.87680898e-02 2.68698593e-04 4.85251714e-04
6.91261840e-02 1.60695379e-03 4.85551051e-04
6.94842770e-02 1.11966121e-03 4.71901180e-04
6.98423689e-02 1.10329360e-03 4.74882710e-04
7.02004596e-02 8.31230145e-04 4.81624052e-04
7.05585492e-02 8.53761445e-04 4.87317632e-04
7.09166377e-02 -2.01732497e-04 4.75515697e-04
7.12747249e-02 3.81394353e-04 4.79473063e-04
7.16328110e-02 -4.97352264e-04 4.59972868e-04
7.19908959e-02 4.58867572e-04 4.75341465e-04
7.23489796e-02 8.61519064e-07 4.69347012e-04
7.27070622e-02 1.02690613e-03 4.68069127e-04
7.30651435e-02 7.09720541e-04 4.72159026e-04
7.34232237e-02 4.44644485e-04 4.57648942e-04
7.37813026e-02 -1.83040187e-04 4.73308996e-04
7.41393803e-02 8.87627028e-04 4.79373708e-04
7.44974568e-02 5.25002551e-04 4.61058313e-04
7.48555321e-02 1.20274964e-04 4.76545726e-04
7.52136061e-02 6.41295527e-05 4.63659927e-04
7.55716789e-02 2.21405846e-04 4.68377716e-04
7.59297505e-02 3.28217144e-04 4.66273929e-04
7.62878208e-02 -2.29229082e-04 4.82987301e-04
7.66458899e-02 -7.51951298e-05 4.63325493e-04
7.70039577e-02 -4.45389134e-05 4.64211848e-04
7.73620242e-02 8.04578332e-04 4.60981120e-04
7.77200895e-02 -7.46375695e-04 4.46655629e-04
7.80781535e-02 -1.82083901e-04 4.52089152e-04
7.84362162e-02 -1.13880616e-04 4.58685241e-04
7.87942776e-02 2.21004629e-04 4.54660832e-04
7.91523377e-02 1.84953040e-04 4.61724305e-04
7.95103965e-02 -2.63787166e-04 4.60846112e-04
7.98684540e-02 -3.42627731e-04 4.56517858e-04
8.02265102e-02 6.56690094e-04 4.46992256e-04
8.05845651e-02 8.16333544e-04 4.49867506e-04
8.09426186e-02 -2.98888719e-05 4.38634720e-04
8.13006709e-02 -3.28995134e-04 4.44094800e-04
8.16587217e-02 5.82168106e-04 4.42494101e-04
8.20167713e-02 2.04354297e-04 4.43077232e-04
8.23748195e-02 1.40572738e-04 4.45085962e-04
8.27328663e-02 -7.54384011e-05 4.37579368e-04
8.30909118e-02 3.37992841e-04 4.25359602e-04
8.34489559e-02 -4.85076173e-04 4.44658181e-04
8.38069986e-02 4.52446543e-04 4.35471592e-04
8.41650400e-02 -4.93954318e-04 4.35375544e-04
8.45230800e-02 1.87297345e-04 4.21669487e-04
8.48811185e-02 1.69275597e-04 4.18859166e-04
8.52391557e-02 -2.27701427e-04 4.33611376e-04
8.55971915e-02 -9.30557801e-05 4.52156805e-04
8.59552259e-02 -7.96189720e-05 4.32490451e-04
8.63132589e-02 -7.19228491e-06 4.34731789e-04
8.66712904e-02 3.16486654e-04 4.50084157e-04
8.70293205e-02 3.30853666e-04 4.23185503e-04
8.73873492e-02 -9.95499395e-05 4.35157044e-04
8.77453765e-02 -2.85126539e-04 4.28461327e-04
8.81034023e-02 -2.03461543e-04 4.34821701e-04
8.84614267e-02 5.46827096e-04 4.38794741e-04
8.88194496e-02 1.16624558e-04 4.26432418e-04
8.91774710e-02 1.79566237e-04 4.14417777e-04
8.95354910e-02 2.16172903e-04 4.11476175e-04
8.98935095e-02 1.25763743e-04 4.38512008e-04
9.02515266e-02 -8.63571235e-04 4.31064558e-04
9.06095421e-02 5.66303609e-05 4.33558808e-04
9.09675562e-02 -2.30264498e-04 4.50610738e-04
9.13255687e-02 -3.59059581e-04 4.31500309e-04
9.16835798e-02 -2.77061734e-04 4.27412222e-04
9.20415894e-02 3.22698470e-04 4.29126733e-04
9.23995974e-02 -4.42037468e-04 4.21023447e-04
9.27576039e-02 -7.41929974e-04 4.21541587e-04
9.31156089e-02 4.06004106e-04 4.06532664e-04
9.34736124e-02 4.00096146e-04 4.12172512e-04
9.38316143e-02 -3.10554367e-04 4.05986771e-04
9.41896147e-02 -4.40893427e-06 4.11198185e-04
9.45476136e-02 3.29911077e-04 4.22760553e-04
9.49056108e-02 -3.40518398e-04 4.12779396e-04
9.52636066e-02 -1.73340412e-04 4.17478208e-04
9.56216007e-02 -2.30751754e-04 4.06314370e-04
9.59795933e-02 -1.10446398e-04 4.15416803e-04
9.63375843e-02 -3.13795152e-05 4.09639229e-04
9.66955738e-02 4.77492687e-04 4.16036610e-04
9.70535616e-02 1.73249427e-04 4.02846210e-04
9.74115478e-02 -3.76643103e-04 4.01897037e-04
9.77695325e-02 1.20186051e-04 4.12507341e-04
9.81275155e-02 2.72110641e-05 3.98601827e-04
9.84854969e-02 -3.93443802e-04 4.08059045e-04
9.88434768e-02 -2.25120593e-04 4.00214477e-04
9.92014549e-02 2.88597986e-04 4.04494106e-04
9.95594315e-02 2.24921633e-04 4.04318719e-04
9.99174064e-02 6.49396072e-04 3.94912614e-04
1.00275380e-01 5.68632343e-06 3.85633758e-04
1.00633351e-01 -4.00828981e-04 3.85497512e-04
1.00991321e-01 2.56474583e-04 3.93511745e-04
1.01349290e-01 3.82552711e-04 3.93328530e-04
1.01707256e-01 -4.25663346e-04 3.92709805e-04
1.02065221e-01 -8.61996307e-05 3.95360953e-04
1.02423184e-01 -2.85339992e-04 4.00156749e-04
1.02781146e-01 3.84324158e-04 3.94169154e-04
1.03139106e-01 3.21913360e-04 3.96743834e-04
1.03497064e-01 -3.72482522e-04 3.84163258e-04
1.03855021e-01 -6.19141017e-04 3.83880035e-04
1.04212976e-01 -2.14907044e-04 3.91611835e-04
1.04570929e-01 -9.80631671e-07 3.98228335e-04
1.04928880e-01 3.40917724e-04 3.97118277e-04
1.05286830e-01 -1.14240545e-04 3.94672487e-04
1.05644778e-01 -3.65024068e-04 3.95644562e-04
1.06002724e-01 -1.27968569e-04 3.82184703e-04
1.06360668e-01 -1.42436245e-04 4.03956864e-04
1.06718611e-01 4.81900012e-04 3.91860540e-04
1.07076552e-01 -7.16692548e-05 4.03295507e-04
1.07434491e-01 4.60242734e-04 4.03464571e-04
1.07792429e-01 -9.75670270e-04 3.98168901e-04
1.08150364e-01 -4.02549898e-04 3.90398071e-04
1.08508298e-01 1.24079849e-05 3.93975113e-04
1.08866230e-01 7.48698533e-05 4.01183685e-04
1.09224160e-01 -1.38319606e-04 4.01799533e-04
1.09582089e-01 -3.89246661e-04 3.94489293e-04
1.09940016e-01 1.40474335e-04 4.06988049e-04
1.10297941e-01 9.76905876e-05 4.00500854e-04
1.10655864e-01 4.92158348e-04 3.83157998e-04
1.11013785e-01 6.80448488e-04 3.78263705e-04
1.11371704e-01 -9.24544826e-05 3.75877758e-04
1.11729622e-01 -4.38722756e-04 3.80152055e-04
1.12087538e-01 4.45661044e-05 3.99616519e-04
1.12445452e-01 -1.18290150e-04 3.85391703e-04
1.12803364e-01 -3.31044653e-04 3.78478673e-04
1.13161274e-01 2.49794035e-04 3.70037718e-04
1.13519182e-01 6.04965697e-05 3.77918042e-04
1.13877089e-01 -2.32367769e-04 3.78837230e-04
1.14234994e-01 3.57966745e-04 3.79183509e-04
1.14592896e-01 3.43619848e-04 3.64134182e-04
1.14950797e-01 -1.79077913e-04 3.69300204e-04
1.15308696e-01 4.06591224e-04 3.64738070e-04
1.15666593e-01 -2.68726238e-04 3.64901216e-04
1.16024488e-01 -3.81693192e-04 3.67740047e-04
1.16382382e-01 -1.21636888e-04 3.61075006e-04
1.16740273e-01 -1.20884562e-04 3.67778815e-04
1.17098163e-01 -6.01875301e-04 3.64608059e-04
1.17456050e-01 3.45507223e-05 3.69799826e-04
1.17813936e-01 2.02305581e-04 3.64775618e-04
1.18171819e-01 -2.67797165e-04 3.69876386e-04
1.18529701e-01 3.32240002e-04 3.72549570e-04
1.18887581e-01 3.28913287e-04 3.91181825e-04
1.19245459e-01 -4.01646885e-04 3.76496690e-04
1.19603335e-01 -9.81915105e-05 3.75216887e-04
1.19961208e-01 -4.29614886e-04 3.70666108e-04
1.20319080e-01 8.72820556e-04 3.76273500e-04
1.20676950e-01 -2.24392900e-04 3.74222956e-04
1.21034818e-01 -3.20498277e-04 3.79073647e-04
1.21392684e-01 -4.45712365e-04 3.69372476e-04
1.21750548e-01 -4.06809587e-04 3.80806696e-04
1.22108410e-01 2.63884167e-04 3.86103621e-04
1.22466270e-01 -1.33793398e-04 3.72310899e-04
1.22824128e-01 -2.66016573e-04 3.73823638e-04
1.23181984e-01 -2.20923727e-05 3.85512902e-04
1.23539838e-01 2.26153632e-04 3.77570208e-04
1.23897690e-01 5.66231419e-04 3.70554653e-04
1.24255540e-01 -4.96512342e-04 3.73115400e-04
1.24613388e-01 7.89916839e-04 3.68703759e-04
1.24971233e-01 4.64123450e-04 3.72747877e-04
1.25329077e-01 9.57228883e-05 3.62984010e-04
1.25686919e-01 -6.29405470e-04 3.63575476e-04
1.26044758e-01 1.56835036e-04 3.60535666e-04
1.26402596e-01 -4.93523504e-04 3.65929550e-04
1.26760431e-01 1.06206891e-04 3.62368100e-04
1.27118265e-01 4.28171741e-04 3.63628788e-04
1.27476096e-01 1.14839020e-04 3.61801470e-04
1.27833925e-01 4.72438149e-05 3.43155185e-04
1.28191752e-01 2.26628492e-04 3.59491258e-04
1.28549577e-01 2.32538426e-04 3.53719469e-04
1.28907400e-01 -3.32279501e-04 3.50235280e-04
1.29265221e-01 -2.24939346e-04 3.50026879e-04
1.29623040e-01 -1.84998666e-04 3.50462182e-04
1.29980856e-01 -1.57513220e-04 3.48175473e-04
1.30338670e-01 6.17066629e-04 3.51797037e-04
1.30696483e-01 -6.47270394e-04 3.39349785e-04
1.31054293e-01 -1.91024924e-04 3.44506114e-04
1.31412101e-01 1.75022887e-04 3.46673215e-04
1.31769906e-01 3.74134446e-04 3.45077228e-04
1.32127710e-01 4.25600192e-04 3.32793957e-04
1.32485511e-01 3.86816162e-04 3.42390358e-04
1.32843311e-01 -2.39157675e-04 3.43116331e-04
1.33201108e-01 -6.26194722e-05 3.42051420e-04
1.33558903e-01 1.00210508e-04 3.37386179e-04
1.33916695e-01 2.33421346e-04 3.50513232e-04
1.34274486e-01 3.70401738e-05 3.42653323e-04
1.34632274e-01 -4.31049902e-04 3.38012842e-04
1.34990060e-01 -2.35806509e-04 3.45084148e-04
1.35347844e-01 6.00874261e-06 3.48021402e-04
1.35705626e-01 -4.39091696e-04 3.33850282e-04
1.36063405e-01 5.81174816e-05 3.35563519e-04
1.36421182e-01 -2.97557023e-04 3.31176264e-04
1.36778957e-01 -3.91187316e-04 3.36634770e-04
1.37136730e-01 4.56024629e-04 3.30919228e-04
1.37494500e-01 -1.95434536e-04 3.30549007e-04
1.37852269e-01 3.36088579e-04 3.37688728e-04
1.38210034e-01 -2.42400006e-04 3.29987917e-04
1.38567798e-01 1.34852165e-04 3.33463876e-04
1.38925559e-01 2.01230713e-04 3.39253559e-04
1.39283319e-01 -3.16519285e-05 3.22366831e-04
1.39641075e-01 -1.19635947e-04 3.28995431e-04
1.39998830e-01 -2.65227397e-05 3.34906815e-04
1.40356582e-01 -4.22847563e-04 3.26974839e-04
1.40714332e-01 -4.89742000e-04 3.25434873e-04
1.41072080e-01 -5.02297005e-04 3.25785690e-04
1.41429825e-01 1.01475492e-04 3.33187295e-04
1.41787568e-01 -1.52679725e-04 3.32738087e-04
1.42145308e-01 -1.06514760e-04 3.27245981e-04
1.42503047e-01 1.05592449e-04 3.28530277e-04
1.42860783e-01 -5.36313763e-05 3.37530897e-04
1.43218516e-01 -2.71979496e-05 3.18176871e-04
1.43576247e-01 2.04248022e-04 3.21980793e-04
1.43933976e-01 -1.20856438e-04 3.28372021e-04
1.44291703e-01 -3.02627697e-04 3.24009537e-04
1.44649427e-01 4.57537631e-04 3.23810514e-04
1.45007149e-01 -1.09369539e-05 3.21137119e-04
1.45364868e-01 2.18509683e-04 3.23286576e-04
1.45722585e-01 2.31556931e-04 3.21904260e-04
1.46080300e-01 3.49423426e-06 3.19140719e-04
1.46438012e-01 -1.65268850e-04 3.22038074e-04
1.46795722e-01 -1.46748566e-04 3.11724622e-04
1.47153429e-01 1.67104942e-04 3.14320681e-04
1.47511134e-01 1.78725664e-04 3.20062127e-04
1.47868837e-01 2.04095792e-04 3.10297599e-04
1.48226537e-01 -3.65308278e-06 3.20264276e-04
1.48584235e-01 2.73956784e-04 3.23523635e-04
1.48941930e-01 2.55879053e-04 3.13238165e-04
1.49299623e-01 8.26474741e-06 3.14879665e-04
1.49657313e-01 -8.32822519e-05 3.13857466e-04
1.50015001e-01 -6.59117088e-06 3.09984931e-04
1.50372687e-01 9.41757720e-05 3.08529164e-04
1.50730370e-01 -1.46733831e-04 3.18305817e-04
1.51088050e-01 -1.81144086e-04 3.06162651e-04
1.51445728e-01 -2.77684502e-04 3.11771108e-04
1.51803404e-01 1.37333701e-04 3.14518643e-04
1.52161077e-01 -4.75958040e-04 3.13038112e-04
1.52518747e-01 2.26983606e-04 3.13705655e-04
1.52876416e-01 2.01660559e-05 3.06697524e-04
1.53234081e-01 -7.20019406e-04 3.11318016e-04
1.53591744e-01 8.22150268e-04 3.10927630e-04
1.53949405e-01 -3.91411788e-05 3.09555937e-04
1.54307063e-01 -7.66783188e-05 3.09734757e-04
1.54664718e-01 -2.27265733e-04 3.14416745e-04
1.55022371e-01 -4.63819489e-04 3.03095006e-04
1.55380021e-01 7.48178237e-05 3.04716821e-04
1.55737669e-01 -1.76066567e-04 3.10660864e-04
1.56095314e-01 1.02834359e-04 3.12707752e-04
1.56452957e-01 -8.18813563e-04 3.10564233e-04
1.56810597e-01 1.85469991e-04 3.02254178e-04
1.57168235e-01 3.13708878e-04 3.05978359e-04
1.57525870e-01 4.34739308e-04 3.07217325e-04
1.57883502e-01 4.93066684e-04 2.98164682e-04
1.58241132e-01 3.27944205e-04 3.06720951e-04
1.58598759e-01 2.04576832e-04 3.01635505e-04
1.58956384e-01 1.63152436e-04 2.95355867e-04
1.59314006e-01 2.63025350e-04 2.99049480e-04
1.59671625e-01 -2.83956499e-04 2.96129058e-04
1.60029242e-01 3.00762015e-04 2.96250196e-04
1.60386856e-01 -3.08860483e-04 2.95240078e-04
1.60744468e-01 8.82542354e-05 3.02077636e-04
1.61102076e-01 1.00868438e-04 2.98702869e-04
1.61459683e-01 -7.73573947e-04 2.94614575e-04
1.61817286e-01 -4.21513845e-04 2.97314885e-04
1.62174887e-01 -9.98420720e-05 2.98022601e-04
1.62532485e-01 -5.57545735e-04 2.98901622e-04
1.62890081e-01 -3.98669387e-05 2.97495445e-04
1.63247674e-01 2.84925186e-04 2.93999263e-04
1.63605264e-01 4.17523519e-04 2.98483672e-04
1.63962852e-01 5.13769812e-04 2.93809977e-04
1.64320437e-01 3.92791607e-04 2.95607129e-04
1.64678019e-01 -2.75056986e-04 2.90323083e-04
1.65035598e-01 7.68695939e-05 2.92387790e-04
1.65393175e-01 2.75364346e-04 2.94681301e-04
1.65750749e-01 3.20400073e-04 2.97830631e-04
1.66108320e-01 -3.00476660e-04 2.94435024e-04
1.66465889e-01 7.25505655e-05 2.90009997e-04
1.66823455e-01 -1.70628818e-04 2.98175033e-04
1.67181018e-01 9.89036427e-05 2.93699721e-04
1.67538578e-01 5.04177266e-04 3.00328780e-04
1.67896136e-01 -7.35300401e-05 2.93164006e-04
1.68253691e-01 4.20169864e-04 2.88433565e-04
1.68611243e-01 1.12399983e-04 2.92480603e-04
1.68968792e-01 1.89532649e-04 2.96136248e-04
1.69326339e-01 -3.23339968e-04 2.88277211e-04
1.69683883e-01 1.80548269e-04 2.89263708e-04
1.70041424e-01 3.19571790e-04 2.94605672e-04
1.70398962e-01 -4.85680863e-04 2.89171173e-04
1.70756497e-01 4.27844374e-04 2.78485812e-04
1.71114030e-01 -6.35009793e-05 2.88831346e-04
1.71471560e-01 1.79800714e-04 2.87104358e-04
1.71829087e-01 -1.07057119e-04 2.86472908e-04
1.72186611e-01 2.39434161e-04 2.85997001e-04
1.72544132e-01 -2.87294105e-04 2.85491025e-04
1.72901651e-01 -1.27556413e-04 2.83994666e-04
1.73259167e-01 -5.37493945e-04 2.85193089e-04
1.73616679e-01 -6.50115146e-05 2.90298193e-04
1.73974189e-01 1.53810211e-04 2.86491856e-04
1.74331697e-01 -1.42973120e-04 2.85593675e-04
1.74689201e-01 1.35027409e-05 2.89362761e-04
1.75046702e-01 -6.58025404e-06 2.83282115e-04
1.75404201e-01 1.83599408e-04 2.83899578e-04
1.75761697e-01 2.62201191e-04 2.83044990e-04
1.76119189e-01 4.08401278e-04 2.80652226e-04
1.76476679e-01 6.01879511e-05 2.80272455e-04
1.76834166e-01 1.87709352e-04 2.82855118e-04
1.77191650e-01 -1.45460516e-04 2.80711117e-04
1.77549132e-01 1.42885330e-04 2.83193787e-04
1.77906610e-01 -1.47188949e-04 2.78407345e-04
1.78264085e-01 7.32601031e-05 2.75323790e-04
1.78621558e-01 -2.36633951e-04 2.78527258e-04
1.78979027e-01 3.65765934e-04 2.80777674e-04
1.79336494e-01 -2.12537407e-04 2.81934925e-04
1.79693958e-01 1.96061643e-04 2.77438312e-04
1.80051418e-01 6.39435007e-06 2.78275562e-04
1.80408876e-01 -2.08090156e-04 2.72413306e-04
1.80766331e-01 -1.11583487e-04 2.77250304e-04
1.81123783e-01 -4.35233065e-05 2.81454115e-04
1.81481232e-01 2.11812772e-04 2.84702789e-04
1.81838677e-01 6.18144129e-05 2.83466114e-04
1.82196120e-01 -6.91430410e-05 2.83836545e-04
1.82553560e-01 5.24753475e-05 2.80044292e-04
1.82910997e-01 3.84001264e-04 2.83767130e-04
1.83268431e-01 3.22903800e-04 2.84617654e-04
1.83625862e-01 4.98136495e-04 2.80711865e-04
1.83983290e-01 3.59611543e-04 2.81106970e-04
1.84340715e-01 2.53552385e-04 2.85386025e-04
1.84698137e-01 -6.38558259e-04 2.81000456e-04
1.85055556e-01 -4.30888810e-04 2.82701663e-04
1.85412971e-01 1.98092385e-04 2.81990834e-04
1.85770384e-01 -3.03549044e-04 2.83758124e-04
1.86127794e-01 -7.06892669e-05 2.87043656e-04
1.86485200e-01 -1.19688440e-04 2.77750977e-04
1.86842604e-01 -1.11326305e-04 2.76034807e-04
1.87200005e-01 1.94171676e-04 2.77580818e-04
1.87557402e-01 4.41530293e-04 2.76176386e-04
1.87914797e-01 1.49504432e-04 2.78312404e-04
1.88272188e-01 1.74881401e-05 2.75164552e-04
1.88629576e-01 2.50642952e-05 2.74466516e-04
1.88986961e-01 1.55309802e-04 2.72801746e-04
1.89344343e-01 -2.19073027e-04 2.73437890e-04
1.89701722e-01 4.81680974e-05 2.75440729e-04
1.90059098e-01 -1.17612953e-06 2.76304729e-04
1.90416471e-01 1.96001557e-04 2.78653191e-04
1.90773840e-01 -4.24177432e-04 2.69204706e-04
1.91131207e-01 5.99167195e-05 2.72423454e-04
1.91488570e-01 -1.99882095e-04 2.72192739e-04
1.91845930e-01 8.20924864e-06 2.68076727e-04
1.92203287e-01 -1.47933377e-04 2.64149213e-04
1.92560641e-01 -1.49977645e-05 2.71469561e-04
1.92917992e-01 -5.05183384e-05 2.69013515e-04
1.93275340e-01 -2.82614389e-05 2.73730694e-04
1.93632684e-01 -5.30789070e-04 2.66625430e-04
1.93990025e-01 -4.34520093e-04 2.73259649e-04
1.94347363e-01 1.11524938e-04 2.68134776e-04
1.94704698e-01 3.23916446e-04 2.71744503e-04
1.95062030e-01 -2.86363926e-04 2.66268550e-04
1.95419358e-01 -1.28558187e-04 2.66322796e-04
1.95776684e-01 -3.45701945e-04 2.73573727e-04
1.96134006e-01 -8.80443987e-04 2.73305280e-04
1.96491324e-01 -1.06149412e-04 2.72378110e-04
1.96848640e-01 1.31939351e-04 2.69337312e-04
1.97205953e-01 -1.68059351e-04 2.75697028e-04
1.97563262e-01 6.69541574e-05 2.71103249e-04
1.97920568e-01 -1.08109345e-04 2.71322715e-04
1.98277870e-01 -2.72789697e-04 2.73062240e-04
1.98635170e-01 2.78549633e-04 2.73455108e-04
1.98992466e-01 1.69864681e-05 2.73477990e-04
1.99349759e-01 -5.92471938e-04 2.70535698e-04
1.99707049e-01 -1.91024683e-04 2.67335475e-04
2.00064335e-01 2.45438857e-04 2.70178850e-04
2.00421618e-01 -1.89722765e-04 2.66192724e-04
2.00778898e-01 -1.80076262e-05 2.60729526e-04
2.01136174e-01 5.10578622e-04 2.66247920e-04
2.01493448e-01 -2.21051619e-04 2.67380769e-04
2.01850718e-01 -8.39940308e-05 2.57198253e-04
2.02207984e-01 -1.44464003e-04 2.64025470e-04
2.02565248e-01 -1.28677366e-05 2.65357166e-04
2.02922508e-01 -1.80051091e-04 2.64254026e-04
2.03279764e-01 2.94456466e-05 2.56562236e-04
2.03637018e-01 -2.94486613e-04 2.60679010e-04
2.03994268e-01 -6.71753664e-04 2.64294801e-04
2.04351514e-01 -3.41368475e-04 2.56648950e-04
2.04708758e-01 -1.05713682e-05 2.60791300e-04
2.05065998e-01 -2.17909030e-04 2.61567173e-04
2.05423234e-01 -1.00137794e-05 2.58201279e-04
2.05780467e-01 -8.41200130e-05 2.56392566e-04
2.06137697e-01 -4.89634515e-04 2.52462893e-04
2.06494924e-01 1.23470216e-04 2.56624345e-04
2.06852147e-01 3.90018323e-04 2.62075084e-04
2.07209367e-01 2.25732023e-04 2.56597273e-04
2.07566583e-01 -2.42616719e-04 2.56020642e-04
2.07923796e-01 3.60700278e-04 2.57005777e-04
2.08281005e-01 1.90147481e-04 2.55654414e-04
2.08638211e-01 -2.00128683e-04 2.54722555e-04
2.08995414e-01 -2.10031835e-04 2.55211954e-04
2.09352613e-01 8.32460797e-05 2.56181801e-04
2.09709809e-01 -3.78339336e-04 2.49829876e-04
2.10067002e-01 -3.87406571e-06 2.54526209e-04
2.10424191e-01 -1.28155421e-04 2.49433961e-04
2.10781376e-01 -4.80772810e-04 2.52441594e-04
2.11138558e-01 2.83623852e-04 2.62803312e-04
2.11495737e-01 -4.38468808e-04 2.51345449e-04
2.11852912e-01 -4.55095046e-04 2.50202378e-04
2.12210084e-01 -9.11328787e-06 2.49230212e-04
2.12567252e-01 6.93251368e-05 2.52414913e-04
2.12924416e-01 -3.04648943e-04 2.51334001e-04
2.13281578e-01 -1.81176201e-05 2.46063215e-04
2.13638735e-01 -1.34406511e-04 2.51147087e-04
2.13995890e-01 -2.53067841e-04 2.49760425e-04
2.14353040e-01 -3.68540807e-04 2.46264355e-04
2.14710188e-01 -1.09726582e-04 2.45282438e-04
2.15067331e-01 1.30613811e-04 2.47762712e-04
2.15424471e-01 -7.08114347e-05 2.48740163e-04
2.15781608e-01 2.97078168e-04 2.44516066e-04
2.16138741e-01 1.06201893e-05 2.50050052e-04
2.16495871e-01 1.89106542e-05 2.43696114e-04
2.16852997e-01 5.21287405e-06 2.45203410e-04
2.17210119e-01 -8.58314433e-05 2.49441206e-04
2.17567238e-01 -2.88732978e-04 2.44475169e-04
2.17924354e-01 1.99580726e-05 2.45082793e-04
2.18281465e-01 -1.59021267e-04 2.43595228e-04
2.18638574e-01 6.96707815e-05 2.46326513e-04
2.18995678e-01 -2.53892532e-04 2.45531658e-04
2.19352779e-01 -2.16194612e-04 2.41761689e-04
2.19709877e-01 -1.18012893e-04 2.44239406e-04
2.20066971e-01 -2.91981638e-04 2.41248667e-04
2.20424061e-01 3.18924773e-07 2.41654024e-04
2.20781147e-01 1.03357984e-04 2.43223092e-04
2.21138230e-01 4.56117220e-06 2.36964078e-04
2.21495310e-01 -1.08531061e-04 2.37881403e-04
2.21852386e-01 -2.44686085e-04 2.40404302e-04
2.22209458e-01 -3.06288264e-04 2.37104539e-04
2.22566526e-01 1.22783483e-04 2.40961403e-04
2.22923591e-01 1.69785814e-04 2.40914497e-04
2.23280652e-01 3.73367075e-04 2.39728948e-04
2.23637710e-01 5.39702835e-04 2.42135562e-04
2.23994764e-01 1.97658889e-04 2.39945671e-04
2.24351814e-01 -2.45605075e-04 2.38258307e-04
2.24708861e-01 7.08946629e-06 2.40064192e-04
2.25065904e-01 -1.27208665e-04 2.37595305e-04
2.25422943e-01 -3.13124461e-04 2.39754588e-04
2.25779978e-01 -4.34470140e-04 2.37409238e-04
2.26137010e-01 2.52374528e-04 2.36995154e-04
2.26494038e-01 6.76274287e-05 2.34050357e-04
2.26851063e-01 -9.84354829e-06 2.35779441e-04
2.27208083e-01 -3.53551431e-04 2.33105439e-04
2.27565100e-01 -2.24557264e-04 2.31305244e-04
2.27922114e-01 -1.32869248e-04 2.33807263e-04
2.28279123e-01 3.33250075e-04 2.32116852e-04
2.28636129e-01 -3.24827666e-05 2.35861524e-04
2.28993131e-01 -1.73252839e-04 2.30762650e-04
2.29350129e-01 -5.62840485e-04 2.33308314e-04
2.29707124e-01 -8.61278327e-05 2.37647578e-04
2.30064115e-01 -1.24839510e-04 2.28083450e-04
2.30421102e-01 3.23941281e-04 2.35970298e-04
2.30778085e-01 -5.48333109e-05 2.33499824e-04
2.31135064e-01 -5.67476394e-05 2.28390000e-04
2.31492040e-01 9.99012196e-05 2.33310477e-04
2.31849012e-01 -9.47483097e-05 2.30965935e-04
2.32205980e-01 3.56509349e-04 2.29445455e-04
2.32562944e-01 2.75142047e-05 2.32933198e-04
2.32919905e-01 5.21899399e-05 2.31007444e-04
2.33276862e-01 -3.01452083e-04 2.31971407e-04
2.33633814e-01 -1.06492815e-04 2.31121146e-04
2.33990763e-01 4.31185715e-04 2.33782920e-04
2.34347709e-01 3.86826348e-04 2.32374059e-04
2.34704650e-01 -1.27185322e-04 2.29162172e-04
2.35061588e-01 -9.76023366e-05 2.33476694e-04
2.35418521e-01 -5.23841585e-05 2.27559419e-04
2.35775451e-01 2.30280773e-04 2.27883352e-04
2.36132377e-01 -8.48421857e-05 2.28786422e-04
2.36489299e-01 4.70585095e-06 2.28872410e-04
2.36846218e-01 -6.99356561e-05 2.27552762e-04
2.37203132e-01 3.40596451e-04 2.27212987e-04
2.37560042e-01 1.77294848e-04 2.31765395e-04
2.37916949e-01 1.05718100e-04 2.26685505e-04
2.38273852e-01 3.84196835e-04 2.29514815e-04
2.38630751e-01 2.34199074e-05 2.25735310e-04
2.38987645e-01 -5.04588604e-04 2.24359030e-04
2.39344537e-01 -8.85353193e-05 2.21584572e-04
2.39701424e-01 -9.96747265e-05 2.23185049e-04
2.40058307e-01 -1.67390226e-04 2.25289341e-04
2.40415186e-01 -7.00849974e-05 2.24204144e-04
2.40772061e-01 6.20221201e-05 2.22843243e-04
2.41128933e-01 9.18216886e-05 2.26596971e-04
2.41485800e-01 -4.10448660e-05 2.22071001e-04
2.41842664e-01 -1.96586306e-04 2.19909225e-04
2.42199523e-01 -3.05534215e-04 2.21384230e-04
2.42556379e-01 -1.49006865e-04 2.24397436e-04
2.42913230e-01 -8.79227713e-05 2.16823373e-04
2.43270078e-01 1.47765808e-04 2.19234169e-04
2.43626922e-01 4.51898532e-04 2.22004247e-04
2.43983761e-01 -2.76154913e-05 2.21579736e-04
2.44340597e-01 -9.08800346e-05 2.19173718e-04
2.44697429e-01 3.40610793e-04 2.20408321e-04
2.45054256e-01 3.86695190e-04 2.21154247e-04
2.45411080e-01 -9.53558360e-05 2.19708827e-04
2.45767900e-01 -1.08119345e-04 2.14577401e-04
2.46124715e-01 -2.37261478e-05 2.16380547e-04
2.46481527e-01 -1.53427149e-04 2.15262027e-04
2.46838334e-01 -2.31246200e-04 2.16309780e-04
2.47195138e-01 4.41658902e-05 2.20555888e-04
2.47551938e-01 -3.99546138e-05 2.13592780e-04
2.47908733e-01 -2.97130577e-05 2.15935137e-04
2.48265524e-01 -5.86544351e-05 2.19971421e-04
2.48622312e-01 -2.03860956e-04 2.19419757e-04
2.48979095e-01 -2.35498345e-04 2.20098638e-04
2.49335874e-01 -3.29301033e-04 2.16807437e-04
2.49692649e-01 -1.06649503e-04 2.20928893e-04
2.50049420e-01 -8.31662416e-05 2.17672600e-04
2.50406187e-01 1.38889607e-04 2.16151693e-04
2.50762950e-01 -1.61685802e-04 2.11597676e-04
2.51119709e-01 -2.57449295e-04 2.16593678e-04
2.51476464e-01 -2.06764064e-04 2.11936921e-04
2.51833214e-01 3.31405377e-04 2.14400723e-04
2.52189961e-01 -5.31760624e-06 2.15772931e-04
2.52546703e-01 6.39382046e-05 2.14373657e-04
2.52903441e-01 1.55270153e-04 2.11697379e-04
2.53260175e-01 -6.76254022e-05 2.12788669e-04
2.53616905e-01 -3.14034492e-04 2.15533568e-04
2.53973631e-01 1.48915216e-04 2.14861652e-04
2.54330352e-01 1.65693642e-05 2.11657910e-04
2.54687070e-01 1.12326932e-04 2.12917432e-04
2.55043783e-01 -1.81931801e-04 2.07714251e-04
2.55400492e-01 -1.13809907e-04 2.10438199e-04
2.55757197e-01 -5.84473613e-05 2.11538108e-04
2.56113898e-01 2.24329598e-04 2.13981846e-04
2.56470595e-01 9.24888749e-05 2.15079760e-04
2.56827287e-01 1.19634873e-04 2.11486051e-04
2.57183975e-01 -9.01682308e-05 2.11249092e-04
2.57540659e-01 -1.87527586e-05 2.11913185e-04
2.57897339e-01 5.02847339e-05 2.15415643e-04
2.58254014e-01 1.56282626e-04 2.15837978e-04
2.58610686e-01 -7.39843668e-05 2.13447084e-04
2.58967353e-01 -3.64961907e-04 2.13133850e-04
2.59324016e-01 1.67882610e-05 2.14735541e-04
2.59680674e-01 -1.34574817e-04 2.14914594e-04
2.60037329e-01 -7.97325778e-05 2.11350234e-04
2.60393979e-01 2.37221858e-04 2.15815276e-04
2.60750625e-01 3.80360406e-04 2.17153466e-04
2.61107266e-01 -1.22560183e-04 2.15242795e-04
2.61463904e-01 -1.42522629e-04 2.14294733e-04
2.61820537e-01 -9.08196712e-05 2.14993861e-04
2.62177166e-01 2.91472023e-04 2.12467675e-04
2.62533790e-01 1.77951737e-04 2.12874733e-04
2.62890410e-01 1.07533983e-04 2.15459717e-04
2.63247026e-01 -3.09114324e-04 2.16736558e-04
2.63603638e-01 -9.22703783e-05 2.12742255e-04
2.63960245e-01 -4.00339150e-05 2.16426895e-04
2.64316848e-01 1.99796928e-05 2.13852511e-04
2.64673447e-01 -3.29424321e-06 2.12997404e-04
2.65030042e-01 -9.01189154e-05 2.12191551e-04
2.65386632e-01 -1.96793211e-04 2.13312716e-04
2.65743217e-01 -1.82443504e-04 2.12016320e-04
2.66099799e-01 -3.24467937e-05 2.13433382e-04
2.66456376e-01 -2.41679462e-04 2.11042740e-04
2.66812948e-01 -3.46126907e-04 2.13761809e-04
2.67169517e-01 8.79455142e-05 2.15101927e-04
2.67526081e-01 1.82622497e-04 2.12722237e-04
2.67882640e-01 5.60828590e-05 2.17793278e-04
2.68239195e-01 -1.54017092e-05 2.17328182e-04
2.68595746e-01 -7.89896667e-05 2.21415727e-04
2.68952293e-01 -3.85151938e-04 2.15677058e-04
2.69308835e-01 -3.77202197e-05 2.17483355e-04
2.69665372e-01 -2.79468665e-06 2.20383683e-04
2.70021906e-01 4.00255539e-05 2.22120298e-04
2.70378435e-01 -2.12980700e-04 2.24477863e-04
2.70734959e-01 -5.62734798e-04 2.22764773e-04
2.71091479e-01 6.23208073e-05 2.25569910e-04
2.71447995e-01 2.64194705e-04 2.20250108e-04
2.71804506e-01 -5.55101726e-05 2.27626594e-04
2.72161012e-01 1.07131311e-04 2.23766424e-04
2.72517515e-01 2.56519874e-05 2.22395731e-04
2.72874012e-01 1.96245642e-05 2.22964675e-04
