1.54026655e-02 1.94009126e-02 1.76566111e-03
1.57608633e-02 1.79932115e-02 1.70663132e-03
1.61190608e-02 1.84627365e-02 1.46552093e-03
1.64772580e-02 2.20522865e-02 1.63532265e-03
1.68354550e-02 2.35424174e-02 1.55565382e-03
1.71936517e-02 2.14071657e-02 1.47623243e-03
1.75518481e-02 2.02218493e-02 1.37659927e-03
1.79100442e-02 2.21268350e-02 1.39831203e-03
1.82682400e-02 2.03853515e-02 1.33566405e-03
1.86264355e-02 2.09622173e-02 1.33075710e-03
1.89846308e-02 2.11775412e-02 1.32306884e-03
1.93428257e-02 2.22227495e-02 1.23269031e-03
1.97010202e-02 2.18345931e-02 1.27241231e-03
2.00592145e-02 2.22370453e-02 1.23525388e-03
2.04174084e-02 2.24603563e-02 1.20707438e-03
2.07756020e-02 2.25583424e-02 1.12546103e-03
2.11337953e-02 2.15257195e-02 1.07345772e-03
2.14919882e-02 2.28401701e-02 1.23667835e-03
2.18501808e-02 2.17982408e-02 1.15521996e-03
2.22083729e-02 1.98566590e-02 1.09092431e-03
2.25665648e-02 2.14803907e-02 1.07719163e-03
2.29247562e-02 2.01925495e-02 1.11600131e-03
2.32829473e-02 2.13893501e-02 1.02716740e-03
2.36411380e-02 2.25563507e-02 1.03508375e-03
2.39993283e-02 2.23386670e-02 1.03684149e-03
2.43575182e-02 2.06123087e-02 9.46923325e-04
2.47157077e-02 2.27387317e-02 1.01563027e-03
2.50738968e-02 2.14001196e-02 1.01208305e-03
2.54320855e-02 2.08680041e-02 9.74735097e-04
2.57902738e-02 2.22089648e-02 9.57899428e-04
2.61484617e-02 2.16581382e-02 9.04684080e-04
2.65066491e-02 2.06637086e-02 9.24239282e-04
2.68648361e-02 2.07432526e-02 9.31885277e-04
2.72230226e-02 2.21696991e-02 9.11988963e-04
2.75812087e-02 2.05120779e-02 9.01765594e-04
2.79393943e-02 2.00533925e-02 8.81582490e-04
2.82975795e-02 2.04070084e-02 8.52782539e-04
2.86557642e-02 2.14433869e-02 9.58466786e-04
2.90139485e-02 2.18413970e-02 9.50770745e-04
2.93721323e-02 1.99639182e-02 9.37850650e-04
2.97303155e-02 2.01586541e-02 9.51414869e-04
3.00884983e-02 1.99540615e-02 8.88903065e-04
3.04466806e-02 2.11720787e-02 8.94438305e-04
3.08048624e-02 2.10962309e-02 9.24836965e-04
3.11630437e-02 2.17755873e-02 9.36239743e-04
3.15212245e-02 2.15676845e-02 9.40073807e-04
3.18794048e-02 2.05332532e-02 9.01071935e-04
3.22375845e-02 1.94593677e-02 9.10639719e-04
3.25957637e-02 2.04951711e-02 8.85967679e-04
3.29539424e-02 2.11643076e-02 8.76249989e-04
3.33121205e-02 2.15807834e-02 8.82000609e-04
3.36702981e-02 2.05857682e-02 8.71293052e-04
3.40284751e-02 2.05839505e-02 9.11247582e-04
3.43866516e-02 1.96496197e-02 8.35781898e-04
3.47448275e-02 1.95244220e-02 8.99862501e-04
3.51030028e-02 1.96935959e-02 8.53297284e-04
3.54611775e-02 2.01230972e-02 8.44766455e-04
3.58193517e-02 1.97446078e-02 8.17630600e-04
3.61775253e-02 1.85371423e-02 8.25233262e-04
3.65356983e-02 2.00105575e-02 7.75933251e-04
3.68938706e-02 1.89179916e-02 7.88717967e-04
3.72520424e-02 1.86814457e-02 7.79072045e-04
3.76102136e-02 1.99261661e-02 7.66600540e-04
3.79683841e-02 1.99145428e-02 7.88600436e-04
3.83265540e-02 1.79871615e-02 7.86416161e-04
3.86847233e-02 1.88986694e-02 8.06237667e-04
3.90428920e-02 1.92110256e-02 7.80096595e-04
3.94010600e-02 1.82963127e-02 7.24966474e-04
3.97592273e-02 1.78965329e-02 7.82202193e-04
4.01173941e-02 1.79068310e-02 7.64403178e-04
4.04755601e-02 1.83095485e-02 7.69491966e-04
4.08337255e-02 1.66676256e-02 7.55321810e-04
4.11918902e-02 1.92000143e-02 7.07481807e-04
4.15500542e-02 1.93527760e-02 7.20774073e-04
4.19082176e-02 1.71985836e-02 7.33089232e-04
4.22663802e-02 1.82706644e-02 6.98760345e-04
4.26245422e-02 1.86342208e-02 7.34933025e-04
4.29827034e-02 1.82390875e-02 7.60316849e-04
4.33408640e-02 1.83434266e-02 7.59378905e-04
4.36990238e-02 1.78773599e-02 7.40753451e-04
4.40571830e-02 1.69305147e-02 7.50293184e-04
4.44153414e-02 1.76068391e-02 7.00057558e-04
4.47734990e-02 1.70980571e-02 7.23785461e-04
4.51316560e-02 1.69603326e-02 7.59325188e-04
4.54898122e-02 1.58413181e-02 7.41321631e-04
4.58479676e-02 1.69966924e-02 7.19020793e-04
4.62061223e-02 1.74071584e-02 6.93537926e-04
4.65642762e-02 1.66195449e-02 7.00415244e-04
4.69224294e-02 1.79755976e-02 7.28702695e-04
4.72805818e-02 1.67026697e-02 7.26595944e-04
4.76387334e-02 1.70522365e-02 7.42928684e-04
4.79968842e-02 1.69301823e-02 7.12588323e-04
4.83550342e-02 1.56206769e-02 6.72169824e-04
4.87131835e-02 1.56017952e-02 6.80581945e-04
4.90713319e-02 1.49215705e-02 6.86028336e-04
4.94294795e-02 1.61632435e-02 6.67856821e-04
4.97876264e-02 1.57813007e-02 6.84809528e-04
5.01457724e-02 1.51194429e-02 6.91237621e-04
5.05039175e-02 1.59879963e-02 6.95165939e-04
5.08620619e-02 1.60039219e-02 6.40334236e-04
5.12202054e-02 1.49984294e-02 6.53695365e-04
5.15783481e-02 1.57640109e-02 6.23348002e-04
5.19364899e-02 1.55764452e-02 6.29178623e-04
5.22946308e-02 1.49209415e-02 6.51505670e-04
5.26527709e-02 1.58501349e-02 6.44740413e-04
5.30109102e-02 1.46982319e-02 6.34227340e-04
5.33690485e-02 1.41736548e-02 6.24644756e-04
5.37271860e-02 1.38656699e-02 6.17351615e-04
5.40853226e-02 1.58131746e-02 6.40476783e-04
5.44434583e-02 1.52679868e-02 6.19677534e-04
5.48015932e-02 1.45822361e-02 6.09914796e-04
5.51597271e-02 1.47101491e-02 6.14787814e-04
5.55178601e-02 1.39608750e-02 6.31267658e-04
5.58759922e-02 1.36162217e-02 5.75181000e-04
5.62341234e-02 1.49592348e-02 6.19743993e-04
5.65922536e-02 1.38624938e-02 5.91308597e-04
5.69503829e-02 1.39940193e-02 5.99079401e-04
5.73085113e-02 1.27226239e-02 6.02664047e-04
5.76666388e-02 1.43350000e-02 5.80210237e-04
5.80247653e-02 1.35312959e-02 5.87780315e-04
5.83828908e-02 1.32897095e-02 5.97096279e-04
5.87410154e-02 1.28102220e-02 5.95271294e-04
5.90991390e-02 1.35244727e-02 5.79314152e-04
5.94572616e-02 1.36496240e-02 5.85061710e-04
5.98153833e-02 1.31833008e-02 6.07775603e-04
6.01735040e-02 1.29902841e-02 5.75367114e-04
6.05316237e-02 1.26238277e-02 5.64903835e-04
6.08897424e-02 1.27183597e-02 5.77743358e-04
6.12478600e-02 1.19071608e-02 5.53897998e-04
6.16059767e-02 1.20280813e-02 5.76259186e-04
6.19640924e-02 1.30794014e-02 5.75219504e-04
6.23222071e-02 1.17140115e-02 5.63116373e-04
6.26803207e-02 1.34785347e-02 5.70112530e-04
6.30384333e-02 1.18752449e-02 5.53618175e-04
6.33965448e-02 1.15845489e-02 5.60292272e-04
6.37546554e-02 1.22905640e-02 5.48868618e-04
6.41127648e-02 1.15754732e-02 5.51863220e-04
6.44708732e-02 1.13623849e-02 5.23893488e-04
6.48289806e-02 1.12757117e-02 5.66452263e-04
6.51870869e-02 1.13802681e-02 5.47941658e-04
6.55451921e-02 1.00464168e-02 5.60761662e-04
6.59032962e-02 1.08169065e-02 5.49387760e-04
6.62613993e-02 1.09459386e-02 5.18996023e-04
6.66195012e-02 9.95858986e-03 5.29634437e-04
6.69776021e-02 1.01553822e-02 5.45332321e-04
6.73357019e-02 1.05563825e-02 5.22886781e-04
6.76938005e-02 9.96346799e-03 5.14481269e-04
6.80518981e-02 1.04276952e-02 5.28091418e-04
6.84099945e-02 1.02611884e-02 5.33431997e-04
6.87680898e-02 1.03594726e-02 5.14248288e-04
6.91261840e-02 1.07033156e-02 5.09979552e-04
6.94842770e-02 1.05579307e-02 5.25012864e-04
6.98423689e-02 9.93498935e-03 5.19173845e-04
7.02004596e-02 9.72152142e-03 5.11111963e-04
7.05585492e-02 1.00774734e-02 5.43361864e-04
7.09166377e-02 9.93795894e-03 5.25594030e-04
7.12747249e-02 8.77275088e-03 4.91128601e-04
7.16328110e-02 9.79501278e-03 5.17827249e-04
7.19908959e-02 8.83573891e-03 4.93688523e-04
7.23489796e-02 9.90239236e-03 4.97412751e-04
7.27070622e-02 9.21145637e-03 5.02392302e-04
7.30651435e-02 9.06942523e-03 5.12085262e-04
7.34232237e-02 8.41496977e-03 5.21412933e-04
7.37813026e-02 8.91865637e-03 5.13181716e-04
7.41393803e-02 8.68348862e-03 4.93546270e-04
7.44974568e-02 8.45616298e-03 4.88218878e-04
7.48555321e-02 9.08860505e-03 5.03454769e-04
7.52136061e-02 1.01514755e-02 4.96800801e-04
7.55716789e-02 8.42310958e-03 4.94288029e-04
7.59297505e-02 8.44823649e-03 4.97880329e-04
7.62878208e-02 8.86163110e-03 4.79630238e-04
7.66458899e-02 8.38189473e-03 4.93639808e-04
7.70039577e-02 8.49524441e-03 4.84944122e-04
7.73620242e-02 9.04985282e-03 4.69332835e-04
7.77200895e-02 7.02064088e-03 4.74945485e-04
7.80781535e-02 7.74540975e-03 4.85716745e-04
7.84362162e-02 8.53137715e-03 4.65217845e-04
7.87942776e-02 8.27302290e-03 4.55970169e-04
7.91523377e-02 7.93121071e-03 4.65870711e-04
7.95103965e-02 7.19463129e-03 4.75328234e-04
7.98684540e-02 7.65064179e-03 4.75403795e-04
8.02265102e-02 6.99095004e-03 4.80838861e-04
8.05845651e-02 7.54661398e-03 4.73205585e-04
8.09426186e-02 6.79243923e-03 4.63246310e-04
8.13006709e-02 6.75633886e-03 4.84117580e-04
8.16587217e-02 6.42597912e-03 4.63964654e-04
8.20167713e-02 6.90161034e-03 4.59083202e-04
8.23748195e-02 7.23584682e-03 4.55049356e-04
8.27328663e-02 7.03801315e-03 4.51566849e-04
8.30909118e-02 6.68806555e-03 4.67861433e-04
8.34489559e-02 5.43821642e-03 4.56605643e-04
8.38069986e-02 5.84765296e-03 4.62067493e-04
8.41650400e-02 6.56645942e-03 4.47431845e-04
8.45230800e-02 6.80859536e-03 4.55208918e-04
8.48811185e-02 6.62494707e-03 4.56950669e-04
8.52391557e-02 6.24914752e-03 4.50330414e-04
8.55971915e-02 6.05390986e-03 4.74853856e-04
8.59552259e-02 6.07289421e-03 4.67068777e-04
8.63132589e-02 5.53376749e-03 4.73371243e-04
8.66712904e-02 6.63066577e-03 4.60487770e-04
8.70293205e-02 6.05946647e-03 4.64272396e-04
8.73873492e-02 6.20094241e-03 4.54417983e-04
8.77453765e-02 5.99654661e-03 4.50362645e-04
8.81034023e-02 5.83620289e-03 4.47202390e-04
8.84614267e-02 4.97097242e-03 4.41710356e-04
8.88194496e-02 5.29924400e-03 4.35239587e-04
8.91774710e-02 6.31642178e-03 4.56855446e-04
8.95354910e-02 5.76471157e-03 4.35229018e-04
8.98935095e-02 5.42772502e-03 4.56671398e-04
9.02515266e-02 5.48439402e-03 4.41983767e-04
9.06095421e-02 5.46514234e-03 4.52462835e-04
9.09675562e-02 5.74916159e-03 4.50573973e-04
9.13255687e-02 5.44872611e-03 4.35105349e-04
9.16835798e-02 5.48570018e-03 4.54171884e-04
9.20415894e-02 5.59940016e-03 4.51971690e-04
9.23995974e-02 4.71899771e-03 4.45319996e-04
9.27576039e-02 5.18751229e-03 4.40979818e-04
9.31156089e-02 4.81223942e-03 4.35730437e-04
9.34736124e-02 4.96491133e-03 4.44123094e-04
9.38316143e-02 4.48432814e-03 4.34669163e-04
9.41896147e-02 4.50683924e-03 4.33039172e-04
9.45476136e-02 4.69555060e-03 4.32116983e-04
9.49056108e-02 5.11175722e-03 4.32886440e-04
9.52636066e-02 4.54483009e-03 4.38631227e-04
9.56216007e-02 4.42121593e-03 4.08242478e-04
9.59795933e-02 4.42342965e-03 4.19853228e-04
9.63375843e-02 4.36538144e-03 4.26806409e-04
9.66955738e-02 4.21181513e-03 4.36474324e-04
9.70535616e-02 4.75921367e-03 4.20714286e-04
9.74115478e-02 3.59760750e-03 4.08549062e-04
9.77695325e-02 4.79320059e-03 4.31148181e-04
9.81275155e-02 4.41169340e-03 4.19727829e-04
9.84854969e-02 4.19107916e-03 4.21282500e-04
9.88434768e-02 4.06079413e-03 4.13891910e-04
9.92014549e-02 4.03328607e-03 4.16180988e-04
9.95594315e-02 3.72550244e-03 4.19110745e-04
9.99174064e-02 3.97578887e-03 4.10369429e-04
1.00275380e-01 4.26869452e-03 3.98448824e-04
1.00633351e-01 3.96451076e-03 4.05406650e-04
1.00991321e-01 3.57809698e-03 4.03386376e-04
1.01349290e-01 3.33557157e-03 3.99672295e-04
1.01707256e-01 3.16258542e-03 3.94183609e-04
1.02065221e-01 3.76679716e-03 4.00486067e-04
1.02423184e-01 3.76841723e-03 4.03622519e-04
1.02781146e-01 3.90649313e-03 4.02660747e-04
1.03139106e-01 3.45634544e-03 4.01421197e-04
1.03497064e-01 2.57924201e-03 3.97151121e-04
1.03855021e-01 3.10001676e-03 3.95048362e-04
1.04212976e-01 2.58742355e-03 3.94306078e-04
1.04570929e-01 3.51131316e-03 4.06391386e-04
1.04928880e-01 3.35559664e-03 3.99868944e-04
1.05286830e-01 3.30049239e-03 4.03318432e-04
1.05644778e-01 2.43821828e-03 4.04955699e-04
1.06002724e-01 3.03659347e-03 3.97022849e-04
1.06360668e-01 2.92018782e-03 4.09303698e-04
1.06718611e-01 3.82345594e-03 4.14151063e-04
1.07076552e-01 2.82426439e-03 4.16299279e-04
1.07434491e-01 2.71887306e-03 4.04410806e-04
1.07792429e-01 2.60940370e-03 4.04229725e-04
1.08150364e-01 3.33552013e-03 4.07953733e-04
1.08508298e-01 3.16655367e-03 4.03847548e-04
1.08866230e-01 3.13909315e-03 4.13151979e-04
1.09224160e-01 2.13503583e-03 3.93972157e-04
1.09582089e-01 3.10950350e-03 3.96598833e-04
1.09940016e-01 2.99070438e-03 4.02384853e-04
1.10297941e-01 2.69811585e-03 4.14482996e-04
1.10655864e-01 2.58279393e-03 3.85444034e-04
1.11013785e-01 2.60934521e-03 3.91594863e-04
1.11371704e-01 2.56315620e-03 3.89683970e-04
1.11729622e-01 2.95596915e-03 3.97946420e-04
1.12087538e-01 2.88234479e-03 3.93404781e-04
1.12445452e-01 2.09222672e-03 3.72495343e-04
1.12803364e-01 1.86322578e-03 3.83396585e-04
1.13161274e-01 2.31123562e-03 3.94183014e-04
1.13519182e-01 2.92026259e-03 3.95068618e-04
1.13877089e-01 2.32131672e-03 3.80574293e-04
1.14234994e-01 1.83397721e-03 3.77246711e-04
1.14592896e-01 1.71148287e-03 3.75911158e-04
1.14950797e-01 2.58817217e-03 3.82603406e-04
1.15308696e-01 3.06160987e-03 3.86132904e-04
1.15666593e-01 2.50188896e-03 3.78470177e-04
1.16024488e-01 2.90103776e-03 3.79648316e-04
1.16382382e-01 1.61924525e-03 3.67718350e-04
1.16740273e-01 1.81728115e-03 3.65610921e-04
1.17098163e-01 1.68844259e-03 3.74778136e-04
1.17456050e-01 2.19174103e-03 3.77820174e-04
1.17813936e-01 1.64278617e-03 3.84728444e-04
1.18171819e-01 2.45100810e-03 3.71073139e-04
1.18529701e-01 2.59280533e-03 3.89876683e-04
1.18887581e-01 2.32614253e-03 3.92611065e-04
1.19245459e-01 2.15705294e-03 3.81735286e-04
1.19603335e-01 2.78080913e-03 3.83331175e-04
1.19961208e-01 2.62242599e-03 3.80536835e-04
1.20319080e-01 2.29179665e-03 3.85540000e-04
1.20676950e-01 1.92008835e-03 3.84444052e-04
1.21034818e-01 1.97686206e-03 3.82741048e-04
1.21392684e-01 1.25811818e-03 3.79795777e-04
1.21750548e-01 1.61528522e-03 3.85296412e-04
1.22108410e-01 2.08276037e-03 3.82188117e-04
1.22466270e-01 1.97301251e-03 3.78872903e-04
1.22824128e-01 1.95559447e-03 3.82048829e-04
1.23181984e-01 1.46775230e-03 3.83670524e-04
1.23539838e-01 1.95949925e-03 3.86665960e-04
1.23897690e-01 1.61635159e-03 3.76116557e-04
1.24255540e-01 1.12446703e-03 3.73175945e-04
1.24613388e-01 7.99580852e-04 3.69489089e-04
1.24971233e-01 1.62645964e-03 3.80727084e-04
1.25329077e-01 1.42455207e-03 3.74987352e-04
1.25686919e-01 1.27822933e-03 3.63626429e-04
1.26044758e-01 1.15708186e-03 3.70237389e-04
1.26402596e-01 1.59986040e-03 3.63772081e-04
1.26760431e-01 1.11458565e-03 3.55541036e-04
1.27118265e-01 1.85077071e-03 3.70850131e-04
1.27476096e-01 1.20304910e-03 3.53413375e-04
1.27833925e-01 2.20372710e-03 3.58269464e-04
1.28191752e-01 9.80821319e-04 3.58661547e-04
1.28549577e-01 1.30785132e-03 3.51859779e-04
1.28907400e-01 1.39306548e-03 3.60441290e-04
1.29265221e-01 9.46506444e-04 3.52090998e-04
1.29623040e-01 1.13023720e-03 3.56046744e-04
1.29980856e-01 1.29466758e-03 3.53486467e-04
1.30338670e-01 9.08509682e-04 3.68392404e-04
1.30696483e-01 1.45745946e-03 3.55573171e-04
1.31054293e-01 1.67015331e-03 3.59154864e-04
1.31412101e-01 1.41711431e-03 3.45390231e-04
1.31769906e-01 1.19994916e-03 3.46858313e-04
1.32127710e-01 2.39500076e-03 3.45994040e-04
1.32485511e-01 1.34497590e-03 3.44141324e-04
1.32843311e-01 5.56861981e-04 3.48351960e-04
1.33201108e-01 6.90990935e-04 3.45373392e-04
1.33558903e-01 1.25287051e-03 3.51053526e-04
1.33916695e-01 1.91064976e-03 3.48962867e-04
1.34274486e-01 1.73547328e-03 3.52574245e-04
1.34632274e-01 9.52499521e-04 3.36360917e-04
1.34990060e-01 8.85232321e-04 3.40893926e-04
1.35347844e-01 6.98023739e-04 3.38775867e-04
1.35705626e-01 1.12846268e-03 3.36696605e-04
1.36063405e-01 1.00212870e-03 3.46575534e-04
1.36421182e-01 5.85512053e-04 3.38393938e-04
1.36778957e-01 6.79793940e-04 3.36639718e-04
1.37136730e-01 1.28773682e-03 3.33282802e-04
1.37494500e-01 7.76930261e-04 3.28540213e-04
1.37852269e-01 1.36456067e-03 3.40335248e-04
1.38210034e-01 1.86046060e-03 3.36351004e-04
1.38567798e-01 1.07182350e-03 3.37205458e-04
1.38925559e-01 1.21099596e-03 3.34847662e-04
1.39283319e-01 6.78462380e-04 3.35824887e-04
1.39641075e-01 1.00097086e-03 3.28948536e-04
1.39998830e-01 7.64740550e-04 3.27837983e-04
1.40356582e-01 7.41618583e-04 3.33530700e-04
1.40714332e-01 7.25533933e-04 3.42306462e-04
1.41072080e-01 8.67979168e-04 3.32519963e-04
1.41429825e-01 1.18635405e-03 3.28380229e-04
1.41787568e-01 2.47784624e-04 3.24574128e-04
1.42145308e-01 7.10164264e-04 3.34163755e-04
1.42503047e-01 7.30815213e-04 3.21314794e-04
1.42860783e-01 6.29004098e-04 3.30167409e-04
1.43218516e-01 4.62022526e-04 3.26227792e-04
1.43576247e-01 3.56083525e-04 3.25671385e-04
1.43933976e-01 1.21998626e-03 3.27530077e-04
1.44291703e-01 7.05629791e-04 3.28425374e-04
1.44649427e-01 8.53357358e-04 3.28231863e-04
1.45007149e-01 1.16678402e-03 3.26135710e-04
1.45364868e-01 1.11475673e-03 3.20257163e-04
1.45722585e-01 9.39362038e-04 3.21683877e-04
1.46080300e-01 5.69342470e-04 3.19260136e-04
1.46438012e-01 1.23949272e-03 3.22917272e-04
1.46795722e-01 7.77387810e-04 3.22439820e-04
1.47153429e-01 2.66298585e-04 3.20338584e-04
1.47511134e-01 1.10557125e-03 3.15600020e-04
1.47868837e-01 8.17783625e-04 3.17228477e-04
1.48226537e-01 8.17165434e-04 3.29946732e-04
1.48584235e-01 8.22621867e-04 3.18875117e-04
1.48941930e-01 4.67815834e-04 3.16453436e-04
1.49299623e-01 1.15336738e-03 3.27801957e-04
1.49657313e-01 6.77302113e-04 3.20734831e-04
1.50015001e-01 3.17568667e-04 3.21992259e-04
1.50372687e-01 5.48318832e-04 3.21656273e-04
1.50730370e-01 9.37357559e-04 3.15702735e-04
1.51088050e-01 1.08903154e-03 3.23065419e-04
1.51445728e-01 1.01753390e-03 3.12406318e-04
1.51803404e-01 5.44501339e-04 3.08608918e-04
1.52161077e-01 7.66637806e-04 3.15642754e-04
1.52518747e-01 4.09412614e-04 3.11438401e-04
1.52876416e-01 7.57058788e-04 3.12329073e-04
1.53234081e-01 6.26338116e-04 3.03588956e-04
1.53591744e-01 5.05092318e-04 3.13281568e-04
1.53949405e-01 1.03942650e-03 3.17696357e-04
1.54307063e-01 1.08366109e-03 3.08347973e-04
1.54664718e-01 6.97984148e-04 3.07316789e-04
1.55022371e-01 1.82832688e-04 3.10013906e-04
1.55380021e-01 1.05033261e-03 3.09378317e-04
1.55737669e-01 7.30699683e-04 3.07063243e-04
1.56095314e-01 9.70105944e-04 3.17517345e-04
1.56452957e-01 8.00715107e-04 3.18899255e-04
1.56810597e-01 9.20009180e-04 3.12436471e-04
1.57168235e-01 9.54510930e-04 3.01945999e-04
1.57525870e-01 1.00474711e-03 3.14623021e-04
1.57883502e-01 7.48334585e-04 3.03806971e-04
1.58241132e-01 6.88122637e-04 3.06668454e-04
1.58598759e-01 4.99922282e-04 2.97764287e-04
1.58956384e-01 3.88871132e-04 3.02333414e-04
1.59314006e-01 1.10380242e-03 3.12071947e-04
1.59671625e-01 6.98759450e-04 3.01715937e-04
1.60029242e-01 5.05539081e-04 3.02735483e-04
1.60386856e-01 2.30632374e-04 3.01524528e-04
1.60744468e-01 9.92507492e-04 3.09371604e-04
1.61102076e-01 8.56633215e-04 3.07810890e-04
1.61459683e-01 2.57551871e-04 2.97989602e-04
1.61817286e-01 9.44195431e-04 3.00442482e-04
1.62174887e-01 3.55716340e-04 3.00377761e-04
1.62532485e-01 2.41497853e-04 2.96705611e-04
1.62890081e-01 6.83934957e-04 2.92488476e-04
1.63247674e-01 2.03058270e-04 2.97229958e-04
1.63605264e-01 2.64806031e-04 2.96129025e-04
1.63962852e-01 9.62674907e-04 2.97780492e-04
1.64320437e-01 3.74082232e-04 2.96937844e-04
1.64678019e-01 6.83275522e-04 2.94090477e-04
1.65035598e-01 7.78001986e-04 2.95479097e-04
1.65393175e-01 5.37076149e-04 2.91336138e-04
1.65750749e-01 5.16886472e-04 2.90593060e-04
1.66108320e-01 2.04947523e-04 2.93788531e-04
1.66465889e-01 1.57449728e-04 2.94806249e-04
1.66823455e-01 4.94102590e-04 2.93663991e-04
1.67181018e-01 1.02501740e-03 2.94779750e-04
1.67538578e-01 4.36830140e-04 2.93427815e-04
1.67896136e-01 8.13545556e-04 2.97067791e-04
1.68253691e-01 2.76390293e-04 2.93101714e-04
1.68611243e-01 4.86238637e-04 2.93262529e-04
1.68968792e-01 5.37601323e-04 2.96999316e-04
1.69326339e-01 7.42900470e-04 2.89250979e-04
1.69683883e-01 4.92286496e-04 2.85983844e-04
1.70041424e-01 8.12707891e-04 2.83141161e-04
1.70398962e-01 4.46558162e-05 2.79601458e-04
1.70756497e-01 1.05829472e-03 2.92733892e-04
1.71114030e-01 7.71236332e-04 2.90161765e-04
1.71471560e-01 6.99803420e-04 2.86386672e-04
1.71829087e-01 4.19023558e-04 2.80450191e-04
1.72186611e-01 3.41294262e-04 2.89644232e-04
1.72544132e-01 8.19012901e-04 2.90529052e-04
1.72901651e-01 8.44275375e-04 2.91120852e-04
1.73259167e-01 4.77573332e-04 2.89221832e-04
1.73616679e-01 4.97393412e-04 2.88502476e-04
1.73974189e-01 3.70014955e-04 2.84624739e-04
1.74331697e-01 -7.68960648e-05 2.83054541e-04
1.74689201e-01 3.45980541e-04 2.86386021e-04
1.75046702e-01 4.01710678e-04 2.85184174e-04
1.75404201e-01 -1.12651198e-04 2.79889504e-04
1.75761697e-01 3.65125122e-04 2.83189371e-04
1.76119189e-01 3.05278976e-04 2.79781950e-04
1.76476679e-01 5.57855343e-05 2.81732142e-04
1.76834166e-01 3.49617973e-04 2.89380341e-04
1.77191650e-01 5.29131707e-04 2.80519150e-04
1.77549132e-01 2.21571085e-04 2.86118578e-04
1.77906610e-01 2.28074162e-04 2.82224813e-04
1.78264085e-01 5.63821325e-04 2.82738657e-04
1.78621558e-01 7.54625545e-04 2.71872815e-04
1.78979027e-01 3.58997075e-04 2.76054298e-04
1.79336494e-01 1.04466483e-04 2.77087301e-04
1.79693958e-01 -5.19616882e-05 2.79173951e-04
1.80051418e-01 5.32712115e-04 2.78408405e-04
1.80408876e-01 6.96666206e-04 2.78756415e-04
1.80766331e-01 2.03758878e-04 2.78959502e-04
1.81123783e-01 3.07742951e-04 2.83135484e-04
1.81481232e-01 5.51904567e-04 2.88995124e-04
1.81838677e-01 7.87017940e-04 2.87414299e-04
1.82196120e-01 7.99823684e-04 2.83853513e-04
1.82553560e-01 1.88607484e-04 2.88146715e-04
1.82910997e-01 5.49234814e-04 2.77692441e-04
1.83268431e-01 3.89136487e-04 2.82164654e-04
1.83625862e-01 2.74844787e-04 2.80488666e-04
1.83983290e-01 4.31825505e-04 2.83115904e-04
1.84340715e-01 8.19321105e-04 2.87675152e-04
1.84698137e-01 1.72568837e-04 2.89068725e-04
1.85055556e-01 5.11835129e-04 2.82213430e-04
1.85412971e-01 1.33206039e-04 2.81073540e-04
1.85770384e-01 2.83419890e-04 2.85898364e-04
1.86127794e-01 1.07615627e-03 2.87886682e-04
1.86485200e-01 4.70156688e-04 2.78749530e-04
1.86842604e-01 5.00309236e-04 2.81480544e-04
1.87200005e-01 1.81799699e-04 2.81063891e-04
1.87557402e-01 5.60049034e-04 2.83613874e-04
1.87914797e-01 -4.15602831e-04 2.77369311e-04
1.88272188e-01 6.36009005e-04 2.76818876e-04
1.88629576e-01 8.79968264e-04 2.78265637e-04
1.88986961e-01 -3.09259647e-04 2.73401130e-04
1.89344343e-01 4.16406088e-04 2.73593796e-04
1.89701722e-01 6.95220958e-04 2.79159591e-04
1.90059098e-01 1.95348223e-04 2.72967347e-04
1.90416471e-01 6.13526305e-04 2.73431262e-04
1.90773840e-01 5.35901251e-04 2.73077003e-04
1.91131207e-01 3.08014854e-04 2.74922997e-04
1.91488570e-01 3.45655835e-04 2.74095291e-04
1.91845930e-01 1.69827007e-04 2.71681660e-04
1.92203287e-01 2.62645209e-04 2.65308386e-04
1.92560641e-01 2.80717936e-04 2.66370965e-04
1.92917992e-01 4.84320283e-04 2.66842773e-04
1.93275340e-01 3.72315721e-05 2.68925982e-04
1.93632684e-01 -1.96255888e-05 2.70057410e-04
1.93990025e-01 2.58416840e-04 2.73348707e-04
1.94347363e-01 4.61104489e-04 2.67359127e-04
1.94704698e-01 1.57582190e-04 2.72234219e-04
1.95062030e-01 5.56273017e-04 2.72608085e-04
1.95419358e-01 4.89705888e-04 2.72679813e-04
1.95776684e-01 2.40886743e-04 2.68821295e-04
1.96134006e-01 1.84084263e-04 2.68939251e-04
1.96491324e-01 6.20592025e-04 2.72247184e-04
1.96848640e-01 2.26017757e-04 2.75318343e-04
1.97205953e-01 4.76489773e-04 2.74629574e-04
1.97563262e-01 4.93380968e-04 2.70345291e-04
1.97920568e-01 4.34573514e-05 2.76300164e-04
1.98277870e-01 7.39393589e-04 2.69860953e-04
1.98635170e-01 5.85658005e-04 2.71682979e-04
1.98992466e-01 1.79812496e-05 2.67163482e-04
1.99349759e-01 -4.22710101e-05 2.73819931e-04
1.99707049e-01 2.69597315e-04 2.68128502e-04
2.00064335e-01 6.62799089e-04 2.75509251e-04
2.00421618e-01 1.61876168e-05 2.66128812e-04
2.00778898e-01 6.36184942e-04 2.64637023e-04
2.01136174e-01 9.23154848e-05 2.65841594e-04
2.01493448e-01 -6.47157194e-05 2.59110760e-04
2.01850718e-01 2.02117333e-06 2.61021169e-04
2.02207984e-01 5.73819335e-04 2.69586130e-04
2.02565248e-01 1.61648593e-04 2.60539715e-04
2.02922508e-01 6.77423136e-04 2.64408631e-04
2.03279764e-01 6.58091597e-04 2.62150035e-04
2.03637018e-01 -8.01522175e-05 2.58212563e-04
2.03994268e-01 -2.09345501e-04 2.57049864e-04
2.04351514e-01 6.91241256e-05 2.57913143e-04
2.04708758e-01 2.47819718e-05 2.60257920e-04
2.05065998e-01 2.45110049e-04 2.59142599e-04
2.05423234e-01 2.38030010e-04 2.59509398e-04
2.05780467e-01 -2.23361368e-04 2.58659400e-04
2.06137697e-01 2.56925646e-04 2.62408724e-04
2.06494924e-01 3.96541726e-04 2.56029094e-04
2.06852147e-01 1.26764679e-05 2.56266055e-04
2.07209367e-01 -1.80469996e-04 2.52130127e-04
2.07566583e-01 -1.23443776e-04 2.56960543e-04
2.07923796e-01 4.15555081e-04 2.56629135e-04
2.08281005e-01 -5.10528046e-05 2.56245685e-04
2.08638211e-01 -1.26886940e-04 2.55029029e-04
2.08995414e-01 6.36901905e-04 2.53196681e-04
2.09352613e-01 1.77935373e-04 2.60607622e-04
2.09709809e-01 -1.15794080e-04 2.53686615e-04
2.10067002e-01 -1.08465044e-04 2.55099203e-04
2.10424191e-01 1.40019768e-04 2.51751784e-04
2.10781376e-01 1.54158248e-04 2.52604981e-04
2.11138558e-01 3.06412686e-04 2.53783294e-04
2.11495737e-01 4.58886680e-04 2.51586018e-04
2.11852912e-01 3.71962313e-05 2.50114271e-04
2.12210084e-01 4.96774527e-04 2.50816270e-04
2.12567252e-01 4.13638016e-04 2.54442805e-04
2.12924416e-01 2.36934562e-04 2.52576117e-04
2.13281578e-01 7.66938784e-04 2.54531379e-04
2.13638735e-01 -2.90662260e-04 2.47038667e-04
2.13995890e-01 2.08750883e-04 2.48184372e-04
2.14353040e-01 6.73733293e-04 2.48945934e-04
2.14710188e-01 2.34574946e-04 2.43092859e-04
2.15067331e-01 2.63964091e-04 2.53721153e-04
2.15424471e-01 1.99970422e-04 2.49491726e-04
2.15781608e-01 -3.95940003e-05 2.45467774e-04
2.16138741e-01 4.80147018e-05 2.43853847e-04
2.16495871e-01 2.52343283e-04 2.46168998e-04
2.16852997e-01 1.90512549e-04 2.41402683e-04
2.17210119e-01 3.18019914e-04 2.45298686e-04
2.17567238e-01 2.08794795e-04 2.45146359e-04
2.17924354e-01 1.49635405e-04 2.49446126e-04
2.18281465e-01 1.45593994e-04 2.41621161e-04
2.18638574e-01 2.47816405e-04 2.46108046e-04
2.18995678e-01 1.35476172e-04 2.47273794e-04
2.19352779e-01 4.44950597e-04 2.46606426e-04
2.19709877e-01 4.33221766e-04 2.43006972e-04
2.20066971e-01 -9.99510496e-05 2.40854791e-04
2.20424061e-01 9.48051779e-05 2.41039867e-04
2.20781147e-01 1.92039066e-04 2.40563061e-04
2.21138230e-01 4.29224887e-04 2.42365684e-04
2.21495310e-01 1.90863182e-04 2.36943207e-04
2.21852386e-01 2.82921064e-04 2.41799022e-04
2.22209458e-01 6.66487677e-04 2.44981031e-04
2.22566526e-01 -2.68187147e-04 2.34931369e-04
2.22923591e-01 5.18442206e-04 2.40032023e-04
2.23280652e-01 7.75927948e-04 2.41422622e-04
2.23637710e-01 3.38413050e-04 2.39927984e-04
2.23994764e-01 -2.54746241e-05 2.40486567e-04
2.24351814e-01 2.72484707e-04 2.38536191e-04
2.24708861e-01 1.31816101e-04 2.38632499e-04
2.25065904e-01 3.76697519e-04 2.40913873e-04
2.25422943e-01 5.01743092e-04 2.35654310e-04
2.25779978e-01 2.65626702e-04 2.42424237e-04
2.26137010e-01 6.65114611e-04 2.42022869e-04
2.26494038e-01 5.25685567e-04 2.37683222e-04
2.26851063e-01 2.67424919e-04 2.37563753e-04
2.27208083e-01 4.38171672e-04 2.40579524e-04
2.27565100e-01 2.80058861e-04 2.40788872e-04
2.27922114e-01 -1.21657445e-05 2.37103553e-04
2.28279123e-01 1.60001826e-04 2.36589178e-04
2.28636129e-01 4.87909256e-04 2.35581126e-04
2.28993131e-01 6.44932820e-04 2.34976635e-04
2.29350129e-01 5.46663093e-04 2.35159271e-04
2.29707124e-01 1.65285747e-04 2.35005570e-04
2.30064115e-01 1.98741887e-04 2.34919585e-04
2.30421102e-01 3.63055805e-04 2.30438552e-04
2.30778085e-01 2.42528567e-04 2.36604218e-04
2.31135064e-01 2.95785894e-05 2.32020842e-04
2.31492040e-01 4.30838544e-04 2.33481603e-04
2.31849012e-01 2.06687370e-04 2.34345797e-04
2.32205980e-01 2.84151405e-04 2.33830380e-04
2.32562944e-01 6.00653453e-05 2.30386103e-04
2.32919905e-01 4.18395423e-05 2.31649097e-04
2.33276862e-01 2.11193142e-04 2.32341511e-04
2.33633814e-01 3.35323674e-04 2.29057192e-04
2.33990763e-01 1.28253257e-04 2.29262931e-04
2.34347709e-01 2.84393711e-04 2.30234064e-04
2.34704650e-01 2.18023071e-04 2.30402488e-04
2.35061588e-01 4.78467202e-06 2.29015649e-04
2.35418521e-01 2.40725417e-04 2.29099697e-04
2.35775451e-01 -1.11804535e-05 2.31989098e-04
2.36132377e-01 3.79261422e-04 2.26097672e-04
2.36489299e-01 2.05090086e-04 2.27232949e-04
2.36846218e-01 3.89678657e-04 2.28080993e-04
2.37203132e-01 7.08462513e-05 2.26015370e-04
2.37560042e-01 1.59079268e-04 2.28139635e-04
2.37916949e-01 2.69218521e-04 2.29064464e-04
2.38273852e-01 -1.72347899e-05 2.24927906e-04
2.38630751e-01 4.21974207e-04 2.28382399e-04
2.38987645e-01 3.44467148e-04 2.25733379e-04
2.39344537e-01 2.85227304e-04 2.21395601e-04
2.39701424e-01 4.84666283e-04 2.27888068e-04
2.40058307e-01 4.01501642e-04 2.28006162e-04
2.40415186e-01 5.69844577e-05 2.25351160e-04
2.40772061e-01 2.50034919e-04 2.26812597e-04
2.41128933e-01 2.50956353e-04 2.27455141e-04
2.41485800e-01 1.15095475e-04 2.23546753e-04
2.41842664e-01 3.36606279e-04 2.24517022e-04
2.42199523e-01 3.14506286e-06 2.19088282e-04
2.42556379e-01 3.01837789e-04 2.19791815e-04
2.42913230e-01 2.43880718e-04 2.21986970e-04
2.43270078e-01 2.50351138e-04 2.21905134e-04
2.43626922e-01 2.97895772e-04 2.18719742e-04
2.43983761e-01 1.50313536e-04 2.22729595e-04
2.44340597e-01 -8.15861492e-05 2.20670130e-04
2.44697429e-01 2.77107282e-04 2.14804715e-04
2.45054256e-01 3.05549030e-04 2.21016992e-04
2.45411080e-01 2.98252725e-04 2.17153613e-04
2.45767900e-01 5.80935453e-04 2.20154418e-04
2.46124715e-01 4.57265734e-04 2.22011333e-04
2.46481527e-01 -8.40889068e-07 2.16653934e-04
2.46838334e-01 5.12330823e-05 2.19187362e-04
2.47195138e-01 1.02952424e-04 2.19014076e-04
2.47551938e-01 4.03441483e-04 2.15886235e-04
2.47908733e-01 3.35930272e-04 2.14678247e-04
2.48265524e-01 4.17942344e-04 2.17979825e-04
2.48622312e-01 2.66992340e-04 2.19824137e-04
2.48979095e-01 1.72061870e-04 2.17556261e-04
2.49335874e-01 3.95177681e-04 2.19424658e-04
2.49692649e-01 -2.35082484e-05 2.17678293e-04
2.50049420e-01 3.06703327e-04 2.20690615e-04
2.50406187e-01 2.07728525e-04 2.16448715e-04
2.50762950e-01 8.34025219e-05 2.16579790e-04
2.51119709e-01 5.09111623e-04 2.17111929e-04
2.51476464e-01 4.06061419e-04 2.19138745e-04
2.51833214e-01 1.31432392e-04 2.12964872e-04
2.52189961e-01 3.93036162e-04 2.17313862e-04
2.52546703e-01 4.86393544e-04 2.17160602e-04
2.52903441e-01 7.21833523e-04 2.12447036e-04
2.53260175e-01 4.77730658e-04 2.21813821e-04
2.53616905e-01 5.72180203e-04 2.12426738e-04
2.53973631e-01 -1.43956381e-05 2.09770456e-04
2.54330352e-01 2.84838971e-04 2.09289379e-04
2.54687070e-01 1.14505168e-04 2.09818454e-04
2.55043783e-01 3.92514604e-04 2.14662517e-04
2.55400492e-01 2.77084484e-04 2.12045681e-04
2.55757197e-01 3.04361694e-04 2.12478261e-04
2.56113898e-01 2.18515593e-04 2.18073777e-04
2.56470595e-01 2.94969482e-04 2.16737478e-04
2.56827287e-01 -4.43329143e-05 2.14419940e-04
2.57183975e-01 3.87554327e-04 2.19387264e-04
2.57540659e-01 3.20973750e-04 2.20403964e-04
2.57897339e-01 8.91588753e-05 2.20092710e-04
2.58254014e-01 3.01700073e-04 2.15384071e-04
2.58610686e-01 2.81392714e-04 2.16251078e-04
2.58967353e-01 1.72758687e-04 2.13493282e-04
2.59324016e-01 2.90813774e-05 2.17480556e-04
2.59680674e-01 5.23387588e-04 2.17448356e-04
2.60037329e-01 5.66734145e-04 2.15217748e-04
2.60393979e-01 4.85688202e-04 2.17974743e-04
2.60750625e-01 -1.66437488e-05 2.16673928e-04
2.61107266e-01 1.79277439e-04 2.17307703e-04
2.61463904e-01 1.59977036e-04 2.15555741e-04
2.61820537e-01 4.03457933e-04 2.20001497e-04
2.62177166e-01 6.43492234e-04 2.14281732e-04
2.62533790e-01 3.00259117e-04 2.16272006e-04
2.62890410e-01 1.30871997e-04 2.17108060e-04
2.63247026e-01 3.77716283e-04 2.12688697e-04
2.63603638e-01 3.28104412e-04 2.16050494e-04
2.63960245e-01 2.33393510e-04 2.15791028e-04
2.64316848e-01 2.80166012e-04 2.15644626e-04
2.64673447e-01 1.04494787e-03 2.13746313e-04
2.65030042e-01 5.60619182e-05 2.11348045e-04
2.65386632e-01 2.02745135e-04 2.10528658e-04
2.65743217e-01 4.04184593e-04 2.12006411e-04
2.66099799e-01 3.04243760e-04 2.14929400e-04
2.66456376e-01 1.46074767e-04 2.09726349e-04
2.66812948e-01 2.94547627e-04 2.15743885e-04
2.67169517e-01 3.78154622e-04 2.17120451e-04
2.67526081e-01 3.57903448e-04 2.17942604e-04
2.67882640e-01 3.30246345e-04 2.21954489e-04
2.68239195e-01 6.08584825e-04 2.15845713e-04
2.68595746e-01 2.24618707e-04 2.16471033e-04
2.68952293e-01 2.56149819e-04 2.20970395e-04
2.69308835e-01 -3.28761128e-05 2.21287067e-04
2.69665372e-01 6.36832040e-04 2.25874487e-04
2.70021906e-01 1.75609164e-04 2.22244684e-04
2.70378435e-01 3.45003863e-04 2.21670770e-04
2.70734959e-01 3.47508012e-04 2.30504409e-04
2.71091479e-01 3.56478855e-04 2.23984221e-04
2.71447995e-01 2.84935154e-04 2.25289731e-04
2.71804506e-01 4.28058991e-04 2.21424629e-04
2.72161012e-01 -6.67867474e-05 2.26517368e-04
2.72517515e-01 4.47530775e-04 2.25106265e-04
2.72874012e-01 4.27382102e-04 2.33768879e-04
