1.54026655e-02 -1.61251454e-03 1.61780509e-03
1.57608633e-02 -2.52021130e-03 1.67672944e-03
1.61190608e-02 -6.19929637e-05 1.45806707e-03
1.64772580e-02 -4.89036357e-04 1.50247730e-03
1.68354550e-02 7.87513012e-04 1.38564270e-03
1.71936517e-02 -5.08440942e-04 1.31974171e-03
1.75518481e-02 -9.02582707e-04 1.27051610e-03
1.79100442e-02 -6.73391719e-04 1.27405187e-03
1.82682400e-02 2.43179007e-03 1.36651618e-03
1.86264355e-02 6.26900935e-04 1.23406845e-03
1.89846308e-02 -5.87312002e-04 1.16227570e-03
1.93428257e-02 8.47104171e-04 1.16351642e-03
1.97010202e-02 1.06476564e-03 1.09583689e-03
2.00592145e-02 -3.91827542e-04 1.08966787e-03
2.04174084e-02 -9.98875159e-05 1.10609035e-03
2.07756020e-02 7.55748806e-04 1.06487471e-03
2.11337953e-02 -8.50415981e-04 1.06374097e-03
2.14919882e-02 -1.50286945e-03 1.05360738e-03
2.18501808e-02 1.94518670e-03 1.04641267e-03
2.22083729e-02 -4.93832256e-04 1.01177098e-03
2.25665648e-02 -5.23999828e-04 1.01329786e-03
2.29247562e-02 2.44329419e-04 9.93752880e-04
2.32829473e-02 -4.43640419e-05 9.50412317e-04
2.36411380e-02 5.41083072e-04 9.34554148e-04
2.39993283e-02 3.10185137e-04 9.44046214e-04
2.43575182e-02 -7.65120481e-04 8.53532682e-04
2.47157077e-02 2.14198507e-04 8.39266687e-04
2.50738968e-02 3.89150329e-05 8.76710409e-04
2.54320855e-02 -3.64327320e-04 8.93365225e-04
2.57902738e-02 3.91004387e-04 8.75494685e-04
2.61484617e-02 -1.79606628e-03 8.50436186e-04
2.65066491e-02 -7.08305752e-04 7.79840203e-04
2.68648361e-02 4.16499077e-04 8.73902305e-04
2.72230226e-02 3.07847850e-04 7.85310801e-04
2.75812087e-02 3.83417822e-05 8.01135686e-04
2.79393943e-02 -1.58952864e-03 8.09849992e-04
2.82975795e-02 -1.11212591e-03 8.31912171e-04
2.86557642e-02 -9.01839610e-04 8.09084426e-04
2.90139485e-02 -1.51310608e-03 8.38087221e-04
2.93721323e-02 1.25718748e-04 8.33691132e-04
2.97303155e-02 4.20251335e-04 8.18597490e-04
3.00884983e-02 -1.02489212e-03 7.83700193e-04
3.04466806e-02 -7.67234885e-04 8.31049560e-04
3.08048624e-02 -2.66046877e-05 8.15260204e-04
3.11630437e-02 -5.33985740e-04 7.99027316e-04
3.15212245e-02 -4.22949119e-04 7.66543178e-04
3.18794048e-02 -6.85296485e-04 7.82878233e-04
3.22375845e-02 1.33564374e-04 7.97298468e-04
3.25957637e-02 -6.62938612e-04 7.82243261e-04
3.29539424e-02 8.23865213e-04 7.62816134e-04
3.33121205e-02 8.07165236e-04 7.99746028e-04
3.36702981e-02 3.41140071e-04 8.05346567e-04
3.40284751e-02 -3.34502986e-04 7.35258152e-04
3.43866516e-02 6.83195318e-05 8.14371344e-04
3.47448275e-02 -9.21124463e-04 7.40304636e-04
3.51030028e-02 8.55757601e-04 7.42300334e-04
3.54611775e-02 3.76254470e-04 7.74115811e-04
3.58193517e-02 -1.20590625e-03 7.08998366e-04
3.61775253e-02 1.94980185e-04 7.22839988e-04
3.65356983e-02 -7.59568708e-04 6.91995927e-04
3.68938706e-02 -3.15824188e-04 7.24774414e-04
3.72520424e-02 -1.72355040e-04 6.78801818e-04
3.76102136e-02 -4.93327310e-04 6.53157186e-04
3.79683841e-02 4.96999205e-05 6.90589955e-04
3.83265540e-02 -1.28561271e-04 6.71920335e-04
3.86847233e-02 -1.20418280e-05 6.95563562e-04
3.90428920e-02 -1.92673081e-04 7.10200903e-04
3.94010600e-02 -1.05239217e-03 6.74458304e-04
3.97592273e-02 6.80315275e-04 7.09197801e-04
4.01173941e-02 -1.32286152e-04 6.69151486e-04
4.04755601e-02 2.06225146e-04 6.80812876e-04
4.08337255e-02 2.31354299e-04 6.54782958e-04
4.11918902e-02 -2.26314121e-04 6.25540386e-04
4.15500542e-02 -7.41864941e-04 6.00624153e-04
4.19082176e-02 8.66434117e-04 6.53778451e-04
4.22663802e-02 3.14633022e-04 6.27137844e-04
4.26245422e-02 7.03144301e-04 6.49824041e-04
4.29827034e-02 2.02711891e-04 6.42137936e-04
4.33408640e-02 6.34551320e-04 6.93679149e-04
4.36990238e-02 5.98588111e-04 6.52190167e-04
4.40571830e-02 -4.75456654e-04 6.60510632e-04
4.44153414e-02 -6.48725077e-04 6.41062856e-04
4.47734990e-02 -1.79248428e-03 6.35532775e-04
4.51316560e-02 -3.48439582e-04 6.22445686e-04
4.54898122e-02 -2.61981585e-04 6.52160064e-04
4.58479676e-02 5.21269183e-04 5.85031394e-04
4.62061223e-02 -3.78516860e-04 6.51368973e-04
4.65642762e-02 9.56567855e-04 6.17513101e-04
4.69224294e-02 1.62678018e-04 6.24433551e-04
4.72805818e-02 -2.20365541e-04 6.00926531e-04
4.76387334e-02 -8.29753271e-04 6.49391734e-04
4.79968842e-02 3.35798244e-04 6.00169827e-04
4.83550342e-02 1.19542536e-03 6.23084424e-04
4.87131835e-02 9.68681573e-05 5.98863181e-04
4.90713319e-02 -7.11453014e-04 6.10650912e-04
4.94294795e-02 1.56193197e-05 6.03015925e-04
4.97876264e-02 4.64681813e-04 6.12827772e-04
5.01457724e-02 3.46778569e-05 6.12105417e-04
5.05039175e-02 -3.05954566e-04 5.84101439e-04
5.08620619e-02 -7.57936393e-04 5.94671798e-04
5.12202054e-02 -5.22637127e-04 5.95706412e-04
5.15783481e-02 -3.04785007e-05 5.79793459e-04
5.19364899e-02 -4.17712913e-05 5.68991383e-04
5.22946308e-02 3.52852401e-05 5.65944759e-04
5.26527709e-02 2.20962406e-05 5.90453020e-04
5.30109102e-02 -5.35574851e-04 5.61135223e-04
5.33690485e-02 2.83229185e-04 5.45831137e-04
5.37271860e-02 2.68968482e-04 5.67164068e-04
5.40853226e-02 -6.27357787e-04 5.43697463e-04
5.44434583e-02 4.39679476e-04 5.53708094e-04
5.48015932e-02 2.56525465e-04 5.42048040e-04
5.51597271e-02 -5.05764025e-04 5.60244193e-04
5.55178601e-02 -5.35113080e-04 5.41520578e-04
5.58759922e-02 2.19054804e-04 5.68444950e-04
5.62341234e-02 1.01402536e-03 5.72844558e-04
5.65922536e-02 7.11807150e-04 5.63909640e-04
5.69503829e-02 7.34543218e-04 5.35774367e-04
5.73085113e-02 -4.01788687e-04 5.48748850e-04
5.76666388e-02 3.91427418e-04 5.23594271e-04
5.80247653e-02 -1.82714503e-04 5.52175130e-04
5.83828908e-02 9.11158770e-06 5.26477457e-04
5.87410154e-02 1.56524063e-04 5.27876745e-04
5.90991390e-02 -1.12881728e-04 5.16943051e-04
5.94572616e-02 -3.82522512e-04 5.21868917e-04
5.98153833e-02 -3.29473661e-04 5.21924794e-04
6.01735040e-02 -1.68945862e-04 5.39372936e-04
6.05316237e-02 1.42500875e-04 5.21883696e-04
6.08897424e-02 -1.33859170e-04 5.27828198e-04
6.12478600e-02 -8.34671850e-05 5.32544803e-04
6.16059767e-02 -6.59819903e-04 5.15066698e-04
6.19640924e-02 3.98750107e-04 5.24347576e-04
6.23222071e-02 3.47812395e-04 5.07909157e-04
6.26803207e-02 9.91858068e-04 5.08340692e-04
6.30384333e-02 2.60488840e-04 5.14854596e-04
6.33965448e-02 7.77560278e-04 5.18158435e-04
6.37546554e-02 1.98670386e-04 5.14298756e-04
6.41127648e-02 1.50760154e-04 5.00823706e-04
6.44708732e-02 9.50094905e-04 4.92026102e-04
6.48289806e-02 1.71463798e-04 4.94557333e-04
6.51870869e-02 -4.85340308e-04 5.05739445e-04
6.55451921e-02 -1.13194383e-03 4.95444859e-04
6.59032962e-02 7.99574583e-07 5.00786600e-04
6.62613993e-02 -1.27223992e-04 5.16578803e-04
6.66195012e-02 -3.02371390e-04 5.08106278e-04
6.69776021e-02 -3.04430119e-04 5.10333579e-04
6.73357019e-02 3.60170234e-04 4.89943545e-04
6.76938005e-02 4.44236216e-04 4.67282455e-04
6.80518981e-02 7.07549756e-04 4.72659057e-04
6.84099945e-02 7.41492078e-04 4.89626826e-04
6.87680898e-02 4.73220381e-04 4.88616319e-04
6.91261840e-02 2.29522285e-04 4.90525116e-04
6.94842770e-02 -3.98527954e-04 4.87961592e-04
6.98423689e-02 -3.51752784e-04 4.92356792e-04
7.02004596e-02 2.17029110e-04 4.87643018e-04
7.05585492e-02 4.12455121e-04 4.79578165e-04
7.09166377e-02 -6.62955175e-04 4.74802684e-04
7.12747249e-02 -3.16502324e-04 4.69429615e-04
7.16328110e-02 -3.89656177e-04 4.66582921e-04
7.19908959e-02 3.16946562e-04 4.69526418e-04
7.23489796e-02 2.10912906e-04 4.73450373e-04
7.27070622e-02 7.72832954e-04 4.79495908e-04
7.30651435e-02 -1.89690548e-05 4.61163064e-04
7.34232237e-02 5.01329183e-04 4.79403923e-04
7.37813026e-02 -1.87290145e-05 4.61576687e-04
7.41393803e-02 4.13973953e-05 4.59647686e-04
7.44974568e-02 -1.70085863e-06 4.55432457e-04
7.48555321e-02 -1.74405433e-05 4.64650348e-04
7.52136061e-02 -4.15385752e-04 4.54327836e-04
7.55716789e-02 2.86971353e-04 4.59983786e-04
7.59297505e-02 1.87728040e-04 4.66226397e-04
7.62878208e-02 -5.13032447e-04 4.62292946e-04
7.66458899e-02 1.96218773e-04 4.54184810e-04
7.70039577e-02 -9.28954301e-05 4.63122137e-04
7.73620242e-02 -9.95163647e-04 4.45116733e-04
7.77200895e-02 -2.22110352e-04 4.49085498e-04
7.80781535e-02 -5.07546081e-04 4.52711460e-04
7.84362162e-02 -3.70121045e-04 4.46560687e-04
7.87942776e-02 -5.22509503e-04 4.54495650e-04
7.91523377e-02 -1.96811584e-05 4.45295268e-04
7.95103965e-02 2.97604562e-04 4.29881717e-04
7.98684540e-02 -4.26991349e-04 4.47467899e-04
8.02265102e-02 -8.64245433e-04 4.58541023e-04
8.05845651e-02 -1.45405587e-04 4.41464874e-04
8.09426186e-02 6.90563920e-05 4.46497394e-04
8.13006709e-02 8.82519277e-04 4.40203218e-04
8.16587217e-02 -3.56739754e-05 4.31954143e-04
8.20167713e-02 -7.68925109e-05 4.39844012e-04
8.23748195e-02 -3.98003219e-04 4.26379175e-04
8.27328663e-02 -3.61444850e-04 4.26199322e-04
8.30909118e-02 1.46656324e-04 4.34641392e-04
8.34489559e-02 9.17198900e-05 4.34755721e-04
8.38069986e-02 8.44415264e-04 4.47474748e-04
8.41650400e-02 3.47411828e-04 4.24138132e-04
8.45230800e-02 -4.70023167e-04 4.23871659e-04
8.48811185e-02 6.22512299e-04 4.37404875e-04
8.52391557e-02 1.35788664e-04 4.35995791e-04
8.55971915e-02 6.97250593e-04 4.31972730e-04
8.59552259e-02 2.08940541e-04 4.35892542e-04
8.63132589e-02 1.15444677e-04 4.40006664e-04
8.66712904e-02 -8.79658775e-04 4.33675380e-04
8.70293205e-02 -6.43492610e-04 4.35013713e-04
8.73873492e-02 -1.14833062e-04 4.28106368e-04
8.77453765e-02 -1.81597317e-04 4.27604238e-04
8.81034023e-02 -6.52395988e-04 4.22176203e-04
8.84614267e-02 -2.42842772e-04 4.36928485e-04
8.88194496e-02 1.28873360e-04 4.21130449e-04
8.91774710e-02 5.61290877e-04 4.42298399e-04
8.95354910e-02 -1.69204021e-04 4.25224735e-04
8.98935095e-02 -6.70461423e-04 4.20725124e-04
9.02515266e-02 -2.02316908e-04 4.23969018e-04
9.06095421e-02 -2.61768353e-04 4.29912162e-04
9.09675562e-02 -2.63976173e-04 4.23827287e-04
9.13255687e-02 -3.77590252e-04 4.35149892e-04
9.16835798e-02 -4.91727355e-04 4.28297915e-04
9.20415894e-02 8.16408732e-04 4.20388030e-04
9.23995974e-02 1.48912678e-04 4.32040119e-04
9.27576039e-02 4.22913779e-05 4.25139543e-04
9.31156089e-02 2.23194751e-04 4.30580875e-04
9.34736124e-02 -3.01814702e-04 4.30106460e-04
9.38316143e-02 5.20592521e-04 4.02844035e-04
9.41896147e-02 -8.93788680e-04 4.16570295e-04
9.45476136e-02 -5.49684584e-04 4.14299832e-04
9.49056108e-02 4.73003263e-04 4.17890375e-04
9.52636066e-02 -6.22683251e-04 4.19135363e-04
9.56216007e-02 4.57020091e-04 4.07747377e-04
9.59795933e-02 5.91134970e-04 4.03991427e-04
9.63375843e-02 -6.63069653e-06 4.13114772e-04
9.66955738e-02 -7.92505222e-04 3.99387567e-04
9.70535616e-02 2.33844658e-05 4.05750764e-04
9.74115478e-02 3.06034557e-04 4.05298440e-04
9.77695325e-02 1.49708982e-04 4.08636441e-04
9.81275155e-02 1.40112004e-04 4.04941884e-04
9.84854969e-02 3.08545323e-04 3.93313616e-04
9.88434768e-02 5.35319991e-05 4.04847703e-04
9.92014549e-02 -2.96171034e-04 4.07141470e-04
9.95594315e-02 2.12352048e-04 4.00716084e-04
9.99174064e-02 -8.03298934e-05 3.96464816e-04
1.00275380e-01 4.65131825e-04 4.00392865e-04
1.00633351e-01 -1.54082734e-04 3.90400624e-04
1.00991321e-01 1.82837483e-04 3.92520060e-04
1.01349290e-01 -4.01446337e-04 3.93087397e-04
1.01707256e-01 -1.07014656e-04 3.89119719e-04
1.02065221e-01 -6.27925210e-04 3.88908031e-04
1.02423184e-01 -7.35723012e-04 3.91976027e-04
1.02781146e-01 -2.95047470e-04 3.89104546e-04
1.03139106e-01 1.56784107e-04 3.99002005e-04
1.03497064e-01 -1.95616044e-04 3.91360004e-04
1.03855021e-01 -1.38443397e-04 3.76605825e-04
1.04212976e-01 3.91701005e-04 3.78708195e-04
1.04570929e-01 -2.05147991e-04 3.81260949e-04
1.04928880e-01 -1.00855695e-04 3.93403355e-04
1.05286830e-01 -1.44868510e-04 4.02612741e-04
1.05644778e-01 -5.67191032e-04 3.91311300e-04
1.06002724e-01 1.22942446e-04 3.82969601e-04
1.06360668e-01 1.03772243e-04 4.03271496e-04
1.06718611e-01 2.67489557e-04 3.93269247e-04
1.07076552e-01 8.83786713e-05 4.09807379e-04
1.07434491e-01 1.58852568e-04 4.03060292e-04
1.07792429e-01 1.60272247e-04 4.00475143e-04
1.08150364e-01 -3.57031391e-04 4.01501009e-04
1.08508298e-01 1.72240824e-05 4.00018226e-04
1.08866230e-01 -5.25146843e-04 3.86813166e-04
1.09224160e-01 -4.97919710e-04 3.86919849e-04
1.09582089e-01 5.30603245e-05 3.92261384e-04
1.09940016e-01 6.14069229e-04 3.98041147e-04
1.10297941e-01 -2.90170088e-04 4.08874526e-04
1.10655864e-01 -6.93669954e-05 4.00538108e-04
1.11013785e-01 -1.65976775e-05 3.95673791e-04
1.11371704e-01 3.57854130e-04 3.81391651e-04
1.11729622e-01 -1.89491326e-04 3.89672219e-04
1.12087538e-01 4.87690412e-04 3.82822109e-04
1.12445452e-01 -3.53581297e-04 3.86299265e-04
1.12803364e-01 1.25505490e-04 3.86223310e-04
1.13161274e-01 -1.70745329e-04 3.69525024e-04
1.13519182e-01 -1.58005598e-04 3.69681223e-04
1.13877089e-01 6.62639636e-05 3.72671788e-04
1.14234994e-01 -4.89364260e-05 3.69482246e-04
1.14592896e-01 -1.47679970e-04 3.72699290e-04
1.14950797e-01 4.05606019e-04 3.84427260e-04
1.15308696e-01 -6.30797013e-04 3.75223144e-04
1.15666593e-01 1.93767472e-04 3.81037268e-04
1.16024488e-01 3.86107568e-04 3.71039840e-04
1.16382382e-01 1.13977456e-04 3.61030199e-04
1.16740273e-01 -1.21751863e-04 3.60985032e-04
1.17098163e-01 -5.75418180e-04 3.50493646e-04
1.17456050e-01 -1.33690464e-04 3.62780121e-04
1.17813936e-01 8.12317407e-04 3.65977389e-04
1.18171819e-01 -1.06210536e-04 3.71122101e-04
1.18529701e-01 -3.47247769e-04 3.78478892e-04
1.18887581e-01 2.69214322e-04 3.76702415e-04
1.19245459e-01 -2.25090181e-04 3.76786073e-04
1.19603335e-01 -1.35594957e-04 3.67426633e-04
1.19961208e-01 -8.98004380e-05 3.71541307e-04
1.20319080e-01 5.42915707e-05 3.70594847e-04
1.20676950e-01 1.13622387e-04 3.83003833e-04
1.21034818e-01 -2.29186130e-04 3.74232685e-04
1.21392684e-01 -5.13507895e-04 3.70944837e-04
1.21750548e-01 3.00265817e-04 3.77168406e-04
1.22108410e-01 5.71275899e-04 3.77794015e-04
1.22466270e-01 5.33011263e-04 3.80609532e-04
1.22824128e-01 7.06188226e-04 3.83654748e-04
1.23181984e-01 -1.65113652e-04 3.73224248e-04
1.23539838e-01 4.61989752e-04 3.79735396e-04
1.23897690e-01 -3.88281584e-04 3.65356034e-04
1.24255540e-01 -8.37993603e-05 3.64828758e-04
1.24613388e-01 -1.89393475e-04 3.63394272e-04
1.24971233e-01 3.72534819e-04 3.68915328e-04
1.25329077e-01 5.93939802e-05 3.67709532e-04
1.25686919e-01 -4.32115620e-05 3.60483216e-04
1.26044758e-01 -3.94911300e-04 3.51531181e-04
1.26402596e-01 2.59152565e-04 3.62217899e-04
1.26760431e-01 8.92687152e-05 3.65314944e-04
1.27118265e-01 3.63072242e-05 3.49818413e-04
1.27476096e-01 4.46365674e-04 3.59388067e-04
1.27833925e-01 5.49731924e-04 3.55199265e-04
1.28191752e-01 -4.87276008e-04 3.57763272e-04
1.28549577e-01 -1.55295696e-04 3.53093547e-04
1.28907400e-01 -7.92965108e-05 3.54147905e-04
1.29265221e-01 -1.96734077e-04 3.50176162e-04
1.29623040e-01 -8.25549982e-04 3.42017306e-04
1.29980856e-01 -2.82204197e-04 3.46928880e-04
1.30338670e-01 -3.98279714e-04 3.46846838e-04
1.30696483e-01 4.29457622e-04 3.56067338e-04
1.31054293e-01 1.57524352e-04 3.43687482e-04
1.31412101e-01 3.15638463e-04 3.51657512e-04
1.31769906e-01 -4.44312106e-04 3.48248533e-04
1.32127710e-01 1.93631772e-04 3.51615848e-04
1.32485511e-01 -1.16974061e-04 3.47859789e-04
1.32843311e-01 2.53958982e-04 3.44184810e-04
1.33201108e-01 -3.19155722e-04 3.34015500e-04
1.33558903e-01 -1.40093432e-04 3.41466703e-04
1.33916695e-01 -2.67857717e-04 3.44838335e-04
1.34274486e-01 -4.75641602e-04 3.37863594e-04
1.34632274e-01 3.11882646e-04 3.41275945e-04
1.34990060e-01 1.21018115e-04 3.37659332e-04
1.35347844e-01 -2.92642671e-04 3.37985685e-04
1.35705626e-01 2.42283078e-04 3.39478586e-04
1.36063405e-01 -1.52295793e-04 3.32736475e-04
1.36421182e-01 4.32986514e-04 3.34142513e-04
1.36778957e-01 3.85166509e-04 3.39212304e-04
1.37136730e-01 -1.37731182e-04 3.38599500e-04
1.37494500e-01 -5.62604249e-05 3.33757833e-04
1.37852269e-01 2.04971063e-04 3.28484843e-04
1.38210034e-01 -4.24097649e-05 3.28609857e-04
1.38567798e-01 1.42941696e-04 3.28979764e-04
1.38925559e-01 -5.02396791e-04 3.22902841e-04
1.39283319e-01 -3.18814706e-04 3.28016828e-04
1.39641075e-01 1.72139027e-04 3.29479092e-04
1.39998830e-01 3.33222750e-04 3.29369831e-04
1.40356582e-01 2.11066978e-05 3.35564855e-04
1.40714332e-01 5.68840060e-04 3.34315402e-04
1.41072080e-01 1.84880588e-04 3.22432988e-04
1.41429825e-01 7.83741208e-05 3.34175743e-04
1.41787568e-01 2.45408112e-04 3.38060363e-04
1.42145308e-01 -1.91868108e-04 3.17670356e-04
1.42503047e-01 7.26529759e-05 3.25641456e-04
1.42860783e-01 1.15620419e-04 3.29533503e-04
1.43218516e-01 1.65355297e-04 3.29056204e-04
1.43576247e-01 -6.64209735e-05 3.22759057e-04
1.43933976e-01 2.49448512e-04 3.24601188e-04
1.44291703e-01 -3.72245001e-04 3.18201009e-04
1.44649427e-01 2.32081838e-04 3.15755496e-04
1.45007149e-01 1.47277798e-04 3.23584906e-04
1.45364868e-01 -3.20108866e-04 3.07983762e-04
1.45722585e-01 4.25172617e-04 3.08656107e-04
1.46080300e-01 1.19060215e-04 3.23235916e-04
1.46438012e-01 -1.93557572e-04 3.15249863e-04
1.46795722e-01 9.18953376e-05 3.21077313e-04
1.47153429e-01 -2.19933421e-04 3.14083562e-04
1.47511134e-01 -2.73909299e-04 3.26402022e-04
1.47868837e-01 -1.03296601e-04 3.15701102e-04
1.48226537e-01 2.08303676e-04 3.13129407e-04
1.48584235e-01 1.57629481e-04 3.08993196e-04
1.48941930e-01 5.77925580e-04 3.15578104e-04
1.49299623e-01 2.37341856e-04 3.14957313e-04
1.49657313e-01 -4.10560206e-04 3.13395152e-04
1.50015001e-01 6.15033284e-04 3.14372999e-04
1.50372687e-01 3.17252537e-05 3.16343416e-04
1.50730370e-01 4.15583239e-04 3.17274747e-04
1.51088050e-01 2.07139356e-04 3.13085333e-04
1.51445728e-01 2.06164988e-04 3.14219029e-04
1.51803404e-01 3.77046094e-04 3.09943385e-04
1.52161077e-01 -6.19660786e-05 3.17200344e-04
1.52518747e-01 7.77530975e-05 3.04880428e-04
1.52876416e-01 3.06836220e-04 3.07147623e-04
1.53234081e-01 2.05009004e-04 3.07740101e-04
1.53591744e-01 -3.91286869e-04 3.06695973e-04
1.53949405e-01 -2.23774288e-04 3.05408595e-04
1.54307063e-01 -4.16936381e-04 3.04159602e-04
1.54664718e-01 -1.90063649e-04 3.15265896e-04
1.55022371e-01 7.29279027e-05 3.09051143e-04
1.55380021e-01 -2.46285422e-05 3.09139295e-04
1.55737669e-01 -5.31383243e-04 3.07682080e-04
1.56095314e-01 -3.69433053e-04 3.01487717e-04
1.56452957e-01 -4.97738766e-04 3.02787427e-04
1.56810597e-01 -2.16236041e-04 3.01938383e-04
1.57168235e-01 -1.75602985e-04 2.98116273e-04
1.57525870e-01 -2.44007341e-05 3.01356459e-04
1.57883502e-01 -6.92911078e-04 2.99437430e-04
1.58241132e-01 2.43882545e-04 2.92110546e-04
1.58598759e-01 1.35802327e-04 3.03366652e-04
1.58956384e-01 1.30958630e-04 3.00691116e-04
1.59314006e-01 -1.75219300e-05 3.03171486e-04
1.59671625e-01 -2.54622823e-04 3.05163904e-04
1.60029242e-01 4.59898875e-04 3.00202383e-04
1.60386856e-01 -1.82640777e-04 2.99956701e-04
1.60744468e-01 -1.47315832e-04 3.02930603e-04
1.61102076e-01 2.60538577e-05 2.97891165e-04
1.61459683e-01 -1.13148359e-04 2.96764861e-04
1.61817286e-01 5.99325302e-05 2.96667808e-04
1.62174887e-01 -5.69555774e-04 2.96585696e-04
1.62532485e-01 3.32744111e-04 3.01639970e-04
1.62890081e-01 -5.29548217e-04 2.94845399e-04
1.63247674e-01 -2.21103340e-04 2.96012826e-04
1.63605264e-01 -1.04026237e-04 2.88799774e-04
1.63962852e-01 1.09260998e-04 2.95792562e-04
1.64320437e-01 -1.58945867e-04 2.94012924e-04
1.64678019e-01 -4.00199526e-04 2.92645606e-04
1.65035598e-01 -3.72812428e-05 2.92936937e-04
1.65393175e-01 -5.34457297e-05 2.98136769e-04
1.65750749e-01 5.96122213e-05 2.92786133e-04
1.66108320e-01 -9.64832710e-06 2.93986992e-04
1.66465889e-01 3.49823761e-04 2.96606429e-04
1.66823455e-01 -1.59081124e-04 2.90854796e-04
1.67181018e-01 2.23831649e-04 2.84330138e-04
1.67538578e-01 -1.06636382e-04 2.80890731e-04
1.67896136e-01 2.41090538e-04 2.87443985e-04
1.68253691e-01 -1.90781115e-04 2.84250445e-04
1.68611243e-01 -6.08682954e-05 2.83227493e-04
1.68968792e-01 1.06504386e-04 2.85185697e-04
1.69326339e-01 2.59398432e-04 2.92366772e-04
1.69683883e-01 1.26965833e-04 2.85121348e-04
1.70041424e-01 7.79929530e-05 2.89070125e-04
1.70398962e-01 2.84268717e-04 2.90503692e-04
1.70756497e-01 -7.47679303e-05 2.84651165e-04
1.71114030e-01 2.24079785e-05 2.88615778e-04
1.71471560e-01 3.25533243e-04 2.87765637e-04
1.71829087e-01 -8.08497942e-05 2.83025786e-04
1.72186611e-01 -9.87880004e-05 2.91880949e-04
1.72544132e-01 4.76314811e-04 2.85885079e-04
1.72901651e-01 2.08809364e-04 2.85452749e-04
1.73259167e-01 4.54795841e-04 2.84399721e-04
1.73616679e-01 2.91790310e-04 2.80438189e-04
1.73974189e-01 -9.52086449e-05 2.86606284e-04
1.74331697e-01 3.02590082e-04 2.78686520e-04
1.74689201e-01 1.91099381e-04 2.83102623e-04
1.75046702e-01 3.83979339e-04 2.83016609e-04
1.75404201e-01 -3.49745097e-04 2.85548683e-04
1.75761697e-01 -4.07776767e-04 2.79509536e-04
1.76119189e-01 3.29605102e-04 2.84178549e-04
1.76476679e-01 1.22298071e-04 2.83842119e-04
1.76834166e-01 1.50868099e-04 2.87973246e-04
1.77191650e-01 1.83918854e-04 2.83299662e-04
1.77549132e-01 2.05675497e-04 2.76018154e-04
1.77906610e-01 4.28905663e-04 2.80845441e-04
1.78264085e-01 2.89561986e-05 2.79541516e-04
1.78621558e-01 7.96644134e-04 2.75927132e-04
1.78979027e-01 -1.80970152e-04 2.74749523e-04
1.79336494e-01 -3.44540757e-04 2.76567384e-04
1.79693958e-01 -1.47046061e-04 2.77520618e-04
1.80051418e-01 1.50062880e-04 2.71944132e-04
1.80408876e-01 5.88126983e-06 2.79659519e-04
1.80766331e-01 1.13364477e-04 2.81206916e-04
1.81123783e-01 2.74882045e-04 2.83491431e-04
1.81481232e-01 -2.75408464e-05 2.86552141e-04
1.81838677e-01 1.23986448e-04 2.87293928e-04
1.82196120e-01 1.76421433e-04 2.82633722e-04
1.82553560e-01 -4.63693308e-04 2.82838383e-04
1.82910997e-01 8.90825121e-05 2.82904750e-04
1.83268431e-01 -1.27010240e-05 2.79220712e-04
1.83625862e-01 -1.36782183e-04 2.88876089e-04
1.83983290e-01 -1.37590338e-04 2.83269595e-04
1.84340715e-01 2.38262323e-04 2.83688687e-04
1.84698137e-01 -9.20846836e-04 2.79096302e-04
1.85055556e-01 1.85475097e-04 2.84047887e-04
1.85412971e-01 -4.19162143e-04 2.81163499e-04
1.85770384e-01 -9.51695704e-05 2.84965252e-04
1.86127794e-01 1.31782961e-04 2.85509247e-04
1.86485200e-01 -1.38438199e-04 2.81152677e-04
1.86842604e-01 7.14864995e-04 2.84117923e-04
1.87200005e-01 2.76557277e-04 2.79439671e-04
1.87557402e-01 -2.57778715e-04 2.82228392e-04
1.87914797e-01 -2.16044571e-04 2.70108196e-04
1.88272188e-01 -2.23447151e-04 2.74540801e-04
1.88629576e-01 -1.60879209e-04 2.75238344e-04
1.88986961e-01 -3.79271370e-04 2.75013242e-04
1.89344343e-01 -2.52126620e-04 2.77698667e-04
1.89701722e-01 2.44894743e-04 2.71990322e-04
1.90059098e-01 -6.39510511e-04 2.70035691e-04
1.90416471e-01 -1.23911118e-04 2.70222574e-04
1.90773840e-01 9.22399459e-05 2.75790194e-04
1.91131207e-01 -4.55801880e-04 2.71787449e-04
1.91488570e-01 -3.47962320e-04 2.68534214e-04
1.91845930e-01 1.72396308e-04 2.75281289e-04
1.92203287e-01 -4.91903512e-06 2.69800741e-04
1.92560641e-01 2.00479234e-04 2.72014675e-04
1.92917992e-01 6.01692893e-04 2.74819679e-04
1.93275340e-01 -2.01279793e-05 2.68844410e-04
1.93632684e-01 1.73217826e-04 2.68105123e-04
1.93990025e-01 -2.15715233e-04 2.67154263e-04
1.94347363e-01 -1.86669708e-04 2.73443290e-04
1.94704698e-01 -1.35264785e-04 2.70599047e-04
1.95062030e-01 -3.74175890e-04 2.73249980e-04
1.95419358e-01 1.66270989e-04 2.70836674e-04
1.95776684e-01 1.01186699e-04 2.74844269e-04
1.96134006e-01 -3.43519009e-05 2.72425859e-04
1.96491324e-01 -1.88614756e-04 2.74393506e-04
1.96848640e-01 -5.82337399e-05 2.71552067e-04
1.97205953e-01 2.79010501e-05 2.75949066e-04
1.97563262e-01 -3.97112758e-04 2.70136045e-04
1.97920568e-01 -1.42462050e-04 2.74287103e-04
1.98277870e-01 1.75579855e-04 2.66818937e-04
1.98635170e-01 1.40488817e-04 2.68218230e-04
1.98992466e-01 -5.58244614e-04 2.71017639e-04
1.99349759e-01 -2.73330994e-05 2.74308051e-04
1.99707049e-01 -9.65881396e-05 2.64577300e-04
2.00064335e-01 5.09457052e-05 2.68123800e-04
2.00421618e-01 2.51683663e-04 2.72902991e-04
2.00778898e-01 5.90866729e-04 2.71907375e-04
2.01136174e-01 -2.49635932e-04 2.64608526e-04
2.01493448e-01 1.15349280e-04 2.61390629e-04
2.01850718e-01 -2.88088649e-04 2.64159645e-04
2.02207984e-01 2.12296933e-05 2.68486186e-04
2.02565248e-01 4.13675800e-04 2.62870693e-04
2.02922508e-01 -2.89726139e-04 2.64501134e-04
2.03279764e-01 1.80049854e-04 2.64134151e-04
2.03637018e-01 6.83600031e-05 2.57350588e-04
2.03994268e-01 -1.51257265e-04 2.59395270e-04
2.04351514e-01 5.33833940e-05 2.56645349e-04
2.04708758e-01 3.25237377e-04 2.59644165e-04
2.05065998e-01 -1.62111699e-04 2.60825787e-04
2.05423234e-01 9.58830798e-05 2.59102611e-04
2.05780467e-01 4.53261379e-04 2.56115624e-04
2.06137697e-01 1.03244803e-05 2.59823876e-04
2.06494924e-01 1.84824045e-04 2.56754387e-04
2.06852147e-01 1.44942550e-04 2.55947491e-04
2.07209367e-01 1.35783232e-04 2.54712071e-04
2.07566583e-01 -1.95409158e-04 2.59373195e-04
2.07923796e-01 -2.83103348e-05 2.49879871e-04
2.08281005e-01 -2.59277465e-05 2.56682759e-04
2.08638211e-01 2.25798263e-04 2.53457870e-04
2.08995414e-01 2.35097713e-04 2.55171924e-04
2.09352613e-01 1.48002820e-04 2.59166101e-04
2.09709809e-01 2.86532549e-04 2.54136741e-04
2.10067002e-01 -5.77392996e-05 2.50299861e-04
2.10424191e-01 2.13530910e-04 2.53720594e-04
2.10781376e-01 2.51634367e-05 2.49249991e-04
2.11138558e-01 4.76613171e-05 2.51281839e-04
2.11495737e-01 -5.56171637e-05 2.53738435e-04
2.11852912e-01 -3.54904422e-04 2.54875869e-04
2.12210084e-01 1.01146967e-04 2.56095263e-04
2.12567252e-01 3.92311952e-04 2.51809173e-04
2.12924416e-01 3.02491960e-05 2.46228985e-04
2.13281578e-01 -7.03508562e-05 2.45702622e-04
2.13638735e-01 5.20556955e-04 2.46570160e-04
2.13995890e-01 7.85516163e-05 2.50719474e-04
2.14353040e-01 -3.44540792e-04 2.49023033e-04
2.14710188e-01 -1.13768679e-04 2.45680078e-04
2.15067331e-01 -1.94815642e-04 2.46624507e-04
2.15424471e-01 -2.53243083e-04 2.44531885e-04
2.15781608e-01 3.82578296e-04 2.48657124e-04
2.16138741e-01 -3.03807792e-04 2.49370325e-04
2.16495871e-01 1.19098338e-04 2.46512875e-04
2.16852997e-01 9.22216115e-05 2.50625681e-04
2.17210119e-01 -2.13611890e-04 2.45027782e-04
2.17567238e-01 -3.61165585e-04 2.42709132e-04
2.17924354e-01 -2.58985769e-04 2.41076402e-04
2.18281465e-01 -1.39718556e-05 2.42405922e-04
2.18638574e-01 -2.57203112e-04 2.40496490e-04
2.18995678e-01 1.67385748e-04 2.45343306e-04
2.19352779e-01 -1.47447910e-04 2.44387876e-04
2.19709877e-01 -7.60570520e-05 2.40600136e-04
2.20066971e-01 -1.52998489e-05 2.44681187e-04
2.20424061e-01 -2.23306558e-05 2.38365602e-04
2.20781147e-01 1.59390166e-04 2.41602456e-04
2.21138230e-01 -1.12959699e-05 2.36161446e-04
2.21495310e-01 1.35446203e-04 2.41629823e-04
2.21852386e-01 -5.22116375e-05 2.40083734e-04
2.22209458e-01 -4.12359942e-04 2.37925428e-04
2.22566526e-01 8.17980115e-06 2.43083226e-04
2.22923591e-01 -2.11251508e-04 2.38293896e-04
2.23280652e-01 -1.55604848e-04 2.36608254e-04
2.23637710e-01 -1.79094784e-04 2.37682726e-04
2.23994764e-01 1.61530683e-04 2.39810001e-04
2.24351814e-01 -4.92911842e-05 2.36841839e-04
2.24708861e-01 1.69034062e-04 2.40722823e-04
2.25065904e-01 3.35980447e-04 2.36062597e-04
2.25422943e-01 2.60534507e-04 2.43526606e-04
2.25779978e-01 -5.26427588e-05 2.34528886e-04
2.26137010e-01 -3.53547812e-04 2.35513877e-04
2.26494038e-01 -1.85579659e-05 2.37387271e-04
2.26851063e-01 2.12468243e-04 2.37813856e-04
2.27208083e-01 1.37945599e-04 2.32310995e-04
2.27565100e-01 -2.98245077e-04 2.34384489e-04
2.27922114e-01 4.37694695e-05 2.36781918e-04
2.28279123e-01 -1.04349757e-05 2.35390902e-04
2.28636129e-01 -9.01302902e-05 2.37231655e-04
2.28993131e-01 1.32637322e-04 2.34441121e-04
2.29350129e-01 -7.24973692e-05 2.30497707e-04
2.29707124e-01 -2.17043722e-04 2.27986265e-04
2.30064115e-01 -4.05662721e-06 2.36683256e-04
2.30421102e-01 -1.30572445e-04 2.40368244e-04
2.30778085e-01 -6.50042911e-04 2.31779556e-04
2.31135064e-01 -1.03938287e-05 2.33243539e-04
2.31492040e-01 1.61241929e-04 2.33976760e-04
2.31849012e-01 2.02038709e-04 2.34531594e-04
2.32205980e-01 2.65622440e-05 2.31849629e-04
2.32562944e-01 4.15302105e-04 2.33347672e-04
2.32919905e-01 -2.46432792e-04 2.28406991e-04
2.33276862e-01 -8.28804316e-05 2.28633814e-04
2.33633814e-01 1.54381761e-04 2.31916439e-04
2.33990763e-01 1.98574278e-04 2.29263611e-04
2.34347709e-01 6.35010458e-05 2.29386414e-04
2.34704650e-01 -3.40924221e-04 2.28678160e-04
2.35061588e-01 2.08445358e-04 2.30958044e-04
2.35418521e-01 4.32272395e-05 2.29705466e-04
2.35775451e-01 6.69722603e-06 2.25498241e-04
2.36132377e-01 -1.52440670e-04 2.26896647e-04
2.36489299e-01 -5.64303796e-07 2.29538500e-04
2.36846218e-01 -2.32860757e-04 2.31811399e-04
2.37203132e-01 1.00956125e-04 2.30200581e-04
2.37560042e-01 -1.95024911e-04 2.28852802e-04
2.37916949e-01 3.73015023e-04 2.26995956e-04
2.38273852e-01 -1.58133927e-04 2.24759481e-04
2.38630751e-01 8.02586522e-05 2.23353685e-04
2.38987645e-01 3.83687260e-04 2.26439263e-04
2.39344537e-01 -1.07402662e-05 2.22229615e-04
2.39701424e-01 1.14926987e-05 2.22664293e-04
2.40058307e-01 -5.17766991e-06 2.25675276e-04
2.40415186e-01 3.98107851e-05 2.19770999e-04
2.40772061e-01 4.30511870e-04 2.22207578e-04
2.41128933e-01 1.71599662e-04 2.22905470e-04
2.41485800e-01 -4.77949533e-05 2.24996598e-04
2.41842664e-01 -1.00918444e-04 2.28824322e-04
2.42199523e-01 -1.12574208e-05 2.20583653e-04
2.42556379e-01 -1.85854107e-04 2.25018846e-04
2.42913230e-01 2.67911542e-04 2.22439606e-04
2.43270078e-01 1.08334987e-04 2.20444025e-04
2.43626922e-01 -7.42820115e-05 2.24547006e-04
2.43983761e-01 -1.76798103e-04 2.21033983e-04
2.44340597e-01 -4.43623422e-05 2.21461810e-04
2.44697429e-01 9.49130702e-06 2.17502764e-04
2.45054256e-01 -2.94774543e-04 2.17234272e-04
2.45411080e-01 -5.57701388e-04 2.13905015e-04
2.45767900e-01 1.75338446e-04 2.13209510e-04
2.46124715e-01 1.47326072e-04 2.20980502e-04
2.46481527e-01 1.05724411e-04 2.20359913e-04
2.46838334e-01 -1.73041184e-04 2.19188328e-04
2.47195138e-01 1.58644531e-04 2.16265705e-04
2.47551938e-01 -1.93065092e-04 2.18097286e-04
2.47908733e-01 -1.38013760e-04 2.18233303e-04
2.48265524e-01 7.22712368e-05 2.17687118e-04
2.48622312e-01 2.50430279e-04 2.20688157e-04
2.48979095e-01 -3.01093887e-05 2.16929033e-04
2.49335874e-01 2.69730415e-04 2.18894562e-04
2.49692649e-01 -1.61930324e-04 2.18037468e-04
2.50049420e-01 2.40044862e-04 2.16148559e-04
2.50406187e-01 -1.43710224e-04 2.15552900e-04
2.50762950e-01 2.44532833e-04 2.12887567e-04
2.51119709e-01 -1.28912178e-04 2.11672114e-04
2.51476464e-01 1.02530487e-04 2.13570564e-04
2.51833214e-01 -2.53922551e-04 2.13970705e-04
2.52189961e-01 1.86809415e-04 2.13032815e-04
2.52546703e-01 5.13641154e-05 2.13160297e-04
2.52903441e-01 -7.13889229e-05 2.14347326e-04
2.53260175e-01 -1.56354483e-04 2.13646424e-04
2.53616905e-01 8.90297001e-06 2.13789891e-04
2.53973631e-01 -1.70615751e-04 2.11221855e-04
2.54330352e-01 -6.32316032e-06 2.13575091e-04
2.54687070e-01 3.36415998e-04 2.11897198e-04
2.55043783e-01 -2.08641226e-04 2.11351229e-04
2.55400492e-01 4.86299436e-04 2.10066251e-04
2.55757197e-01 5.18285823e-05 2.13769080e-04
2.56113898e-01 2.52245135e-04 2.13362112e-04
2.56470595e-01 1.39711923e-04 2.12921583e-04
2.56827287e-01 3.49858258e-05 2.12585836e-04
2.57183975e-01 3.54330030e-04 2.16604832e-04
2.57540659e-01 -1.72137524e-04 2.12611027e-04
2.57897339e-01 -2.82516277e-05 2.14033376e-04
2.58254014e-01 -1.56224473e-04 2.13291738e-04
2.58610686e-01 3.74706617e-04 2.17995269e-04
2.58967353e-01 -2.51119178e-05 2.14923267e-04
2.59324016e-01 -6.81324016e-05 2.15351305e-04
2.59680674e-01 1.90090924e-04 2.15937984e-04
2.60037329e-01 4.41387408e-04 2.13337745e-04
2.60393979e-01 -1.55856307e-04 2.13574131e-04
2.60750625e-01 4.83878935e-04 2.15281872e-04
2.61107266e-01 4.05508017e-06 2.09050153e-04
2.61463904e-01 -1.31645987e-04 2.18522763e-04
2.61820537e-01 2.42639675e-04 2.21211149e-04
2.62177166e-01 -1.61983914e-06 2.16153950e-04
2.62533790e-01 -7.47915629e-05 2.13623197e-04
2.62890410e-01 1.86847244e-04 2.10922618e-04
2.63247026e-01 3.09653879e-04 2.13824424e-04
2.63603638e-01 5.64602964e-05 2.14342728e-04
2.63960245e-01 -2.55621883e-04 2.17014376e-04
2.64316848e-01 1.08665816e-04 2.15197115e-04
2.64673447e-01 1.29826734e-04 2.12514471e-04
2.65030042e-01 2.25796377e-04 2.13927286e-04
2.65386632e-01 9.51716472e-05 2.13492808e-04
2.65743217e-01 -2.33101700e-05 2.15841447e-04
2.66099799e-01 -3.36963463e-04 2.10320275e-04
2.66456376e-01 1.11724006e-04 2.13487708e-04
2.66812948e-01 -1.14420019e-05 2.18785376e-04
2.67169517e-01 5.09117745e-05 2.16562726e-04
2.67526081e-01 3.75687389e-05 2.18343359e-04
2.67882640e-01 1.13450786e-04 2.17232812e-04
2.68239195e-01 -2.74762231e-04 2.09974356e-04
2.68595746e-01 -1.53592322e-04 2.15173684e-04
2.68952293e-01 -3.43497538e-04 2.11685108e-04
2.69308835e-01 -8.85590873e-05 2.16740779e-04
2.69665372e-01 2.81558016e-04 2.22557587e-04
2.70021906e-01 1.30957198e-04 2.23275764e-04
2.70378435e-01 2.89534856e-04 2.24114208e-04
2.70734959e-01 -1.01344117e-04 2.26728700e-04
2.71091479e-01 -1.76832508e-04 2.21858886e-04
2.71447995e-01 -1.56856463e-04 2.21566910e-04
2.71804506e-01 3.63570216e-05 2.24691789e-04
2.72161012e-01 -7.62716164e-05 2.21470391e-04
2.72517515e-01 -1.15647794e-04 2.17612944e-04
2.72874012e-01 -1.94527977e-04 2.28089561e-04
