1.54026655e-02 1.10221162e-02 1.78393768e-03
1.57608633e-02 9.86997735e-03 1.63362157e-03
1.61190608e-02 1.05059582e-02 1.62238449e-03
1.64772580e-02 1.05617296e-02 1.44652128e-03
1.68354550e-02 1.04171434e-02 1.43167463e-03
1.71936517e-02 1.16177240e-02 1.49334087e-03
1.75518481e-02 1.18203061e-02 1.35100863e-03
1.79100442e-02 9.81079573e-03 1.28073323e-03
1.82682400e-02 1.24977746e-02 1.27222038e-03
1.86264355e-02 1.15690207e-02 1.24320676e-03
1.89846308e-02 1.02351831e-02 1.22858175e-03
1.93428257e-02 1.18320196e-02 1.16879098e-03
1.97010202e-02 1.18651400e-02 1.20504103e-03
2.00592145e-02 1.12692300e-02 1.15085311e-03
2.04174084e-02 1.10861848e-02 1.17025619e-03
2.07756020e-02 1.01433774e-02 1.19994193e-03
2.11337953e-02 1.30182104e-02 1.13078934e-03
2.14919882e-02 1.16924368e-02 1.12268166e-03
2.18501808e-02 1.28423920e-02 1.09174403e-03
2.22083729e-02 1.21218917e-02 1.07682985e-03
2.25665648e-02 1.41619250e-02 1.05313090e-03
2.29247562e-02 1.01987807e-02 9.98830345e-04
2.32829473e-02 1.00658774e-02 9.81779060e-04
2.36411380e-02 1.24531593e-02 1.05502542e-03
2.39993283e-02 1.11127647e-02 9.39174463e-04
2.43575182e-02 1.11915768e-02 9.33873735e-04
2.47157077e-02 1.23016300e-02 8.43879020e-04
2.50738968e-02 1.17433004e-02 8.98906870e-04
2.54320855e-02 1.13420712e-02 8.98294952e-04
2.57902738e-02 1.19584417e-02 9.46323702e-04
2.61484617e-02 1.09239111e-02 9.15731488e-04
2.65066491e-02 1.24178890e-02 9.13232442e-04
2.68648361e-02 1.32817797e-02 9.38189593e-04
2.72230226e-02 1.17581938e-02 8.48100482e-04
2.75812087e-02 1.13487192e-02 8.73880450e-04
2.79393943e-02 1.18024608e-02 8.65946484e-04
2.82975795e-02 1.07580125e-02 8.23953642e-04
2.86557642e-02 1.20263740e-02 9.06672332e-04
2.90139485e-02 1.15637465e-02 9.20400716e-04
2.93721323e-02 1.11140023e-02 8.87974895e-04
2.97303155e-02 1.12166210e-02 8.62293954e-04
3.00884983e-02 1.10692264e-02 8.49601400e-04
3.04466806e-02 1.09323043e-02 8.58279433e-04
3.08048624e-02 1.21459936e-02 8.50150111e-04
3.11630437e-02 1.04370538e-02 9.14170246e-04
3.15212245e-02 1.10305102e-02 8.07377784e-04
3.18794048e-02 1.20509263e-02 8.45987329e-04
3.22375845e-02 1.12561190e-02 8.51426207e-04
3.25957637e-02 1.18541926e-02 9.30881415e-04
3.29539424e-02 1.00911020e-02 8.55611387e-04
3.33121205e-02 1.17027314e-02 8.45146787e-04
3.36702981e-02 1.21201239e-02 8.69077088e-04
3.40284751e-02 1.23062319e-02 8.58181025e-04
3.43866516e-02 1.07315070e-02 8.41897254e-04
3.47448275e-02 1.21588997e-02 8.15524437e-04
3.51030028e-02 1.21792031e-02 8.17365734e-04
3.54611775e-02 1.10387616e-02 8.04005101e-04
3.58193517e-02 1.08419672e-02 7.63223751e-04
3.61775253e-02 1.04739100e-02 7.42743192e-04
3.65356983e-02 1.10081815e-02 7.78745134e-04
3.68938706e-02 1.00887624e-02 7.70736706e-04
3.72520424e-02 1.01511266e-02 7.81100291e-04
3.76102136e-02 1.13062553e-02 7.83668658e-04
3.79683841e-02 1.13116518e-02 7.25573519e-04
3.83265540e-02 9.85297241e-03 7.39499468e-04
3.86847233e-02 8.97863163e-03 7.26516763e-04
3.90428920e-02 1.06365633e-02 7.66323440e-04
3.94010600e-02 1.05516615e-02 7.29348122e-04
3.97592273e-02 1.12044601e-02 7.15216655e-04
4.01173941e-02 9.59721621e-03 6.96511212e-04
4.04755601e-02 1.03355936e-02 7.06449906e-04
4.08337255e-02 9.94960367e-03 6.97805572e-04
4.11918902e-02 9.59086811e-03 6.64738862e-04
4.15500542e-02 9.99510631e-03 6.71192232e-04
4.19082176e-02 9.98478442e-03 7.22377081e-04
4.22663802e-02 1.03443271e-02 7.15053855e-04
4.26245422e-02 1.03272461e-02 6.74006202e-04
4.29827034e-02 8.55435725e-03 7.01942727e-04
4.33408640e-02 1.03289761e-02 6.99827681e-04
4.36990238e-02 9.02483247e-03 7.32979276e-04
4.40571830e-02 9.25294134e-03 6.73460598e-04
4.44153414e-02 9.02517872e-03 6.69495682e-04
4.47734990e-02 9.14168927e-03 6.69283960e-04
4.51316560e-02 1.02349340e-02 6.94828734e-04
4.54898122e-02 9.90231053e-03 6.92056755e-04
4.58479676e-02 9.33131084e-03 6.80170369e-04
4.62061223e-02 8.76082877e-03 7.02323526e-04
4.65642762e-02 1.01560399e-02 6.71932476e-04
4.69224294e-02 8.57508850e-03 6.58934924e-04
4.72805818e-02 1.00956757e-02 7.06534723e-04
4.76387334e-02 7.95851739e-03 7.30358959e-04
4.79968842e-02 9.43122839e-03 6.86804755e-04
4.83550342e-02 8.27325085e-03 6.88159638e-04
4.87131835e-02 8.94641808e-03 6.69244212e-04
4.90713319e-02 8.84798655e-03 6.35365872e-04
4.94294795e-02 9.52302817e-03 6.53968294e-04
4.97876264e-02 9.61319449e-03 6.46997454e-04
5.01457724e-02 8.97580724e-03 6.38027312e-04
5.05039175e-02 8.29879216e-03 6.27176176e-04
5.08620619e-02 8.29266715e-03 6.16665017e-04
5.12202054e-02 8.70214158e-03 6.40741403e-04
5.15783481e-02 8.94143937e-03 6.13067079e-04
5.19364899e-02 8.74903318e-03 6.15955733e-04
5.22946308e-02 8.29384900e-03 6.13982852e-04
5.26527709e-02 7.42068894e-03 5.85684551e-04
5.30109102e-02 8.06729181e-03 6.16885697e-04
5.33690485e-02 7.23019483e-03 5.82757912e-04
5.37271860e-02 7.29618102e-03 6.13589160e-04
5.40853226e-02 8.25195234e-03 5.91330621e-04
5.44434583e-02 7.21079237e-03 5.92045422e-04
5.48015932e-02 7.92363835e-03 6.02842357e-04
5.51597271e-02 8.92418450e-03 5.76863928e-04
5.55178601e-02 8.63570629e-03 5.92989645e-04
5.58759922e-02 8.02992890e-03 5.75120974e-04
5.62341234e-02 6.41061949e-03 5.78514821e-04
5.65922536e-02 8.26472861e-03 5.85288921e-04
5.69503829e-02 7.70404791e-03 5.88810094e-04
5.73085113e-02 7.55687486e-03 5.60144446e-04
5.76666388e-02 6.11019689e-03 5.48935529e-04
5.80247653e-02 7.71004822e-03 5.84588200e-04
5.83828908e-02 6.70985873e-03 5.65157206e-04
5.87410154e-02 7.05395176e-03 5.73746696e-04
5.90991390e-02 5.80348303e-03 5.60004710e-04
5.94572616e-02 7.28292170e-03 5.70874002e-04
5.98153833e-02 7.54550030e-03 5.51480023e-04
6.01735040e-02 7.37124933e-03 5.60694085e-04
6.05316237e-02 6.31729220e-03 5.60575711e-04
6.08897424e-02 5.87565241e-03 5.71815850e-04
6.12478600e-02 6.29251080e-03 5.56722923e-04
6.16059767e-02 6.80588543e-03 5.64163307e-04
6.19640924e-02 6.26286682e-03 5.47220996e-04
6.23222071e-02 6.67707543e-03 5.66427455e-04
6.26803207e-02 6.73826147e-03 5.21253572e-04
6.30384333e-02 6.46980881e-03 5.23123779e-04
6.33965448e-02 6.41782140e-03 5.34859560e-04
6.37546554e-02 7.21982971e-03 5.47792509e-04
6.41127648e-02 6.06325621e-03 5.24320246e-04
6.44708732e-02 5.99446246e-03 5.17370422e-04
6.48289806e-02 6.08981304e-03 5.21959857e-04
6.51870869e-02 6.40151793e-03 5.31589891e-04
6.55451921e-02 6.35061665e-03 5.38916740e-04
6.59032962e-02 5.67938262e-03 5.13241745e-04
6.62613993e-02 5.62664096e-03 5.17361843e-04
6.66195012e-02 6.48797344e-03 5.07290954e-04
6.69776021e-02 5.04611380e-03 5.08341331e-04
6.73357019e-02 5.82192393e-03 4.99854755e-04
6.76938005e-02 6.01830167e-03 5.14973635e-04
6.80518981e-02 6.19525273e-03 4.98409368e-04
6.84099945e-02 6.46608309e-03 4.85539018e-04
6.87680898e-02 5.30765564e-03 4.98545778e-04
6.91261840e-02 5.47461497e-03 4.96801076e-04
6.94842770e-02 6.46219035e-03 4.98180692e-04
6.98423689e-02 6.49672747e-03 4.87804927e-04
7.02004596e-02 5.89733579e-03 5.10323310e-04
7.05585492e-02 5.28754974e-03 5.00261850e-04
7.09166377e-02 5.48098180e-03 5.02872979e-04
7.12747249e-02 5.84306187e-03 5.10286984e-04
7.16328110e-02 4.65296365e-03 4.97619316e-04
7.19908959e-02 5.38636485e-03 5.03255868e-04
7.23489796e-02 4.34707028e-03 4.73243462e-04
7.27070622e-02 5.32210486e-03 4.84438898e-04
7.30651435e-02 4.93314735e-03 4.80226454e-04
7.34232237e-02 5.86011952e-03 4.86859524e-04
7.37813026e-02 4.68248655e-03 4.91686031e-04
7.41393803e-02 4.29152556e-03 4.73509011e-04
7.44974568e-02 4.64637202e-03 4.80011022e-04
7.48555321e-02 4.69992363e-03 4.89935081e-04
7.52136061e-02 4.17784481e-03 4.69933314e-04
7.55716789e-02 5.30279849e-03 4.79311893e-04
7.59297505e-02 4.13371999e-03 4.76084030e-04
7.62878208e-02 5.01697162e-03 4.71090771e-04
7.66458899e-02 3.64362092e-03 4.62536526e-04
7.70039577e-02 4.18671190e-03 4.59146516e-04
7.73620242e-02 3.76372813e-03 4.70610040e-04
7.77200895e-02 4.50306962e-03 4.61332866e-04
7.80781535e-02 4.35189910e-03 4.64165283e-04
7.84362162e-02 4.22873945e-03 4.64370055e-04
7.87942776e-02 4.43180271e-03 4.74183866e-04
7.91523377e-02 4.09455481e-03 4.49460296e-04
7.95103965e-02 4.00688144e-03 4.53701016e-04
7.98684540e-02 4.20877526e-03 4.53962376e-04
8.02265102e-02 3.53363858e-03 4.48165309e-04
8.05845651e-02 3.91176241e-03 4.60416952e-04
8.09426186e-02 3.96211474e-03 4.55264452e-04
8.13006709e-02 4.62114412e-03 4.51591564e-04
8.16587217e-02 4.15345607e-03 4.54104268e-04
8.20167713e-02 3.72649728e-03 4.58538140e-04
8.23748195e-02 3.59476152e-03 4.63696910e-04
8.27328663e-02 4.21650506e-03 4.37573254e-04
8.30909118e-02 3.91325002e-03 4.46159424e-04
8.34489559e-02 4.08644501e-03 4.47222797e-04
8.38069986e-02 3.53888529e-03 4.32845535e-04
8.41650400e-02 4.00819210e-03 4.44948700e-04
8.45230800e-02 3.76495495e-03 4.26831968e-04
8.48811185e-02 3.54417686e-03 4.50867473e-04
8.52391557e-02 2.92341491e-03 4.55206325e-04
8.55971915e-02 4.31146402e-03 4.69064592e-04
8.59552259e-02 3.74172583e-03 4.40702854e-04
8.63132589e-02 3.27394697e-03 4.53898715e-04
8.66712904e-02 3.75145127e-03 4.54598440e-04
8.70293205e-02 3.46051606e-03 4.54710378e-04
8.73873492e-02 2.85503771e-03 4.40417562e-04
8.77453765e-02 2.60044467e-03 4.38998718e-04
8.81034023e-02 3.56874233e-03 4.31184068e-04
8.84614267e-02 3.32791272e-03 4.34636155e-04
8.88194496e-02 2.44076063e-03 4.23147465e-04
8.91774710e-02 3.33970277e-03 4.41619074e-04
8.95354910e-02 2.67321704e-03 4.38255703e-04
8.98935095e-02 3.83606587e-03 4.33914932e-04
9.02515266e-02 3.28801619e-03 4.44393778e-04
9.06095421e-02 1.81660748e-03 4.30366149e-04
9.09675562e-02 2.79979814e-03 4.54371121e-04
9.13255687e-02 3.87361784e-03 4.45426759e-04
9.16835798e-02 3.34361701e-03 4.48899218e-04
9.20415894e-02 3.34488640e-03 4.52944131e-04
9.23995974e-02 2.59223550e-03 4.41831293e-04
9.27576039e-02 2.75254671e-03 4.38257879e-04
9.31156089e-02 3.34557645e-03 4.25976698e-04
9.34736124e-02 2.83575671e-03 4.34012230e-04
9.38316143e-02 2.61056879e-03 4.26694991e-04
9.41896147e-02 2.62906025e-03 4.15779565e-04
9.45476136e-02 1.93503767e-03 4.09042486e-04
9.49056108e-02 2.06832226e-03 4.13542015e-04
9.52636066e-02 1.97373893e-03 4.26370903e-04
9.56216007e-02 2.22121004e-03 4.18794677e-04
9.59795933e-02 3.13231477e-03 4.13306664e-04
9.63375843e-02 2.39009714e-03 4.10892232e-04
9.66955738e-02 2.54145069e-03 4.06332476e-04
9.70535616e-02 2.86743106e-03 4.12150322e-04
9.74115478e-02 2.09349343e-03 4.12790452e-04
9.77695325e-02 2.63114272e-03 4.15106399e-04
9.81275155e-02 2.86768855e-03 4.10737811e-04
9.84854969e-02 1.85640371e-03 4.03771380e-04
9.88434768e-02 2.38497461e-03 4.11005967e-04
9.92014549e-02 1.98440145e-03 4.21979318e-04
9.95594315e-02 1.97266104e-03 4.10233360e-04
9.99174064e-02 1.59470023e-03 3.95993018e-04
1.00275380e-01 1.67167951e-03 4.07242415e-04
1.00633351e-01 1.37040349e-03 4.02181100e-04
1.00991321e-01 2.30090652e-03 3.98641272e-04
1.01349290e-01 1.96468505e-03 3.91822866e-04
1.01707256e-01 2.10634684e-03 3.96103631e-04
1.02065221e-01 1.59364473e-03 3.95692849e-04
1.02423184e-01 1.81559282e-03 3.86310788e-04
1.02781146e-01 1.16884256e-03 3.94288210e-04
1.03139106e-01 2.12767817e-03 3.99451407e-04
1.03497064e-01 1.67732433e-03 3.96166880e-04
1.03855021e-01 2.10260716e-03 4.01892419e-04
1.04212976e-01 2.00123797e-03 3.79395138e-04
1.04570929e-01 1.58860003e-03 3.89190181e-04
1.04928880e-01 1.65964642e-03 3.97503803e-04
1.05286830e-01 1.66047468e-03 3.98757431e-04
1.05644778e-01 1.77074291e-03 4.03116913e-04
1.06002724e-01 1.09699676e-03 4.00192293e-04
1.06360668e-01 1.58476654e-03 4.01804721e-04
1.06718611e-01 1.13276922e-03 3.98367340e-04
1.07076552e-01 1.92459108e-03 4.20612849e-04
1.07434491e-01 2.11407061e-03 4.06256402e-04
1.07792429e-01 1.91878647e-03 3.99439562e-04
1.08150364e-01 2.08294407e-03 4.05173467e-04
1.08508298e-01 1.70491412e-03 4.09231520e-04
1.08866230e-01 1.56365040e-03 4.03010938e-04
1.09224160e-01 1.47805178e-03 3.94167260e-04
1.09582089e-01 1.03568359e-03 3.97879143e-04
1.09940016e-01 1.08525343e-03 3.98513689e-04
1.10297941e-01 1.50090717e-03 4.02949290e-04
1.10655864e-01 1.37795102e-03 3.86443362e-04
1.11013785e-01 9.79914317e-04 3.89958961e-04
1.11371704e-01 6.89409533e-04 3.84199409e-04
1.11729622e-01 1.08029207e-03 3.91658445e-04
1.12087538e-01 1.40589129e-03 3.80359163e-04
1.12445452e-01 1.29768122e-03 3.91896528e-04
1.12803364e-01 1.20046506e-03 3.82157196e-04
1.13161274e-01 1.35165032e-03 3.80365724e-04
1.13519182e-01 2.10089687e-03 3.82402085e-04
1.13877089e-01 1.75270233e-03 3.86667168e-04
1.14234994e-01 1.60784982e-03 3.76576900e-04
1.14592896e-01 1.74496130e-03 3.63377761e-04
1.14950797e-01 1.39189149e-03 3.75642681e-04
1.15308696e-01 9.94551884e-04 3.78353262e-04
1.15666593e-01 1.35227933e-03 3.67794213e-04
1.16024488e-01 1.32531226e-03 3.74745361e-04
1.16382382e-01 9.16397508e-04 3.72682991e-04
1.16740273e-01 9.00758845e-04 3.74705648e-04
1.17098163e-01 9.16887182e-04 3.70592333e-04
1.17456050e-01 1.84962588e-03 3.82907488e-04
1.17813936e-01 1.54751075e-03 3.72860528e-04
1.18171819e-01 1.02863506e-03 3.67566522e-04
1.18529701e-01 6.82867468e-04 3.73633335e-04
1.18887581e-01 8.73709318e-04 3.74583348e-04
1.19245459e-01 9.74040495e-04 3.76121431e-04
1.19603335e-01 3.01939181e-04 3.83316934e-04
1.19961208e-01 1.12861461e-03 3.73760315e-04
1.20319080e-01 1.04451810e-03 3.80054793e-04
1.20676950e-01 1.04600072e-03 3.78148868e-04
1.21034818e-01 8.93399281e-04 3.78291995e-04
1.21392684e-01 5.39469208e-04 3.76073811e-04
1.21750548e-01 7.71086104e-04 3.69505503e-04
1.22108410e-01 2.61194309e-04 3.78763360e-04
1.22466270e-01 3.71719792e-04 3.79940651e-04
1.22824128e-01 1.25922698e-03 3.75004374e-04
1.23181984e-01 1.66345895e-03 3.83247666e-04
1.23539838e-01 9.10824100e-04 3.81921223e-04
1.23897690e-01 4.35448752e-04 3.76742141e-04
1.24255540e-01 2.67425223e-04 3.71815190e-04
1.24613388e-01 1.57207642e-03 3.61028569e-04
1.24971233e-01 1.26641072e-03 3.65848312e-04
1.25329077e-01 1.18934418e-03 3.78523581e-04
1.25686919e-01 8.73207163e-04 3.73247521e-04
1.26044758e-01 3.25863764e-04 3.53457165e-04
1.26402596e-01 6.63691630e-04 3.62735909e-04
1.26760431e-01 1.24077897e-03 3.65372238e-04
1.27118265e-01 7.03854440e-04 3.61723057e-04
1.27476096e-01 1.13650790e-03 3.52554465e-04
1.27833925e-01 1.05744917e-03 3.59316020e-04
1.28191752e-01 7.23062494e-04 3.58163672e-04
1.28549577e-01 1.26177135e-03 3.52607203e-04
1.28907400e-01 1.11237633e-03 3.54696778e-04
1.29265221e-01 9.70897901e-04 3.47306133e-04
1.29623040e-01 8.69416999e-04 3.54985578e-04
1.29980856e-01 6.46538045e-04 3.53599245e-04
1.30338670e-01 8.85862883e-04 3.57196840e-04
1.30696483e-01 8.50443180e-04 3.46612992e-04
1.31054293e-01 8.77386452e-04 3.55423298e-04
1.31412101e-01 7.14517524e-04 3.57213083e-04
1.31769906e-01 6.56672779e-04 3.50685188e-04
1.32127710e-01 1.37766853e-03 3.50837719e-04
1.32485511e-01 5.46745337e-04 3.53409767e-04
1.32843311e-01 5.06555538e-04 3.51606238e-04
1.33201108e-01 9.38683579e-04 3.47083195e-04
1.33558903e-01 3.53548407e-04 3.45294601e-04
1.33916695e-01 6.85682307e-04 3.38385530e-04
1.34274486e-01 9.02356326e-04 3.42260053e-04
1.34632274e-01 1.15730712e-03 3.45682809e-04
1.34990060e-01 9.41415872e-04 3.40421663e-04
1.35347844e-01 5.02965749e-04 3.45498345e-04
1.35705626e-01 4.15164980e-04 3.32606217e-04
1.36063405e-01 7.92758920e-04 3.33387833e-04
1.36421182e-01 6.57714824e-04 3.41783989e-04
1.36778957e-01 1.71530422e-04 3.36183842e-04
1.37136730e-01 4.62967854e-04 3.26314959e-04
1.37494500e-01 3.10390213e-04 3.46472416e-04
1.37852269e-01 4.47311854e-04 3.39305911e-04
1.38210034e-01 5.26735120e-05 3.32183853e-04
1.38567798e-01 -5.18111304e-04 3.35192078e-04
1.38925559e-01 5.70652691e-04 3.42235811e-04
1.39283319e-01 5.09411052e-04 3.28109002e-04
1.39641075e-01 1.28972011e-04 3.23050432e-04
1.39998830e-01 6.80397654e-04 3.31276986e-04
1.40356582e-01 5.78602704e-04 3.30502757e-04
1.40714332e-01 3.29997868e-04 3.27007442e-04
1.41072080e-01 6.93313122e-04 3.27931939e-04
1.41429825e-01 8.63041848e-04 3.31567423e-04
1.41787568e-01 4.88669348e-04 3.28161911e-04
1.42145308e-01 8.37169185e-04 3.31188037e-04
1.42503047e-01 6.08569424e-04 3.30421837e-04
1.42860783e-01 9.12970037e-05 3.26407742e-04
1.43218516e-01 3.60602164e-04 3.22834143e-04
1.43576247e-01 4.52222245e-04 3.20604531e-04
1.43933976e-01 5.07586981e-04 3.25747122e-04
1.44291703e-01 1.05905851e-03 3.22904853e-04
1.44649427e-01 5.57597109e-04 3.24843525e-04
1.45007149e-01 1.79393648e-04 3.26231978e-04
1.45364868e-01 5.17368419e-04 3.25508185e-04
1.45722585e-01 4.96070152e-04 3.10750752e-04
1.46080300e-01 7.48538172e-05 3.22018534e-04
1.46438012e-01 2.53045953e-04 3.12395356e-04
1.46795722e-01 1.62139846e-04 3.24484248e-04
1.47153429e-01 4.23411322e-04 3.24940537e-04
1.47511134e-01 1.60953143e-04 3.23929208e-04
1.47868837e-01 2.54757664e-04 3.25205539e-04
1.48226537e-01 4.72510807e-04 3.23284559e-04
1.48584235e-01 4.11558073e-04 3.17415070e-04
1.48941930e-01 2.00671351e-04 3.19647238e-04
1.49299623e-01 1.47141643e-04 3.12461079e-04
1.49657313e-01 3.25668111e-05 3.12581644e-04
1.50015001e-01 -4.21467097e-04 3.26241742e-04
1.50372687e-01 2.01763113e-04 3.14248486e-04
1.50730370e-01 2.17101088e-04 3.18609952e-04
1.51088050e-01 1.84040552e-04 3.22968701e-04
1.51445728e-01 7.37012512e-05 3.16039132e-04
1.51803404e-01 2.28148042e-04 3.08374668e-04
1.52161077e-01 -2.77171837e-05 3.06905160e-04
1.52518747e-01 6.71865245e-04 3.09675002e-04
1.52876416e-01 2.84900940e-04 3.10345957e-04
1.53234081e-01 1.22324440e-04 3.06618543e-04
1.53591744e-01 5.33783570e-04 3.06450155e-04
1.53949405e-01 6.75868576e-04 3.08110083e-04
1.54307063e-01 4.64680801e-04 3.12003505e-04
1.54664718e-01 7.29357795e-04 3.15602098e-04
1.55022371e-01 1.24628602e-04 3.10066737e-04
1.55380021e-01 8.84757524e-04 3.11451509e-04
1.55737669e-01 1.44694972e-04 3.07188860e-04
1.56095314e-01 2.41581030e-04 3.04665298e-04
1.56452957e-01 5.86501054e-04 3.01695357e-04
1.56810597e-01 5.38281974e-04 3.02234310e-04
1.57168235e-01 -1.37916953e-04 3.04849306e-04
1.57525870e-01 -3.55151778e-05 3.00541604e-04
1.57883502e-01 9.07539612e-05 3.08708833e-04
1.58241132e-01 2.04554270e-04 2.96420711e-04
1.58598759e-01 1.52366213e-04 3.03906918e-04
1.58956384e-01 4.69413632e-04 3.01954533e-04
1.59314006e-01 3.38484099e-04 2.98603282e-04
1.59671625e-01 6.74436876e-04 2.98637515e-04
1.60029242e-01 3.77745272e-04 3.02484003e-04
1.60386856e-01 1.80370367e-04 3.03669185e-04
1.60744468e-01 4.32062167e-05 3.07735323e-04
1.61102076e-01 7.72120650e-04 2.96515647e-04
1.61459683e-01 6.42316132e-05 2.91912249e-04
1.61817286e-01 -1.74981443e-04 2.92061893e-04
1.62174887e-01 2.04550412e-04 2.97619227e-04
1.62532485e-01 4.77574208e-04 2.93486529e-04
1.62890081e-01 1.16482059e-04 3.00009546e-04
1.63247674e-01 -5.31631562e-05 2.88290488e-04
1.63605264e-01 -8.84482656e-05 3.00581818e-04
1.63962852e-01 -1.16828966e-04 2.96994184e-04
1.64320437e-01 4.26981982e-04 3.00077352e-04
1.64678019e-01 -2.69013107e-05 2.90506338e-04
1.65035598e-01 4.87268510e-05 2.96923787e-04
1.65393175e-01 1.02552698e-03 2.95063114e-04
1.65750749e-01 4.31526092e-04 2.93984678e-04
1.66108320e-01 2.88006900e-04 2.94605624e-04
1.66465889e-01 2.10901802e-04 2.95244719e-04
1.66823455e-01 1.85744773e-04 2.80146625e-04
1.67181018e-01 2.35465898e-05 2.99289418e-04
1.67538578e-01 7.59613965e-04 2.89884200e-04
1.67896136e-01 3.89123447e-04 2.94395905e-04
1.68253691e-01 2.56167278e-04 2.88830674e-04
1.68611243e-01 2.54973113e-05 2.78906091e-04
1.68968792e-01 5.59136817e-04 2.95322576e-04
1.69326339e-01 3.41150649e-04 2.87375266e-04
1.69683883e-01 5.46610510e-05 2.86804666e-04
1.70041424e-01 3.68517551e-04 2.89721059e-04
1.70398962e-01 -1.51684893e-04 2.87095215e-04
1.70756497e-01 2.18379451e-04 2.87917388e-04
1.71114030e-01 3.16184130e-04 2.88097214e-04
1.71471560e-01 3.30582349e-04 2.86647839e-04
1.71829087e-01 3.91779265e-04 2.89273302e-04
1.72186611e-01 -2.71140914e-04 2.87807515e-04
1.72544132e-01 1.68255173e-04 2.84997802e-04
1.72901651e-01 4.39068917e-04 2.80060105e-04
1.73259167e-01 5.65954655e-04 2.85931214e-04
1.73616679e-01 1.36442801e-04 2.91515409e-04
1.73974189e-01 3.28717091e-04 2.79479842e-04
1.74331697e-01 4.16199889e-04 2.83997655e-04
1.74689201e-01 3.82354414e-04 2.88954744e-04
1.75046702e-01 -9.33463632e-05 2.76095276e-04
1.75404201e-01 -6.27443161e-05 2.88295554e-04
1.75761697e-01 1.29962215e-04 2.79321179e-04
1.76119189e-01 -1.35460127e-04 2.82215331e-04
1.76476679e-01 -2.90310927e-04 2.81277577e-04
1.76834166e-01 -8.52500489e-05 2.75147924e-04
1.77191650e-01 2.27976353e-05 2.82244651e-04
1.77549132e-01 6.44831427e-04 2.76933898e-04
1.77906610e-01 3.78329947e-06 2.77440648e-04
1.78264085e-01 2.74743479e-04 2.79854663e-04
1.78621558e-01 4.10850394e-05 2.78550109e-04
1.78979027e-01 4.97584831e-04 2.77690106e-04
1.79336494e-01 6.88039266e-04 2.79038829e-04
1.79693958e-01 6.48964244e-04 2.73324773e-04
1.80051418e-01 7.61916324e-04 2.78388328e-04
1.80408876e-01 1.62537139e-04 2.74788211e-04
1.80766331e-01 2.05531700e-05 2.78087825e-04
1.81123783e-01 -4.20092880e-05 2.84291056e-04
1.81481232e-01 -2.74118388e-04 2.84237631e-04
1.81838677e-01 1.22957648e-05 2.93605704e-04
1.82196120e-01 -1.23097540e-04 2.82621917e-04
1.82553560e-01 2.57773186e-06 2.88398584e-04
1.82910997e-01 8.88434788e-05 2.88246875e-04
1.83268431e-01 -9.00084545e-05 2.81273015e-04
1.83625862e-01 3.26390898e-04 2.84518443e-04
1.83983290e-01 3.26324357e-04 2.81416307e-04
1.84340715e-01 -2.23438777e-04 2.86685461e-04
1.84698137e-01 -4.04700398e-04 2.87040703e-04
1.85055556e-01 -1.33637531e-04 2.80386212e-04
1.85412971e-01 -3.59834356e-04 2.84070765e-04
1.85770384e-01 1.02117692e-04 2.86120007e-04
1.86127794e-01 -6.71520107e-06 2.86620832e-04
1.86485200e-01 -3.12197447e-04 2.76418400e-04
1.86842604e-01 -2.83298064e-04 2.80578424e-04
1.87200005e-01 2.13128793e-04 2.78461119e-04
1.87557402e-01 4.29702541e-04 2.77893313e-04
1.87914797e-01 -3.86788690e-05 2.78729737e-04
1.88272188e-01 -2.09487782e-04 2.69003794e-04
1.88629576e-01 -8.04142780e-05 2.75929196e-04
1.88986961e-01 2.62542823e-04 2.76476402e-04
1.89344343e-01 -1.97840010e-04 2.78044034e-04
1.89701722e-01 4.40276031e-04 2.73604038e-04
1.90059098e-01 1.77673922e-04 2.71662032e-04
1.90416471e-01 1.45762300e-04 2.74613136e-04
1.90773840e-01 1.73639355e-04 2.74775735e-04
1.91131207e-01 1.25902138e-04 2.69617588e-04
1.91488570e-01 -6.16388673e-05 2.74404462e-04
1.91845930e-01 4.90841040e-04 2.70020174e-04
1.92203287e-01 6.49969187e-04 2.74480311e-04
1.92560641e-01 -1.14832205e-04 2.69862609e-04
1.92917992e-01 -1.18038863e-04 2.70329375e-04
1.93275340e-01 4.12954429e-04 2.67898840e-04
1.93632684e-01 3.06496624e-04 2.76063976e-04
1.93990025e-01 -7.85815672e-05 2.68852983e-04
1.94347363e-01 -2.25718220e-04 2.70313659e-04
1.94704698e-01 1.06082096e-04 2.68250362e-04
1.95062030e-01 -1.26031165e-04 2.72853219e-04
1.95419358e-01 -4.85970202e-04 2.73801428e-04
1.95776684e-01 -1.56246822e-04 2.73616852e-04
1.96134006e-01 -2.53622457e-04 2.68396241e-04
1.96491324e-01 1.60500621e-04 2.67006085e-04
1.96848640e-01 7.01333576e-05 2.68417381e-04
1.97205953e-01 -3.40535007e-04 2.73765806e-04
1.97563262e-01 1.73283142e-04 2.69304903e-04
1.97920568e-01 4.21136883e-05 2.73211580e-04
1.98277870e-01 6.84000719e-05 2.74388109e-04
1.98635170e-01 -2.44567718e-04 2.74816181e-04
1.98992466e-01 -8.78423397e-05 2.76698697e-04
1.99349759e-01 7.55207100e-05 2.73642470e-04
1.99707049e-01 -7.48130733e-05 2.71013633e-04
2.00064335e-01 -3.05878435e-04 2.70575793e-04
2.00421618e-01 -9.10763285e-05 2.69069151e-04
2.00778898e-01 -3.69168059e-04 2.66614388e-04
2.01136174e-01 3.69871415e-04 2.65447481e-04
2.01493448e-01 9.52514047e-05 2.60393134e-04
2.01850718e-01 1.46270443e-04 2.63579640e-04
2.02207984e-01 2.71223960e-04 2.66738807e-04
2.02565248e-01 -4.73062903e-05 2.63359405e-04
2.02922508e-01 -3.99359735e-04 2.62468768e-04
2.03279764e-01 -7.32297302e-05 2.62552363e-04
2.03637018e-01 7.42829611e-05 2.61551834e-04
2.03994268e-01 2.14742623e-05 2.61827749e-04
2.04351514e-01 4.35670666e-04 2.64848398e-04
2.04708758e-01 1.13641550e-04 2.61241012e-04
2.05065998e-01 -2.02658283e-04 2.53782635e-04
2.05423234e-01 -2.16275047e-04 2.56900658e-04
2.05780467e-01 2.95014136e-04 2.63241866e-04
2.06137697e-01 -1.21723079e-04 2.52982178e-04
2.06494924e-01 2.06906242e-04 2.53379035e-04
2.06852147e-01 1.84128482e-04 2.60947776e-04
2.07209367e-01 2.77579801e-04 2.62705672e-04
2.07566583e-01 -3.12923123e-04 2.55542086e-04
2.07923796e-01 -2.73073971e-04 2.53930469e-04
2.08281005e-01 2.70198392e-04 2.54697983e-04
2.08638211e-01 1.66376492e-04 2.55967163e-04
2.08995414e-01 -2.99043885e-04 2.57573006e-04
2.09352613e-01 -2.11986920e-05 2.51065210e-04
2.09709809e-01 -3.59885383e-04 2.51206061e-04
2.10067002e-01 -1.76536576e-05 2.55554388e-04
2.10424191e-01 -3.87121923e-04 2.56714694e-04
2.10781376e-01 2.22521239e-04 2.53891907e-04
2.11138558e-01 1.67284000e-04 2.56008419e-04
2.11495737e-01 -7.62462098e-05 2.46558012e-04
2.11852912e-01 4.25977072e-05 2.50962177e-04
2.12210084e-01 -1.39331748e-04 2.49423808e-04
2.12567252e-01 1.80502190e-04 2.54555027e-04
2.12924416e-01 3.20306416e-04 2.47738133e-04
2.13281578e-01 -1.92896444e-04 2.46232552e-04
2.13638735e-01 -2.33053844e-04 2.49352179e-04
2.13995890e-01 9.87783325e-05 2.46238277e-04
2.14353040e-01 -3.69978964e-06 2.44057476e-04
2.14710188e-01 3.22241430e-04 2.47366834e-04
2.15067331e-01 4.29838880e-04 2.49599552e-04
2.15424471e-01 3.63610078e-04 2.47598399e-04
2.15781608e-01 -5.48385877e-04 2.42429615e-04
2.16138741e-01 2.49864080e-04 2.41008660e-04
2.16495871e-01 -1.31034120e-04 2.44619128e-04
2.16852997e-01 -2.30622956e-05 2.47745175e-04
2.17210119e-01 4.92403082e-05 2.45600897e-04
2.17567238e-01 -2.66525193e-04 2.41969567e-04
2.17924354e-01 -3.38783780e-04 2.44339025e-04
2.18281465e-01 2.17821964e-04 2.46581446e-04
2.18638574e-01 2.18202326e-04 2.47468823e-04
2.18995678e-01 2.65516859e-04 2.39868437e-04
2.19352779e-01 2.69367645e-05 2.45862907e-04
2.19709877e-01 1.14038421e-04 2.43361337e-04
2.20066971e-01 -6.14833211e-05 2.38544184e-04
2.20424061e-01 2.05234208e-04 2.44928251e-04
2.20781147e-01 7.67854862e-05 2.41169196e-04
2.21138230e-01 1.11723898e-04 2.42062622e-04
2.21495310e-01 5.04495873e-06 2.39248785e-04
2.21852386e-01 -9.17749608e-05 2.37307739e-04
2.22209458e-01 2.05251655e-04 2.37658598e-04
2.22566526e-01 -4.61625834e-04 2.37070172e-04
2.22923591e-01 1.83829451e-04 2.38157058e-04
2.23280652e-01 -2.26699155e-04 2.37288848e-04
2.23637710e-01 -2.03832675e-04 2.39558320e-04
2.23994764e-01 1.87895483e-04 2.33365634e-04
2.24351814e-01 3.24627556e-05 2.36176689e-04
2.24708861e-01 -1.15796454e-04 2.39013978e-04
2.25065904e-01 2.20820005e-04 2.34564014e-04
2.25422943e-01 1.45719632e-04 2.37005896e-04
2.25779978e-01 -3.47329539e-04 2.38429811e-04
2.26137010e-01 4.19266695e-05 2.37605550e-04
2.26494038e-01 -1.32832156e-04 2.40456419e-04
2.26851063e-01 -2.39302069e-04 2.36419161e-04
2.27208083e-01 1.02395098e-04 2.37135062e-04
2.27565100e-01 1.83155195e-05 2.35250826e-04
2.27922114e-01 2.28537738e-04 2.37717038e-04
2.28279123e-01 1.89912520e-04 2.37478239e-04
2.28636129e-01 4.01026850e-06 2.34273039e-04
2.28993131e-01 4.75120697e-04 2.36703626e-04
2.29350129e-01 9.66794188e-05 2.33930522e-04
2.29707124e-01 -6.23862101e-05 2.34243051e-04
2.30064115e-01 3.69969765e-05 2.33265197e-04
2.30421102e-01 -6.68390963e-05 2.36132040e-04
2.30778085e-01 -4.80558342e-04 2.28382256e-04
2.31135064e-01 -2.04138680e-04 2.34666525e-04
2.31492040e-01 -2.00170740e-04 2.32035936e-04
2.31849012e-01 -2.61012419e-04 2.31850471e-04
2.32205980e-01 1.46943193e-04 2.30448752e-04
2.32562944e-01 2.42380835e-04 2.31352940e-04
2.32919905e-01 5.39759508e-05 2.35169820e-04
2.33276862e-01 8.35830605e-05 2.31622317e-04
2.33633814e-01 5.94150829e-05 2.26056003e-04
2.33990763e-01 -9.85504120e-05 2.30651285e-04
2.34347709e-01 9.39589820e-05 2.32055441e-04
2.34704650e-01 3.15965425e-04 2.30372901e-04
2.35061588e-01 9.76484235e-05 2.31852931e-04
2.35418521e-01 2.24872818e-04 2.33809145e-04
2.35775451e-01 -1.78405853e-04 2.26837946e-04
2.36132377e-01 9.51852973e-05 2.27933704e-04
2.36489299e-01 3.64815267e-05 2.29367322e-04
2.36846218e-01 1.63070495e-04 2.27534900e-04
2.37203132e-01 -3.60090772e-05 2.29428269e-04
2.37560042e-01 -1.50472288e-04 2.22081876e-04
2.37916949e-01 2.44540119e-04 2.22970286e-04
2.38273852e-01 1.66349215e-05 2.23558164e-04
2.38630751e-01 1.06229866e-04 2.25602067e-04
2.38987645e-01 4.38053743e-05 2.26510859e-04
2.39344537e-01 3.32140590e-04 2.25938728e-04
2.39701424e-01 1.24898253e-04 2.26232433e-04
2.40058307e-01 -1.92016634e-04 2.18964155e-04
2.40415186e-01 1.47552013e-04 2.20280642e-04
2.40772061e-01 1.55856993e-04 2.22107727e-04
2.41128933e-01 3.20133070e-07 2.25828116e-04
2.41485800e-01 2.79442356e-05 2.18869445e-04
2.41842664e-01 4.33003248e-05 2.26795979e-04
2.42199523e-01 5.53117927e-04 2.23245963e-04
2.42556379e-01 7.05902004e-04 2.25857369e-04
2.42913230e-01 2.44882383e-04 2.22461042e-04
2.43270078e-01 -5.31381030e-04 2.19607341e-04
2.43626922e-01 2.04416350e-05 2.25257798e-04
2.43983761e-01 -8.71240341e-05 2.23334445e-04
2.44340597e-01 -1.34111454e-05 2.20075164e-04
2.44697429e-01 2.88487148e-04 2.16611460e-04
2.45054256e-01 -1.38341543e-04 2.20956934e-04
2.45411080e-01 -1.59958787e-05 2.20219854e-04
2.45767900e-01 4.05534799e-04 2.19413878e-04
2.46124715e-01 1.62307449e-04 2.17050608e-04
2.46481527e-01 1.96937431e-04 2.17151972e-04
2.46838334e-01 -1.24375191e-04 2.15483435e-04
2.47195138e-01 -1.87169952e-04 2.15933225e-04
2.47551938e-01 2.43411274e-04 2.19694584e-04
2.47908733e-01 1.91616925e-04 2.19846284e-04
2.48265524e-01 1.29115187e-05 2.17383394e-04
2.48622312e-01 -4.66520494e-04 2.17037529e-04
2.48979095e-01 -1.57646022e-04 2.18551880e-04
2.49335874e-01 -2.36749900e-04 2.16691189e-04
2.49692649e-01 2.00782129e-04 2.17172373e-04
2.50049420e-01 2.97041601e-04 2.13106927e-04
2.50406187e-01 2.64296181e-04 2.13810834e-04
2.50762950e-01 -2.13738663e-05 2.16163071e-04
2.51119709e-01 -2.34348079e-04 2.13059051e-04
2.51476464e-01 -2.16841662e-04 2.12018899e-04
2.51833214e-01 9.43035396e-05 2.15543072e-04
2.52189961e-01 1.97613500e-04 2.17173638e-04
2.52546703e-01 2.27352545e-05 2.14870566e-04
2.52903441e-01 -1.15034219e-04 2.09152600e-04
2.53260175e-01 6.24694959e-05 2.15073299e-04
2.53616905e-01 5.36311754e-05 2.10117852e-04
2.53973631e-01 7.00088917e-05 2.13131741e-04
2.54330352e-01 3.04759072e-04 2.16717656e-04
2.54687070e-01 1.09313667e-05 2.11015053e-04
2.55043783e-01 -1.63308385e-04 2.13275827e-04
2.55400492e-01 -1.57386709e-04 2.10163280e-04
2.55757197e-01 3.06066634e-04 2.11964836e-04
2.56113898e-01 3.64013582e-04 2.14029797e-04
2.56470595e-01 2.21582142e-04 2.15659278e-04
2.56827287e-01 1.91001954e-04 2.16650109e-04
2.57183975e-01 4.84914454e-05 2.10984098e-04
2.57540659e-01 -3.84869860e-04 2.12573803e-04
2.57897339e-01 2.95374310e-04 2.17016804e-04
2.58254014e-01 -1.64058229e-05 2.16505462e-04
2.58610686e-01 1.90012971e-04 2.17838983e-04
2.58967353e-01 3.57196919e-04 2.16597838e-04
2.59324016e-01 3.18759277e-04 2.16308073e-04
2.59680674e-01 -8.99861386e-05 2.14398754e-04
2.60037329e-01 -2.48966726e-05 2.15364908e-04
2.60393979e-01 1.53454947e-04 2.14689996e-04
2.60750625e-01 5.18615958e-06 2.16050045e-04
2.61107266e-01 -7.03581481e-04 2.12855925e-04
2.61463904e-01 2.09614682e-04 2.17247321e-04
2.61820537e-01 -1.28939347e-04 2.14476016e-04
2.62177166e-01 -2.78812394e-04 2.14983008e-04
2.62533790e-01 5.07402511e-04 2.16400665e-04
2.62890410e-01 3.22338974e-04 2.12588772e-04
2.63247026e-01 -4.33916706e-05 2.13746087e-04
2.63603638e-01 2.26428298e-05 2.12247719e-04
2.63960245e-01 1.07749196e-04 2.12477537e-04
2.64316848e-01 -1.31575290e-04 2.14443644e-04
2.64673447e-01 -2.26458059e-05 2.13713561e-04
2.65030042e-01 -1.12571551e-04 2.13731080e-04
2.65386632e-01 7.64185189e-04 2.15282974e-04
2.65743217e-01 2.44467321e-04 2.18037830e-04
2.66099799e-01 -9.14089721e-05 2.12610577e-04
2.66456376e-01 1.22571233e-04 2.17843712e-04
2.66812948e-01 7.99381414e-05 2.17569027e-04
2.67169517e-01 -2.35495201e-05 2.15432136e-04
2.67526081e-01 2.88030645e-04 2.20080202e-04
2.67882640e-01 -1.03565349e-04 2.15089579e-04
2.68239195e-01 1.74848451e-05 2.11776570e-04
2.68595746e-01 2.93645238e-04 2.16029694e-04
2.68952293e-01 -3.74249021e-04 2.14362235e-04
2.69308835e-01 -2.86386240e-04 2.19273530e-04
2.69665372e-01 8.45252107e-05 2.20413924e-04
2.70021906e-01 -1.93573961e-04 2.20668480e-04
2.70378435e-01 2.49292043e-04 2.23155913e-04
2.70734959e-01 8.98221541e-06 2.22538825e-04
2.71091479e-01 3.07768182e-04 2.22300131e-04
2.71447995e-01 -8.19276038e-05 2.27394403e-04
2.71804506e-01 3.14329544e-04 2.20656514e-04
2.72161012e-01 2.55292519e-04 2.24634275e-04
2.72517515e-01 3.00543128e-04 2.22239381e-04
2.72874012e-01 -2.44245968e-04 2.24248414e-04
