1.54026655e-02 -2.93441202e-04 1.75210267e-03
1.57608633e-02 3.53440956e-04 1.75383479e-03
1.61190608e-02 1.23092837e-03 1.60901328e-03
1.64772580e-02 1.20988101e-03 1.56298995e-03
1.68354550e-02 9.99269488e-05 1.39550683e-03
1.71936517e-02 2.15344829e-03 1.32822745e-03
1.75518481e-02 2.61623819e-03 1.29191961e-03
1.79100442e-02 1.90366319e-03 1.25881704e-03
1.82682400e-02 5.38379784e-04 1.22711487e-03
1.86264355e-02 4.76119561e-04 1.18832609e-03
1.89846308e-02 1.06868454e-03 1.18315771e-03
1.93428257e-02 2.11248958e-03 1.07211050e-03
1.97010202e-02 2.27308664e-04 1.08379386e-03
2.00592145e-02 1.66462166e-03 1.11752689e-03
2.04174084e-02 1.25020471e-03 1.10939282e-03
2.07756020e-02 2.63900190e-03 1.07191264e-03
2.11337953e-02 3.77319324e-03 1.03414497e-03
2.14919882e-02 9.98280014e-04 1.07069986e-03
2.18501808e-02 1.55265279e-03 1.00230920e-03
2.22083729e-02 2.84899873e-03 1.01383412e-03
2.25665648e-02 8.95255505e-04 9.93354505e-04
2.29247562e-02 1.63148778e-03 9.54098450e-04
2.32829473e-02 2.12399595e-03 9.72775629e-04
2.36411380e-02 2.70735441e-03 9.62249010e-04
2.39993283e-02 1.71164773e-03 9.36339093e-04
2.43575182e-02 2.15774047e-03 9.17835462e-04
2.47157077e-02 1.97659396e-03 8.77585424e-04
2.50738968e-02 1.36084343e-03 8.75550860e-04
2.54320855e-02 1.04960316e-03 8.44405334e-04
2.57902738e-02 6.96138158e-04 8.02660999e-04
2.61484617e-02 3.02741619e-03 8.50885846e-04
2.65066491e-02 3.46565941e-03 8.32404067e-04
2.68648361e-02 2.03243396e-03 8.01170305e-04
2.72230226e-02 2.20810031e-03 8.43698016e-04
2.75812087e-02 2.92936548e-03 8.18939901e-04
2.79393943e-02 2.53562383e-03 8.40899965e-04
2.82975795e-02 2.09096883e-03 8.07101372e-04
2.86557642e-02 2.24164348e-03 8.57719045e-04
2.90139485e-02 3.28833720e-03 8.08729802e-04
2.93721323e-02 2.26648556e-03 8.61610261e-04
2.97303155e-02 1.43498429e-03 8.22582912e-04
3.00884983e-02 2.07313640e-03 8.52968070e-04
3.04466806e-02 1.67501526e-03 8.24795463e-04
3.08048624e-02 2.50705191e-03 8.07924472e-04
3.11630437e-02 3.77181229e-03 8.41413615e-04
3.15212245e-02 1.87503226e-03 7.97667402e-04
3.18794048e-02 3.50452606e-03 8.27700284e-04
3.22375845e-02 2.11031144e-03 8.17262926e-04
3.25957637e-02 1.59288669e-03 8.00683653e-04
3.29539424e-02 1.58566707e-03 7.93261589e-04
3.33121205e-02 9.02126502e-04 7.53616166e-04
3.36702981e-02 2.86494698e-03 8.02255525e-04
3.40284751e-02 3.68292511e-03 8.41924454e-04
3.43866516e-02 2.14740836e-03 8.09670646e-04
3.47448275e-02 1.67171320e-03 7.95162054e-04
3.51030028e-02 2.51269201e-03 7.20173697e-04
3.54611775e-02 1.55547902e-03 7.43393338e-04
3.58193517e-02 2.85004492e-03 7.56765262e-04
3.61775253e-02 3.13720791e-03 7.14878193e-04
3.65356983e-02 2.70140484e-03 7.41109974e-04
3.68938706e-02 2.58975641e-03 7.52976625e-04
3.72520424e-02 2.25860643e-03 7.25094716e-04
3.76102136e-02 2.64303128e-03 6.89595927e-04
3.79683841e-02 3.01746963e-03 6.72615100e-04
3.83265540e-02 3.36484343e-03 7.18540857e-04
3.86847233e-02 3.24763453e-03 7.51765777e-04
3.90428920e-02 2.72683250e-03 6.94969935e-04
3.94010600e-02 2.66978276e-03 6.83426682e-04
3.97592273e-02 2.02078723e-03 6.79880724e-04
4.01173941e-02 2.57823125e-03 6.90899150e-04
4.04755601e-02 2.94970791e-03 6.87496948e-04
4.08337255e-02 2.44105867e-03 6.69710527e-04
4.11918902e-02 1.58119399e-03 6.21974772e-04
4.15500542e-02 2.46060139e-03 6.32435855e-04
4.19082176e-02 3.57246835e-03 6.56237480e-04
4.22663802e-02 6.30063889e-04 6.61846916e-04
4.26245422e-02 3.26244600e-03 6.73405131e-04
4.29827034e-02 3.30822462e-03 6.59616802e-04
4.33408640e-02 1.57788856e-03 7.03471178e-04
4.36990238e-02 1.06214394e-03 6.29383393e-04
4.40571830e-02 1.24935365e-03 6.69381063e-04
4.44153414e-02 2.63693137e-03 6.75084502e-04
4.47734990e-02 1.24700304e-03 6.80060424e-04
4.51316560e-02 2.70215322e-03 6.70434793e-04
4.54898122e-02 1.95077020e-03 6.71715835e-04
4.58479676e-02 1.90981697e-03 6.56927405e-04
4.62061223e-02 1.62611650e-03 6.17364291e-04
4.65642762e-02 2.22849692e-03 6.69814233e-04
4.69224294e-02 2.10722278e-03 6.31858392e-04
4.72805818e-02 3.44477022e-03 6.39271509e-04
4.76387334e-02 2.00859068e-03 6.40337514e-04
4.79968842e-02 2.11741634e-03 6.53534108e-04
4.83550342e-02 3.03081089e-03 5.76494453e-04
4.87131835e-02 2.42614539e-03 6.39827143e-04
4.90713319e-02 1.88509295e-03 6.02211016e-04
4.94294795e-02 2.49906595e-03 6.26665286e-04
4.97876264e-02 2.52202602e-03 6.40089580e-04
5.01457724e-02 1.86644247e-03 5.95340127e-04
5.05039175e-02 2.11959006e-03 6.15447730e-04
5.08620619e-02 2.30893323e-03 6.09130826e-04
5.12202054e-02 1.90540123e-03 5.95804090e-04
5.15783481e-02 2.42984864e-03 6.11851431e-04
5.19364899e-02 3.27272226e-03 6.10872007e-04
5.22946308e-02 1.96352509e-03 5.80571788e-04
5.26527709e-02 1.77949397e-03 5.82187120e-04
5.30109102e-02 1.06863621e-03 5.51939721e-04
5.33690485e-02 1.30965819e-03 5.67819976e-04
5.37271860e-02 2.29231000e-03 5.79824533e-04
5.40853226e-02 2.84479375e-03 5.73206582e-04
5.44434583e-02 1.69791183e-03 5.75477274e-04
5.48015932e-02 1.98284926e-03 5.60491051e-04
5.51597271e-02 1.38342568e-03 5.67737693e-04
5.55178601e-02 2.32640752e-03 5.65989543e-04
5.58759922e-02 6.57451999e-04 5.30810840e-04
5.62341234e-02 2.36716420e-03 5.55901450e-04
5.65922536e-02 1.52083764e-03 5.60726639e-04
5.69503829e-02 1.29278173e-03 5.37084645e-04
5.73085113e-02 1.81648616e-03 5.49830389e-04
5.76666388e-02 2.03152679e-03 5.49600096e-04
5.80247653e-02 1.74283061e-03 5.49103568e-04
5.83828908e-02 2.13432810e-03 5.56082803e-04
5.87410154e-02 6.65535946e-04 5.40866267e-04
5.90991390e-02 1.07420700e-03 5.20294040e-04
5.94572616e-02 2.03656992e-03 5.40763611e-04
5.98153833e-02 9.40974734e-04 5.40352247e-04
6.01735040e-02 1.51028071e-03 5.32568340e-04
6.05316237e-02 2.08359373e-03 5.46742743e-04
6.08897424e-02 1.58313308e-03 5.58368191e-04
6.12478600e-02 1.92181313e-03 5.27616696e-04
6.16059767e-02 1.30173348e-03 5.23842427e-04
6.19640924e-02 2.12434280e-03 5.29764699e-04
6.23222071e-02 1.58307439e-03 5.10498538e-04
6.26803207e-02 9.87126342e-04 5.13500835e-04
6.30384333e-02 1.93741496e-03 5.12683588e-04
6.33965448e-02 1.96761661e-03 4.97261988e-04
6.37546554e-02 1.47721640e-04 5.14617447e-04
6.41127648e-02 1.30695998e-03 5.21035680e-04
6.44708732e-02 2.72021357e-03 5.11141253e-04
6.48289806e-02 8.22748959e-04 5.10975172e-04
6.51870869e-02 1.59285676e-03 5.21249188e-04
6.55451921e-02 1.69850204e-03 4.96811921e-04
6.59032962e-02 1.34915328e-03 5.12368975e-04
6.62613993e-02 1.16496873e-03 4.98847058e-04
6.66195012e-02 1.69748625e-03 4.98929022e-04
6.69776021e-02 8.58023049e-04 4.87269948e-04
6.73357019e-02 2.06108643e-03 5.10514398e-04
6.76938005e-02 1.59374384e-03 5.04525510e-04
6.80518981e-02 1.04980620e-03 4.97682622e-04
6.84099945e-02 1.92391954e-03 4.92013871e-04
6.87680898e-02 1.75779475e-03 4.72494148e-04
6.91261840e-02 6.99699602e-04 4.89686221e-04
6.94842770e-02 1.67789123e-03 4.78107425e-04
6.98423689e-02 8.55164926e-04 4.81804209e-04
7.02004596e-02 1.80064116e-03 4.78352093e-04
7.05585492e-02 2.31479529e-04 4.62061703e-04
7.09166377e-02 1.05537928e-03 4.72758512e-04
7.12747249e-02 7.95255061e-04 4.77715560e-04
7.16328110e-02 7.21798150e-04 4.67588667e-04
7.19908959e-02 4.19763662e-04 4.84331467e-04
7.23489796e-02 6.13715785e-04 4.80883459e-04
7.27070622e-02 6.08265866e-04 4.81460193e-04
7.30651435e-02 1.15886658e-03 4.66518873e-04
7.34232237e-02 8.94824334e-04 4.65326324e-04
7.37813026e-02 1.15399541e-03 4.71966180e-04
7.41393803e-02 8.89553683e-04 4.78021302e-04
7.44974568e-02 1.59883518e-03 4.65457107e-04
7.48555321e-02 1.15140154e-03 4.56616469e-04
7.52136061e-02 9.20985053e-04 4.71402813e-04
7.55716789e-02 1.25388154e-03 4.63458416e-04
7.59297505e-02 6.47985803e-04 4.69409657e-04
7.62878208e-02 1.55984959e-03 4.66508456e-04
7.66458899e-02 1.27161380e-03 4.58946289e-04
7.70039577e-02 1.79398581e-04 4.49851228e-04
7.73620242e-02 5.47921430e-04 4.56518278e-04
7.77200895e-02 4.73688686e-05 4.43299353e-04
7.80781535e-02 1.42499076e-03 4.48360311e-04
7.84362162e-02 4.10339897e-04 4.45915256e-04
7.87942776e-02 4.67686522e-04 4.47949667e-04
7.91523377e-02 3.91948026e-04 4.54884006e-04
7.95103965e-02 7.47047084e-04 4.45334088e-04
7.98684540e-02 1.35268281e-03 4.65134318e-04
8.02265102e-02 4.19083590e-04 4.52159942e-04
8.05845651e-02 6.48550460e-04 4.25885138e-04
8.09426186e-02 1.31843811e-03 4.47503022e-04
8.13006709e-02 2.23095383e-03 4.48706661e-04
8.16587217e-02 7.61143070e-04 4.41294960e-04
8.20167713e-02 6.36248889e-04 4.53840630e-04
8.23748195e-02 3.82265737e-04 4.37201026e-04
8.27328663e-02 6.86876652e-04 4.36615021e-04
8.30909118e-02 4.63942416e-04 4.24951683e-04
8.34489559e-02 6.11436318e-04 4.29455466e-04
8.38069986e-02 1.05155807e-03 4.32429844e-04
8.41650400e-02 4.48080086e-04 4.33233665e-04
8.45230800e-02 8.98815697e-04 4.22766376e-04
8.48811185e-02 9.20691911e-04 4.39261309e-04
8.52391557e-02 6.43804308e-04 4.26428778e-04
8.55971915e-02 3.20721727e-04 4.31640944e-04
8.59552259e-02 7.42907352e-04 4.47290872e-04
8.63132589e-02 6.13584887e-04 4.41619295e-04
8.66712904e-02 1.01204057e-03 4.42261108e-04
8.70293205e-02 7.75038005e-04 4.48263683e-04
8.73873492e-02 7.50291812e-04 4.24200694e-04
8.77453765e-02 7.61740007e-04 4.37394697e-04
8.81034023e-02 -1.60184907e-04 4.37484768e-04
8.84614267e-02 6.84702770e-04 4.14259065e-04
8.88194496e-02 8.95004872e-04 4.23163717e-04
8.91774710e-02 8.34050615e-04 4.27136270e-04
8.95354910e-02 4.09979514e-04 4.21767592e-04
8.98935095e-02 7.30207524e-04 4.28705782e-04
9.02515266e-02 -7.31112829e-05 4.26330151e-04
9.06095421e-02 6.77915189e-04 4.27113602e-04
9.09675562e-02 2.09753856e-04 4.32623025e-04
9.13255687e-02 3.59418533e-04 4.31133088e-04
9.16835798e-02 1.93372880e-04 4.23252372e-04
9.20415894e-02 7.91073161e-04 4.24076680e-04
9.23995974e-02 2.69177618e-04 4.21782046e-04
9.27576039e-02 -2.18263432e-04 4.32092906e-04
9.31156089e-02 1.23163149e-03 4.29490995e-04
9.34736124e-02 2.39775877e-04 4.14672364e-04
9.38316143e-02 6.28682527e-04 4.25832447e-04
9.41896147e-02 4.57544530e-04 4.35040172e-04
9.45476136e-02 1.72655533e-03 4.19839755e-04
9.49056108e-02 2.14045128e-04 4.06670854e-04
9.52636066e-02 1.20886001e-03 4.19213063e-04
9.56216007e-02 5.75195574e-04 4.10408939e-04
9.59795933e-02 5.99344654e-04 4.01330005e-04
9.63375843e-02 8.22938165e-04 4.05414470e-04
9.66955738e-02 9.29837533e-04 4.01504051e-04
9.70535616e-02 9.86037968e-04 4.05760921e-04
9.74115478e-02 5.95745014e-04 3.90773311e-04
9.77695325e-02 4.02801714e-04 3.89780166e-04
9.81275155e-02 9.65897886e-04 4.05400550e-04
9.84854969e-02 -2.50080576e-04 4.10046408e-04
9.88434768e-02 1.38212995e-03 4.13982424e-04
9.92014549e-02 5.85962052e-04 4.03509079e-04
9.95594315e-02 1.18321934e-04 3.93164781e-04
9.99174064e-02 2.37317113e-04 3.89566425e-04
1.00275380e-01 7.29368751e-04 3.98258164e-04
1.00633351e-01 3.33131917e-04 3.88895867e-04
1.00991321e-01 4.74970607e-04 4.01761725e-04
1.01349290e-01 4.47773733e-04 3.93336119e-04
1.01707256e-01 3.33707478e-04 3.85057939e-04
1.02065221e-01 5.01100026e-04 3.86214496e-04
1.02423184e-01 5.30259186e-04 3.79878844e-04
1.02781146e-01 2.01543317e-04 3.87508963e-04
1.03139106e-01 -1.24041474e-04 3.88073860e-04
1.03497064e-01 1.20138082e-04 3.99737335e-04
1.03855021e-01 8.01404725e-04 3.81128329e-04
1.04212976e-01 -1.76304986e-05 3.71666958e-04
1.04570929e-01 2.62329236e-04 3.77025629e-04
1.04928880e-01 -3.57742412e-04 3.88231162e-04
1.05286830e-01 3.88064788e-04 3.93187494e-04
1.05644778e-01 2.21730276e-05 3.93909764e-04
1.06002724e-01 4.35803925e-04 3.97526054e-04
1.06360668e-01 6.49533778e-05 3.93201648e-04
1.06718611e-01 4.23114991e-04 3.93148492e-04
1.07076552e-01 5.67604919e-04 4.08618299e-04
1.07434491e-01 6.23998086e-04 4.06480195e-04
1.07792429e-01 1.07777929e-04 3.99459967e-04
1.08150364e-01 -4.96616098e-04 4.00218056e-04
1.08508298e-01 1.02846022e-04 3.98293859e-04
1.08866230e-01 1.38601108e-04 4.03257385e-04
1.09224160e-01 -1.09252725e-04 3.88342533e-04
1.09582089e-01 3.41388924e-04 3.94194069e-04
1.09940016e-01 1.24138529e-04 4.06141054e-04
1.10297941e-01 2.89802620e-04 3.92329447e-04
1.10655864e-01 8.29460072e-05 3.86919724e-04
1.11013785e-01 1.55614305e-05 3.93040782e-04
1.11371704e-01 6.75435570e-04 3.83543530e-04
1.11729622e-01 1.03080423e-03 3.86101377e-04
1.12087538e-01 7.77504613e-04 3.78997034e-04
1.12445452e-01 8.90008188e-04 3.86142002e-04
1.12803364e-01 -1.29371875e-04 3.90512852e-04
1.13161274e-01 -3.07904817e-04 3.83418351e-04
1.13519182e-01 3.57759072e-04 3.82560764e-04
1.13877089e-01 -5.44269438e-05 3.77446263e-04
1.14234994e-01 6.28855875e-04 3.78325882e-04
1.14592896e-01 2.23407838e-04 3.70531030e-04
1.14950797e-01 3.73108625e-05 3.68747408e-04
1.15308696e-01 6.38587071e-04 3.69844381e-04
1.15666593e-01 1.18253310e-04 3.80220808e-04
1.16024488e-01 -1.25814326e-05 3.68400477e-04
1.16382382e-01 4.57162285e-04 3.70145938e-04
1.16740273e-01 -2.74239186e-04 3.59542683e-04
1.17098163e-01 4.08225765e-05 3.71782568e-04
1.17456050e-01 -1.27813119e-04 3.61102202e-04
1.17813936e-01 9.75240014e-05 3.72238179e-04
1.18171819e-01 3.63374479e-04 3.77131735e-04
1.18529701e-01 -4.56018074e-04 3.81235009e-04
1.18887581e-01 1.12397219e-04 3.76379660e-04
1.19245459e-01 -6.55374422e-04 3.71045306e-04
1.19603335e-01 2.34163252e-04 3.73499493e-04
1.19961208e-01 5.85394261e-04 3.65879582e-04
1.20319080e-01 4.28498907e-04 3.69656587e-04
1.20676950e-01 1.66732865e-04 3.70537303e-04
1.21034818e-01 4.37891686e-04 3.61379643e-04
1.21392684e-01 -6.63523158e-05 3.67057576e-04
1.21750548e-01 3.02192140e-04 3.71176921e-04
1.22108410e-01 4.97056482e-04 3.84461977e-04
1.22466270e-01 6.80686295e-04 3.77952495e-04
1.22824128e-01 9.09318239e-05 3.75463311e-04
1.23181984e-01 3.27282952e-04 3.78830279e-04
1.23539838e-01 -3.68103908e-04 3.72946356e-04
1.23897690e-01 -1.34889309e-04 3.79800571e-04
1.24255540e-01 2.86094391e-04 3.61164356e-04
1.24613388e-01 4.59142905e-04 3.67306056e-04
1.24971233e-01 5.30117098e-04 3.65834345e-04
1.25329077e-01 8.23987604e-04 3.53855055e-04
1.25686919e-01 -8.91938626e-05 3.58399755e-04
1.26044758e-01 1.01997978e-03 3.62184516e-04
1.26402596e-01 1.81163868e-04 3.65359279e-04
1.26760431e-01 2.41785221e-04 3.69919640e-04
1.27118265e-01 5.39158506e-04 3.59793020e-04
1.27476096e-01 1.19423023e-04 3.58088202e-04
1.27833925e-01 -2.32755552e-04 3.49926965e-04
1.28191752e-01 1.65627607e-04 3.55164529e-04
1.28549577e-01 5.96255414e-04 3.56929867e-04
1.28907400e-01 2.08514318e-04 3.57361272e-04
1.29265221e-01 1.48014943e-04 3.63641228e-04
1.29623040e-01 3.93864608e-04 3.52569425e-04
1.29980856e-01 3.76937615e-04 3.58994862e-04
1.30338670e-01 7.37469244e-05 3.49617949e-04
1.30696483e-01 -3.61592303e-04 3.45812158e-04
1.31054293e-01 6.84102807e-05 3.51990803e-04
1.31412101e-01 3.61234742e-04 3.53526796e-04
1.31769906e-01 -3.18124437e-04 3.43978721e-04
1.32127710e-01 -2.05810379e-04 3.39936572e-04
1.32485511e-01 -8.41960115e-05 3.53702221e-04
1.32843311e-01 3.08164452e-04 3.48795721e-04
1.33201108e-01 5.16861120e-05 3.42435144e-04
1.33558903e-01 -1.13224588e-04 3.39107092e-04
1.33916695e-01 4.05924771e-04 3.41708554e-04
1.34274486e-01 6.36568639e-04 3.39755601e-04
1.34632274e-01 -2.36290565e-04 3.48901673e-04
1.34990060e-01 -1.43898272e-05 3.49984724e-04
1.35347844e-01 1.23326868e-04 3.34633492e-04
1.35705626e-01 -8.28703955e-06 3.33539731e-04
1.36063405e-01 2.60866026e-04 3.32941058e-04
1.36421182e-01 -6.19556922e-06 3.40257012e-04
1.36778957e-01 5.70633544e-05 3.40213380e-04
1.37136730e-01 -2.70147110e-04 3.34825815e-04
1.37494500e-01 3.85482626e-04 3.31868164e-04
1.37852269e-01 -3.68136406e-04 3.25518582e-04
1.38210034e-01 3.60986592e-04 3.37633766e-04
1.38567798e-01 1.83055842e-04 3.26634228e-04
1.38925559e-01 5.46933329e-04 3.31645127e-04
1.39283319e-01 -5.69996868e-05 3.27705666e-04
1.39641075e-01 3.66137773e-04 3.28712301e-04
1.39998830e-01 3.69069719e-05 3.31209584e-04
1.40356582e-01 -2.34765960e-04 3.33168862e-04
1.40714332e-01 6.88266665e-04 3.29920214e-04
1.41072080e-01 8.44560662e-04 3.38093509e-04
1.41429825e-01 -1.89546231e-04 3.30821674e-04
1.41787568e-01 -3.10969752e-04 3.27431066e-04
1.42145308e-01 -5.56328498e-04 3.28878036e-04
1.42503047e-01 6.64721420e-04 3.26054218e-04
1.42860783e-01 3.08252504e-04 3.17182965e-04
1.43218516e-01 3.29219538e-04 3.23452194e-04
1.43576247e-01 -2.78533248e-05 3.25202453e-04
1.43933976e-01 -6.29968519e-05 3.22909887e-04
1.44291703e-01 1.00740614e-03 3.29277091e-04
1.44649427e-01 -9.56620009e-05 3.22760783e-04
1.45007149e-01 1.92385309e-04 3.21445538e-04
1.45364868e-01 6.16203013e-05 3.15787228e-04
1.45722585e-01 2.99769704e-04 3.22054591e-04
1.46080300e-01 -2.63507781e-04 3.16256781e-04
1.46438012e-01 1.45630162e-04 3.13527476e-04
1.46795722e-01 5.22028034e-04 3.17555335e-04
1.47153429e-01 -2.18197853e-04 3.16322210e-04
1.47511134e-01 9.49857901e-05 3.18611616e-04
1.47868837e-01 2.46393499e-04 3.16991500e-04
1.48226537e-01 7.08744658e-05 3.11381308e-04
1.48584235e-01 3.87525451e-04 3.16871917e-04
1.48941930e-01 -1.02718451e-07 3.22732523e-04
1.49299623e-01 2.54780235e-04 3.15167139e-04
1.49657313e-01 -1.32222338e-04 3.19772751e-04
1.50015001e-01 -1.10340744e-04 3.21000114e-04
1.50372687e-01 -2.29427089e-04 3.17843246e-04
1.50730370e-01 2.37626550e-04 3.10346262e-04
1.51088050e-01 -2.23732181e-04 3.13188445e-04
1.51445728e-01 2.99792543e-04 3.16828119e-04
1.51803404e-01 -2.41041820e-04 3.11400203e-04
1.52161077e-01 -2.21894098e-04 3.04087895e-04
1.52518747e-01 3.72638528e-04 3.10100591e-04
1.52876416e-01 -9.89725082e-05 3.07698912e-04
1.53234081e-01 4.33118958e-04 3.06601062e-04
1.53591744e-01 4.79251140e-04 3.10759496e-04
1.53949405e-01 9.69799063e-05 3.12145368e-04
1.54307063e-01 -6.49927666e-05 3.03771592e-04
1.54664718e-01 3.10958860e-04 3.10105767e-04
1.55022371e-01 6.87030729e-05 2.99355439e-04
1.55380021e-01 8.34999698e-06 3.13393825e-04
1.55737669e-01 4.08405796e-04 3.10851317e-04
1.56095314e-01 -4.16492803e-05 3.05161951e-04
1.56452957e-01 2.70713833e-04 3.09605651e-04
1.56810597e-01 3.52134342e-04 3.03927993e-04
1.57168235e-01 1.86859091e-04 3.06702575e-04
1.57525870e-01 6.22405447e-04 2.98654191e-04
1.57883502e-01 3.14046093e-04 3.02619088e-04
1.58241132e-01 -1.99220746e-04 2.97690446e-04
1.58598759e-01 -1.61450530e-04 2.97650072e-04
1.58956384e-01 2.23352964e-04 2.99370650e-04
1.59314006e-01 -6.14946590e-05 2.95479270e-04
1.59671625e-01 -4.04641847e-04 2.92137646e-04
1.60029242e-01 -3.09464966e-04 3.07998933e-04
1.60386856e-01 5.83614399e-04 3.04330592e-04
1.60744468e-01 -5.25605207e-04 2.93875907e-04
1.61102076e-01 2.73500795e-04 2.99143009e-04
1.61459683e-01 -8.17559974e-05 2.96956305e-04
1.61817286e-01 2.95261440e-04 2.96696938e-04
1.62174887e-01 2.17351968e-04 3.01820505e-04
1.62532485e-01 6.37212892e-04 3.00968968e-04
1.62890081e-01 3.12404011e-04 2.98053167e-04
1.63247674e-01 2.85699351e-05 2.91947574e-04
1.63605264e-01 -3.46106330e-04 2.83980781e-04
1.63962852e-01 2.05267802e-04 2.95570946e-04
1.64320437e-01 -2.55814457e-04 2.95407125e-04
1.64678019e-01 -2.42532835e-04 2.90454689e-04
1.65035598e-01 -9.98262570e-05 2.93157689e-04
1.65393175e-01 1.47314068e-05 2.91870334e-04
1.65750749e-01 1.01243604e-04 2.94157825e-04
1.66108320e-01 2.80151769e-04 2.96010517e-04
1.66465889e-01 3.58577361e-04 2.92193869e-04
1.66823455e-01 -2.53852379e-04 2.94579322e-04
1.67181018e-01 2.79873417e-04 2.93794700e-04
1.67538578e-01 2.45238752e-06 2.91503141e-04
1.67896136e-01 -5.43098142e-04 2.88754040e-04
1.68253691e-01 -1.87767851e-05 2.87710130e-04
1.68611243e-01 -1.14258275e-05 2.92761651e-04
1.68968792e-01 1.06643407e-04 2.90218905e-04
1.69326339e-01 -2.06366525e-04 2.88403167e-04
1.69683883e-01 4.61559379e-04 2.89225162e-04
1.70041424e-01 2.97843340e-04 2.81879477e-04
1.70398962e-01 1.32497582e-04 2.88850517e-04
1.70756497e-01 -9.67996010e-06 2.85420536e-04
1.71114030e-01 2.42231310e-04 2.90180368e-04
1.71471560e-01 -5.48639381e-04 2.84834843e-04
1.71829087e-01 -2.87599878e-04 2.81144454e-04
1.72186611e-01 3.99213857e-04 2.89223441e-04
1.72544132e-01 6.84836447e-05 2.82790783e-04
1.72901651e-01 -1.97466311e-04 2.81827664e-04
1.73259167e-01 5.93096368e-04 2.92041740e-04
1.73616679e-01 -3.47156417e-04 2.86911030e-04
1.73974189e-01 1.70118045e-04 2.80712473e-04
1.74331697e-01 5.51506332e-04 2.84982386e-04
1.74689201e-01 -2.31304405e-04 2.84314439e-04
1.75046702e-01 2.55044837e-04 2.86335757e-04
1.75404201e-01 1.29257347e-04 2.81676961e-04
1.75761697e-01 -1.47585547e-04 2.79990015e-04
1.76119189e-01 -1.51792222e-04 2.85312420e-04
1.76476679e-01 3.08612960e-04 2.82119908e-04
1.76834166e-01 1.10469945e-04 2.79837194e-04
1.77191650e-01 1.55828740e-04 2.83932684e-04
1.77549132e-01 1.29685566e-04 2.80344254e-04
1.77906610e-01 -5.93593467e-04 2.84973817e-04
1.78264085e-01 1.04055437e-04 2.75001567e-04
1.78621558e-01 3.31269976e-04 2.79644506e-04
1.78979027e-01 1.50832884e-04 2.75633161e-04
1.79336494e-01 1.63206504e-04 2.72645550e-04
1.79693958e-01 -4.00293971e-04 2.78767419e-04
1.80051418e-01 -1.48016962e-04 2.72680796e-04
1.80408876e-01 5.86703025e-05 2.79360756e-04
1.80766331e-01 -3.28717957e-04 2.75874089e-04
1.81123783e-01 9.66539134e-06 2.82935325e-04
1.81481232e-01 1.95030438e-04 2.78561272e-04
1.81838677e-01 8.08958819e-05 2.83267730e-04
1.82196120e-01 3.00789689e-04 2.80642247e-04
1.82553560e-01 -3.50637224e-04 2.84675868e-04
1.82910997e-01 -2.35254287e-06 2.87901387e-04
1.83268431e-01 4.64133214e-04 2.81556687e-04
1.83625862e-01 4.67081970e-04 2.87410978e-04
1.83983290e-01 -4.31467163e-04 2.89821234e-04
1.84340715e-01 3.69126434e-04 2.79233021e-04
1.84698137e-01 2.45094209e-04 2.88266468e-04
1.85055556e-01 -6.47611992e-04 2.86644350e-04
1.85412971e-01 -2.47326909e-04 2.82588048e-04
1.85770384e-01 -4.42174081e-04 2.84371962e-04
1.86127794e-01 9.08281887e-04 2.85832827e-04
1.86485200e-01 -2.36886066e-04 2.78132007e-04
1.86842604e-01 -3.01418020e-05 2.78006056e-04
1.87200005e-01 4.35704152e-04 2.78783723e-04
1.87557402e-01 -1.24328772e-05 2.74616784e-04
1.87914797e-01 -5.68235324e-04 2.69202580e-04
1.88272188e-01 3.91097476e-05 2.75535939e-04
1.88629576e-01 -1.95769996e-04 2.74652373e-04
1.88986961e-01 -2.06045744e-04 2.72211780e-04
1.89344343e-01 -2.06191968e-04 2.71263673e-04
1.89701722e-01 -3.00258055e-04 2.76016638e-04
1.90059098e-01 -1.00652113e-04 2.67862772e-04
1.90416471e-01 3.90612189e-05 2.68899241e-04
1.90773840e-01 -3.91516763e-04 2.72070933e-04
1.91131207e-01 2.63527742e-04 2.74955822e-04
1.91488570e-01 8.90420401e-05 2.68883178e-04
1.91845930e-01 1.58160721e-04 2.74266994e-04
1.92203287e-01 -9.72635610e-05 2.71332172e-04
1.92560641e-01 1.00150396e-04 2.71391215e-04
1.92917992e-01 4.14109574e-04 2.72851477e-04
1.93275340e-01 -3.37851764e-04 2.60981585e-04
1.93632684e-01 3.15468127e-05 2.72668296e-04
1.93990025e-01 -3.29931893e-04 2.69767932e-04
1.94347363e-01 2.85928402e-05 2.69819742e-04
1.94704698e-01 -1.57135503e-05 2.67339031e-04
1.95062030e-01 -2.46508123e-04 2.68549063e-04
1.95419358e-01 2.14385014e-04 2.74446067e-04
1.95776684e-01 2.95715524e-04 2.71782609e-04
1.96134006e-01 2.49801474e-05 2.69393532e-04
1.96491324e-01 1.52889827e-04 2.72452665e-04
1.96848640e-01 3.01353932e-04 2.72669449e-04
1.97205953e-01 -2.65800014e-04 2.68079912e-04
1.97563262e-01 2.27690596e-04 2.71786949e-04
1.97920568e-01 5.63063199e-04 2.71244487e-04
1.98277870e-01 2.05771114e-04 2.73698429e-04
1.98635170e-01 -2.61568063e-04 2.74485697e-04
1.98992466e-01 -6.24461306e-05 2.73239248e-04
1.99349759e-01 -3.88384813e-04 2.72953293e-04
1.99707049e-01 2.36006519e-04 2.70468920e-04
2.00064335e-01 2.26088328e-05 2.68834491e-04
2.00421618e-01 6.29241257e-06 2.72819865e-04
2.00778898e-01 4.83654302e-04 2.70441293e-04
2.01136174e-01 2.16117549e-06 2.66395664e-04
2.01493448e-01 6.07623381e-04 2.68906620e-04
2.01850718e-01 1.41007793e-06 2.60014976e-04
2.02207984e-01 5.98175957e-05 2.59631107e-04
2.02565248e-01 1.12423227e-04 2.61494657e-04
2.02922508e-01 5.95299037e-05 2.56554525e-04
2.03279764e-01 -4.66155243e-05 2.63361139e-04
2.03637018e-01 1.77330332e-04 2.64329386e-04
2.03994268e-01 1.63135580e-04 2.59895882e-04
2.04351514e-01 -2.51730271e-04 2.54762845e-04
2.04708758e-01 -6.43477640e-07 2.55362664e-04
2.05065998e-01 -8.46493625e-05 2.59077404e-04
2.05423234e-01 -9.03309067e-05 2.58071733e-04
2.05780467e-01 -1.09868871e-04 2.59652580e-04
2.06137697e-01 -1.47614966e-04 2.58835119e-04
2.06494924e-01 3.33294558e-05 2.58671028e-04
2.06852147e-01 -4.18059818e-05 2.52504380e-04
2.07209367e-01 4.50354720e-04 2.62008848e-04
2.07566583e-01 2.43775045e-06 2.58663568e-04
2.07923796e-01 2.68665907e-04 2.55208525e-04
2.08281005e-01 1.12610937e-04 2.53911551e-04
2.08638211e-01 2.13609222e-04 2.58441431e-04
2.08995414e-01 4.21512219e-04 2.53248544e-04
2.09352613e-01 6.98798211e-05 2.52794012e-04
2.09709809e-01 1.54109815e-04 2.52641867e-04
2.10067002e-01 6.65485200e-05 2.49877652e-04
2.10424191e-01 2.15287599e-04 2.48275533e-04
2.10781376e-01 5.34026100e-04 2.49927354e-04
2.11138558e-01 3.35916233e-04 2.50439305e-04
2.11495737e-01 -6.40209224e-05 2.53337622e-04
2.11852912e-01 3.89972799e-04 2.51841941e-04
2.12210084e-01 2.30287284e-04 2.47255988e-04
2.12567252e-01 -1.42891582e-04 2.42612039e-04
2.12924416e-01 -2.66048318e-04 2.46518917e-04
2.13281578e-01 3.21774922e-04 2.55941288e-04
2.13638735e-01 -4.57060610e-05 2.42931102e-04
2.13995890e-01 2.05726490e-04 2.46802400e-04
2.14353040e-01 1.16995602e-04 2.50119487e-04
2.14710188e-01 -1.09205595e-05 2.50924680e-04
2.15067331e-01 -4.62554843e-05 2.49248300e-04
2.15424471e-01 -2.78873302e-04 2.42569871e-04
2.15781608e-01 -3.38763284e-04 2.44646970e-04
2.16138741e-01 4.46106804e-06 2.44944923e-04
2.16495871e-01 7.79851042e-05 2.44387364e-04
2.16852997e-01 1.72686085e-04 2.46249619e-04
2.17210119e-01 6.89305453e-05 2.45742964e-04
2.17567238e-01 -2.11329678e-04 2.46019062e-04
2.17924354e-01 -1.32467340e-04 2.41812984e-04
2.18281465e-01 -3.46301577e-04 2.43565662e-04
2.18638574e-01 4.05424746e-05 2.42787906e-04
2.18995678e-01 -1.41899597e-04 2.42444293e-04
2.19352779e-01 -3.51171654e-04 2.39769665e-04
2.19709877e-01 -1.05794901e-04 2.44899764e-04
2.20066971e-01 8.00949426e-05 2.43425454e-04
2.20424061e-01 -1.31049873e-04 2.44017961e-04
2.20781147e-01 -4.02417967e-04 2.37606485e-04
2.21138230e-01 -2.80487857e-04 2.39233141e-04
2.21495310e-01 3.03762132e-04 2.39372353e-04
2.21852386e-01 1.37095514e-04 2.44390273e-04
2.22209458e-01 2.76475742e-04 2.39014786e-04
2.22566526e-01 1.71940241e-04 2.38400363e-04
2.22923591e-01 -3.14782760e-04 2.34175572e-04
2.23280652e-01 3.58269183e-05 2.40511887e-04
2.23637710e-01 -3.86840964e-04 2.36109377e-04
2.23994764e-01 2.09891852e-04 2.37084995e-04
2.24351814e-01 -2.15763760e-04 2.41386647e-04
2.24708861e-01 -1.29821541e-04 2.43775817e-04
2.25065904e-01 -2.00162728e-04 2.37168788e-04
2.25422943e-01 -3.72944018e-04 2.36117608e-04
2.25779978e-01 2.98415888e-04 2.34711135e-04
2.26137010e-01 -2.76902235e-04 2.35371933e-04
2.26494038e-01 2.31748133e-04 2.39942173e-04
2.26851063e-01 1.43809695e-04 2.38200464e-04
2.27208083e-01 -3.45694433e-05 2.33244629e-04
2.27565100e-01 -1.40712299e-04 2.32542286e-04
2.27922114e-01 -3.40316753e-04 2.34303450e-04
2.28279123e-01 -4.01068811e-04 2.35137071e-04
2.28636129e-01 -5.85010872e-05 2.32208717e-04
2.28993131e-01 -3.65255654e-04 2.35625995e-04
2.29350129e-01 -2.68939457e-05 2.31747411e-04
2.29707124e-01 -3.51261602e-04 2.32554418e-04
2.30064115e-01 -4.33006357e-04 2.33312748e-04
2.30421102e-01 4.17370840e-05 2.26403921e-04
2.30778085e-01 1.84799220e-04 2.33282508e-04
2.31135064e-01 1.68362903e-04 2.35145994e-04
2.31492040e-01 -1.89020869e-04 2.29663895e-04
2.31849012e-01 3.19732954e-05 2.30695043e-04
2.32205980e-01 1.68544789e-04 2.29408728e-04
2.32562944e-01 -4.23304641e-04 2.26530267e-04
2.32919905e-01 -5.14899308e-04 2.30025505e-04
2.33276862e-01 3.53484688e-04 2.36631650e-04
2.33633814e-01 1.44265199e-04 2.27709305e-04
2.33990763e-01 1.45714072e-04 2.33103380e-04
2.34347709e-01 -2.91748087e-05 2.28409730e-04
2.34704650e-01 -4.06223690e-05 2.29318918e-04
2.35061588e-01 -1.61589890e-04 2.31414188e-04
2.35418521e-01 -3.35277822e-04 2.30176649e-04
2.35775451e-01 -8.05246191e-06 2.27544104e-04
2.36132377e-01 1.28603644e-05 2.27846944e-04
2.36489299e-01 1.83781819e-04 2.27272818e-04
2.36846218e-01 1.28788335e-04 2.26061957e-04
2.37203132e-01 -2.76625319e-04 2.25603248e-04
2.37560042e-01 9.67336618e-05 2.31023160e-04
2.37916949e-01 -1.68205377e-04 2.22367192e-04
2.38273852e-01 -9.24789148e-05 2.20506156e-04
2.38630751e-01 5.16715707e-05 2.26425843e-04
2.38987645e-01 9.02285094e-05 2.23203167e-04
2.39344537e-01 3.15069512e-04 2.22092396e-04
2.39701424e-01 -3.10002162e-04 2.28051746e-04
2.40058307e-01 7.13856501e-05 2.28050641e-04
2.40415186e-01 9.66861437e-05 2.22891740e-04
2.40772061e-01 1.05280254e-04 2.20299345e-04
2.41128933e-01 -6.19257207e-05 2.24206540e-04
2.41485800e-01 3.98401648e-04 2.22843836e-04
2.41842664e-01 -4.76751335e-04 2.26531589e-04
2.42199523e-01 2.14662632e-04 2.22737941e-04
2.42556379e-01 -1.97234620e-04 2.22315683e-04
2.42913230e-01 -3.28663206e-05 2.20712280e-04
2.43270078e-01 6.75640915e-05 2.20543556e-04
2.43626922e-01 2.72667234e-05 2.21675620e-04
2.43983761e-01 8.23604684e-05 2.19934303e-04
2.44340597e-01 9.31567443e-05 2.17397825e-04
2.44697429e-01 2.90299948e-04 2.18859246e-04
2.45054256e-01 -2.34811313e-04 2.22074511e-04
2.45411080e-01 -2.83538246e-04 2.16131974e-04
2.45767900e-01 -3.17931354e-04 2.17274722e-04
2.46124715e-01 -8.15902443e-05 2.18340580e-04
2.46481527e-01 2.46360510e-04 2.13666198e-04
2.46838334e-01 1.05329829e-04 2.23778041e-04
2.47195138e-01 -4.54144877e-05 2.19027444e-04
2.47551938e-01 -2.24665721e-04 2.16273588e-04
2.47908733e-01 6.07824874e-05 2.16780803e-04
2.48265524e-01 9.96560987e-05 2.15237780e-04
2.48622312e-01 -8.76159340e-05 2.15596470e-04
2.48979095e-01 1.35432677e-04 2.16075258e-04
2.49335874e-01 -4.10207082e-04 2.15198738e-04
2.49692649e-01 2.87769968e-04 2.16696931e-04
2.50049420e-01 5.87387064e-05 2.18099431e-04
2.50406187e-01 -5.18482451e-06 2.16751946e-04
2.50762950e-01 -3.46853364e-04 2.16055097e-04
2.51119709e-01 3.29792409e-05 2.13544153e-04
2.51476464e-01 -7.87558686e-05 2.14857529e-04
2.51833214e-01 -1.58055093e-05 2.10264616e-04
2.52189961e-01 2.49336713e-04 2.16056519e-04
2.52546703e-01 -3.06188823e-04 2.11917863e-04
2.52903441e-01 1.56383028e-04 2.09563408e-04
2.53260175e-01 -1.26446927e-04 2.10829497e-04
2.53616905e-01 1.06815512e-04 2.13084176e-04
2.53973631e-01 2.82529261e-04 2.09873907e-04
2.54330352e-01 4.32401501e-05 2.15020949e-04
2.54687070e-01 -1.42287975e-04 2.09968597e-04
2.55043783e-01 6.54534064e-05 2.12197890e-04
2.55400492e-01 -9.94730092e-06 2.12589160e-04
2.55757197e-01 -1.65241930e-05 2.11021024e-04
2.56113898e-01 1.30206171e-04 2.14022712e-04
2.56470595e-01 6.63022004e-05 2.09891219e-04
2.56827287e-01 3.27067630e-04 2.13986755e-04
2.57183975e-01 2.19341866e-04 2.12311896e-04
2.57540659e-01 -2.88007780e-05 2.12525418e-04
2.57897339e-01 -1.51423731e-04 2.15072137e-04
2.58254014e-01 -3.35965244e-04 2.12749110e-04
2.58610686e-01 -6.16335242e-04 2.10524816e-04
2.58967353e-01 1.26368806e-04 2.16356288e-04
2.59324016e-01 4.71681168e-08 2.16258644e-04
2.59680674e-01 -2.43123366e-05 2.15728975e-04
2.60037329e-01 -5.58264778e-05 2.16447117e-04
2.60393979e-01 1.72261323e-04 2.13211042e-04
2.60750625e-01 1.08751362e-04 2.17826028e-04
2.61107266e-01 -1.50304498e-04 2.15494251e-04
2.61463904e-01 1.79156275e-04 2.20299760e-04
2.61820537e-01 6.30628903e-05 2.15352880e-04
2.62177166e-01 2.01553271e-04 2.14721125e-04
2.62533790e-01 5.98060724e-05 2.15608385e-04
2.62890410e-01 2.23172387e-04 2.14119012e-04
2.63247026e-01 -1.41260418e-04 2.17036540e-04
2.63603638e-01 5.39173030e-05 2.17721465e-04
2.63960245e-01 -3.56785670e-05 2.11155012e-04
2.64316848e-01 -9.01312872e-06 2.15665645e-04
2.64673447e-01 -1.14255677e-04 2.10411832e-04
2.65030042e-01 4.12894653e-04 2.17161929e-04
2.65386632e-01 6.97446234e-04 2.12080481e-04
2.65743217e-01 4.74780923e-04 2.13827512e-04
2.66099799e-01 3.18589062e-04 2.15688704e-04
2.66456376e-01 9.54964467e-05 2.12869029e-04
2.66812948e-01 3.92879879e-04 2.13443718e-04
2.67169517e-01 -1.08788253e-04 2.16560613e-04
2.67526081e-01 2.88130933e-04 2.18195532e-04
2.67882640e-01 2.20224730e-04 2.19172484e-04
2.68239195e-01 -2.73726398e-04 2.19071859e-04
2.68595746e-01 7.22874171e-06 2.17181506e-04
2.68952293e-01 -2.70127934e-04 2.16438422e-04
2.69308835e-01 -2.50250619e-05 2.19330832e-04
2.69665372e-01 -3.43981680e-05 2.18516640e-04
2.70021906e-01 -6.00029342e-05 2.19880109e-04
2.70378435e-01 -1.26699061e-04 2.15945245e-04
2.70734959e-01 -1.16707448e-04 2.22141079e-04
2.71091479e-01 2.33714853e-04 2.25703813e-04
2.71447995e-01 -1.33721547e-04 2.26367066e-04
2.71804506e-01 8.51593708e-05 2.20896828e-04
2.72161012e-01 2.76073746e-04 2.26770038e-04
2.72517515e-01 8.25592114e-05 2.29981117e-04
2.72874012e-01 1.17985590e-04 2.26769307e-04
