1.54026655e-02 6.54758552e-04 1.59140937e-03
1.57608633e-02 -9.01369000e-05 1.56371686e-03
1.61190608e-02 -2.75452259e-03 1.48280114e-03
1.64772580e-02 1.28289198e-03 1.44040428e-03
1.68354550e-02 -3.53051453e-04 1.44588814e-03
1.71936517e-02 -2.41335458e-03 1.41435496e-03
1.75518481e-02 -1.13396074e-03 1.31531154e-03
1.79100442e-02 9.60895064e-04 1.23916166e-03
1.82682400e-02 6.73587485e-04 1.20337136e-03
1.86264355e-02 2.57102355e-04 1.26147457e-03
1.89846308e-02 -1.18528088e-03 1.16617778e-03
1.93428257e-02 -2.86608317e-04 1.10259659e-03
1.97010202e-02 -1.61053423e-03 1.14755243e-03
2.00592145e-02 3.38076191e-04 1.12726457e-03
2.04174084e-02 -1.33785231e-03 1.11418105e-03
2.07756020e-02 -9.69925165e-05 1.04269396e-03
2.11337953e-02 -4.74084137e-04 1.04381906e-03
2.14919882e-02 -1.73649407e-03 1.02243353e-03
2.18501808e-02 2.47708745e-04 9.92528406e-04
2.22083729e-02 8.25625578e-04 9.47400169e-04
2.25665648e-02 -2.57930734e-03 9.77699014e-04
2.29247562e-02 -1.90155794e-03 9.88112462e-04
2.32829473e-02 1.34686358e-05 9.83057485e-04
2.36411380e-02 -1.70048355e-03 8.87726895e-04
2.39993283e-02 -2.33948935e-04 8.52403528e-04
2.43575182e-02 8.08300989e-04 8.94418817e-04
2.47157077e-02 1.86969979e-04 8.60675612e-04
2.50738968e-02 -5.59436427e-04 9.21663532e-04
2.54320855e-02 3.34288158e-04 8.47985441e-04
2.57902738e-02 -2.18565087e-05 8.42279507e-04
2.61484617e-02 -8.04796443e-04 8.28499233e-04
2.65066491e-02 -8.97619683e-04 8.27122855e-04
2.68648361e-02 -3.32418131e-04 8.13565443e-04
2.72230226e-02 3.41779299e-04 7.81875443e-04
2.75812087e-02 1.02078088e-03 8.60428131e-04
2.79393943e-02 1.37791302e-03 8.34528550e-04
2.82975795e-02 -8.19483227e-05 8.00370740e-04
2.86557642e-02 -3.93184914e-04 7.94341711e-04
2.90139485e-02 -1.12998875e-03 7.85651534e-04
2.93721323e-02 1.11235414e-04 8.28005068e-04
2.97303155e-02 -1.48265096e-05 8.48435048e-04
3.00884983e-02 -3.46794693e-04 8.11520440e-04
3.04466806e-02 -1.32163142e-04 8.12227605e-04
3.08048624e-02 2.62950613e-04 8.34970490e-04
3.11630437e-02 -4.35056977e-04 8.13998466e-04
3.15212245e-02 -1.33167868e-03 7.97068813e-04
3.18794048e-02 4.84775351e-05 7.96047253e-04
3.22375845e-02 6.97933873e-04 7.60366754e-04
3.25957637e-02 -7.33981901e-05 7.61627957e-04
3.29539424e-02 1.36105137e-04 7.83426498e-04
3.33121205e-02 7.57805654e-04 7.64013163e-04
3.36702981e-02 -1.11077072e-03 7.88910675e-04
3.40284751e-02 4.37355718e-05 7.68671449e-04
3.43866516e-02 -1.54608422e-03 7.60928128e-04
3.47448275e-02 -7.63834113e-05 7.25053334e-04
3.51030028e-02 -5.90699717e-04 7.19960532e-04
3.54611775e-02 -3.01230144e-05 7.08918297e-04
3.58193517e-02 3.74074881e-04 7.26715170e-04
3.61775253e-02 1.54835601e-04 7.27420447e-04
3.65356983e-02 -4.54435188e-04 7.19880849e-04
3.68938706e-02 -5.91741484e-04 6.69500715e-04
3.72520424e-02 -1.78287325e-07 7.16632620e-04
3.76102136e-02 -3.81978935e-04 6.94631313e-04
3.79683841e-02 -7.28454567e-04 7.12894002e-04
3.83265540e-02 9.25841666e-05 7.01874767e-04
3.86847233e-02 6.10758219e-04 6.78359667e-04
3.90428920e-02 7.86569445e-04 7.00401052e-04
3.94010600e-02 -8.38870549e-04 6.48098557e-04
3.97592273e-02 4.03486601e-04 6.60563753e-04
4.01173941e-02 -9.15286825e-04 6.74830061e-04
4.04755601e-02 2.38557142e-04 6.47080445e-04
4.08337255e-02 -1.49389279e-03 6.52238616e-04
4.11918902e-02 -1.82386703e-04 6.22175421e-04
4.15500542e-02 -2.37488757e-04 6.34032875e-04
4.19082176e-02 3.71268296e-04 6.69522663e-04
4.22663802e-02 -1.28101838e-05 6.60036579e-04
4.26245422e-02 1.23062180e-03 6.64370473e-04
4.29827034e-02 7.67218736e-04 6.81950248e-04
4.33408640e-02 -5.10169905e-04 6.41698462e-04
4.36990238e-02 3.60527746e-04 6.34731721e-04
4.40571830e-02 6.18535504e-05 6.66547799e-04
4.44153414e-02 3.92921981e-04 6.55479549e-04
4.47734990e-02 1.08768840e-03 6.62770819e-04
4.51316560e-02 1.29752047e-03 6.41725165e-04
4.54898122e-02 7.35044817e-04 6.81500498e-04
4.58479676e-02 1.97534042e-03 6.64285981e-04
4.62061223e-02 1.07155414e-03 6.74289632e-04
4.65642762e-02 2.52867815e-04 6.29280279e-04
4.69224294e-02 3.80721847e-05 6.45093626e-04
4.72805818e-02 -3.04467803e-04 6.37527505e-04
4.76387334e-02 7.55902051e-04 6.83067745e-04
4.79968842e-02 1.08981962e-03 6.41153406e-04
4.83550342e-02 2.02778078e-04 6.33798850e-04
4.87131835e-02 -2.28192104e-04 5.94844869e-04
4.90713319e-02 -4.30755790e-04 6.06509195e-04
4.94294795e-02 1.75984706e-04 6.13045040e-04
4.97876264e-02 -5.61004639e-04 6.05498733e-04
5.01457724e-02 -2.21605331e-04 5.83686429e-04
5.05039175e-02 6.08917865e-04 5.80790263e-04
5.08620619e-02 2.11572184e-04 5.72463573e-04
5.12202054e-02 4.00601014e-04 5.98272229e-04
5.15783481e-02 1.00138164e-04 5.89730456e-04
5.19364899e-02 1.85140354e-04 5.84469208e-04
5.22946308e-02 -1.16786209e-03 5.72951131e-04
5.26527709e-02 -2.67391566e-04 5.60765099e-04
5.30109102e-02 -5.24856869e-05 5.81153600e-04
5.33690485e-02 1.82704407e-04 5.59683030e-04
5.37271860e-02 4.24132218e-04 5.86594571e-04
5.40853226e-02 3.16433420e-04 5.86575476e-04
5.44434583e-02 9.59051389e-04 5.75265832e-04
5.48015932e-02 2.16955790e-04 5.61978826e-04
5.51597271e-02 -3.21737372e-04 5.49428703e-04
5.55178601e-02 2.44019096e-05 5.53209739e-04
5.58759922e-02 -4.94431618e-05 5.54019232e-04
5.62341234e-02 -2.87995180e-04 5.42514989e-04
5.65922536e-02 -5.75623389e-05 5.68012232e-04
5.69503829e-02 4.45531476e-04 5.53725314e-04
5.73085113e-02 1.64157183e-04 5.36316879e-04
5.76666388e-02 -6.91773130e-04 5.40360351e-04
5.80247653e-02 -6.50434794e-04 5.31318794e-04
5.83828908e-02 -3.96114924e-05 5.61635525e-04
5.87410154e-02 4.82707577e-05 5.40053721e-04
5.90991390e-02 -7.53134547e-04 5.15810225e-04
5.94572616e-02 -9.96857706e-04 5.26718836e-04
5.98153833e-02 3.14986687e-04 5.50071526e-04
6.01735040e-02 1.15516275e-05 5.18611143e-04
6.05316237e-02 -1.00227165e-04 5.34370430e-04
6.08897424e-02 -6.21182323e-04 5.25729726e-04
6.12478600e-02 -1.01950534e-05 5.26696341e-04
6.16059767e-02 7.97745955e-04 5.16675333e-04
6.19640924e-02 -2.27486010e-05 5.05201531e-04
6.23222071e-02 -7.04332728e-04 5.32130467e-04
6.26803207e-02 -4.93697167e-04 5.04905335e-04
6.30384333e-02 -1.40537020e-04 4.96530822e-04
6.33965448e-02 -3.48815883e-04 5.11407205e-04
6.37546554e-02 1.24876282e-05 5.10964677e-04
6.41127648e-02 7.34319673e-04 5.05342799e-04
6.44708732e-02 7.53726390e-04 4.92836796e-04
6.48289806e-02 -7.66982815e-04 4.99463538e-04
6.51870869e-02 5.50735544e-04 4.98533024e-04
6.55451921e-02 2.35048107e-05 4.95239072e-04
6.59032962e-02 -2.15021155e-04 5.13055118e-04
6.62613993e-02 1.10840650e-04 4.80248023e-04
6.66195012e-02 1.69042610e-04 4.94647100e-04
6.69776021e-02 -3.49436180e-05 4.98491664e-04
6.73357019e-02 -1.07807961e-05 5.01541795e-04
6.76938005e-02 -4.40313003e-04 4.99879661e-04
6.80518981e-02 -4.01499859e-04 4.75792116e-04
6.84099945e-02 7.74090179e-04 4.74861623e-04
6.87680898e-02 3.61316489e-04 4.67493918e-04
6.91261840e-02 7.33423064e-04 4.73192185e-04
6.94842770e-02 4.31286779e-04 4.71368583e-04
6.98423689e-02 -5.20990327e-04 4.72229452e-04
7.02004596e-02 -4.00860242e-04 4.74546781e-04
7.05585492e-02 -4.00265392e-04 4.73073762e-04
7.09166377e-02 -2.23663874e-04 4.72409518e-04
7.12747249e-02 -1.27822436e-04 4.80822027e-04
7.16328110e-02 -3.04887108e-04 4.69306438e-04
7.19908959e-02 -1.94038220e-04 4.75618879e-04
7.23489796e-02 6.80333814e-04 4.59808659e-04
7.27070622e-02 1.72594532e-04 4.53316672e-04
7.30651435e-02 1.86462980e-04 4.73756743e-04
7.34232237e-02 -8.28524077e-05 4.67929823e-04
7.37813026e-02 2.48938421e-04 4.58968668e-04
7.41393803e-02 2.93389639e-04 4.61434400e-04
7.44974568e-02 -1.88998010e-04 4.64493793e-04
7.48555321e-02 4.61587145e-04 4.59185177e-04
7.52136061e-02 4.29749059e-04 4.58370874e-04
7.55716789e-02 -8.62089444e-05 4.72379742e-04
7.59297505e-02 3.90498682e-05 4.56023338e-04
7.62878208e-02 1.76695881e-04 4.62435402e-04
7.66458899e-02 5.86841476e-04 4.43569176e-04
7.70039577e-02 -3.03155828e-04 4.47024424e-04
7.73620242e-02 -1.44644912e-04 4.53322908e-04
7.77200895e-02 -6.44622300e-04 4.39719666e-04
7.80781535e-02 -1.48234450e-04 4.46745178e-04
7.84362162e-02 -3.63252327e-04 4.40300738e-04
7.87942776e-02 5.16964202e-04 4.40634737e-04
7.91523377e-02 -5.37276377e-04 4.28500369e-04
7.95103965e-02 5.13469288e-04 4.45634154e-04
7.98684540e-02 2.54673739e-04 4.64331499e-04
8.02265102e-02 -5.85146990e-04 4.40777655e-04
8.05845651e-02 3.20587798e-04 4.40777240e-04
8.09426186e-02 -4.45116317e-05 4.28099335e-04
8.13006709e-02 -2.72037402e-04 4.43175499e-04
8.16587217e-02 -4.51106189e-04 4.40137705e-04
8.20167713e-02 -3.95035907e-04 4.34590868e-04
8.23748195e-02 -9.46025299e-05 4.40381476e-04
8.27328663e-02 -7.82303441e-04 4.46062661e-04
8.30909118e-02 -1.74902909e-04 4.31879994e-04
8.34489559e-02 8.78618712e-06 4.31162333e-04
8.38069986e-02 -3.40817189e-05 4.28040176e-04
8.41650400e-02 5.29238282e-05 4.24973158e-04
8.45230800e-02 -5.09219958e-04 4.28353825e-04
8.48811185e-02 -3.85857996e-05 4.39578974e-04
8.52391557e-02 1.71273640e-04 4.31855203e-04
8.55971915e-02 -2.38270341e-04 4.19932852e-04
8.59552259e-02 -2.37609734e-04 4.39401373e-04
8.63132589e-02 -1.55735695e-04 4.40739169e-04
8.66712904e-02 -4.34238653e-04 4.34555401e-04
8.70293205e-02 -2.92857658e-04 4.39783997e-04
8.73873492e-02 2.93089231e-04 4.28196133e-04
8.77453765e-02 1.25164055e-04 4.18293810e-04
8.81034023e-02 -4.81134981e-04 4.30702074e-04
8.84614267e-02 2.46666411e-04 4.27893969e-04
8.88194496e-02 -1.23377382e-05 4.33498290e-04
8.91774710e-02 9.05145708e-04 4.33204945e-04
8.95354910e-02 2.91193529e-04 4.21870155e-04
8.98935095e-02 5.39518314e-04 4.28170811e-04
9.02515266e-02 3.10517814e-04 4.27400869e-04
9.06095421e-02 9.40983842e-04 4.28587112e-04
9.09675562e-02 1.29803288e-04 4.29195518e-04
9.13255687e-02 2.78783373e-04 4.43759853e-04
9.16835798e-02 -6.74405907e-04 4.30161409e-04
9.20415894e-02 8.65435387e-04 4.51835621e-04
9.23995974e-02 1.49059858e-04 4.23686197e-04
9.27576039e-02 3.97420127e-04 4.20501151e-04
9.31156089e-02 3.88874982e-04 4.18443662e-04
9.34736124e-02 -4.95859888e-04 4.14759031e-04
9.38316143e-02 2.58820809e-04 4.05694734e-04
9.41896147e-02 -4.35065281e-04 4.13037228e-04
9.45476136e-02 -4.85247251e-04 4.20814039e-04
9.49056108e-02 -2.27703259e-04 4.20174079e-04
9.52636066e-02 -3.55232051e-04 4.06218884e-04
9.56216007e-02 -1.51628070e-04 4.11925842e-04
9.59795933e-02 -3.46567440e-04 4.22403201e-04
9.63375843e-02 -1.05780358e-04 3.97627453e-04
9.66955738e-02 -3.01198342e-04 3.98315543e-04
9.70535616e-02 1.47193489e-04 4.05441976e-04
9.74115478e-02 5.98125216e-05 3.90622638e-04
9.77695325e-02 -5.48971203e-04 3.97925351e-04
9.81275155e-02 -3.22707792e-04 4.02994556e-04
9.84854969e-02 4.86018851e-04 4.05916818e-04
9.88434768e-02 -4.39774996e-04 3.96955290e-04
9.92014549e-02 -1.58374867e-04 3.93072864e-04
9.95594315e-02 -7.94462149e-04 3.90163364e-04
9.99174064e-02 -4.54486259e-04 3.99448875e-04
1.00275380e-01 -4.53951342e-04 3.98720230e-04
1.00633351e-01 -1.51274627e-04 3.89749710e-04
1.00991321e-01 -3.11904843e-04 3.95079970e-04
1.01349290e-01 -3.03238922e-04 3.81354739e-04
1.01707256e-01 -3.59219842e-04 3.90859310e-04
1.02065221e-01 -1.87937792e-04 3.95180903e-04
1.02423184e-01 -4.44667810e-04 3.79648914e-04
1.02781146e-01 4.52211106e-04 3.91263055e-04
1.03139106e-01 1.20770303e-03 3.92134366e-04
1.03497064e-01 4.30275553e-04 3.86670083e-04
1.03855021e-01 3.07634289e-05 3.83954028e-04
1.04212976e-01 8.07760583e-04 3.85209604e-04
1.04570929e-01 -4.46781857e-04 3.92898760e-04
1.04928880e-01 -1.08034128e-04 3.87031416e-04
1.05286830e-01 4.49576024e-05 3.90081745e-04
1.05644778e-01 -2.66456138e-04 3.96571229e-04
1.06002724e-01 2.05216632e-04 3.91609183e-04
1.06360668e-01 4.44855071e-04 4.03973163e-04
1.06718611e-01 -3.27166930e-04 4.06490282e-04
1.07076552e-01 -1.77007306e-04 4.01517114e-04
1.07434491e-01 -2.87472502e-04 4.00225219e-04
1.07792429e-01 7.65745974e-05 4.00454381e-04
1.08150364e-01 -2.80433566e-04 3.93924480e-04
1.08508298e-01 -2.31555720e-04 3.95359164e-04
1.08866230e-01 -1.50512092e-04 3.99886095e-04
1.09224160e-01 2.63657370e-04 3.91724172e-04
1.09582089e-01 -1.79581329e-04 4.02787677e-04
1.09940016e-01 -2.41855592e-04 3.97837584e-04
1.10297941e-01 2.31303592e-04 3.95814090e-04
1.10655864e-01 -4.77639317e-04 3.90817277e-04
1.11013785e-01 8.49033291e-06 3.77300199e-04
1.11371704e-01 -3.08092675e-04 3.87920147e-04
1.11729622e-01 -4.09120748e-04 3.83482192e-04
1.12087538e-01 1.08938432e-05 3.79131562e-04
1.12445452e-01 1.08615236e-04 3.84797483e-04
1.12803364e-01 1.60563876e-04 3.85968584e-04
1.13161274e-01 5.24043893e-04 3.85982455e-04
1.13519182e-01 3.12102425e-04 3.84927077e-04
1.13877089e-01 9.58209984e-05 3.72669597e-04
1.14234994e-01 5.36298610e-05 3.84373054e-04
1.14592896e-01 -8.79837082e-05 3.74952022e-04
1.14950797e-01 1.50303555e-04 3.67224147e-04
1.15308696e-01 -1.13735021e-04 3.76777377e-04
1.15666593e-01 3.72728290e-04 3.66481033e-04
1.16024488e-01 -1.04254691e-04 3.56482772e-04
1.16382382e-01 9.93729726e-05 3.63463595e-04
1.16740273e-01 -4.05318912e-04 3.73510968e-04
1.17098163e-01 -6.11007476e-05 3.62553146e-04
1.17456050e-01 4.30594066e-05 3.59018685e-04
1.17813936e-01 -4.37846076e-04 3.56423447e-04
1.18171819e-01 -3.43178401e-04 3.71808223e-04
1.18529701e-01 7.91830119e-04 3.70825166e-04
1.18887581e-01 -2.79647613e-06 3.72731848e-04
1.19245459e-01 -3.56124127e-04 3.63520719e-04
1.19603335e-01 -3.00122486e-04 3.69208159e-04
1.19961208e-01 4.99980931e-05 3.74822051e-04
1.20319080e-01 1.67234454e-04 3.80831619e-04
1.20676950e-01 -5.87199493e-04 3.70840570e-04
1.21034818e-01 -4.26023303e-04 3.65123399e-04
1.21392684e-01 1.46783207e-04 3.70731406e-04
1.21750548e-01 -1.07687044e-04 3.70447442e-04
1.22108410e-01 -2.81542205e-04 3.76797770e-04
1.22466270e-01 2.63222734e-04 3.71251265e-04
1.22824128e-01 5.06265731e-04 3.84558349e-04
1.23181984e-01 -3.01404258e-04 3.74316960e-04
1.23539838e-01 -4.53969618e-05 3.77722479e-04
1.23897690e-01 5.59663779e-05 3.75877156e-04
1.24255540e-01 -3.50585926e-04 3.70287008e-04
1.24613388e-01 -1.80296235e-04 3.67694094e-04
1.24971233e-01 -6.49878198e-04 3.66610521e-04
1.25329077e-01 -5.25515902e-06 3.62722316e-04
1.25686919e-01 -5.20358433e-04 3.68590924e-04
1.26044758e-01 -2.99948406e-04 3.61626456e-04
1.26402596e-01 7.56868603e-05 3.73289497e-04
1.26760431e-01 2.49437399e-04 3.65552233e-04
1.27118265e-01 -2.09043301e-04 3.60056326e-04
1.27476096e-01 -8.23538417e-05 3.49928479e-04
1.27833925e-01 1.17595862e-04 3.46869400e-04
1.28191752e-01 -2.31932097e-04 3.61380888e-04
1.28549577e-01 5.45177110e-04 3.61533238e-04
1.28907400e-01 2.65954374e-04 3.48590075e-04
1.29265221e-01 -3.56904947e-04 3.54045287e-04
1.29623040e-01 2.13444024e-04 3.41205317e-04
1.29980856e-01 -7.20189605e-04 3.52874920e-04
1.30338670e-01 -1.79514861e-04 3.54764832e-04
1.30696483e-01 -3.16226888e-04 3.47046745e-04
1.31054293e-01 2.37568656e-05 3.40487856e-04
1.31412101e-01 7.08135794e-06 3.47237177e-04
1.31769906e-01 -1.17514821e-04 3.40430048e-04
1.32127710e-01 -4.12048215e-04 3.42021836e-04
1.32485511e-01 1.59340767e-04 3.55832736e-04
1.32843311e-01 4.78024099e-04 3.56825777e-04
1.33201108e-01 3.41375840e-04 3.44500710e-04
1.33558903e-01 1.83007404e-04 3.48425970e-04
1.33916695e-01 -2.74038011e-04 3.46724967e-04
1.34274486e-01 -4.47127838e-05 3.46077888e-04
1.34632274e-01 -5.80444422e-04 3.39713670e-04
1.34990060e-01 2.11088141e-04 3.44481203e-04
1.35347844e-01 -1.15915051e-04 3.31750250e-04
1.35705626e-01 -2.59148048e-04 3.29120974e-04
1.36063405e-01 -2.24762522e-04 3.37967650e-04
1.36421182e-01 -5.77933791e-04 3.31466432e-04
1.36778957e-01 -4.09340325e-04 3.32725279e-04
1.37136730e-01 -9.45695862e-05 3.22467643e-04
1.37494500e-01 -6.74506216e-06 3.27387824e-04
1.37852269e-01 4.07297355e-05 3.32520060e-04
1.38210034e-01 -1.29237550e-04 3.29244544e-04
1.38567798e-01 -5.17638036e-05 3.31851928e-04
1.38925559e-01 -3.73971832e-04 3.26178635e-04
1.39283319e-01 -1.73661574e-04 3.27842176e-04
1.39641075e-01 -1.44355096e-04 3.26972673e-04
1.39998830e-01 -3.41056629e-04 3.28903742e-04
1.40356582e-01 -5.55986648e-04 3.24770757e-04
1.40714332e-01 -5.13952392e-04 3.32819393e-04
1.41072080e-01 -3.89360708e-04 3.29518675e-04
1.41429825e-01 -3.53079073e-04 3.28050010e-04
1.41787568e-01 8.88297723e-05 3.25933177e-04
1.42145308e-01 -3.20682180e-04 3.22155468e-04
1.42503047e-01 2.49392409e-04 3.25025338e-04
1.42860783e-01 -8.16840413e-05 3.26099992e-04
1.43218516e-01 -5.77770029e-04 3.21901760e-04
1.43576247e-01 -1.40200519e-04 3.24615755e-04
1.43933976e-01 3.29281692e-04 3.20427738e-04
1.44291703e-01 2.79246421e-04 3.26951252e-04
1.44649427e-01 8.13455999e-05 3.16134587e-04
1.45007149e-01 -4.99890363e-04 3.17902498e-04
1.45364868e-01 4.35177527e-04 3.22805405e-04
1.45722585e-01 1.56308264e-05 3.17102952e-04
1.46080300e-01 2.31615107e-04 3.17608801e-04
1.46438012e-01 3.46205524e-05 3.17832954e-04
1.46795722e-01 6.64646027e-05 3.16651830e-04
1.47153429e-01 1.56171330e-04 3.13961625e-04
1.47511134e-01 6.53752954e-05 3.20545577e-04
1.47868837e-01 -1.95160749e-04 3.15895788e-04
1.48226537e-01 4.51556780e-04 3.27277603e-04
1.48584235e-01 1.79289316e-05 3.19181407e-04
1.48941930e-01 9.44263924e-05 3.08957611e-04
1.49299623e-01 1.33604972e-04 3.20046900e-04
1.49657313e-01 -4.13524326e-05 3.19369014e-04
1.50015001e-01 -2.55304410e-04 3.14066296e-04
1.50372687e-01 -6.60168372e-05 3.17990344e-04
1.50730370e-01 -2.09469705e-04 3.14176293e-04
1.51088050e-01 -2.93070807e-04 3.08424042e-04
1.51445728e-01 7.35431243e-05 3.16259386e-04
1.51803404e-01 1.05176332e-04 3.15578503e-04
1.52161077e-01 -3.48634395e-04 3.10459825e-04
1.52518747e-01 1.16362296e-04 3.09569023e-04
1.52876416e-01 -1.39913889e-04 3.01699828e-04
1.53234081e-01 -5.17068009e-05 3.06017099e-04
1.53591744e-01 -1.58456024e-04 3.03871219e-04
1.53949405e-01 -7.23446663e-04 3.05716136e-04
1.54307063e-01 8.46981351e-05 3.09040694e-04
1.54664718e-01 -3.70821489e-04 3.02253807e-04
1.55022371e-01 -1.17606198e-04 2.98692180e-04
1.55380021e-01 -2.58869676e-04 3.12462025e-04
1.55737669e-01 -2.27687189e-04 3.08803608e-04
1.56095314e-01 2.04777629e-04 3.10976819e-04
1.56452957e-01 -3.41531833e-04 3.00013488e-04
1.56810597e-01 8.43991182e-06 2.96677379e-04
1.57168235e-01 -1.69077381e-04 3.01042992e-04
1.57525870e-01 -6.90965072e-04 3.06043468e-04
1.57883502e-01 2.02426909e-05 3.06591675e-04
1.58241132e-01 -1.71397323e-05 2.97396069e-04
1.58598759e-01 -3.41701067e-04 3.01038182e-04
1.58956384e-01 -2.19587716e-04 2.97339932e-04
1.59314006e-01 -4.03646348e-04 3.01402779e-04
1.59671625e-01 -1.23480324e-04 3.07049688e-04
1.60029242e-01 2.63791097e-04 2.99541248e-04
1.60386856e-01 6.54779952e-05 3.02489588e-04
1.60744468e-01 2.23430797e-04 3.03489256e-04
1.61102076e-01 -2.70477161e-04 2.97812634e-04
1.61459683e-01 -6.30687279e-05 2.98778947e-04
1.61817286e-01 -3.06408903e-04 2.95673721e-04
1.62174887e-01 3.44893465e-04 3.02005040e-04
1.62532485e-01 -1.32353482e-04 2.89437447e-04
1.62890081e-01 -1.51329278e-04 2.96267868e-04
1.63247674e-01 -2.38788996e-04 2.98688228e-04
1.63605264e-01 -1.26596495e-05 2.90309716e-04
1.63962852e-01 -4.54398623e-04 2.95939090e-04
1.64320437e-01 -6.34080366e-04 2.95866496e-04
1.64678019e-01 8.85324762e-06 2.92724870e-04
1.65035598e-01 -1.44377192e-04 2.87509281e-04
1.65393175e-01 -9.03383065e-05 2.95292168e-04
1.65750749e-01 2.62595376e-04 2.86882890e-04
1.66108320e-01 -2.86628795e-04 3.00631730e-04
1.66465889e-01 -4.52755338e-04 2.98044946e-04
1.66823455e-01 -9.63007549e-06 2.94236361e-04
1.67181018e-01 1.56835766e-04 2.94637367e-04
1.67538578e-01 1.88258955e-04 2.94220800e-04
1.67896136e-01 -9.14397058e-05 2.94807026e-04
1.68253691e-01 1.40442961e-04 2.94702977e-04
1.68611243e-01 1.77690475e-04 2.89809844e-04
1.68968792e-01 -4.91042423e-04 2.87248371e-04
1.69326339e-01 -1.08127314e-04 2.89046645e-04
1.69683883e-01 3.15770130e-04 2.88436598e-04
1.70041424e-01 1.19082488e-04 2.94459326e-04
1.70398962e-01 -3.28632402e-04 2.89638376e-04
1.70756497e-01 -9.00619432e-05 2.89321259e-04
1.71114030e-01 3.90575871e-04 2.81935206e-04
1.71471560e-01 -3.91975313e-04 2.80675911e-04
1.71829087e-01 2.87608669e-04 2.89318950e-04
1.72186611e-01 -3.42147585e-04 2.89696766e-04
1.72544132e-01 1.08259316e-04 2.82739824e-04
1.72901651e-01 -1.80655118e-04 2.82713097e-04
1.73259167e-01 8.01386710e-05 2.90184999e-04
1.73616679e-01 3.11070558e-04 2.93793682e-04
1.73974189e-01 3.41062538e-04 2.84328222e-04
1.74331697e-01 -1.18062659e-04 2.78847112e-04
1.74689201e-01 -3.16818109e-04 2.79228029e-04
1.75046702e-01 -2.70568786e-04 2.81224235e-04
1.75404201e-01 -2.65837150e-04 2.81490875e-04
1.75761697e-01 2.57699072e-05 2.83983899e-04
1.76119189e-01 3.89218616e-04 2.83199365e-04
1.76476679e-01 -3.84673918e-04 2.82113228e-04
1.76834166e-01 1.81217520e-04 2.84407663e-04
1.77191650e-01 -3.37300168e-04 2.81204082e-04
1.77549132e-01 -1.25159583e-04 2.78996339e-04
1.77906610e-01 -6.24021899e-04 2.77729509e-04
1.78264085e-01 -7.42832310e-05 2.76340428e-04
1.78621558e-01 -1.33322424e-04 2.73387655e-04
1.78979027e-01 3.47331287e-04 2.80336923e-04
1.79336494e-01 -1.05026764e-04 2.75872054e-04
1.79693958e-01 -2.79488589e-04 2.80531319e-04
1.80051418e-01 -2.76966827e-04 2.75558259e-04
1.80408876e-01 -8.27563109e-05 2.81672547e-04
1.80766331e-01 3.98859743e-04 2.82405023e-04
1.81123783e-01 2.35807167e-04 2.73145577e-04
1.81481232e-01 -1.66427167e-04 2.75014139e-04
1.81838677e-01 -8.64855958e-05 2.85789671e-04
1.82196120e-01 2.20030170e-04 2.81094403e-04
1.82553560e-01 -4.91142027e-05 2.91036662e-04
1.82910997e-01 1.96055405e-04 2.83983867e-04
1.83268431e-01 -8.95710306e-05 2.80045273e-04
1.83625862e-01 -3.57833009e-04 2.82437261e-04
1.83983290e-01 1.77506611e-05 2.83510054e-04
1.84340715e-01 -3.38325782e-04 2.84818785e-04
1.84698137e-01 -1.50926614e-04 2.79092852e-04
1.85055556e-01 2.68650936e-04 2.87675982e-04
1.85412971e-01 -1.04749181e-04 2.83757194e-04
1.85770384e-01 -1.50612251e-04 2.85241118e-04
1.86127794e-01 -8.66887023e-05 2.79097909e-04
1.86485200e-01 3.93833281e-05 2.83340486e-04
1.86842604e-01 1.84012904e-04 2.83482708e-04
1.87200005e-01 -1.65399449e-04 2.74999468e-04
1.87557402e-01 -2.01289243e-04 2.75820340e-04
1.87914797e-01 -2.03662327e-04 2.70581727e-04
1.88272188e-01 1.09053778e-04 2.73748022e-04
1.88629576e-01 -4.07817915e-04 2.75420963e-04
1.88986961e-01 3.15388388e-04 2.76263880e-04
1.89344343e-01 -1.71701321e-04 2.68740024e-04
1.89701722e-01 -1.75126227e-04 2.65969581e-04
1.90059098e-01 -2.65533537e-04 2.67080897e-04
1.90416471e-01 1.18822092e-05 2.74788124e-04
1.90773840e-01 2.59727171e-04 2.74142350e-04
1.91131207e-01 2.11183858e-04 2.71234234e-04
1.91488570e-01 1.74927654e-04 2.64423418e-04
1.91845930e-01 -8.55728733e-05 2.69606235e-04
1.92203287e-01 8.16442506e-05 2.71771459e-04
1.92560641e-01 -6.67318193e-05 2.70343201e-04
1.92917992e-01 -1.60735236e-04 2.70821618e-04
1.93275340e-01 -1.16083319e-04 2.67901892e-04
1.93632684e-01 4.31296516e-04 2.63415749e-04
1.93990025e-01 3.00983781e-04 2.71521465e-04
1.94347363e-01 1.64862250e-04 2.70723223e-04
1.94704698e-01 -4.40224530e-04 2.66735523e-04
1.95062030e-01 -2.21583051e-04 2.70888686e-04
1.95419358e-01 6.11426078e-06 2.74157985e-04
1.95776684e-01 -1.53581763e-05 2.66364237e-04
1.96134006e-01 -3.51774247e-04 2.68303400e-04
1.96491324e-01 1.48294740e-04 2.73815081e-04
1.96848640e-01 3.74545821e-04 2.76012756e-04
1.97205953e-01 5.24629827e-04 2.70629104e-04
1.97563262e-01 2.61136707e-04 2.69223360e-04
1.97920568e-01 -3.50042459e-04 2.72797330e-04
1.98277870e-01 -5.73278129e-04 2.71864880e-04
1.98635170e-01 1.58144559e-04 2.78660777e-04
1.98992466e-01 9.52090883e-05 2.75349832e-04
1.99349759e-01 -1.72044185e-04 2.72006475e-04
1.99707049e-01 -4.52350147e-05 2.71663691e-04
2.00064335e-01 -1.69317544e-04 2.66307000e-04
2.00421618e-01 -4.34661894e-05 2.66308015e-04
2.00778898e-01 2.68305261e-04 2.63229876e-04
2.01136174e-01 1.15467940e-04 2.66878664e-04
2.01493448e-01 3.69287522e-04 2.62447835e-04
2.01850718e-01 2.97212124e-04 2.64971744e-04
2.02207984e-01 -1.36035436e-04 2.62753911e-04
2.02565248e-01 -1.35554697e-04 2.63960113e-04
2.02922508e-01 1.60245122e-04 2.60037447e-04
2.03279764e-01 -3.78883434e-05 2.59663661e-04
2.03637018e-01 -2.42405999e-04 2.57442364e-04
2.03994268e-01 -8.12198448e-05 2.56413917e-04
2.04351514e-01 4.57620926e-05 2.61970598e-04
2.04708758e-01 -3.86953490e-04 2.56927241e-04
2.05065998e-01 -4.19761706e-04 2.58832447e-04
2.05423234e-01 -5.92147201e-04 2.55224912e-04
2.05780467e-01 -5.21071592e-04 2.59151269e-04
2.06137697e-01 3.58685801e-04 2.58648774e-04
2.06494924e-01 2.86785680e-05 2.55447598e-04
2.06852147e-01 -1.34361508e-04 2.59096523e-04
2.07209367e-01 -1.74080628e-04 2.57175987e-04
2.07566583e-01 -1.34721180e-04 2.58042776e-04
2.07923796e-01 2.02838315e-04 2.53751555e-04
2.08281005e-01 1.72182971e-04 2.51492668e-04
2.08638211e-01 -6.11385469e-04 2.52373973e-04
2.08995414e-01 -2.67533224e-04 2.53066566e-04
2.09352613e-01 -2.56587038e-04 2.55400807e-04
2.09709809e-01 -1.62181500e-04 2.52243321e-04
2.10067002e-01 1.78527454e-04 2.54841013e-04
2.10424191e-01 2.23071623e-04 2.50063365e-04
2.10781376e-01 -7.47579423e-05 2.51037337e-04
2.11138558e-01 -3.38945348e-04 2.55018293e-04
2.11495737e-01 -3.73159528e-05 2.48975945e-04
2.11852912e-01 -2.19712483e-04 2.51253746e-04
2.12210084e-01 -3.71420390e-04 2.51402531e-04
2.12567252e-01 3.62553256e-05 2.49155257e-04
2.12924416e-01 5.54914009e-06 2.50663030e-04
2.13281578e-01 4.83210558e-04 2.52167635e-04
2.13638735e-01 4.55628420e-04 2.50432172e-04
2.13995890e-01 -1.66975465e-04 2.53331162e-04
2.14353040e-01 2.11976800e-05 2.47080019e-04
2.14710188e-01 1.25325748e-04 2.47486014e-04
2.15067331e-01 8.31331755e-05 2.43210964e-04
2.15424471e-01 5.40291176e-05 2.51826936e-04
2.15781608e-01 -2.74242513e-04 2.46840674e-04
2.16138741e-01 -2.18535366e-04 2.45299680e-04
2.16495871e-01 1.28166794e-06 2.46858311e-04
2.16852997e-01 -2.12365609e-04 2.46309725e-04
2.17210119e-01 -2.81988126e-04 2.46835560e-04
2.17567238e-01 -8.35818279e-05 2.49336414e-04
2.17924354e-01 -1.34021930e-05 2.50367124e-04
2.18281465e-01 -1.71551689e-04 2.45421927e-04
2.18638574e-01 3.33805359e-04 2.43519220e-04
2.18995678e-01 -1.24237432e-04 2.42109095e-04
2.19352779e-01 6.00365947e-05 2.41782006e-04
2.19709877e-01 -1.24604839e-04 2.42630854e-04
2.20066971e-01 1.73591540e-04 2.40823956e-04
2.20424061e-01 1.23525119e-05 2.41892693e-04
2.20781147e-01 2.80869320e-04 2.37652899e-04
2.21138230e-01 -1.72653576e-04 2.42982185e-04
2.21495310e-01 -6.10715184e-06 2.41368136e-04
2.21852386e-01 -2.93679084e-04 2.38031130e-04
2.22209458e-01 1.21610114e-05 2.41681786e-04
2.22566526e-01 6.42440148e-06 2.39329503e-04
2.22923591e-01 1.91332397e-04 2.41468475e-04
2.23280652e-01 2.63897272e-04 2.37210726e-04
2.23637710e-01 -2.47263306e-06 2.36931506e-04
2.23994764e-01 -1.98984742e-04 2.37015755e-04
2.24351814e-01 2.14913336e-04 2.40086994e-04
2.24708861e-01 -1.93032760e-04 2.34809897e-04
2.25065904e-01 -1.98626770e-04 2.35146276e-04
2.25422943e-01 1.06970744e-04 2.43055327e-04
2.25779978e-01 -2.72121260e-04 2.38792506e-04
2.26137010e-01 -7.12613370e-06 2.36111856e-04
2.26494038e-01 -2.67111018e-04 2.40572214e-04
2.26851063e-01 -7.32257754e-05 2.33336113e-04
2.27208083e-01 8.02838569e-07 2.35774442e-04
2.27565100e-01 2.70891423e-04 2.36032007e-04
2.27922114e-01 -6.29726244e-05 2.33790467e-04
2.28279123e-01 -3.02372033e-04 2.32925965e-04
2.28636129e-01 3.08726215e-05 2.31937523e-04
2.28993131e-01 2.56520878e-04 2.39874509e-04
2.29350129e-01 1.05528555e-04 2.28102370e-04
2.29707124e-01 -1.68625894e-04 2.33023598e-04
2.30064115e-01 -1.95725666e-04 2.35563573e-04
2.30421102e-01 6.72075484e-05 2.32106121e-04
2.30778085e-01 1.55007411e-04 2.32147988e-04
2.31135064e-01 -1.88952984e-04 2.30736360e-04
2.31492040e-01 2.28518102e-04 2.31611868e-04
2.31849012e-01 -7.50433883e-04 2.30042966e-04
2.32205980e-01 -2.79659620e-04 2.32147211e-04
2.32562944e-01 1.08034896e-04 2.32209714e-04
2.32919905e-01 5.49590739e-05 2.30478867e-04
2.33276862e-01 -6.58923025e-05 2.28399690e-04
2.33633814e-01 -1.63153030e-04 2.28892142e-04
2.33990763e-01 1.43013955e-04 2.32191913e-04
2.34347709e-01 -1.08953256e-04 2.28003279e-04
2.34704650e-01 -9.44458459e-05 2.29260449e-04
2.35061588e-01 -1.23569970e-04 2.28816980e-04
2.35418521e-01 -4.24319039e-04 2.29571830e-04
2.35775451e-01 -9.03328598e-05 2.34598205e-04
2.36132377e-01 3.39085774e-04 2.32145596e-04
2.36489299e-01 -1.25425793e-04 2.27204391e-04
2.36846218e-01 6.32835978e-04 2.28884341e-04
2.37203132e-01 2.95308798e-04 2.25190161e-04
2.37560042e-01 9.92334960e-05 2.30335561e-04
2.37916949e-01 1.47004964e-05 2.24002293e-04
2.38273852e-01 -7.01753009e-05 2.22836390e-04
2.38630751e-01 2.57203504e-04 2.26614114e-04
2.38987645e-01 -2.50377906e-04 2.23393564e-04
2.39344537e-01 -1.22944877e-04 2.26076234e-04
2.39701424e-01 -1.10282071e-04 2.23352319e-04
2.40058307e-01 5.40628473e-05 2.27029775e-04
2.40415186e-01 -1.30766239e-04 2.24296081e-04
2.40772061e-01 2.60822434e-05 2.21090656e-04
2.41128933e-01 -1.43776203e-04 2.20988852e-04
2.41485800e-01 1.35379210e-05 2.24813316e-04
2.41842664e-01 1.28839247e-04 2.24017127e-04
2.42199523e-01 -1.49485925e-04 2.24407698e-04
2.42556379e-01 1.64242613e-04 2.23639267e-04
2.42913230e-01 -1.66363448e-04 2.21423330e-04
2.43270078e-01 -3.47361041e-05 2.20041193e-04
2.43626922e-01 -1.00694899e-04 2.19624025e-04
2.43983761e-01 -5.17111777e-05 2.21246204e-04
2.44340597e-01 -1.03899526e-04 2.20021424e-04
2.44697429e-01 1.79328869e-04 2.20652450e-04
2.45054256e-01 -2.77393985e-04 2.22137415e-04
2.45411080e-01 -2.98614975e-06 2.17805729e-04
2.45767900e-01 -6.56652944e-05 2.16115162e-04
2.46124715e-01 -2.30547452e-04 2.21137054e-04
2.46481527e-01 6.88335887e-05 2.18474524e-04
2.46838334e-01 -1.49731960e-04 2.16939510e-04
2.47195138e-01 -1.52482746e-04 2.16764619e-04
2.47551938e-01 -3.21745487e-04 2.18717077e-04
2.47908733e-01 -2.44002518e-05 2.18445807e-04
2.48265524e-01 -1.33920383e-04 2.18140167e-04
2.48622312e-01 3.12950947e-04 2.17518405e-04
2.48979095e-01 1.07976989e-04 2.12186786e-04
2.49335874e-01 4.02385128e-04 2.20014965e-04
2.49692649e-01 -3.21182516e-04 2.16353226e-04
2.50049420e-01 -9.17165791e-05 2.16699358e-04
2.50406187e-01 -1.07122301e-04 2.15571035e-04
2.50762950e-01 4.89489756e-04 2.16301668e-04
2.51119709e-01 8.95021097e-05 2.15774598e-04
2.51476464e-01 -1.86460395e-04 2.15339913e-04
2.51833214e-01 9.26658911e-05 2.14268393e-04
2.52189961e-01 -3.02854787e-04 2.13456287e-04
2.52546703e-01 -4.89734190e-05 2.11755479e-04
2.52903441e-01 -1.76239312e-04 2.12946410e-04
2.53260175e-01 -2.99345782e-04 2.14919591e-04
2.53616905e-01 7.60698653e-05 2.12054315e-04
2.53973631e-01 -1.17323910e-04 2.11767840e-04
2.54330352e-01 -1.56846749e-04 2.06673559e-04
2.54687070e-01 1.39435052e-04 2.12984635e-04
2.55043783e-01 -2.12745338e-04 2.10806087e-04
2.55400492e-01 -4.21170925e-04 2.07808496e-04
2.55757197e-01 7.93118157e-05 2.10223481e-04
2.56113898e-01 -4.74364632e-04 2.12000420e-04
2.56470595e-01 -3.51075961e-04 2.06077558e-04
2.56827287e-01 -4.46436064e-05 2.15935985e-04
2.57183975e-01 -2.81323807e-04 2.11268601e-04
2.57540659e-01 3.31217689e-04 2.20238582e-04
2.57897339e-01 -4.19473728e-05 2.09665631e-04
2.58254014e-01 -1.63355898e-04 2.12465913e-04
2.58610686e-01 -2.16667993e-04 2.18697438e-04
2.58967353e-01 -3.62321718e-04 2.13821108e-04
2.59324016e-01 1.58318647e-04 2.15134823e-04
2.59680674e-01 4.55187124e-05 2.17050950e-04
2.60037329e-01 5.12963881e-05 2.18265975e-04
2.60393979e-01 2.27278514e-04 2.17314893e-04
2.60750625e-01 2.92282520e-04 2.18078482e-04
2.61107266e-01 -1.59257978e-04 2.14159471e-04
2.61463904e-01 -2.85903299e-04 2.14761519e-04
2.61820537e-01 -2.07169997e-04 2.14223768e-04
2.62177166e-01 -8.59429627e-05 2.15840312e-04
2.62533790e-01 -8.32754390e-05 2.18992149e-04
2.62890410e-01 -3.19689894e-04 2.11183693e-04
2.63247026e-01 -2.44595383e-04 2.18041345e-04
2.63603638e-01 -3.36666027e-05 2.12345033e-04
2.63960245e-01 -2.24188977e-05 2.15933252e-04
2.64316848e-01 2.49161247e-04 2.11555381e-04
2.64673447e-01 -3.45759483e-05 2.15007310e-04
2.65030042e-01 -7.86393876e-05 2.11659366e-04
2.65386632e-01 -6.80148465e-05 2.14431853e-04
2.65743217e-01 -3.14762071e-04 2.09492403e-04
2.66099799e-01 3.93648063e-05 2.07368837e-04
2.66456376e-01 -3.42530367e-05 2.12994832e-04
2.66812948e-01 -2.46475968e-04 2.15702951e-04
2.67169517e-01 1.42599517e-07 2.15837380e-04
2.67526081e-01 -2.10733887e-05 2.18438443e-04
2.67882640e-01 -2.09326347e-04 2.16076045e-04
2.68239195e-01 -2.57448602e-04 2.17442386e-04
2.68595746e-01 -9.30225531e-06 2.13491891e-04
2.68952293e-01 -2.94224169e-04 2.11344452e-04
2.69308835e-01 -1.80363065e-04 2.16480719e-04
2.69665372e-01 -1.31990599e-04 2.18518305e-04
2.70021906e-01 5.20568158e-05 2.18526977e-04
2.70378435e-01 -5.57078856e-04 2.13181111e-04
2.70734959e-01 -3.74347083e-04 2.18972159e-04
2.71091479e-01 -5.84723321e-06 2.23229386e-04
2.71447995e-01 1.41529088e-04 2.21682166e-04
2.71804506e-01 -5.81910448e-05 2.22988772e-04
2.72161012e-01 1.45359337e-04 2.27625287e-04
2.72517515e-01 -4.55568770e-04 2.19810548e-04
2.72874012e-01 -1.13425222e-04 2.22507002e-04
