1.54026655e-02 1.16422769e-03 1.61895732e-03
1.57608633e-02 1.53071035e-03 1.63258661e-03
1.61190608e-02 3.46981649e-04 1.45539933e-03
1.64772580e-02 1.29126339e-03 1.48244176e-03
1.68354550e-02 2.56203483e-03 1.35760460e-03
1.71936517e-02 1.23493688e-03 1.38352663e-03
1.75518481e-02 3.90571846e-03 1.26315381e-03
1.79100442e-02 2.07359045e-03 1.16942813e-03
1.82682400e-02 1.19131909e-03 1.20302004e-03
1.86264355e-02 2.41383616e-03 1.11576452e-03
1.89846308e-02 3.16205363e-03 1.13636073e-03
1.93428257e-02 4.02603791e-03 1.17739032e-03
1.97010202e-02 2.13488181e-03 1.08216345e-03
2.00592145e-02 3.69722082e-03 1.12769859e-03
2.04174084e-02 2.63905044e-03 1.07814443e-03
2.07756020e-02 3.14049772e-03 1.10512348e-03
2.11337953e-02 3.56290897e-03 1.06294895e-03
2.14919882e-02 3.20720303e-03 1.07141209e-03
2.18501808e-02 2.60645319e-03 1.05757700e-03
2.22083729e-02 1.68840025e-03 1.04807314e-03
2.25665648e-02 2.37565861e-03 9.52956459e-04
2.29247562e-02 3.95745913e-03 9.96164738e-04
2.32829473e-02 3.57031223e-03 9.88506185e-04
2.36411380e-02 3.05798293e-03 9.89995546e-04
2.39993283e-02 3.63801397e-03 9.35677112e-04
2.43575182e-02 2.60928481e-03 9.45319778e-04
2.47157077e-02 2.78981211e-03 9.16297554e-04
2.50738968e-02 2.13438080e-03 8.43295724e-04
2.54320855e-02 3.98055517e-03 8.58259441e-04
2.57902738e-02 3.51316083e-03 8.68008177e-04
2.61484617e-02 2.90998171e-03 8.12564505e-04
2.65066491e-02 3.56906143e-03 8.40512987e-04
2.68648361e-02 4.66812749e-03 8.34467638e-04
2.72230226e-02 3.43645068e-03 8.84723122e-04
2.75812087e-02 3.64423360e-03 8.04056008e-04
2.79393943e-02 3.83938771e-03 8.36179236e-04
2.82975795e-02 3.38795060e-03 7.95098739e-04
2.86557642e-02 1.89979483e-03 8.47742227e-04
2.90139485e-02 2.86959983e-03 8.79716506e-04
2.93721323e-02 3.52488814e-03 7.86709407e-04
2.97303155e-02 2.87183536e-03 8.35128757e-04
3.00884983e-02 4.34380215e-03 8.53489915e-04
3.04466806e-02 4.89247117e-03 8.79774676e-04
3.08048624e-02 4.77757479e-03 8.14824138e-04
3.11630437e-02 1.32840294e-03 8.18605671e-04
3.15212245e-02 3.91345512e-03 8.17979588e-04
3.18794048e-02 4.18761025e-03 8.18374209e-04
3.22375845e-02 3.02360004e-03 7.74313049e-04
3.25957637e-02 3.76332970e-03 8.21277854e-04
3.29539424e-02 2.69394362e-03 8.21660566e-04
3.33121205e-02 3.59912020e-03 7.90306385e-04
3.36702981e-02 4.22530386e-03 7.94814027e-04
3.40284751e-02 3.14840436e-03 8.09566534e-04
3.43866516e-02 3.58509002e-03 8.11757178e-04
3.47448275e-02 3.08383518e-03 7.77919870e-04
3.51030028e-02 3.40143784e-03 7.65400077e-04
3.54611775e-02 2.65173588e-03 7.39057003e-04
3.58193517e-02 4.49603622e-03 7.24782603e-04
3.61775253e-02 4.01282451e-03 7.08922379e-04
3.65356983e-02 3.30136993e-03 7.64100802e-04
3.68938706e-02 2.83341823e-03 7.17178166e-04
3.72520424e-02 4.20581278e-03 7.13185761e-04
3.76102136e-02 4.30258520e-03 7.05411320e-04
3.79683841e-02 2.80161830e-03 7.16558288e-04
3.83265540e-02 3.34759516e-03 6.81502477e-04
3.86847233e-02 1.55374493e-03 6.73733623e-04
3.90428920e-02 2.91117796e-03 6.93975246e-04
3.94010600e-02 1.57269566e-03 6.57237433e-04
3.97592273e-02 2.30826329e-03 6.61080645e-04
4.01173941e-02 2.23843243e-03 6.93027457e-04
4.04755601e-02 3.91251731e-03 7.06217034e-04
4.08337255e-02 3.07943973e-03 6.84080004e-04
4.11918902e-02 2.24587695e-03 6.74151017e-04
4.15500542e-02 4.15711228e-03 6.26846869e-04
4.19082176e-02 3.52065083e-03 6.60713332e-04
4.22663802e-02 2.51889090e-03 6.59893541e-04
4.26245422e-02 2.94675266e-03 6.95752796e-04
4.29827034e-02 2.85130407e-03 6.89386047e-04
4.33408640e-02 2.65506789e-03 6.46158975e-04
4.36990238e-02 2.41106139e-03 6.37960756e-04
4.40571830e-02 4.19679939e-03 6.67368556e-04
4.44153414e-02 2.92938230e-03 6.88576832e-04
4.47734990e-02 3.58403541e-03 6.94648212e-04
4.51316560e-02 3.30666130e-03 6.64550089e-04
4.54898122e-02 3.22901297e-03 6.78753645e-04
4.58479676e-02 3.49528607e-03 6.81105568e-04
4.62061223e-02 2.31546549e-03 6.87443811e-04
4.65642762e-02 4.86636079e-03 7.05590649e-04
4.69224294e-02 2.74571356e-03 6.53686896e-04
4.72805818e-02 3.12670169e-03 6.43187561e-04
4.76387334e-02 3.05422257e-03 6.87079489e-04
4.79968842e-02 3.71953053e-03 6.29388845e-04
4.83550342e-02 3.55683870e-03 6.25140359e-04
4.87131835e-02 2.45550150e-03 6.19278752e-04
4.90713319e-02 2.72996026e-03 6.27875641e-04
4.94294795e-02 3.07204875e-03 6.21540307e-04
4.97876264e-02 2.99513973e-03 6.29610279e-04
5.01457724e-02 2.38363104e-03 6.20391487e-04
5.05039175e-02 3.47014221e-03 6.39605979e-04
5.08620619e-02 2.86005750e-03 6.25606755e-04
5.12202054e-02 2.59681533e-03 6.11725438e-04
5.15783481e-02 2.62514569e-03 5.81681072e-04
5.19364899e-02 2.65744521e-03 5.90938500e-04
5.22946308e-02 4.06679282e-03 5.67297086e-04
5.26527709e-02 2.58650683e-03 5.72940017e-04
5.30109102e-02 3.13795287e-03 5.70192810e-04
5.33690485e-02 3.32120987e-03 5.87188133e-04
5.37271860e-02 3.02342593e-03 5.80656059e-04
5.40853226e-02 3.47010278e-03 5.66497365e-04
5.44434583e-02 3.79843682e-03 5.75390224e-04
5.48015932e-02 3.51733795e-03 5.67872416e-04
5.51597271e-02 3.79282349e-03 6.06887354e-04
5.55178601e-02 3.22864640e-03 5.55814997e-04
5.58759922e-02 1.64363104e-03 5.68065904e-04
5.62341234e-02 2.80305165e-03 5.72155994e-04
5.65922536e-02 3.24868475e-03 5.55157746e-04
5.69503829e-02 2.58308117e-03 5.62250096e-04
5.73085113e-02 2.64879471e-03 5.57753922e-04
5.76666388e-02 2.54034347e-03 5.61153998e-04
5.80247653e-02 3.05197724e-03 5.63766351e-04
5.83828908e-02 2.19249223e-03 5.45797130e-04
5.87410154e-02 2.49667693e-03 5.49750093e-04
5.90991390e-02 3.30278585e-03 5.44889917e-04
5.94572616e-02 2.35884630e-03 5.35703517e-04
5.98153833e-02 2.09423013e-03 5.29022902e-04
6.01735040e-02 2.06606216e-03 5.26241502e-04
6.05316237e-02 2.11471314e-03 5.38492974e-04
6.08897424e-02 3.15513564e-03 5.12316627e-04
6.12478600e-02 2.27342235e-03 5.19448584e-04
6.16059767e-02 2.62391029e-03 5.29380687e-04
6.19640924e-02 2.03310149e-03 5.28173698e-04
6.23222071e-02 2.33959519e-03 5.12099127e-04
6.26803207e-02 2.21346149e-03 5.28201000e-04
6.30384333e-02 1.05057680e-03 5.03811843e-04
6.33965448e-02 2.28919236e-03 5.22786105e-04
6.37546554e-02 2.40293045e-03 5.12381719e-04
6.41127648e-02 2.21458164e-03 5.21380457e-04
6.44708732e-02 3.14946877e-03 5.23670237e-04
6.48289806e-02 2.64172552e-03 5.18037405e-04
6.51870869e-02 2.24547798e-03 4.93952117e-04
6.55451921e-02 2.66167998e-03 5.03616538e-04
6.59032962e-02 2.34510358e-03 5.02403489e-04
6.62613993e-02 1.75330044e-03 5.04242077e-04
6.66195012e-02 2.25267059e-03 4.83775295e-04
6.69776021e-02 2.36562434e-03 5.06967712e-04
6.73357019e-02 9.94787185e-04 4.87751217e-04
6.76938005e-02 2.79002609e-03 5.00974480e-04
6.80518981e-02 2.72969866e-03 4.91006557e-04
6.84099945e-02 2.14846874e-03 5.00052683e-04
6.87680898e-02 2.41986420e-03 4.93147301e-04
6.91261840e-02 2.41141117e-03 4.87189577e-04
6.94842770e-02 1.73507118e-03 4.62833059e-04
6.98423689e-02 2.18760024e-03 4.82240353e-04
7.02004596e-02 1.30859170e-03 4.76996740e-04
7.05585492e-02 2.44496840e-03 4.81463617e-04
7.09166377e-02 1.85539450e-03 4.84133066e-04
7.12747249e-02 1.86466817e-03 4.57455944e-04
7.16328110e-02 2.18132698e-03 4.58662921e-04
7.19908959e-02 1.99424535e-03 4.66289714e-04
7.23489796e-02 1.65954047e-03 4.69452216e-04
7.27070622e-02 9.88955425e-04 4.78730049e-04
7.30651435e-02 9.28138624e-04 4.61949883e-04
7.34232237e-02 2.45885573e-03 4.69977391e-04
7.37813026e-02 1.65109331e-03 4.73365948e-04
7.41393803e-02 2.69359050e-03 4.72521881e-04
7.44974568e-02 1.16770650e-03 4.70139987e-04
7.48555321e-02 1.42680675e-03 4.65046678e-04
7.52136061e-02 4.35148599e-04 4.56034494e-04
7.55716789e-02 1.95450423e-03 4.71958416e-04
7.59297505e-02 1.34208629e-03 4.86540094e-04
7.62878208e-02 1.31417902e-03 4.69681102e-04
7.66458899e-02 1.37316958e-03 4.54009386e-04
7.70039577e-02 1.68327982e-03 4.64029744e-04
7.73620242e-02 1.75497780e-03 4.56151018e-04
7.77200895e-02 1.15657036e-03 4.50672932e-04
7.80781535e-02 1.03851721e-03 4.65898630e-04
7.84362162e-02 1.85225183e-03 4.55169933e-04
7.87942776e-02 1.52192200e-03 4.50211073e-04
7.91523377e-02 2.06754057e-03 4.54910958e-04
7.95103965e-02 2.04316464e-03 4.54772236e-04
7.98684540e-02 1.08824268e-03 4.43291287e-04
8.02265102e-02 3.20253653e-05 4.30452440e-04
8.05845651e-02 1.62462851e-03 4.64004428e-04
8.09426186e-02 3.91894117e-04 4.53147612e-04
8.13006709e-02 1.22885724e-03 4.51293344e-04
8.16587217e-02 9.03381923e-04 4.41090185e-04
8.20167713e-02 1.17732961e-03 4.61763681e-04
8.23748195e-02 5.74905784e-04 4.43905258e-04
8.27328663e-02 1.97411949e-03 4.34231439e-04
8.30909118e-02 7.94929101e-04 4.37399063e-04
8.34489559e-02 1.16455941e-03 4.36914950e-04
8.38069986e-02 1.20376741e-03 4.44103093e-04
8.41650400e-02 1.01442574e-03 4.13634992e-04
8.45230800e-02 7.76972487e-04 4.35168284e-04
8.48811185e-02 7.56011738e-04 4.40531069e-04
8.52391557e-02 1.19306358e-03 4.44291772e-04
8.55971915e-02 2.07625655e-03 4.48518179e-04
8.59552259e-02 1.16245530e-03 4.58500732e-04
8.63132589e-02 9.37112507e-04 4.39331492e-04
8.66712904e-02 1.30426106e-03 4.33128804e-04
8.70293205e-02 1.06865032e-03 4.56303986e-04
8.73873492e-02 7.41997141e-04 4.27046639e-04
8.77453765e-02 1.03805255e-03 4.23371478e-04
8.81034023e-02 9.26209963e-04 4.23448175e-04
8.84614267e-02 6.33075967e-04 4.33421347e-04
8.88194496e-02 3.30435060e-04 4.29429231e-04
8.91774710e-02 1.64434833e-03 4.45043709e-04
8.95354910e-02 4.89068174e-04 4.22752934e-04
8.98935095e-02 1.44594879e-03 4.36842061e-04
9.02515266e-02 9.26756668e-04 4.35321567e-04
9.06095421e-02 1.14900189e-03 4.25294363e-04
9.09675562e-02 1.63672295e-03 4.36385561e-04
9.13255687e-02 7.57206496e-04 4.20165716e-04
9.16835798e-02 1.61319403e-03 4.35367298e-04
9.20415894e-02 1.48841763e-03 4.26640274e-04
9.23995974e-02 5.02340931e-04 4.27846400e-04
9.27576039e-02 5.09126923e-04 4.32273673e-04
9.31156089e-02 9.98462674e-04 4.14063683e-04
9.34736124e-02 1.87691287e-03 4.15035618e-04
9.38316143e-02 1.87326740e-04 4.10887940e-04
9.41896147e-02 9.39457957e-04 4.09679381e-04
9.45476136e-02 6.79643954e-04 4.04585677e-04
9.49056108e-02 1.06839713e-03 4.13292350e-04
9.52636066e-02 1.03252090e-03 4.12193940e-04
9.56216007e-02 8.48230243e-04 4.07337261e-04
9.59795933e-02 5.35192795e-04 4.05376792e-04
9.63375843e-02 1.08450626e-03 4.08708717e-04
9.66955738e-02 6.08557706e-04 4.05581670e-04
9.70535616e-02 6.77369668e-04 4.14083879e-04
9.74115478e-02 7.25926931e-04 3.92978321e-04
9.77695325e-02 4.34345757e-04 4.04775060e-04
9.81275155e-02 6.80264867e-04 3.98170141e-04
9.84854969e-02 9.04682502e-04 3.96304029e-04
9.88434768e-02 1.47225488e-03 4.10007236e-04
9.92014549e-02 -3.42286074e-04 3.97116482e-04
9.95594315e-02 7.26479011e-04 3.94684490e-04
9.99174064e-02 1.03567505e-03 3.96933836e-04
1.00275380e-01 4.44644790e-04 4.01443142e-04
1.00633351e-01 5.33204914e-04 3.90972320e-04
1.00991321e-01 4.25357745e-04 4.04323883e-04
1.01349290e-01 7.49706303e-04 4.02121915e-04
1.01707256e-01 1.64690647e-04 4.01270210e-04
1.02065221e-01 6.35089146e-04 3.83162826e-04
1.02423184e-01 1.04660186e-03 3.92296532e-04
1.02781146e-01 2.05838079e-04 3.93471860e-04
1.03139106e-01 4.08559068e-04 3.83789219e-04
1.03497064e-01 6.33338465e-04 3.88275197e-04
1.03855021e-01 1.18337065e-03 3.92813528e-04
1.04212976e-01 2.75991998e-04 3.83416281e-04
1.04570929e-01 6.30389491e-04 3.99705480e-04
1.04928880e-01 8.51533043e-04 3.91667745e-04
1.05286830e-01 5.69985072e-04 4.06255958e-04
1.05644778e-01 5.06036245e-04 3.98206748e-04
1.06002724e-01 3.31122491e-04 3.94906151e-04
1.06360668e-01 1.70001670e-04 3.99342625e-04
1.06718611e-01 4.24354065e-04 3.93470297e-04
1.07076552e-01 1.49698650e-03 3.87407804e-04
1.07434491e-01 6.17462829e-04 4.09991821e-04
1.07792429e-01 8.94379039e-04 4.14211164e-04
1.08150364e-01 6.03404293e-04 4.08531794e-04
1.08508298e-01 1.13430364e-03 4.03630589e-04
1.08866230e-01 1.74863084e-04 3.96259535e-04
1.09224160e-01 3.60497969e-04 3.90932488e-04
1.09582089e-01 8.01498897e-04 4.07413692e-04
1.09940016e-01 2.24492958e-04 4.06838890e-04
1.10297941e-01 5.11835850e-04 4.01551429e-04
1.10655864e-01 4.04984191e-04 3.89770450e-04
1.11013785e-01 8.58046833e-04 3.88559669e-04
1.11371704e-01 8.45198563e-04 3.86919645e-04
1.11729622e-01 -8.78307935e-06 3.82902780e-04
1.12087538e-01 -5.49549628e-05 3.86035632e-04
1.12445452e-01 -1.20965318e-04 3.93186342e-04
1.12803364e-01 8.52685105e-04 3.84313499e-04
1.13161274e-01 6.24585071e-04 3.71986609e-04
1.13519182e-01 -4.56261555e-04 3.76133330e-04
1.13877089e-01 2.60853651e-04 3.80599154e-04
1.14234994e-01 9.97925876e-06 3.78242707e-04
1.14592896e-01 -1.99863974e-05 3.70653001e-04
1.14950797e-01 5.87587745e-05 3.87820928e-04
1.15308696e-01 6.56895012e-04 3.69418578e-04
1.15666593e-01 5.71602190e-04 3.81014415e-04
1.16024488e-01 3.40607482e-04 3.67698036e-04
1.16382382e-01 6.74238366e-04 3.64463410e-04
1.16740273e-01 7.71294014e-05 3.65711573e-04
1.17098163e-01 6.13159866e-04 3.71066025e-04
1.17456050e-01 4.44093988e-04 3.74553842e-04
1.17813936e-01 2.19867370e-04 3.64999719e-04
1.18171819e-01 -6.44688979e-05 3.70175765e-04
1.18529701e-01 8.14809455e-04 3.71976816e-04
1.18887581e-01 5.50364428e-04 3.67715793e-04
1.19245459e-01 -3.54161507e-04 3.72877995e-04
1.19603335e-01 1.88922799e-04 3.73616584e-04
1.19961208e-01 5.37532386e-04 3.80274915e-04
1.20319080e-01 4.67016186e-04 3.84068773e-04
1.20676950e-01 4.77721000e-04 3.73931287e-04
1.21034818e-01 -1.66783445e-06 3.70836676e-04
1.21392684e-01 -1.01574941e-04 3.76005622e-04
1.21750548e-01 8.33868404e-04 3.82834282e-04
1.22108410e-01 4.66420503e-04 3.75398557e-04
1.22466270e-01 -1.51081489e-04 3.85334341e-04
1.22824128e-01 3.82533208e-04 3.78206452e-04
1.23181984e-01 -2.13507309e-04 3.78845996e-04
1.23539838e-01 1.62361290e-05 3.78795967e-04
1.23897690e-01 -1.60561758e-04 3.66595331e-04
1.24255540e-01 2.55285171e-04 3.67408525e-04
1.24613388e-01 3.60730859e-04 3.75273278e-04
1.24971233e-01 2.47216473e-04 3.69949115e-04
1.25329077e-01 -3.34205150e-05 3.73613964e-04
1.25686919e-01 4.29617447e-04 3.62971735e-04
1.26044758e-01 6.85828791e-04 3.56911648e-04
1.26402596e-01 8.69748473e-04 3.68240677e-04
1.26760431e-01 1.86281755e-04 3.63327273e-04
1.27118265e-01 -5.74932142e-05 3.52255378e-04
1.27476096e-01 3.35881189e-05 3.59392008e-04
1.27833925e-01 -1.39911077e-04 3.54546931e-04
1.28191752e-01 -3.91763255e-04 3.59675326e-04
1.28549577e-01 5.21714797e-04 3.54173739e-04
1.28907400e-01 3.32184775e-04 3.46826181e-04
1.29265221e-01 4.99578800e-04 3.48457687e-04
1.29623040e-01 3.73078053e-04 3.50618808e-04
1.29980856e-01 5.41157508e-04 3.52732875e-04
1.30338670e-01 2.96436398e-04 3.51895249e-04
1.30696483e-01 3.63496350e-04 3.45242055e-04
1.31054293e-01 2.89466321e-04 3.42306600e-04
1.31412101e-01 -9.14297413e-05 3.43978974e-04
1.31769906e-01 1.04452651e-03 3.55506334e-04
1.32127710e-01 2.55848524e-04 3.42200129e-04
1.32485511e-01 1.46502715e-04 3.51491312e-04
1.32843311e-01 3.80610853e-04 3.38727046e-04
1.33201108e-01 -4.33571599e-05 3.45630622e-04
1.33558903e-01 1.89434689e-04 3.35733381e-04
1.33916695e-01 6.49525078e-04 3.39203444e-04
1.34274486e-01 -1.93666997e-05 3.38938021e-04
1.34632274e-01 1.53884462e-04 3.37499634e-04
1.34990060e-01 4.08724389e-04 3.44874546e-04
1.35347844e-01 3.45559953e-04 3.44763059e-04
1.35705626e-01 5.17367472e-04 3.38400123e-04
1.36063405e-01 9.28520387e-04 3.40605446e-04
1.36421182e-01 5.79123650e-04 3.40043192e-04
1.36778957e-01 2.84498258e-04 3.31917458e-04
1.37136730e-01 5.25558287e-04 3.34432952e-04
1.37494500e-01 1.30117438e-04 3.40058064e-04
1.37852269e-01 3.81702479e-04 3.30278573e-04
1.38210034e-01 8.68649325e-04 3.36987506e-04
1.38567798e-01 5.89344547e-04 3.36736800e-04
1.38925559e-01 1.92685444e-04 3.33497148e-04
1.39283319e-01 1.28376361e-04 3.23199813e-04
1.39641075e-01 9.83849117e-05 3.31705924e-04
1.39998830e-01 -1.94513246e-04 3.34440502e-04
1.40356582e-01 3.67494821e-04 3.30484338e-04
1.40714332e-01 8.62356292e-04 3.27768696e-04
1.41072080e-01 -3.70027906e-04 3.26668156e-04
1.41429825e-01 5.60656739e-04 3.35719570e-04
1.41787568e-01 4.71538019e-04 3.25286134e-04
1.42145308e-01 -1.41494761e-04 3.24517848e-04
1.42503047e-01 6.38414839e-04 3.26090729e-04
1.42860783e-01 3.15907653e-04 3.28957388e-04
1.43218516e-01 7.69736411e-05 3.20317732e-04
1.43576247e-01 1.46826507e-04 3.24683016e-04
1.43933976e-01 -1.29473631e-05 3.21403057e-04
1.44291703e-01 2.49412068e-04 3.28164239e-04
1.44649427e-01 3.19392135e-04 3.26121421e-04
1.45007149e-01 -1.70841487e-04 3.25442431e-04
1.45364868e-01 6.48447760e-05 3.14324931e-04
1.45722585e-01 -7.26489793e-05 3.24437167e-04
1.46080300e-01 2.21972009e-04 3.16098826e-04
1.46438012e-01 -1.41883146e-04 3.22305096e-04
1.46795722e-01 1.67243167e-05 3.24255114e-04
1.47153429e-01 -1.44936600e-04 3.16378398e-04
1.47511134e-01 -1.41562110e-04 3.18250162e-04
1.47868837e-01 3.58851724e-04 3.15520668e-04
1.48226537e-01 -3.95227728e-04 3.14399680e-04
1.48584235e-01 2.18276508e-04 3.15685351e-04
1.48941930e-01 9.50321055e-05 3.12684114e-04
1.49299623e-01 3.54778579e-04 3.20661352e-04
1.49657313e-01 3.09782819e-04 3.12203561e-04
1.50015001e-01 1.36763214e-04 3.19562343e-04
1.50372687e-01 2.62978415e-04 3.12995475e-04
1.50730370e-01 -2.28254636e-04 3.16443223e-04
1.51088050e-01 4.52530897e-04 3.12894646e-04
1.51445728e-01 -1.79682523e-04 3.19449611e-04
1.51803404e-01 6.67935451e-05 3.12702529e-04
1.52161077e-01 -4.17084352e-04 3.07038731e-04
1.52518747e-01 -2.67390769e-04 3.05583122e-04
1.52876416e-01 -4.89989231e-04 3.12060061e-04
1.53234081e-01 2.42493645e-04 3.08358677e-04
1.53591744e-01 -2.85822274e-04 3.06577144e-04
1.53949405e-01 -3.31812630e-04 3.05671027e-04
1.54307063e-01 4.07537677e-04 3.02048348e-04
1.54664718e-01 -2.36695373e-04 3.09648936e-04
1.55022371e-01 4.64116366e-04 3.06795311e-04
1.55380021e-01 -2.40512823e-04 3.07532839e-04
1.55737669e-01 -3.96156169e-04 3.03150348e-04
1.56095314e-01 1.88237253e-04 3.10022357e-04
1.56452957e-01 1.98749004e-05 3.15408836e-04
1.56810597e-01 -1.70809431e-04 3.08622718e-04
1.57168235e-01 -1.90992542e-04 3.06066604e-04
1.57525870e-01 -5.48284109e-05 3.09167580e-04
1.57883502e-01 -4.28779841e-04 3.07361456e-04
1.58241132e-01 -4.71062935e-04 3.07910014e-04
1.58598759e-01 3.66037163e-04 3.01878779e-04
1.58956384e-01 -1.84369372e-05 3.00019453e-04
1.59314006e-01 1.78605485e-04 3.04203344e-04
1.59671625e-01 2.78323792e-04 2.99072996e-04
1.60029242e-01 4.79290155e-04 3.04599095e-04
1.60386856e-01 1.48338885e-04 3.03806158e-04
1.60744468e-01 2.60498491e-04 2.98836097e-04
1.61102076e-01 8.43641555e-05 2.97464932e-04
1.61459683e-01 1.13943339e-05 2.96505820e-04
1.61817286e-01 4.57510195e-04 3.00003358e-04
1.62174887e-01 -9.20387306e-05 2.92317205e-04
1.62532485e-01 3.39540806e-04 2.98537772e-04
1.62890081e-01 3.96228130e-04 2.89081923e-04
1.63247674e-01 5.54013432e-04 3.01014653e-04
1.63605264e-01 3.76083932e-06 2.93895360e-04
1.63962852e-01 1.57689787e-04 2.94450229e-04
1.64320437e-01 1.05458331e-04 2.94151559e-04
1.64678019e-01 -4.80817891e-04 2.94129895e-04
1.65035598e-01 3.18963141e-04 2.93382006e-04
1.65393175e-01 -2.50344235e-04 3.00667840e-04
1.65750749e-01 3.48089447e-04 2.90075584e-04
1.66108320e-01 4.23841933e-04 3.01083848e-04
1.66465889e-01 -1.29236332e-04 3.02260003e-04
1.66823455e-01 4.54259536e-05 2.93747525e-04
1.67181018e-01 2.10431632e-04 2.93803203e-04
1.67538578e-01 1.96283499e-04 2.92461093e-04
1.67896136e-01 4.01975059e-04 2.87919270e-04
1.68253691e-01 4.59216430e-04 2.85810848e-04
1.68611243e-01 3.46704208e-04 2.93594816e-04
1.68968792e-01 2.00939335e-04 2.86634220e-04
1.69326339e-01 -1.60070825e-04 2.83746689e-04
1.69683883e-01 2.26153984e-05 2.93151978e-04
1.70041424e-01 3.16693517e-04 2.84895744e-04
1.70398962e-01 4.75092550e-05 2.85184263e-04
1.70756497e-01 -4.55174192e-05 2.86389662e-04
1.71114030e-01 9.75592935e-05 2.82399753e-04
1.71471560e-01 -2.99400601e-04 2.84481520e-04
1.71829087e-01 -3.15516057e-04 2.87899934e-04
1.72186611e-01 -1.06285088e-04 2.83093594e-04
1.72544132e-01 -5.08095131e-06 2.80673816e-04
1.72901651e-01 2.12553223e-04 2.86486562e-04
1.73259167e-01 1.89757817e-04 2.81494182e-04
1.73616679e-01 5.48277638e-04 2.89850850e-04
1.73974189e-01 4.13210019e-04 2.84988976e-04
1.74331697e-01 -2.14915678e-04 2.82699641e-04
1.74689201e-01 4.35754461e-05 2.85164235e-04
1.75046702e-01 2.59578162e-04 2.79011193e-04
1.75404201e-01 5.39570414e-04 2.86939699e-04
1.75761697e-01 2.27867265e-04 2.85154598e-04
1.76119189e-01 -1.33951061e-04 2.77269962e-04
1.76476679e-01 -4.45441839e-04 2.78558246e-04
1.76834166e-01 -2.02309491e-04 2.81024727e-04
1.77191650e-01 3.16627273e-05 2.77632656e-04
1.77549132e-01 6.77239189e-05 2.83807703e-04
1.77906610e-01 -3.89444481e-04 2.80000097e-04
1.78264085e-01 3.24321500e-04 2.78225667e-04
1.78621558e-01 -7.54188095e-05 2.76065691e-04
1.78979027e-01 3.23092616e-04 2.84388622e-04
1.79336494e-01 -4.94466403e-04 2.76104788e-04
1.79693958e-01 1.75222705e-04 2.73247174e-04
1.80051418e-01 4.53976884e-05 2.73370242e-04
1.80408876e-01 1.15735458e-05 2.83965803e-04
1.80766331e-01 -7.28363892e-05 2.83456224e-04
1.81123783e-01 -4.10039294e-04 2.80128049e-04
1.81481232e-01 3.79445241e-04 2.81502230e-04
1.81838677e-01 2.11451081e-04 2.79925017e-04
1.82196120e-01 3.67723429e-04 2.83734914e-04
1.82553560e-01 -6.45887898e-04 2.88098162e-04
1.82910997e-01 1.14693894e-04 2.85373025e-04
1.83268431e-01 7.21494352e-04 2.79423665e-04
1.83625862e-01 -2.33591939e-05 2.85100213e-04
1.83983290e-01 3.32808780e-04 2.80758031e-04
1.84340715e-01 1.64111002e-04 2.84681137e-04
1.84698137e-01 -8.87392985e-05 2.89954432e-04
1.85055556e-01 -2.40220405e-04 2.78900960e-04
1.85412971e-01 -6.73379868e-04 2.82324079e-04
1.85770384e-01 -1.87858152e-04 2.82691183e-04
1.86127794e-01 -2.80224106e-04 2.86067632e-04
1.86485200e-01 -3.49246446e-04 2.80083610e-04
1.86842604e-01 1.22680386e-05 2.83332761e-04
1.87200005e-01 2.62937340e-04 2.74111198e-04
1.87557402e-01 -2.00310792e-04 2.76705161e-04
1.87914797e-01 -2.97484287e-04 2.74231928e-04
1.88272188e-01 -4.04565041e-05 2.74797097e-04
1.88629576e-01 5.51296014e-05 2.74003979e-04
1.88986961e-01 -2.37727021e-04 2.72889963e-04
1.89344343e-01 1.29443985e-04 2.64695646e-04
1.89701722e-01 4.72789695e-04 2.76929911e-04
1.90059098e-01 3.32487138e-04 2.77491556e-04
1.90416471e-01 -2.60919954e-04 2.71321609e-04
1.90773840e-01 -2.24784565e-05 2.69312522e-04
1.91131207e-01 2.09018825e-04 2.67755392e-04
1.91488570e-01 -1.84328390e-05 2.71788857e-04
1.91845930e-01 -1.47582987e-04 2.71941029e-04
1.92203287e-01 3.63506609e-05 2.74056853e-04
1.92560641e-01 -2.01794659e-04 2.71095807e-04
1.92917992e-01 -4.81586842e-04 2.70836320e-04
1.93275340e-01 1.02954618e-04 2.68818662e-04
1.93632684e-01 1.29842630e-04 2.72283958e-04
1.93990025e-01 -4.99696082e-04 2.64881527e-04
1.94347363e-01 -4.41307337e-04 2.73254208e-04
1.94704698e-01 -1.60201172e-04 2.73538308e-04
1.95062030e-01 3.14865568e-04 2.71770232e-04
1.95419358e-01 -3.09959941e-04 2.68406457e-04
1.95776684e-01 4.03853635e-05 2.64489703e-04
1.96134006e-01 1.33030007e-04 2.71061495e-04
1.96491324e-01 4.73451114e-04 2.70402885e-04
1.96848640e-01 1.85132421e-04 2.73833172e-04
1.97205953e-01 -4.43580970e-05 2.69973185e-04
1.97563262e-01 -1.25407123e-04 2.72922484e-04
1.97920568e-01 8.45586300e-05 2.72255607e-04
1.98277870e-01 3.81195181e-05 2.73559937e-04
1.98635170e-01 1.01136518e-04 2.73562465e-04
1.98992466e-01 -5.83700197e-05 2.69885732e-04
1.99349759e-01 -2.20299133e-04 2.70182282e-04
1.99707049e-01 3.61003480e-04 2.69687531e-04
2.00064335e-01 1.14128914e-04 2.66691444e-04
2.00421618e-01 1.13414769e-04 2.68966802e-04
2.00778898e-01 1.32040631e-04 2.63667945e-04
2.01136174e-01 3.53046494e-04 2.66465877e-04
2.01493448e-01 2.69258782e-04 2.65724133e-04
2.01850718e-01 4.09619004e-04 2.61415293e-04
2.02207984e-01 -2.79121816e-04 2.63923608e-04
2.02565248e-01 4.48959471e-04 2.59782954e-04
2.02922508e-01 -2.40231573e-04 2.67318655e-04
2.03279764e-01 1.98990150e-04 2.67049357e-04
2.03637018e-01 -2.05724639e-04 2.59520452e-04
2.03994268e-01 -5.63864486e-05 2.59473155e-04
2.04351514e-01 -3.06430385e-04 2.55718277e-04
2.04708758e-01 -2.68096169e-04 2.56702524e-04
2.05065998e-01 1.80170626e-04 2.57684817e-04
2.05423234e-01 -7.61561152e-04 2.54808249e-04
2.05780467e-01 -9.63513597e-04 2.54435575e-04
2.06137697e-01 5.06470481e-04 2.57698502e-04
2.06494924e-01 -1.14533011e-04 2.54947558e-04
2.06852147e-01 1.15350100e-04 2.59865589e-04
2.07209367e-01 -1.55822963e-04 2.50744101e-04
2.07566583e-01 -2.96210501e-04 2.57427779e-04
2.07923796e-01 -1.02207633e-04 2.56766719e-04
2.08281005e-01 8.30745936e-05 2.59742759e-04
2.08638211e-01 2.56700525e-04 2.57590120e-04
2.08995414e-01 -4.29166971e-04 2.53875277e-04
2.09352613e-01 -3.33443946e-05 2.51569643e-04
2.09709809e-01 -4.33680345e-04 2.51792100e-04
2.10067002e-01 -3.82401056e-04 2.55867726e-04
2.10424191e-01 -3.97850690e-04 2.47195035e-04
2.10781376e-01 6.41006276e-04 2.52480862e-04
2.11138558e-01 3.23000944e-04 2.49458376e-04
2.11495737e-01 -1.74275952e-04 2.55213048e-04
2.11852912e-01 -2.70052686e-04 2.52384967e-04
2.12210084e-01 3.21094482e-04 2.52751881e-04
2.12567252e-01 -2.01034324e-04 2.48823398e-04
2.12924416e-01 9.21754139e-05 2.49645545e-04
2.13281578e-01 -2.40046942e-04 2.51066917e-04
2.13638735e-01 3.26634016e-05 2.47760501e-04
2.13995890e-01 -1.50477712e-04 2.45934300e-04
2.14353040e-01 2.17359467e-05 2.51128659e-04
2.14710188e-01 -6.10742057e-05 2.45123655e-04
2.15067331e-01 -3.94378121e-04 2.48974370e-04
2.15424471e-01 1.16699545e-04 2.48139966e-04
2.15781608e-01 1.48865557e-05 2.45537436e-04
2.16138741e-01 -2.61311550e-04 2.49971974e-04
2.16495871e-01 -5.08969577e-04 2.47418945e-04
2.16852997e-01 1.43763605e-05 2.53630462e-04
2.17210119e-01 9.14687033e-05 2.46545728e-04
2.17567238e-01 -2.18052505e-04 2.49438276e-04
2.17924354e-01 -7.53314857e-05 2.45987286e-04
2.18281465e-01 -1.66133387e-05 2.44380545e-04
2.18638574e-01 -2.16150269e-04 2.46060952e-04
2.18995678e-01 1.05317687e-05 2.42802016e-04
2.19352779e-01 3.14235094e-04 2.40936963e-04
2.19709877e-01 -1.13910018e-04 2.45147821e-04
2.20066971e-01 2.45465830e-04 2.41749132e-04
2.20424061e-01 -1.41661727e-04 2.36082606e-04
2.20781147e-01 1.62216665e-04 2.41286536e-04
2.21138230e-01 2.17024737e-04 2.41021690e-04
2.21495310e-01 1.37869496e-05 2.39288644e-04
2.21852386e-01 -3.59146727e-04 2.40835182e-04
2.22209458e-01 -1.78933524e-04 2.38978605e-04
2.22566526e-01 -2.23311102e-04 2.33949643e-04
2.22923591e-01 2.61528911e-04 2.37188303e-04
2.23280652e-01 -1.26797721e-04 2.33827443e-04
2.23637710e-01 -3.27720641e-04 2.36920976e-04
2.23994764e-01 -2.37450369e-04 2.37406197e-04
2.24351814e-01 7.18516561e-05 2.37406825e-04
2.24708861e-01 3.40930855e-04 2.40951930e-04
2.25065904e-01 2.06940278e-04 2.35922984e-04
2.25422943e-01 -2.18792920e-04 2.36382292e-04
2.25779978e-01 3.20741850e-06 2.35779541e-04
2.26137010e-01 1.44324945e-04 2.36094002e-04
2.26494038e-01 -1.46591994e-04 2.35304640e-04
2.26851063e-01 -1.10482259e-05 2.35143102e-04
2.27208083e-01 -3.76764797e-04 2.32964606e-04
2.27565100e-01 1.80629977e-04 2.35076693e-04
2.27922114e-01 1.38960867e-04 2.40498193e-04
2.28279123e-01 2.16769903e-05 2.40074803e-04
2.28636129e-01 1.20628467e-04 2.33559613e-04
2.28993131e-01 -9.80078383e-05 2.37917029e-04
2.29350129e-01 2.00856011e-04 2.29658923e-04
2.29707124e-01 2.30826597e-04 2.32165309e-04
2.30064115e-01 -3.23874574e-04 2.31284123e-04
2.30421102e-01 1.57442967e-05 2.34393177e-04
2.30778085e-01 -1.93383517e-04 2.31801495e-04
2.31135064e-01 -1.36744653e-04 2.32511469e-04
2.31492040e-01 -2.41113092e-04 2.32761556e-04
2.31849012e-01 -3.11921872e-04 2.30791079e-04
2.32205980e-01 2.23163470e-04 2.35733917e-04
2.32562944e-01 -2.02801676e-04 2.28921052e-04
2.32919905e-01 1.97066900e-04 2.30833483e-04
2.33276862e-01 8.82609125e-05 2.34567314e-04
2.33633814e-01 2.39442488e-04 2.30518103e-04
2.33990763e-01 -1.39085894e-04 2.29216109e-04
2.34347709e-01 6.92765271e-05 2.28196773e-04
2.34704650e-01 -3.06139340e-04 2.23709482e-04
2.35061588e-01 -3.27344334e-04 2.29696825e-04
2.35418521e-01 1.82397934e-04 2.26627146e-04
2.35775451e-01 1.51810265e-04 2.35295895e-04
2.36132377e-01 -3.40153567e-05 2.28001935e-04
2.36489299e-01 4.77135384e-05 2.32190593e-04
2.36846218e-01 2.46523262e-04 2.26617202e-04
2.37203132e-01 1.95797099e-04 2.30407469e-04
2.37560042e-01 -4.47430386e-04 2.29883205e-04
2.37916949e-01 -2.33213977e-04 2.25428824e-04
2.38273852e-01 -2.90972061e-04 2.24425832e-04
2.38630751e-01 4.03854473e-05 2.26417004e-04
2.38987645e-01 -4.09931049e-04 2.27726562e-04
2.39344537e-01 1.44557504e-04 2.28219570e-04
2.39701424e-01 -3.28725104e-04 2.20747343e-04
2.40058307e-01 2.32365645e-04 2.23984823e-04
2.40415186e-01 -7.17772747e-05 2.24807697e-04
2.40772061e-01 3.73082847e-04 2.27271246e-04
2.41128933e-01 1.24110359e-04 2.22771807e-04
2.41485800e-01 -2.85994941e-05 2.24050407e-04
2.41842664e-01 -3.41798478e-04 2.21043009e-04
2.42199523e-01 1.54747755e-05 2.23653586e-04
2.42556379e-01 -1.91896888e-04 2.22675480e-04
2.42913230e-01 -1.30784674e-04 2.21280699e-04
2.43270078e-01 -3.46577404e-04 2.21100015e-04
2.43626922e-01 -2.18653739e-04 2.23099031e-04
2.43983761e-01 -2.83738758e-04 2.19589187e-04
2.44340597e-01 -1.94339908e-04 2.20508634e-04
2.44697429e-01 -5.03518820e-05 2.21161582e-04
2.45054256e-01 -9.25764071e-05 2.17906104e-04
2.45411080e-01 -3.12743291e-04 2.14880320e-04
2.45767900e-01 -7.82687584e-05 2.17789791e-04
2.46124715e-01 8.11820961e-05 2.20503797e-04
2.46481527e-01 4.14164352e-05 2.18191675e-04
2.46838334e-01 -2.70000692e-04 2.19230444e-04
2.47195138e-01 -3.08265403e-04 2.16486263e-04
2.47551938e-01 -2.25400708e-04 2.13597428e-04
2.47908733e-01 -2.53697157e-04 2.15791490e-04
2.48265524e-01 1.00862722e-04 2.15767703e-04
2.48622312e-01 4.77469807e-05 2.18118614e-04
2.48979095e-01 1.93182022e-04 2.20472660e-04
2.49335874e-01 -1.57855813e-05 2.18721254e-04
2.49692649e-01 -4.63968589e-05 2.18635183e-04
2.50049420e-01 5.79935097e-04 2.16451810e-04
2.50406187e-01 4.07045594e-04 2.16224677e-04
2.50762950e-01 -2.30336018e-04 2.14501741e-04
2.51119709e-01 -1.88806161e-04 2.12369258e-04
2.51476464e-01 3.37053404e-04 2.18697755e-04
2.51833214e-01 -1.91709580e-04 2.12550580e-04
2.52189961e-01 6.24302408e-05 2.11887179e-04
2.52546703e-01 -2.85005342e-04 2.15283297e-04
2.52903441e-01 1.43760178e-05 2.10696183e-04
2.53260175e-01 -4.27733172e-05 2.09897724e-04
2.53616905e-01 -6.52383238e-05 2.09279756e-04
2.53973631e-01 1.73557596e-04 2.18138579e-04
2.54330352e-01 -2.07786360e-04 2.08019181e-04
2.54687070e-01 7.95500374e-05 2.12301913e-04
2.55043783e-01 2.25167050e-05 2.09511861e-04
2.55400492e-01 -5.27619814e-05 2.08916074e-04
2.55757197e-01 2.04706386e-05 2.12462845e-04
2.56113898e-01 -8.72573097e-05 2.11962590e-04
2.56470595e-01 -2.04982281e-04 2.11757677e-04
2.56827287e-01 4.60382740e-05 2.13527080e-04
2.57183975e-01 -5.08324223e-05 2.10879339e-04
2.57540659e-01 -2.95768249e-05 2.13775588e-04
2.57897339e-01 9.23424264e-05 2.10807518e-04
2.58254014e-01 -8.95724333e-05 2.17025662e-04
2.58610686e-01 -2.73630456e-04 2.13410366e-04
2.58967353e-01 -2.33599362e-04 2.13805738e-04
2.59324016e-01 -2.41635655e-04 2.14412635e-04
2.59680674e-01 1.37674590e-05 2.18931659e-04
2.60037329e-01 7.56541311e-05 2.20081456e-04
2.60393979e-01 -4.77664090e-04 2.13392447e-04
2.60750625e-01 2.59265926e-05 2.15398602e-04
2.61107266e-01 4.62028667e-05 2.15040620e-04
2.61463904e-01 2.17671107e-04 2.17766422e-04
2.61820537e-01 -1.61171270e-04 2.15111530e-04
2.62177166e-01 3.74173898e-04 2.19112483e-04
2.62533790e-01 7.54112510e-05 2.15255459e-04
2.62890410e-01 2.91422473e-04 2.17148399e-04
2.63247026e-01 2.68893856e-04 2.15176872e-04
2.63603638e-01 9.39259857e-05 2.16305066e-04
2.63960245e-01 7.70799890e-05 2.17614285e-04
2.64316848e-01 3.39551609e-04 2.08673571e-04
2.64673447e-01 3.16344092e-05 2.16229873e-04
2.65030042e-01 -3.61289123e-04 2.13370768e-04
2.65386632e-01 1.61296852e-04 2.14909343e-04
2.65743217e-01 -2.57526962e-05 2.11015288e-04
2.66099799e-01 2.27817475e-05 2.12894230e-04
2.66456376e-01 2.73830877e-04 2.14347691e-04
2.66812948e-01 -3.39446914e-04 2.09620238e-04
2.67169517e-01 -4.51563720e-04 2.18583862e-04
2.67526081e-01 -1.29625838e-04 2.15914609e-04
2.67882640e-01 -9.70911267e-05 2.16712950e-04
2.68239195e-01 3.94760943e-05 2.13146866e-04
2.68595746e-01 -3.82628788e-06 2.12252180e-04
2.68952293e-01 4.50881463e-05 2.16750029e-04
2.69308835e-01 4.75249893e-04 2.15454317e-04
2.69665372e-01 1.27645017e-04 2.19479217e-04
2.70021906e-01 1.09330359e-04 2.24841938e-04
2.70378435e-01 -7.59582437e-05 2.22164447e-04
2.70734959e-01 -1.37201822e-04 2.21995566e-04
2.71091479e-01 -1.75021323e-04 2.27283515e-04
2.71447995e-01 -5.86627962e-05 2.22122082e-04
2.71804506e-01 -2.43102652e-04 2.24660933e-04
2.72161012e-01 -2.87328803e-04 2.18670736e-04
2.72517515e-01 3.41552860e-04 2.20937502e-04
2.72874012e-01 -7.35021731e-05 2.28232970e-04
