1.54026655e-02 -1.94574854e-03 1.52469779e-03
1.57608633e-02 -4.86201225e-04 1.62507061e-03
1.61190608e-02 -2.65121278e-03 1.57936269e-03
1.64772580e-02 -3.53836352e-03 1.43299685e-03
1.68354550e-02 -9.83449184e-04 1.37323612e-03
1.71936517e-02 -2.11186522e-03 1.43686242e-03
1.75518481e-02 -7.55586489e-04 1.29337654e-03
1.79100442e-02 -2.19076956e-03 1.28367084e-03
1.82682400e-02 -2.56452629e-03 1.27537851e-03
1.86264355e-02 -3.11388757e-03 1.18397777e-03
1.89846308e-02 -4.25743842e-04 1.18460562e-03
1.93428257e-02 -6.83998167e-04 1.14815244e-03
1.97010202e-02 6.05029996e-04 1.10285052e-03
2.00592145e-02 -6.87316494e-04 1.09203841e-03
2.04174084e-02 -2.12858572e-04 1.02938202e-03
2.07756020e-02 -1.80513812e-04 1.12008974e-03
2.11337953e-02 5.94385968e-05 1.03334555e-03
2.14919882e-02 -7.89832228e-05 9.61355033e-04
2.18501808e-02 -1.06750711e-03 9.95470077e-04
2.22083729e-02 -7.88918068e-04 9.76524021e-04
2.25665648e-02 -8.71417081e-04 1.01612369e-03
2.29247562e-02 -3.09303039e-04 1.03074863e-03
2.32829473e-02 -9.63574832e-04 9.33302230e-04
2.36411380e-02 -2.81312517e-04 8.93523287e-04
2.39993283e-02 8.54048297e-04 9.12671927e-04
2.43575182e-02 -2.15332262e-04 9.08730578e-04
2.47157077e-02 -8.10946333e-04 8.95756989e-04
2.50738968e-02 5.39731694e-04 8.92855989e-04
2.54320855e-02 -3.48657837e-04 9.06800392e-04
2.57902738e-02 1.13259566e-03 8.36960133e-04
2.61484617e-02 1.10519013e-04 8.53879759e-04
2.65066491e-02 -8.10780511e-04 8.56384957e-04
2.68648361e-02 1.15993322e-04 8.97406426e-04
2.72230226e-02 -4.28639934e-04 7.96361670e-04
2.75812087e-02 1.68754127e-03 8.29933713e-04
2.79393943e-02 -9.29732223e-04 7.86364070e-04
2.82975795e-02 -8.78994552e-04 8.27024455e-04
2.86557642e-02 1.50692956e-04 8.57651763e-04
2.90139485e-02 5.51498459e-05 8.40666242e-04
2.93721323e-02 -1.90655833e-04 8.58613606e-04
2.97303155e-02 9.10428281e-04 8.46283989e-04
3.00884983e-02 -7.93004433e-05 7.96473754e-04
3.04466806e-02 -4.57109230e-04 8.32747490e-04
3.08048624e-02 5.59691847e-06 7.90815827e-04
3.11630437e-02 1.51279188e-03 8.26939517e-04
3.15212245e-02 1.03951290e-03 8.24585371e-04
3.18794048e-02 4.76114363e-04 7.94045527e-04
3.22375845e-02 -5.03327499e-04 7.61044037e-04
3.25957637e-02 -7.93508308e-04 7.97953078e-04
3.29539424e-02 -2.78238500e-04 7.73703156e-04
3.33121205e-02 5.38286733e-04 7.90015750e-04
3.36702981e-02 3.36940865e-04 7.92236300e-04
3.40284751e-02 1.69668469e-03 8.22659684e-04
3.43866516e-02 1.25188853e-04 7.59344618e-04
3.47448275e-02 6.22478217e-04 7.53782879e-04
3.51030028e-02 6.68931561e-04 7.38242776e-04
3.54611775e-02 -2.40274171e-05 7.33522778e-04
3.58193517e-02 1.50921022e-03 7.32657197e-04
3.61775253e-02 2.32013377e-04 7.27809492e-04
3.65356983e-02 -1.13526157e-03 7.13355707e-04
3.68938706e-02 9.99600953e-04 6.95240019e-04
3.72520424e-02 -5.67848756e-04 7.14251343e-04
3.76102136e-02 1.02311811e-03 6.97958848e-04
3.79683841e-02 5.61653584e-04 6.78341883e-04
3.83265540e-02 -7.84793712e-04 6.63036329e-04
3.86847233e-02 5.33099753e-04 6.90396415e-04
3.90428920e-02 4.25335928e-04 6.66605962e-04
3.94010600e-02 6.55611560e-04 6.88443853e-04
3.97592273e-02 -1.37117354e-04 6.50307670e-04
4.01173941e-02 1.35733202e-03 6.64372931e-04
4.04755601e-02 -5.22915706e-04 6.51078465e-04
4.08337255e-02 -5.67759260e-04 6.48148427e-04
4.11918902e-02 1.12783276e-03 6.28457475e-04
4.15500542e-02 1.52349644e-04 6.41187142e-04
4.19082176e-02 -3.67721076e-04 6.34670415e-04
4.22663802e-02 5.91194625e-04 6.91532593e-04
4.26245422e-02 9.71496860e-05 6.58853060e-04
4.29827034e-02 -2.61086993e-04 6.87158380e-04
4.33408640e-02 8.24515213e-04 6.66330244e-04
4.36990238e-02 -9.42037045e-06 6.36438184e-04
4.40571830e-02 6.53165659e-04 6.42225315e-04
4.44153414e-02 -1.53169506e-04 6.45019309e-04
4.47734990e-02 -6.02281257e-04 6.53243452e-04
4.51316560e-02 -1.09476851e-03 6.42817324e-04
4.54898122e-02 9.87162077e-04 6.71218627e-04
4.58479676e-02 9.72186224e-05 6.26294262e-04
4.62061223e-02 1.33689797e-03 6.55503587e-04
4.65642762e-02 4.24676823e-04 6.47556926e-04
4.69224294e-02 3.42266472e-04 6.82862796e-04
4.72805818e-02 1.57262586e-03 6.49088738e-04
4.76387334e-02 2.31523240e-03 6.52366580e-04
4.79968842e-02 8.98502167e-04 6.35614986e-04
4.83550342e-02 -1.95652032e-04 6.24647595e-04
4.87131835e-02 1.07393320e-03 6.39171242e-04
4.90713319e-02 7.88647635e-04 6.01779154e-04
4.94294795e-02 4.88353800e-04 6.02559612e-04
4.97876264e-02 1.17430593e-03 6.28466228e-04
5.01457724e-02 -1.03681433e-03 5.88530283e-04
5.05039175e-02 -2.29426985e-06 5.99495035e-04
5.08620619e-02 -1.92108496e-04 5.68075834e-04
5.12202054e-02 4.74050432e-05 5.94249590e-04
5.15783481e-02 8.35413975e-04 5.71362646e-04
5.19364899e-02 5.11710365e-04 5.96326746e-04
5.22946308e-02 5.19722750e-04 5.78065883e-04
5.26527709e-02 -4.26779028e-04 5.71920738e-04
5.30109102e-02 1.91901024e-04 5.59016033e-04
5.33690485e-02 1.43976858e-03 5.63561977e-04
5.37271860e-02 -5.56963384e-04 5.63957780e-04
5.40853226e-02 1.12987742e-04 5.66699677e-04
5.44434583e-02 4.85469688e-04 5.65067310e-04
5.48015932e-02 8.02821212e-04 5.82325367e-04
5.51597271e-02 3.28281769e-04 5.74706266e-04
5.55178601e-02 -1.18847215e-04 5.55566854e-04
5.58759922e-02 -1.40632931e-04 5.51418197e-04
5.62341234e-02 5.07371574e-05 5.54482475e-04
5.65922536e-02 1.34660067e-03 5.60214397e-04
5.69503829e-02 2.42155560e-04 5.53751397e-04
5.73085113e-02 1.53143974e-04 5.59909985e-04
5.76666388e-02 7.27556272e-04 5.28119962e-04
5.80247653e-02 3.33063212e-05 5.37673120e-04
5.83828908e-02 7.25001307e-04 5.62187462e-04
5.87410154e-02 -4.64234265e-04 5.09759814e-04
5.90991390e-02 -2.60023221e-04 5.38659925e-04
5.94572616e-02 2.71322636e-04 5.63201650e-04
5.98153833e-02 6.72985329e-04 5.25097262e-04
6.01735040e-02 4.98759372e-04 5.28824201e-04
6.05316237e-02 1.49553245e-04 5.24417299e-04
6.08897424e-02 3.69436903e-04 5.05308666e-04
6.12478600e-02 -4.58979243e-05 5.03564990e-04
6.16059767e-02 9.63942989e-05 5.09191951e-04
6.19640924e-02 -1.13250022e-04 5.18224353e-04
6.23222071e-02 1.75666237e-04 5.32639725e-04
6.26803207e-02 8.17139361e-04 5.34295438e-04
6.30384333e-02 1.68826414e-05 5.16842415e-04
6.33965448e-02 1.23040393e-03 5.19866918e-04
6.37546554e-02 -6.48562300e-04 5.19781424e-04
6.41127648e-02 -5.91045341e-04 5.30561902e-04
6.44708732e-02 2.50191400e-04 5.22388580e-04
6.48289806e-02 -4.36900659e-04 4.78515803e-04
6.51870869e-02 -6.08680614e-04 4.94896525e-04
6.55451921e-02 -4.68210765e-04 5.10568690e-04
6.59032962e-02 4.45959675e-04 5.06650951e-04
6.62613993e-02 9.84749985e-04 5.07244076e-04
6.66195012e-02 4.90431049e-04 5.02000369e-04
6.69776021e-02 -7.24455867e-04 4.88920843e-04
6.73357019e-02 -5.01156208e-04 4.95417881e-04
6.76938005e-02 -2.72094828e-04 4.75804073e-04
6.80518981e-02 5.27382874e-05 4.91726092e-04
6.84099945e-02 3.74682205e-04 4.66705759e-04
6.87680898e-02 -7.25549845e-06 4.90219495e-04
6.91261840e-02 9.26041316e-04 4.87297947e-04
6.94842770e-02 -1.13567988e-04 4.66052052e-04
6.98423689e-02 6.22905866e-04 4.66268923e-04
7.02004596e-02 -2.85794161e-04 4.76639228e-04
7.05585492e-02 -4.99605089e-04 4.72009584e-04
7.09166377e-02 5.44641604e-04 4.71336731e-04
7.12747249e-02 3.36426214e-04 4.82522448e-04
7.16328110e-02 -5.20255093e-05 4.78519850e-04
7.19908959e-02 -2.50635913e-05 4.73211902e-04
7.23489796e-02 -4.38688666e-05 4.73360268e-04
7.27070622e-02 6.01242681e-04 4.67355017e-04
7.30651435e-02 7.03938796e-04 4.78797417e-04
7.34232237e-02 1.09132318e-03 4.64918618e-04
7.37813026e-02 -2.02725816e-04 4.57246469e-04
7.41393803e-02 -1.13074083e-03 4.68730314e-04
7.44974568e-02 -4.17536626e-05 4.74178736e-04
7.48555321e-02 5.83720829e-04 4.64796292e-04
7.52136061e-02 2.73443850e-04 4.75015963e-04
7.55716789e-02 8.78136466e-04 4.68506126e-04
7.59297505e-02 7.73551360e-04 4.66663401e-04
7.62878208e-02 3.32107455e-04 4.65362289e-04
7.66458899e-02 2.46301786e-04 4.42493742e-04
7.70039577e-02 8.10180527e-05 4.60164987e-04
7.73620242e-02 1.10479219e-04 4.40792017e-04
7.77200895e-02 -1.76039561e-04 4.50861092e-04
7.80781535e-02 -8.47364129e-04 4.44243532e-04
7.84362162e-02 -6.01118071e-04 4.54395452e-04
7.87942776e-02 -2.98874506e-04 4.43705037e-04
7.91523377e-02 9.05296606e-05 4.50217739e-04
7.95103965e-02 2.97693287e-04 4.41004472e-04
7.98684540e-02 -2.28678480e-04 4.49815885e-04
8.02265102e-02 -6.52930161e-05 4.35858233e-04
8.05845651e-02 4.41235329e-04 4.48668701e-04
8.09426186e-02 -1.23917084e-04 4.55846801e-04
8.13006709e-02 6.54193532e-04 4.48044710e-04
8.16587217e-02 5.09459996e-05 4.41275275e-04
8.20167713e-02 -1.93642955e-04 4.40607995e-04
8.23748195e-02 1.48596664e-04 4.44975414e-04
8.27328663e-02 1.64288886e-04 4.13481377e-04
8.30909118e-02 -2.00711818e-04 4.21766640e-04
8.34489559e-02 5.98267352e-04 4.33220249e-04
8.38069986e-02 4.15229228e-04 4.34392603e-04
8.41650400e-02 9.97223958e-05 4.27532193e-04
8.45230800e-02 -6.71989394e-04 4.20831064e-04
8.48811185e-02 6.20364996e-04 4.34281351e-04
8.52391557e-02 -1.14669903e-03 4.18008419e-04
8.55971915e-02 3.41755647e-04 4.36726874e-04
8.59552259e-02 -1.82296452e-04 4.51628751e-04
8.63132589e-02 -1.89371530e-04 4.41247448e-04
8.66712904e-02 1.01954864e-04 4.45276938e-04
8.70293205e-02 6.64961390e-05 4.44379805e-04
8.73873492e-02 -4.87715201e-05 4.39658281e-04
8.77453765e-02 1.35099641e-04 4.38502779e-04
8.81034023e-02 -2.61337875e-04 4.24138020e-04
8.84614267e-02 -3.79362303e-05 4.29603469e-04
8.88194496e-02 2.53299945e-04 4.29523402e-04
8.91774710e-02 -1.68663561e-04 4.33971750e-04
8.95354910e-02 3.38466709e-04 4.16786828e-04
8.98935095e-02 -3.58898537e-04 4.07943375e-04
9.02515266e-02 -4.65255886e-04 4.29461982e-04
9.06095421e-02 6.90217493e-05 4.45093596e-04
9.09675562e-02 7.53357507e-04 4.34187751e-04
9.13255687e-02 3.06913121e-04 4.23563653e-04
9.16835798e-02 5.22215060e-05 4.32212457e-04
9.20415894e-02 -1.30309056e-05 4.27431928e-04
9.23995974e-02 7.46520444e-05 4.22929673e-04
9.27576039e-02 -5.40778652e-05 4.23831116e-04
9.31156089e-02 -2.26176245e-04 4.21974393e-04
9.34736124e-02 2.01396827e-04 4.14123631e-04
9.38316143e-02 -1.50918396e-04 4.19985065e-04
9.41896147e-02 3.35813454e-05 4.06727310e-04
9.45476136e-02 -6.62008667e-05 4.15768915e-04
9.49056108e-02 2.67096326e-04 4.19989789e-04
9.52636066e-02 1.59355987e-04 4.05309225e-04
9.56216007e-02 4.05192538e-04 4.04077925e-04
9.59795933e-02 -3.29903124e-04 4.00845684e-04
9.63375843e-02 -5.92112007e-04 4.11878751e-04
9.66955738e-02 -2.39953296e-06 3.94868567e-04
9.70535616e-02 7.51553522e-05 4.02572743e-04
9.74115478e-02 -5.78813483e-04 4.00288706e-04
9.77695325e-02 5.71113125e-04 4.11396877e-04
9.81275155e-02 3.22757007e-05 4.04096174e-04
9.84854969e-02 -3.14656451e-04 4.10391841e-04
9.88434768e-02 2.12512060e-05 4.06233203e-04
9.92014549e-02 -2.02227693e-04 3.96742295e-04
9.95594315e-02 -1.75672397e-04 3.94044097e-04
9.99174064e-02 -7.44220152e-05 3.99313294e-04
1.00275380e-01 8.34162977e-05 3.98177607e-04
1.00633351e-01 3.97635226e-04 4.00545776e-04
1.00991321e-01 -1.06537672e-04 4.03220824e-04
1.01349290e-01 -4.15236077e-05 4.00914224e-04
1.01707256e-01 -4.28722519e-04 3.96735008e-04
1.02065221e-01 -2.67747911e-04 3.93674972e-04
1.02423184e-01 -6.33300734e-04 3.81601274e-04
1.02781146e-01 -3.93711051e-05 3.84585704e-04
1.03139106e-01 -5.10355679e-05 3.88079911e-04
1.03497064e-01 -7.43613101e-04 3.81407310e-04
1.03855021e-01 -1.25101721e-03 3.93772873e-04
1.04212976e-01 5.71854527e-04 3.82979694e-04
1.04570929e-01 -1.81103677e-04 3.86806069e-04
1.04928880e-01 1.47873300e-05 3.89466055e-04
1.05286830e-01 4.86007783e-04 3.81492845e-04
1.05644778e-01 5.58482198e-05 3.98181803e-04
1.06002724e-01 -5.29038942e-04 3.87702687e-04
1.06360668e-01 -2.28119293e-04 3.89239542e-04
1.06718611e-01 1.42689505e-04 4.02123376e-04
1.07076552e-01 -2.90966972e-04 4.04785750e-04
1.07434491e-01 5.48465481e-04 3.93469414e-04
1.07792429e-01 2.08483378e-04 3.91471203e-04
1.08150364e-01 3.61161766e-04 4.00829654e-04
1.08508298e-01 8.94682213e-04 4.07597233e-04
1.08866230e-01 5.91437015e-04 3.91743704e-04
1.09224160e-01 -1.40774461e-04 3.98784906e-04
1.09582089e-01 -7.73080459e-05 3.90815321e-04
1.09940016e-01 3.13335981e-04 4.00137501e-04
1.10297941e-01 -5.94903492e-04 3.96308944e-04
1.10655864e-01 -7.78671099e-04 3.94440567e-04
1.11013785e-01 -3.85983066e-04 3.84263962e-04
1.11371704e-01 -7.81442631e-04 3.80778695e-04
1.11729622e-01 -5.72037702e-05 3.90031546e-04
1.12087538e-01 4.52072712e-04 3.83102608e-04
1.12445452e-01 1.05532060e-03 3.89262719e-04
1.12803364e-01 -1.39425233e-04 3.69777281e-04
1.13161274e-01 -3.02977799e-05 3.69959686e-04
1.13519182e-01 7.57563880e-05 3.81384792e-04
1.13877089e-01 1.23630837e-04 3.65425481e-04
1.14234994e-01 -3.67583738e-04 3.69744940e-04
1.14592896e-01 3.71248062e-04 3.74881049e-04
1.14950797e-01 6.10511900e-04 3.75455320e-04
1.15308696e-01 2.10825719e-04 3.75435700e-04
1.15666593e-01 4.70416106e-05 3.74546698e-04
1.16024488e-01 -1.90095113e-04 3.71787039e-04
1.16382382e-01 -2.68176390e-04 3.58745605e-04
1.16740273e-01 5.27085481e-04 3.75164503e-04
1.17098163e-01 -2.15019253e-04 3.64579896e-04
1.17456050e-01 -3.32296192e-04 3.71529222e-04
1.17813936e-01 7.24944827e-04 3.88658688e-04
1.18171819e-01 6.05420444e-04 3.80476214e-04
1.18529701e-01 1.49436365e-04 3.76912324e-04
1.18887581e-01 2.44760364e-04 3.79768094e-04
1.19245459e-01 4.60422261e-04 3.76025994e-04
1.19603335e-01 -6.10994011e-04 3.77192963e-04
1.19961208e-01 2.14173162e-04 3.79253955e-04
1.20319080e-01 1.80420374e-04 3.75058087e-04
1.20676950e-01 2.06654682e-04 3.70089149e-04
1.21034818e-01 1.63683620e-05 3.74265862e-04
1.21392684e-01 8.49517809e-05 3.81583196e-04
1.21750548e-01 3.50237607e-04 3.79526929e-04
1.22108410e-01 -2.25941170e-04 3.85239471e-04
1.22466270e-01 -7.96091568e-05 3.75118851e-04
1.22824128e-01 -8.16499925e-04 3.84198350e-04
1.23181984e-01 2.66457672e-04 3.80698889e-04
1.23539838e-01 1.66300077e-04 3.83303259e-04
1.23897690e-01 -2.96868811e-04 3.69516970e-04
1.24255540e-01 -5.71699113e-04 3.57802034e-04
1.24613388e-01 4.65161357e-04 3.65721481e-04
1.24971233e-01 1.69049817e-04 3.71828228e-04
1.25329077e-01 -3.37937092e-05 3.59536623e-04
1.25686919e-01 2.04232638e-04 3.66447379e-04
1.26044758e-01 1.27030752e-04 3.57427166e-04
1.26402596e-01 -3.49393887e-05 3.66264460e-04
1.26760431e-01 1.18568679e-04 3.65350066e-04
1.27118265e-01 3.89783320e-05 3.66712789e-04
1.27476096e-01 4.60327805e-04 3.58204659e-04
1.27833925e-01 4.11840960e-04 3.49360638e-04
1.28191752e-01 6.17647641e-04 3.51643643e-04
1.28549577e-01 -7.46817158e-04 3.54354399e-04
1.28907400e-01 2.24818485e-04 3.49577348e-04
1.29265221e-01 -9.15721539e-05 3.50085309e-04
1.29623040e-01 2.15788827e-04 3.43019429e-04
1.29980856e-01 -2.47266141e-04 3.50211455e-04
1.30338670e-01 -1.98537141e-04 3.50195970e-04
1.30696483e-01 3.21010419e-04 3.45278093e-04
1.31054293e-01 -1.01998084e-03 3.39330496e-04
1.31412101e-01 -1.67293063e-04 3.43497750e-04
1.31769906e-01 -7.69429474e-04 3.48065691e-04
1.32127710e-01 -1.33188114e-04 3.46172398e-04
1.32485511e-01 4.22126031e-04 3.46268259e-04
1.32843311e-01 3.54146706e-05 3.43341991e-04
1.33201108e-01 -1.79859617e-04 3.40193665e-04
1.33558903e-01 -2.84856573e-04 3.41385291e-04
1.33916695e-01 -2.62254054e-04 3.37282457e-04
1.34274486e-01 -3.95124896e-04 3.43532749e-04
1.34632274e-01 -5.62535030e-04 3.38779165e-04
1.34990060e-01 -5.68193359e-05 3.39059642e-04
1.35347844e-01 -4.34560782e-04 3.35112775e-04
1.35705626e-01 -1.58760896e-04 3.42986572e-04
1.36063405e-01 -3.63439647e-04 3.38326835e-04
1.36421182e-01 -5.21847408e-04 3.22927268e-04
1.36778957e-01 -4.91372705e-04 3.33587129e-04
1.37136730e-01 -2.25004549e-05 3.33923540e-04
1.37494500e-01 -2.03230566e-04 3.29265253e-04
1.37852269e-01 -6.36941523e-04 3.34144326e-04
1.38210034e-01 -2.73892069e-04 3.34615107e-04
1.38567798e-01 -1.24556709e-04 3.27492491e-04
1.38925559e-01 1.21195316e-04 3.28593942e-04
1.39283319e-01 1.01704163e-05 3.24754008e-04
1.39641075e-01 -1.74406203e-04 3.24713314e-04
1.39998830e-01 4.54989823e-05 3.32794574e-04
1.40356582e-01 3.11764375e-05 3.36071783e-04
1.40714332e-01 -1.18788584e-04 3.26181350e-04
1.41072080e-01 1.20003188e-04 3.25583125e-04
1.41429825e-01 2.93727744e-04 3.29982784e-04
1.41787568e-01 2.28192169e-06 3.26300613e-04
1.42145308e-01 9.19621367e-05 3.29819172e-04
1.42503047e-01 -1.30661733e-04 3.19737534e-04
1.42860783e-01 -1.45495277e-04 3.17811721e-04
1.43218516e-01 1.64410758e-05 3.29285137e-04
1.43576247e-01 2.23144978e-05 3.23639488e-04
1.43933976e-01 2.24591485e-04 3.20248099e-04
1.44291703e-01 6.99043744e-04 3.16905560e-04
1.44649427e-01 -3.54964952e-04 3.22596786e-04
1.45007149e-01 2.75401862e-04 3.24323631e-04
1.45364868e-01 -3.68494884e-04 3.18169694e-04
1.45722585e-01 -1.90711745e-04 3.16040468e-04
1.46080300e-01 3.29401200e-04 3.20912114e-04
1.46438012e-01 4.18047563e-05 3.12406747e-04
1.46795722e-01 3.39707940e-04 3.15888836e-04
1.47153429e-01 -3.88093913e-04 3.18421045e-04
1.47511134e-01 1.35367633e-04 3.11283890e-04
1.47868837e-01 -1.16440383e-04 3.20292815e-04
1.48226537e-01 2.25885835e-04 3.21846895e-04
1.48584235e-01 2.16962629e-05 3.18125806e-04
1.48941930e-01 -2.17124816e-04 3.18199601e-04
1.49299623e-01 -2.06208776e-05 3.16463895e-04
1.49657313e-01 5.12123124e-04 3.12303432e-04
1.50015001e-01 -8.09933410e-04 3.12748442e-04
1.50372687e-01 -2.36325610e-04 3.16269732e-04
1.50730370e-01 -3.11435727e-04 3.17511064e-04
1.51088050e-01 -4.07986040e-05 3.19236886e-04
1.51445728e-01 4.81027766e-05 3.11145245e-04
1.51803404e-01 1.09817881e-04 3.15691649e-04
1.52161077e-01 6.51860925e-05 3.13908725e-04
1.52518747e-01 4.61664045e-04 3.13875567e-04
1.52876416e-01 -3.37699889e-04 3.03496278e-04
1.53234081e-01 -1.04144498e-05 3.09748463e-04
1.53591744e-01 8.99012156e-05 3.06740463e-04
1.53949405e-01 3.21728456e-04 3.08731656e-04
1.54307063e-01 4.47141089e-04 3.07679080e-04
1.54664718e-01 -9.59785000e-05 3.07614710e-04
1.55022371e-01 -9.84514687e-05 3.10170999e-04
1.55380021e-01 -1.02417936e-04 3.11333303e-04
1.55737669e-01 2.04376225e-05 3.04935717e-04
1.56095314e-01 -2.96343031e-04 3.02639424e-04
1.56452957e-01 8.14765208e-05 3.09864948e-04
1.56810597e-01 -2.15872866e-04 3.04841302e-04
1.57168235e-01 -3.55970751e-04 3.09482299e-04
1.57525870e-01 -1.25350397e-04 3.05002537e-04
1.57883502e-01 2.75638440e-04 2.96075887e-04
1.58241132e-01 -3.65359994e-05 3.01656922e-04
1.58598759e-01 1.54716490e-04 3.03595526e-04
1.58956384e-01 -1.88417094e-04 3.00775022e-04
1.59314006e-01 4.10033436e-04 2.95743106e-04
1.59671625e-01 -6.19523601e-06 2.99968984e-04
1.60029242e-01 -3.40609015e-04 3.05766325e-04
1.60386856e-01 -6.10942546e-05 2.97712615e-04
1.60744468e-01 -1.35143884e-04 3.02188455e-04
1.61102076e-01 -2.66667184e-04 2.96609153e-04
1.61459683e-01 -3.03084738e-04 3.01681896e-04
1.61817286e-01 -7.88659380e-04 2.98201975e-04
1.62174887e-01 -2.32644062e-05 2.98631480e-04
1.62532485e-01 -2.92383091e-04 2.95044678e-04
1.62890081e-01 -1.30900408e-04 3.00140212e-04
1.63247674e-01 -1.96097791e-04 2.92240768e-04
1.63605264e-01 -1.07868608e-04 2.99082432e-04
1.63962852e-01 -4.08237385e-05 2.92475085e-04
1.64320437e-01 -2.82840427e-04 2.91503255e-04
1.64678019e-01 -7.19276312e-05 2.94540049e-04
1.65035598e-01 -1.82972155e-04 2.91455265e-04
1.65393175e-01 -3.16542658e-04 2.90778341e-04
1.65750749e-01 -3.16866144e-04 2.89465040e-04
1.66108320e-01 -8.97683114e-05 2.92083542e-04
1.66465889e-01 -3.42304863e-04 2.95899315e-04
1.66823455e-01 -1.57162734e-05 2.98557872e-04
1.67181018e-01 -8.28521258e-05 2.95703437e-04
1.67538578e-01 -1.02312428e-04 2.90405690e-04
1.67896136e-01 -2.34955660e-07 2.95299424e-04
1.68253691e-01 -2.60563986e-04 2.93242085e-04
1.68611243e-01 -1.56070531e-04 2.91143323e-04
1.68968792e-01 8.46707816e-05 2.88571265e-04
1.69326339e-01 -3.57859538e-04 2.87732675e-04
1.69683883e-01 -5.07405585e-04 2.87634171e-04
1.70041424e-01 -4.86892213e-04 2.79242210e-04
1.70398962e-01 -5.41597944e-04 2.88314766e-04
1.70756497e-01 3.75634114e-05 2.87925979e-04
1.71114030e-01 -8.00156915e-05 2.87634218e-04
1.71471560e-01 -2.69050674e-04 2.91637240e-04
1.71829087e-01 4.34195019e-04 2.87341525e-04
1.72186611e-01 -3.02384521e-05 2.85021104e-04
1.72544132e-01 -5.33027999e-04 2.82524592e-04
1.72901651e-01 -2.48383181e-04 2.79730138e-04
1.73259167e-01 1.54569513e-04 2.87155021e-04
1.73616679e-01 4.28155763e-04 2.87225347e-04
1.73974189e-01 -2.18624275e-04 2.85145057e-04
1.74331697e-01 3.23928171e-04 2.83461374e-04
1.74689201e-01 -1.54717065e-04 2.88225242e-04
1.75046702e-01 -2.56642756e-04 2.84748178e-04
1.75404201e-01 -4.51732716e-04 2.87341465e-04
1.75761697e-01 2.98311353e-05 2.78411430e-04
1.76119189e-01 4.00099310e-05 2.84365753e-04
1.76476679e-01 -5.62657401e-04 2.73541896e-04
1.76834166e-01 -2.19155522e-04 2.81230796e-04
1.77191650e-01 1.26816393e-04 2.85998054e-04
1.77549132e-01 -9.31173907e-05 2.77731063e-04
1.77906610e-01 -2.59628353e-04 2.78471749e-04
1.78264085e-01 2.50102663e-04 2.83662808e-04
1.78621558e-01 1.46036328e-04 2.78597706e-04
1.78979027e-01 1.81033232e-04 2.82937715e-04
1.79336494e-01 -3.75700894e-04 2.72902532e-04
1.79693958e-01 -6.56112873e-05 2.73934064e-04
1.80051418e-01 1.56453202e-04 2.70588349e-04
1.80408876e-01 -3.46720480e-05 2.76648159e-04
1.80766331e-01 -4.21795180e-04 2.83560990e-04
1.81123783e-01 8.67576502e-05 2.81870382e-04
1.81481232e-01 -1.81365985e-04 2.81978008e-04
1.81838677e-01 -3.36874046e-04 2.81063845e-04
1.82196120e-01 -2.20593721e-04 2.85371403e-04
1.82553560e-01 2.31550149e-04 2.83724678e-04
1.82910997e-01 -7.35539562e-05 2.87420486e-04
1.83268431e-01 -6.32865353e-05 2.78728289e-04
1.83625862e-01 -2.07073533e-04 2.79324849e-04
1.83983290e-01 -2.32858223e-05 2.82685241e-04
1.84340715e-01 -2.26896157e-04 2.84959015e-04
1.84698137e-01 -7.15086935e-05 2.79481996e-04
1.85055556e-01 3.28813721e-04 2.82429263e-04
1.85412971e-01 3.99030764e-04 2.89395536e-04
1.85770384e-01 -8.82080856e-07 2.91711993e-04
1.86127794e-01 -2.19270584e-04 2.85185128e-04
1.86485200e-01 3.55718698e-04 2.82511660e-04
1.86842604e-01 2.28656755e-04 2.80905971e-04
1.87200005e-01 -1.59037694e-04 2.71987031e-04
1.87557402e-01 -3.68369420e-04 2.76065023e-04
1.87914797e-01 -1.04447394e-04 2.75880721e-04
1.88272188e-01 1.55119996e-04 2.81546854e-04
1.88629576e-01 -5.45309465e-04 2.74721694e-04
1.88986961e-01 -8.67002565e-05 2.71481236e-04
1.89344343e-01 -3.65947018e-04 2.68725914e-04
1.89701722e-01 1.96603716e-05 2.73342361e-04
1.90059098e-01 4.34949327e-04 2.68643681e-04
1.90416471e-01 4.62410556e-05 2.73193726e-04
1.90773840e-01 -1.25729037e-04 2.76144871e-04
1.91131207e-01 -2.56396240e-04 2.69790502e-04
1.91488570e-01 -5.26428547e-04 2.66099179e-04
1.91845930e-01 -2.75660150e-04 2.69064522e-04
1.92203287e-01 -4.56210347e-04 2.72371289e-04
1.92560641e-01 2.36206889e-05 2.71375934e-04
1.92917992e-01 -1.34861883e-04 2.65124747e-04
1.93275340e-01 3.48182802e-05 2.71411771e-04
1.93632684e-01 -1.97276812e-04 2.66233809e-04
1.93990025e-01 -9.94297459e-05 2.69753877e-04
1.94347363e-01 2.34600214e-05 2.70837077e-04
1.94704698e-01 -3.34371055e-06 2.67857058e-04
1.95062030e-01 -1.62279683e-04 2.68613896e-04
1.95419358e-01 -3.17424529e-04 2.62874104e-04
1.95776684e-01 2.00408011e-04 2.70228588e-04
1.96134006e-01 4.91657451e-05 2.64481532e-04
1.96491324e-01 -1.05392247e-05 2.70460866e-04
1.96848640e-01 2.01803247e-04 2.66618973e-04
1.97205953e-01 -2.18509775e-04 2.79772094e-04
1.97563262e-01 -4.39075891e-05 2.76056184e-04
1.97920568e-01 4.29319439e-04 2.71068473e-04
1.98277870e-01 -4.36160594e-04 2.71686559e-04
1.98635170e-01 -1.14453920e-04 2.77110737e-04
1.98992466e-01 -3.83519571e-04 2.80837004e-04
1.99349759e-01 -2.10102080e-04 2.72824858e-04
1.99707049e-01 -2.58324752e-04 2.67038994e-04
2.00064335e-01 -4.26115524e-04 2.65632677e-04
2.00421618e-01 1.64767767e-04 2.67762725e-04
2.00778898e-01 8.23014067e-05 2.67119195e-04
2.01136174e-01 1.49185541e-04 2.63247032e-04
2.01493448e-01 -1.13301077e-04 2.58342720e-04
2.01850718e-01 3.49110843e-04 2.66771295e-04
2.02207984e-01 1.50532919e-04 2.59599093e-04
2.02565248e-01 -4.31375239e-04 2.58370748e-04
2.02922508e-01 -3.11495346e-05 2.63016134e-04
2.03279764e-01 -1.31547017e-04 2.62749665e-04
2.03637018e-01 8.81327949e-05 2.58099694e-04
2.03994268e-01 1.07487408e-04 2.58765225e-04
2.04351514e-01 -3.10808068e-04 2.59698820e-04
2.04708758e-01 -3.66765676e-04 2.57770081e-04
2.05065998e-01 -1.33242276e-04 2.56341474e-04
2.05423234e-01 -2.68740939e-04 2.61345233e-04
2.05780467e-01 3.14684367e-05 2.53413218e-04
2.06137697e-01 -2.78771686e-06 2.54446864e-04
2.06494924e-01 -4.38542709e-04 2.59222734e-04
2.06852147e-01 4.42934284e-04 2.58755078e-04
2.07209367e-01 1.40889482e-04 2.58545466e-04
2.07566583e-01 5.63492143e-05 2.55809596e-04
2.07923796e-01 -2.32043854e-05 2.55400934e-04
2.08281005e-01 3.00612540e-05 2.53100937e-04
2.08638211e-01 -3.98000673e-04 2.53163432e-04
2.08995414e-01 -3.83145954e-04 2.51825270e-04
2.09352613e-01 -6.27216816e-05 2.54417701e-04
2.09709809e-01 -3.30368201e-04 2.49240760e-04
2.10067002e-01 1.30232276e-05 2.54886800e-04
2.10424191e-01 -1.46128881e-04 2.53743668e-04
2.10781376e-01 2.46215122e-04 2.54999127e-04
2.11138558e-01 -7.55006813e-04 2.48995941e-04
2.11495737e-01 1.35556079e-04 2.47654504e-04
2.11852912e-01 -6.57695525e-05 2.50947203e-04
2.12210084e-01 -1.86472678e-04 2.45038971e-04
2.12567252e-01 -2.55191988e-04 2.47099045e-04
2.12924416e-01 -3.05352830e-05 2.45048770e-04
2.13281578e-01 3.30204735e-05 2.49453030e-04
2.13638735e-01 8.86693637e-05 2.49127763e-04
2.13995890e-01 -3.37046563e-04 2.48232732e-04
2.14353040e-01 8.96561370e-06 2.46008450e-04
2.14710188e-01 -2.19367264e-04 2.47918208e-04
2.15067331e-01 9.59719065e-05 2.45657446e-04
2.15424471e-01 -3.02000432e-04 2.46348654e-04
2.15781608e-01 1.29135481e-04 2.47632895e-04
2.16138741e-01 2.06100340e-05 2.47425738e-04
2.16495871e-01 -2.67214261e-04 2.42475484e-04
2.16852997e-01 -2.67632350e-04 2.44043674e-04
2.17210119e-01 -7.95105988e-05 2.43276471e-04
2.17567238e-01 1.25496957e-04 2.48982675e-04
2.17924354e-01 1.48983184e-04 2.45343937e-04
2.18281465e-01 -5.73401234e-04 2.42268763e-04
2.18638574e-01 -1.95888621e-04 2.42753412e-04
2.18995678e-01 3.12629486e-04 2.44804708e-04
2.19352779e-01 4.37897613e-05 2.42557341e-04
2.19709877e-01 2.15852491e-04 2.41881984e-04
2.20066971e-01 -1.60622727e-04 2.43423729e-04
2.20424061e-01 3.80789483e-04 2.39011975e-04
2.20781147e-01 3.19910131e-05 2.39998208e-04
2.21138230e-01 -8.80537967e-05 2.37480264e-04
2.21495310e-01 -4.29653972e-04 2.36516460e-04
2.21852386e-01 -1.32770266e-04 2.35247611e-04
2.22209458e-01 1.55786433e-05 2.37800137e-04
2.22566526e-01 -1.49185031e-04 2.39222831e-04
2.22923591e-01 -1.16617716e-04 2.40333869e-04
2.23280652e-01 -2.69828072e-05 2.38384336e-04
2.23637710e-01 2.73335385e-04 2.35445526e-04
2.23994764e-01 7.34506369e-05 2.31782323e-04
2.24351814e-01 -6.43650193e-04 2.40351161e-04
2.24708861e-01 -2.99427104e-04 2.39893533e-04
2.25065904e-01 6.43670494e-05 2.38846903e-04
2.25422943e-01 -1.45528260e-04 2.36349845e-04
2.25779978e-01 -1.44992321e-04 2.34205852e-04
2.26137010e-01 -4.86597818e-04 2.35242870e-04
2.26494038e-01 -1.64991612e-04 2.37156022e-04
2.26851063e-01 -7.39933704e-04 2.32002833e-04
2.27208083e-01 6.53897852e-05 2.34341687e-04
2.27565100e-01 1.63139440e-04 2.32834065e-04
2.27922114e-01 -2.99307611e-04 2.36007154e-04
2.28279123e-01 -1.01324184e-04 2.37165089e-04
2.28636129e-01 -6.84680307e-05 2.32504232e-04
2.28993131e-01 3.47707703e-04 2.37080903e-04
2.29350129e-01 1.14788166e-04 2.33718018e-04
2.29707124e-01 -1.70215258e-04 2.33412317e-04
2.30064115e-01 -2.66809415e-04 2.34620705e-04
2.30421102e-01 2.01737994e-05 2.31952808e-04
2.30778085e-01 -4.83477347e-05 2.30263824e-04
2.31135064e-01 -5.23896115e-04 2.27324866e-04
2.31492040e-01 -2.39959991e-05 2.29624001e-04
2.31849012e-01 -4.73162661e-04 2.28469416e-04
2.32205980e-01 7.86671556e-05 2.30470052e-04
2.32562944e-01 -3.21206363e-04 2.28085824e-04
2.32919905e-01 1.89922449e-04 2.34191570e-04
2.33276862e-01 1.21147827e-05 2.32325897e-04
2.33633814e-01 5.61351539e-04 2.30978779e-04
2.33990763e-01 -1.18927835e-04 2.27560511e-04
2.34347709e-01 -1.97119307e-04 2.25842777e-04
2.34704650e-01 -1.37665090e-04 2.30123731e-04
2.35061588e-01 1.81233862e-04 2.34198188e-04
2.35418521e-01 -7.09594673e-05 2.26378547e-04
2.35775451e-01 -3.95385802e-04 2.29822254e-04
2.36132377e-01 -1.07929186e-04 2.23689035e-04
2.36489299e-01 -9.63356212e-05 2.27127096e-04
2.36846218e-01 -1.31823662e-04 2.22892921e-04
2.37203132e-01 1.23785814e-05 2.25500200e-04
2.37560042e-01 -1.61749477e-04 2.27920712e-04
2.37916949e-01 -4.48837192e-04 2.24356640e-04
2.38273852e-01 -2.36787339e-04 2.28214835e-04
2.38630751e-01 -1.99363696e-04 2.22468386e-04
2.38987645e-01 -1.61259847e-04 2.25953918e-04
2.39344537e-01 -3.20885496e-04 2.21930918e-04
2.39701424e-01 -4.06750898e-04 2.25102669e-04
2.40058307e-01 -4.02958956e-04 2.23564163e-04
2.40415186e-01 -3.41721676e-04 2.22105390e-04
2.40772061e-01 -1.63036472e-04 2.22053186e-04
2.41128933e-01 2.06918081e-05 2.22479247e-04
2.41485800e-01 1.42829274e-05 2.22044408e-04
2.41842664e-01 -4.06356576e-04 2.21303919e-04
2.42199523e-01 -8.06198103e-05 2.22115093e-04
2.42556379e-01 -4.42481739e-06 2.23888333e-04
2.42913230e-01 -6.72212387e-05 2.22159795e-04
2.43270078e-01 2.02449061e-04 2.22872022e-04
2.43626922e-01 -1.65034802e-04 2.24566641e-04
2.43983761e-01 1.38397489e-04 2.20457696e-04
2.44340597e-01 3.80563124e-04 2.17164739e-04
2.44697429e-01 -1.72877750e-04 2.16874270e-04
2.45054256e-01 -2.13679331e-04 2.18070271e-04
2.45411080e-01 -2.74952257e-05 2.20191588e-04
2.45767900e-01 3.08331606e-05 2.18590359e-04
2.46124715e-01 -3.04474991e-04 2.18346825e-04
2.46481527e-01 1.32466255e-04 2.19896747e-04
2.46838334e-01 -2.31790403e-04 2.13805938e-04
2.47195138e-01 -5.97470969e-05 2.17894878e-04
2.47551938e-01 1.03793114e-04 2.16786845e-04
2.47908733e-01 -3.52308836e-04 2.19486822e-04
2.48265524e-01 -7.19357172e-05 2.14140715e-04
2.48622312e-01 1.34678235e-04 2.17397030e-04
2.48979095e-01 2.86364144e-04 2.17636165e-04
2.49335874e-01 1.23587371e-04 2.19603430e-04
2.49692649e-01 3.91029611e-04 2.18552389e-04
2.50049420e-01 -1.98079769e-04 2.19208756e-04
2.50406187e-01 9.84010657e-05 2.18012014e-04
2.50762950e-01 4.65839023e-05 2.14610580e-04
2.51119709e-01 -9.23030044e-05 2.15393195e-04
2.51476464e-01 -3.60216430e-04 2.17147285e-04
2.51833214e-01 -1.30453548e-04 2.09594124e-04
2.52189961e-01 9.05995043e-05 2.15051346e-04
2.52546703e-01 -1.45383146e-05 2.11976864e-04
2.52903441e-01 -1.34682143e-04 2.09957887e-04
2.53260175e-01 6.64415517e-05 2.15722292e-04
2.53616905e-01 6.86785924e-05 2.14799247e-04
2.53973631e-01 -4.50936769e-05 2.16268037e-04
2.54330352e-01 5.45024430e-05 2.08284922e-04
2.54687070e-01 5.39093366e-05 2.14501958e-04
2.55043783e-01 -6.53447506e-05 2.12832132e-04
2.55400492e-01 6.09952375e-05 2.08469622e-04
2.55757197e-01 -9.70722932e-05 2.14251074e-04
2.56113898e-01 3.18594903e-04 2.12891151e-04
2.56470595e-01 -5.71643654e-05 2.12502413e-04
2.56827287e-01 1.63154555e-05 2.11561751e-04
2.57183975e-01 -4.18120605e-05 2.14431083e-04
2.57540659e-01 -1.42748037e-04 2.14173991e-04
2.57897339e-01 -2.66329255e-04 2.12393450e-04
2.58254014e-01 -2.79786512e-04 2.14993502e-04
2.58610686e-01 -9.95433742e-05 2.17003372e-04
2.58967353e-01 -2.58926732e-04 2.10421044e-04
2.59324016e-01 -9.51554240e-05 2.17067279e-04
2.59680674e-01 6.44703992e-06 2.13703194e-04
2.60037329e-01 6.52294040e-05 2.16763069e-04
2.60393979e-01 -2.88916203e-04 2.14309076e-04
2.60750625e-01 1.34703067e-04 2.16653063e-04
2.61107266e-01 2.65405960e-04 2.12889570e-04
2.61463904e-01 3.31572057e-05 2.21868235e-04
2.61820537e-01 -1.19960215e-04 2.17133744e-04
2.62177166e-01 1.78610488e-04 2.15078303e-04
2.62533790e-01 -1.81641558e-04 2.10649910e-04
2.62890410e-01 3.29718105e-04 2.11511743e-04
2.63247026e-01 -2.28251476e-04 2.17808874e-04
2.63603638e-01 -8.68736645e-05 2.13276868e-04
2.63960245e-01 -3.48356218e-04 2.15760824e-04
2.64316848e-01 3.63665404e-04 2.14950206e-04
2.64673447e-01 -2.55966277e-04 2.15431134e-04
2.65030042e-01 -5.37855796e-04 2.11463355e-04
2.65386632e-01 -2.35088819e-04 2.10864602e-04
2.65743217e-01 -1.26602379e-04 2.14115256e-04
2.66099799e-01 3.04441572e-04 2.14359836e-04
2.66456376e-01 -3.54105064e-05 2.09584199e-04
2.66812948e-01 4.46004874e-05 2.17591103e-04
2.67169517e-01 -1.92799688e-04 2.16088720e-04
2.67526081e-01 2.24680623e-04 2.17288979e-04
2.67882640e-01 4.88285090e-04 2.18019027e-04
2.68239195e-01 -2.88983556e-05 2.18793494e-04
2.68595746e-01 -2.19516849e-05 2.19719574e-04
2.68952293e-01 1.31453173e-04 2.18392685e-04
2.69308835e-01 -5.70351739e-05 2.20168580e-04
2.69665372e-01 -3.21172735e-04 2.13728549e-04
2.70021906e-01 -3.29795321e-04 2.15071474e-04
2.70378435e-01 -9.02046882e-05 2.22352601e-04
2.70734959e-01 1.72143872e-04 2.24512021e-04
2.71091479e-01 -3.06784089e-04 2.23396449e-04
2.71447995e-01 1.04731832e-05 2.20137871e-04
2.71804506e-01 -2.40190278e-04 2.18055392e-04
2.72161012e-01 -3.77276255e-05 2.21004305e-04
2.72517515e-01 -1.81394915e-04 2.22636092e-04
2.72874012e-01 -1.20816917e-04 2.27793318e-04
