1.54026655e-02 5.01374697e-02 1.93278419e-03
1.57608633e-02 5.27784854e-02 1.90496409e-03
1.61190608e-02 5.34534670e-02 1.75890378e-03
1.64772580e-02 5.44108313e-02 1.72963803e-03
1.68354550e-02 5.20007838e-02 1.70234748e-03
1.71936517e-02 5.08234923e-02 1.61830127e-03
1.75518481e-02 5.15011178e-02 1.52082507e-03
1.79100442e-02 5.28115993e-02 1.54642782e-03
1.82682400e-02 5.04509156e-02 1.52527383e-03
1.86264355e-02 4.78226259e-02 1.44647316e-03
1.89846308e-02 5.05366859e-02 1.42503184e-03
1.93428257e-02 4.96979956e-02 1.38805239e-03
1.97010202e-02 5.15205467e-02 1.34036738e-03
2.00592145e-02 5.04990436e-02 1.25936415e-03
2.04174084e-02 4.94809078e-02 1.27809456e-03
2.07756020e-02 4.96515848e-02 1.24900595e-03
2.11337953e-02 5.10792877e-02 1.28139101e-03
2.14919882e-02 4.98987158e-02 1.30023289e-03
2.18501808e-02 4.81980842e-02 1.22251515e-03
2.22083729e-02 4.81089573e-02 1.27926326e-03
2.25665648e-02 4.88268818e-02 1.26798722e-03
2.29247562e-02 4.69116877e-02 1.20700992e-03
2.32829473e-02 4.70474557e-02 1.14308404e-03
2.36411380e-02 4.85799499e-02 1.17102160e-03
2.39993283e-02 4.69657895e-02 1.12061536e-03
2.43575182e-02 4.51645325e-02 1.15159448e-03
2.47157077e-02 4.60096540e-02 1.10239640e-03
2.50738968e-02 4.50630725e-02 1.09090636e-03
2.54320855e-02 4.76672838e-02 1.11659155e-03
2.57902738e-02 4.53866786e-02 1.01586173e-03
2.61484617e-02 4.51547742e-02 1.12155304e-03
2.65066491e-02 4.48669835e-02 1.01061634e-03
2.68648361e-02 4.44669008e-02 1.07674031e-03
2.72230226e-02 4.55224351e-02 1.02656851e-03
2.75812087e-02 4.47465110e-02 9.93286388e-04
2.79393943e-02 4.18901822e-02 1.01671877e-03
2.82975795e-02 4.29337727e-02 9.92879237e-04
2.86557642e-02 4.31986001e-02 9.81904743e-04
2.90139485e-02 4.17887078e-02 1.03053017e-03
2.93721323e-02 4.01888499e-02 1.04654724e-03
2.97303155e-02 4.10404220e-02 9.90972457e-04
3.00884983e-02 4.28241734e-02 9.88028720e-04
3.04466806e-02 4.18564399e-02 1.03274539e-03
3.08048624e-02 4.21679820e-02 9.91972744e-04
3.11630437e-02 4.18537117e-02 1.06059124e-03
3.15212245e-02 3.95948739e-02 9.40305171e-04
3.18794048e-02 4.14862524e-02 9.73513169e-04
3.22375845e-02 3.78078675e-02 9.41269845e-04
3.25957637e-02 3.76487360e-02 9.61767894e-04
3.29539424e-02 3.79929682e-02 9.78827650e-04
3.33121205e-02 3.82686775e-02 1.01644577e-03
3.36702981e-02 3.70675509e-02 9.07741947e-04
3.40284751e-02 3.69599283e-02 9.66877226e-04
3.43866516e-02 3.69555123e-02 8.97539445e-04
3.47448275e-02 3.68098753e-02 9.38364836e-04
3.51030028e-02 3.54771111e-02 9.49993362e-04
3.54611775e-02 3.44761777e-02 8.89269288e-04
3.58193517e-02 3.36930249e-02 9.05246986e-04
3.61775253e-02 3.49071336e-02 8.97250035e-04
3.65356983e-02 3.35194099e-02 8.79415306e-04
3.68938706e-02 3.52126877e-02 8.60529480e-04
3.72520424e-02 3.13094361e-02 8.12381709e-04
3.76102136e-02 3.34872041e-02 8.11138632e-04
3.79683841e-02 3.24947062e-02 8.44041236e-04
3.83265540e-02 3.30904622e-02 7.89275834e-04
3.86847233e-02 3.16219539e-02 8.36306955e-04
3.90428920e-02 3.09427909e-02 8.75208300e-04
3.94010600e-02 3.17456198e-02 8.15678729e-04
3.97592273e-02 3.15255022e-02 8.07575279e-04
4.01173941e-02 2.94230745e-02 7.89523126e-04
4.04755601e-02 3.02798931e-02 8.04525145e-04
4.08337255e-02 2.97422241e-02 7.77168937e-04
4.11918902e-02 2.66086290e-02 7.84266653e-04
4.15500542e-02 2.96391249e-02 7.61089956e-04
4.19082176e-02 3.02202436e-02 8.17850272e-04
4.22663802e-02 2.84466956e-02 7.78960624e-04
4.26245422e-02 2.66558019e-02 7.95374577e-04
4.29827034e-02 2.75681703e-02 7.92708392e-04
4.33408640e-02 2.71230182e-02 7.63455401e-04
4.36990238e-02 2.67216171e-02 7.59433753e-04
4.40571830e-02 2.77296171e-02 7.57738805e-04
4.44153414e-02 2.59030388e-02 7.58171503e-04
4.47734990e-02 2.43906600e-02 7.56953398e-04
4.51316560e-02 2.48533326e-02 7.80210813e-04
4.54898122e-02 2.39631502e-02 7.69630120e-04
4.58479676e-02 2.33838434e-02 7.92298164e-04
4.62061223e-02 2.44372110e-02 7.51674536e-04
4.65642762e-02 2.29686863e-02 7.33224174e-04
4.69224294e-02 2.25109579e-02 7.86307600e-04
4.72805818e-02 2.44516374e-02 7.38771346e-04
4.76387334e-02 2.36561141e-02 7.73441069e-04
4.79968842e-02 2.19515555e-02 7.14113629e-04
4.83550342e-02 2.23549834e-02 7.14579765e-04
4.87131835e-02 2.15809694e-02 7.64865762e-04
4.90713319e-02 2.19489548e-02 7.36712798e-04
4.94294795e-02 2.09147848e-02 6.77215533e-04
4.97876264e-02 2.18038092e-02 6.90244483e-04
5.01457724e-02 2.01743041e-02 6.73946692e-04
5.05039175e-02 1.96499558e-02 6.76795849e-04
5.08620619e-02 2.04733455e-02 6.87890249e-04
5.12202054e-02 1.91205721e-02 6.90353011e-04
5.15783481e-02 1.81148336e-02 6.43088633e-04
5.19364899e-02 1.86274562e-02 6.80064010e-04
5.22946308e-02 1.85880408e-02 6.59193352e-04
5.26527709e-02 1.88213111e-02 6.92609737e-04
5.30109102e-02 1.75709841e-02 6.69281982e-04
5.33690485e-02 1.74117668e-02 6.82036655e-04
5.37271860e-02 1.71342621e-02 6.45136362e-04
5.40853226e-02 1.65707852e-02 6.20569071e-04
5.44434583e-02 1.61075031e-02 6.35230109e-04
5.48015932e-02 1.74615625e-02 6.31619972e-04
5.51597271e-02 1.59423808e-02 6.28715468e-04
5.55178601e-02 1.74221788e-02 6.31642509e-04
5.58759922e-02 1.43576236e-02 6.24799006e-04
5.62341234e-02 1.45842013e-02 6.32316757e-04
5.65922536e-02 1.50569612e-02 6.27598124e-04
5.69503829e-02 1.56031921e-02 6.06592803e-04
5.73085113e-02 1.48519221e-02 5.99192138e-04
5.76666388e-02 1.36520933e-02 6.02110989e-04
5.80247653e-02 1.42156310e-02 5.87091183e-04
5.83828908e-02 1.33526739e-02 6.01992417e-04
5.87410154e-02 1.32518462e-02 5.92318032e-04
5.90991390e-02 1.28617714e-02 5.82742798e-04
5.94572616e-02 1.40118349e-02 5.88920029e-04
5.98153833e-02 1.35265280e-02 5.88522423e-04
6.01735040e-02 1.21652416e-02 5.91396604e-04
6.05316237e-02 1.18993470e-02 5.91129033e-04
6.08897424e-02 1.13487076e-02 5.92561465e-04
6.12478600e-02 1.19722975e-02 5.67123695e-04
6.16059767e-02 1.04662607e-02 5.70695377e-04
6.19640924e-02 1.08663599e-02 5.69939060e-04
6.23222071e-02 1.15924084e-02 5.75804321e-04
6.26803207e-02 1.12547075e-02 5.61852964e-04
6.30384333e-02 1.12804070e-02 5.48518569e-04
6.33965448e-02 1.05716879e-02 5.48113474e-04
6.37546554e-02 1.04222052e-02 5.42701359e-04
6.41127648e-02 9.90760127e-03 5.33615110e-04
6.44708732e-02 9.90193587e-03 5.33429822e-04
6.48289806e-02 9.31979983e-03 5.41184398e-04
6.51870869e-02 9.84491321e-03 5.35181554e-04
6.55451921e-02 9.59646469e-03 5.32823069e-04
6.59032962e-02 8.86906493e-03 5.37504584e-04
6.62613993e-02 9.01930743e-03 5.21060144e-04
6.66195012e-02 8.50594265e-03 5.23528250e-04
6.69776021e-02 8.74591362e-03 5.18917337e-04
6.73357019e-02 7.69058646e-03 5.14409335e-04
6.76938005e-02 7.81517194e-03 5.21556429e-04
6.80518981e-02 7.38062810e-03 5.23291362e-04
6.84099945e-02 7.02524946e-03 5.08911811e-04
6.87680898e-02 7.62231867e-03 4.94843379e-04
6.91261840e-02 6.99451480e-03 4.93971544e-04
6.94842770e-02 7.64675745e-03 5.18791687e-04
6.98423689e-02 6.41085475e-03 5.00237616e-04
7.02004596e-02 7.00694150e-03 5.20083126e-04
7.05585492e-02 6.73268198e-03 4.89765360e-04
7.09166377e-02 6.59887850e-03 5.15124568e-04
7.12747249e-02 6.56122616e-03 4.99439740e-04
7.16328110e-02 5.81541101e-03 4.72375474e-04
7.19908959e-02 6.44380511e-03 5.01121230e-04
7.23489796e-02 6.02899920e-03 4.77953221e-04
7.27070622e-02 5.84332564e-03 4.89662854e-04
7.30651435e-02 5.61137903e-03 4.83593425e-04
7.34232237e-02 5.96065042e-03 4.80084892e-04
7.37813026e-02 6.31825715e-03 4.84454557e-04
7.41393803e-02 4.94963182e-03 4.78057218e-04
7.44974568e-02 5.16813957e-03 4.77283102e-04
7.48555321e-02 5.26836206e-03 4.85540150e-04
7.52136061e-02 5.39551979e-03 4.72636607e-04
7.55716789e-02 4.96573133e-03 4.64032677e-04
7.59297505e-02 5.44815091e-03 4.74655011e-04
7.62878208e-02 4.04368812e-03 4.79718840e-04
7.66458899e-02 4.31443044e-03 4.71160529e-04
7.70039577e-02 4.37531432e-03 4.58517620e-04
7.73620242e-02 4.88171945e-03 4.75774154e-04
7.77200895e-02 4.42789197e-03 4.55848737e-04
7.80781535e-02 4.26708310e-03 4.77203748e-04
7.84362162e-02 4.67521857e-03 4.52430576e-04
7.87942776e-02 3.97477258e-03 4.75818381e-04
7.91523377e-02 4.34824323e-03 4.70381598e-04
7.95103965e-02 3.80426740e-03 4.67475314e-04
7.98684540e-02 3.92357652e-03 4.72896151e-04
8.02265102e-02 3.65166338e-03 4.61452512e-04
8.05845651e-02 3.54201983e-03 4.66017071e-04
8.09426186e-02 2.77319897e-03 4.46418565e-04
8.13006709e-02 4.19324185e-03 4.59755404e-04
8.16587217e-02 3.71112709e-03 4.62307965e-04
8.20167713e-02 3.25810662e-03 4.58654921e-04
8.23748195e-02 2.61387620e-03 4.53311450e-04
8.27328663e-02 3.68048426e-03 4.39213238e-04
8.30909118e-02 3.03560915e-03 4.35284896e-04
8.34489559e-02 3.29348007e-03 4.45300775e-04
8.38069986e-02 3.17162737e-03 4.43322332e-04
8.41650400e-02 3.60400293e-03 4.42250828e-04
8.45230800e-02 3.41179287e-03 4.30013051e-04
8.48811185e-02 2.63827224e-03 4.38613956e-04
8.52391557e-02 1.83121797e-03 4.35782735e-04
8.55971915e-02 2.51115422e-03 4.47601229e-04
8.59552259e-02 3.27750743e-03 4.46357209e-04
8.63132589e-02 2.79119412e-03 4.51220637e-04
8.66712904e-02 2.48931759e-03 4.50494999e-04
8.70293205e-02 2.88126787e-03 4.43668874e-04
8.73873492e-02 2.25591165e-03 4.48554749e-04
8.77453765e-02 2.25833891e-03 4.45258470e-04
8.81034023e-02 2.08183173e-03 4.24322350e-04
8.84614267e-02 2.32506273e-03 4.35542247e-04
8.88194496e-02 1.91738349e-03 4.35519271e-04
8.91774710e-02 2.48532098e-03 4.45812346e-04
8.95354910e-02 1.86057858e-03 4.38059033e-04
8.98935095e-02 2.45551651e-03 4.34136203e-04
9.02515266e-02 2.56365190e-03 4.38951846e-04
9.06095421e-02 2.75327610e-03 4.44901000e-04
9.09675562e-02 1.82667183e-03 4.51360823e-04
9.13255687e-02 1.55365205e-03 4.36737627e-04
9.16835798e-02 2.10099595e-03 4.27431926e-04
9.20415894e-02 2.26119930e-03 4.34795326e-04
9.23995974e-02 2.19167646e-03 4.29526119e-04
9.27576039e-02 2.16037035e-03 4.34546252e-04
9.31156089e-02 1.65857968e-03 4.23084324e-04
9.34736124e-02 1.71601181e-03 4.20232983e-04
9.38316143e-02 1.73585471e-03 4.20825271e-04
9.41896147e-02 1.16877982e-03 4.16234625e-04
9.45476136e-02 1.48090627e-03 4.24150052e-04
9.49056108e-02 1.08662036e-03 4.16822648e-04
9.52636066e-02 1.74485259e-03 4.10658350e-04
9.56216007e-02 1.66181915e-03 4.10239206e-04
9.59795933e-02 2.02596374e-03 4.11135306e-04
9.63375843e-02 2.10807865e-03 4.13229194e-04
9.66955738e-02 4.48038611e-04 4.00767034e-04
9.70535616e-02 1.10879418e-03 4.22664947e-04
9.74115478e-02 1.42034805e-03 4.18211028e-04
9.77695325e-02 9.42056009e-04 4.09744592e-04
9.81275155e-02 1.32606295e-03 4.08546706e-04
9.84854969e-02 1.41685529e-03 4.11528249e-04
9.88434768e-02 1.44472492e-03 4.08230143e-04
9.92014549e-02 1.53460734e-03 3.94150698e-04
9.95594315e-02 1.48545022e-03 4.11263297e-04
9.99174064e-02 1.34826524e-03 3.95457173e-04
1.00275380e-01 8.82583791e-04 3.95807265e-04
1.00633351e-01 1.28247555e-03 3.98401876e-04
1.00991321e-01 1.32078183e-03 4.06009912e-04
1.01349290e-01 1.25692139e-03 4.00611416e-04
1.01707256e-01 1.16049332e-03 4.05993950e-04
1.02065221e-01 1.33442520e-03 3.91987246e-04
1.02423184e-01 1.06780772e-03 3.83262219e-04
1.02781146e-01 8.84149790e-04 3.95478981e-04
1.03139106e-01 1.38872257e-03 3.90897936e-04
1.03497064e-01 1.54464277e-03 3.97263529e-04
1.03855021e-01 1.05477323e-03 3.79148648e-04
1.04212976e-01 4.55533705e-04 3.79574974e-04
1.04570929e-01 1.13572017e-03 4.11671675e-04
1.04928880e-01 1.15765579e-03 4.00475296e-04
1.05286830e-01 1.22435253e-03 3.97868763e-04
1.05644778e-01 1.03078339e-03 4.06184564e-04
1.06002724e-01 1.30258333e-03 4.07603089e-04
1.06360668e-01 1.68602169e-03 4.01654043e-04
1.06718611e-01 1.51659202e-03 4.10064627e-04
1.07076552e-01 1.21562730e-03 4.09527881e-04
1.07434491e-01 5.86945982e-04 3.95548782e-04
1.07792429e-01 6.16913831e-04 4.04382878e-04
1.08150364e-01 9.82056671e-04 3.99966815e-04
1.08508298e-01 1.18714589e-03 4.03084480e-04
1.08866230e-01 8.38102681e-04 4.04736831e-04
1.09224160e-01 5.79892794e-04 3.87763963e-04
1.09582089e-01 9.39489876e-04 3.95990037e-04
1.09940016e-01 1.03174618e-03 4.03472588e-04
1.10297941e-01 1.24835650e-03 4.05439140e-04
1.10655864e-01 1.06420514e-03 3.98381076e-04
1.11013785e-01 4.59838727e-04 3.86465297e-04
1.11371704e-01 2.70017812e-04 3.83639227e-04
1.11729622e-01 1.23507252e-03 3.89755889e-04
1.12087538e-01 1.05210924e-03 3.85262946e-04
1.12445452e-01 1.21920051e-03 3.83261839e-04
1.12803364e-01 1.59070279e-03 3.82631905e-04
1.13161274e-01 1.37718176e-03 3.82780011e-04
1.13519182e-01 1.33116539e-03 3.80594032e-04
1.13877089e-01 4.38865277e-04 3.83226722e-04
1.14234994e-01 1.10391862e-03 3.81533249e-04
1.14592896e-01 1.20740893e-03 3.74584006e-04
1.14950797e-01 5.37989611e-04 3.78789692e-04
1.15308696e-01 4.92417604e-04 3.79794792e-04
1.15666593e-01 1.07712467e-03 3.80183854e-04
1.16024488e-01 5.62836456e-04 3.63822475e-04
1.16382382e-01 7.98238819e-04 3.71601193e-04
1.16740273e-01 1.04060732e-03 3.63579033e-04
1.17098163e-01 9.67130124e-04 3.70259682e-04
1.17456050e-01 5.45663906e-04 3.73047041e-04
1.17813936e-01 9.91600500e-04 3.69261624e-04
1.18171819e-01 1.45766589e-03 3.68340442e-04
1.18529701e-01 1.05440808e-03 3.76043885e-04
1.18887581e-01 1.26252596e-03 3.78748420e-04
1.19245459e-01 9.22284247e-04 3.84587173e-04
1.19603335e-01 2.33273044e-04 3.61020592e-04
1.19961208e-01 9.32750794e-04 3.79707222e-04
1.20319080e-01 8.56379601e-04 3.83401191e-04
1.20676950e-01 2.59828459e-04 3.65549369e-04
1.21034818e-01 5.79833696e-04 3.75318008e-04
1.21392684e-01 7.25915016e-04 3.84233266e-04
1.21750548e-01 5.94920008e-04 3.83799441e-04
1.22108410e-01 9.29234301e-04 3.80817263e-04
1.22466270e-01 4.18451128e-04 3.69082035e-04
1.22824128e-01 1.02041152e-03 3.85851969e-04
1.23181984e-01 9.38724016e-04 3.79511674e-04
1.23539838e-01 6.70223941e-04 3.77013386e-04
1.23897690e-01 6.11486075e-04 3.66930462e-04
1.24255540e-01 8.15104667e-04 3.66447392e-04
1.24613388e-01 4.62459464e-04 3.62737940e-04
1.24971233e-01 9.77315396e-04 3.64276823e-04
1.25329077e-01 5.53630016e-04 3.73325500e-04
1.25686919e-01 9.13492611e-04 3.69400060e-04
1.26044758e-01 8.90198658e-04 3.67244966e-04
1.26402596e-01 8.22898828e-04 3.62711268e-04
1.26760431e-01 1.49404012e-03 3.62498168e-04
1.27118265e-01 1.21365477e-03 3.62191074e-04
1.27476096e-01 5.43825295e-04 3.62225355e-04
1.27833925e-01 2.03942786e-04 3.50677102e-04
1.28191752e-01 8.10315945e-04 3.60904467e-04
1.28549577e-01 2.60789561e-04 3.56365619e-04
1.28907400e-01 2.98806838e-04 3.49187159e-04
1.29265221e-01 2.69024358e-04 3.48892017e-04
1.29623040e-01 8.05909063e-04 3.53890538e-04
1.29980856e-01 1.25497246e-03 3.48122997e-04
1.30338670e-01 1.10418724e-03 3.55262881e-04
1.30696483e-01 6.92338150e-04 3.60556360e-04
1.31054293e-01 4.08747540e-04 3.47282023e-04
1.31412101e-01 1.00565213e-03 3.48153474e-04
1.31769906e-01 -2.11888557e-05 3.47293071e-04
1.32127710e-01 5.67322600e-04 3.41868704e-04
1.32485511e-01 8.06989952e-04 3.51407586e-04
1.32843311e-01 4.01030306e-04 3.44981600e-04
1.33201108e-01 1.05061068e-03 3.49376640e-04
1.33558903e-01 2.46853858e-04 3.44033081e-04
1.33916695e-01 9.41259530e-04 3.40927616e-04
1.34274486e-01 7.10545202e-04 3.39683470e-04
1.34632274e-01 5.87605031e-04 3.38489676e-04
1.34990060e-01 1.25543464e-03 3.43787966e-04
1.35347844e-01 1.06736125e-03 3.43199085e-04
1.35705626e-01 6.09792478e-04 3.30197396e-04
1.36063405e-01 4.09155976e-04 3.35766760e-04
1.36421182e-01 3.02032440e-04 3.28580519e-04
1.36778957e-01 4.55119577e-04 3.39245871e-04
1.37136730e-01 6.88531086e-04 3.31054233e-04
1.37494500e-01 1.04573567e-03 3.35665971e-04
1.37852269e-01 5.00794153e-04 3.35830620e-04
1.38210034e-01 4.87034328e-04 3.39275163e-04
1.38567798e-01 2.62529867e-04 3.33945539e-04
1.38925559e-01 -1.92167663e-05 3.27036462e-04
1.39283319e-01 4.81625152e-04 3.34965204e-04
1.39641075e-01 1.03247004e-03 3.28986400e-04
1.39998830e-01 3.22007157e-04 3.22584622e-04
1.40356582e-01 7.04792916e-04 3.31337080e-04
1.40714332e-01 5.16515514e-04 3.31217453e-04
1.41072080e-01 5.79219376e-04 3.36868894e-04
1.41429825e-01 -3.73766624e-04 3.26129676e-04
1.41787568e-01 4.06187307e-04 3.34951100e-04
1.42145308e-01 3.20923170e-04 3.30612755e-04
1.42503047e-01 8.27637006e-04 3.27361615e-04
1.42860783e-01 8.32624447e-04 3.30535252e-04
1.43218516e-01 2.17746974e-04 3.26196162e-04
1.43576247e-01 5.41849034e-04 3.25393408e-04
1.43933976e-01 5.25979869e-04 3.20467026e-04
1.44291703e-01 2.71557376e-04 3.21425246e-04
1.44649427e-01 5.03987126e-04 3.28147475e-04
1.45007149e-01 2.60321433e-04 3.20304714e-04
1.45364868e-01 -1.82316536e-04 3.13476323e-04
1.45722585e-01 4.28703603e-04 3.21416176e-04
1.46080300e-01 6.06320607e-04 3.12951655e-04
1.46438012e-01 5.59597278e-04 3.27418948e-04
1.46795722e-01 3.58137946e-04 3.12846712e-04
1.47153429e-01 6.83318795e-04 3.15052655e-04
1.47511134e-01 3.67974441e-04 3.23489229e-04
1.47868837e-01 6.36799210e-04 3.24837328e-04
1.48226537e-01 4.99672281e-04 3.21768287e-04
1.48584235e-01 6.54741388e-04 3.15339886e-04
1.48941930e-01 6.13007045e-04 3.14806623e-04
1.49299623e-01 5.88539090e-04 3.18372798e-04
1.49657313e-01 2.19706537e-04 3.13887081e-04
1.50015001e-01 6.30587038e-04 3.16276125e-04
1.50372687e-01 6.37810249e-04 3.18200124e-04
1.50730370e-01 1.41458066e-04 3.09515409e-04
1.51088050e-01 9.11610001e-04 3.16600140e-04
1.51445728e-01 5.41381751e-04 3.12851102e-04
1.51803404e-01 2.39059364e-04 3.10059185e-04
1.52161077e-01 8.10004872e-04 3.16345879e-04
1.52518747e-01 4.13355097e-04 3.17532816e-04
1.52876416e-01 6.00593076e-05 3.09857617e-04
1.53234081e-01 1.21153317e-04 3.00786398e-04
1.53591744e-01 4.89973399e-04 3.07337682e-04
1.53949405e-01 3.20110130e-05 3.11653293e-04
1.54307063e-01 3.44084294e-04 3.11939147e-04
1.54664718e-01 6.49847471e-04 3.10944577e-04
1.55022371e-01 6.57738325e-05 3.08388684e-04
1.55380021e-01 -1.32189424e-04 3.10729917e-04
1.55737669e-01 5.32832159e-04 3.06882456e-04
1.56095314e-01 -2.26138830e-04 3.05807733e-04
1.56452957e-01 4.03734041e-04 3.12512044e-04
1.56810597e-01 2.17751170e-04 3.01262106e-04
1.57168235e-01 1.07818105e-04 3.09871750e-04
1.57525870e-01 3.44850124e-05 3.04484135e-04
1.57883502e-01 2.79095574e-04 2.96067388e-04
1.58241132e-01 -6.39705000e-08 3.02597571e-04
1.58598759e-01 1.85237140e-05 3.00794468e-04
1.58956384e-01 -1.16821209e-04 3.05148633e-04
1.59314006e-01 9.93478939e-05 3.03178419e-04
1.59671625e-01 6.72287404e-04 3.05917648e-04
1.60029242e-01 1.22446277e-04 3.05643447e-04
1.60386856e-01 -1.48468122e-04 3.02637319e-04
1.60744468e-01 9.71698804e-04 3.04609447e-04
1.61102076e-01 5.68865752e-04 3.01614574e-04
1.61459683e-01 4.11946931e-04 2.92349482e-04
1.61817286e-01 2.06093461e-04 2.95070395e-04
1.62174887e-01 6.14547969e-04 3.00220567e-04
1.62532485e-01 1.45339981e-04 3.02291392e-04
1.62890081e-01 -5.08059186e-05 2.91429623e-04
1.63247674e-01 2.40270879e-04 3.02386728e-04
1.63605264e-01 1.42773350e-04 3.02605095e-04
1.63962852e-01 3.13239383e-04 2.99199528e-04
1.64320437e-01 -8.28880689e-05 3.02541717e-04
1.64678019e-01 2.49034626e-04 2.94330746e-04
1.65035598e-01 6.07309917e-04 2.95012266e-04
1.65393175e-01 1.77348893e-05 2.92169834e-04
1.65750749e-01 5.90817709e-06 2.93867078e-04
1.66108320e-01 -7.00627471e-06 2.93631109e-04
1.66465889e-01 3.24820011e-04 2.98680832e-04
1.66823455e-01 2.09317470e-04 2.89425098e-04
1.67181018e-01 -2.78592925e-04 2.91925994e-04
1.67538578e-01 -5.71294023e-04 2.88498181e-04
1.67896136e-01 3.02896437e-04 2.91525409e-04
1.68253691e-01 5.05663919e-04 2.86054599e-04
1.68611243e-01 -6.02758585e-05 2.86462839e-04
1.68968792e-01 -4.29523524e-04 2.93428436e-04
1.69326339e-01 4.23858493e-05 2.86016088e-04
1.69683883e-01 -1.55890205e-04 2.84971871e-04
1.70041424e-01 1.97588419e-04 2.84409011e-04
1.70398962e-01 2.09767918e-04 2.91628281e-04
1.70756497e-01 6.30031226e-04 2.86266187e-04
1.71114030e-01 2.82720454e-04 2.91603552e-04
1.71471560e-01 -1.71645287e-04 2.84744801e-04
1.71829087e-01 -2.80651073e-04 2.87042039e-04
1.72186611e-01 4.13558405e-04 2.89213182e-04
1.72544132e-01 -5.76958464e-05 2.81938552e-04
1.72901651e-01 4.01649547e-04 2.88577714e-04
1.73259167e-01 -9.42754961e-05 2.88895866e-04
1.73616679e-01 2.15428147e-04 2.91195364e-04
1.73974189e-01 6.48750970e-04 2.90611392e-04
1.74331697e-01 2.16638578e-04 2.82966961e-04
1.74689201e-01 -2.77171720e-04 2.80227438e-04
1.75046702e-01 2.56965637e-04 2.88721983e-04
1.75404201e-01 6.67665946e-04 2.83814771e-04
1.75761697e-01 1.30407364e-04 2.81377032e-04
1.76119189e-01 1.45812332e-05 2.79760541e-04
1.76476679e-01 1.31455717e-04 2.81483180e-04
1.76834166e-01 4.89079259e-04 2.85838814e-04
1.77191650e-01 5.00347703e-04 2.84688351e-04
1.77549132e-01 2.88585572e-04 2.77942888e-04
1.77906610e-01 4.07924677e-04 2.79072653e-04
1.78264085e-01 3.35324293e-04 2.80262807e-04
1.78621558e-01 -2.94569546e-04 2.79264185e-04
1.78979027e-01 -1.86168194e-04 2.76596453e-04
1.79336494e-01 2.60383010e-05 2.72916375e-04
1.79693958e-01 5.57393166e-04 2.75937967e-04
1.80051418e-01 4.36381398e-04 2.79128870e-04
1.80408876e-01 5.38305528e-04 2.78889499e-04
1.80766331e-01 3.83090960e-04 2.79212569e-04
1.81123783e-01 -1.13034989e-04 2.84388151e-04
1.81481232e-01 -3.17392127e-04 2.76555165e-04
1.81838677e-01 -3.89012132e-05 2.84169931e-04
1.82196120e-01 8.16950734e-05 2.80673244e-04
1.82553560e-01 -5.84683170e-05 2.85340613e-04
1.82910997e-01 2.87842965e-04 2.79029725e-04
1.83268431e-01 2.05744051e-04 2.85118161e-04
1.83625862e-01 1.63435912e-04 2.84217085e-04
1.83983290e-01 6.50826784e-04 2.89116087e-04
1.84340715e-01 4.66602211e-04 2.85421087e-04
1.84698137e-01 4.94140899e-05 2.91317551e-04
1.85055556e-01 2.36831630e-05 2.84456004e-04
1.85412971e-01 1.46789123e-04 2.89025219e-04
1.85770384e-01 1.89091340e-04 2.86299967e-04
1.86127794e-01 1.26389307e-04 2.78263682e-04
1.86485200e-01 2.01966500e-04 2.83099525e-04
1.86842604e-01 2.27457596e-04 2.78933767e-04
1.87200005e-01 -3.22916253e-06 2.71091053e-04
1.87557402e-01 -4.68607087e-04 2.75713779e-04
1.87914797e-01 2.46709277e-04 2.69831285e-04
1.88272188e-01 3.50149002e-04 2.76679171e-04
1.88629576e-01 1.73952475e-04 2.78382108e-04
1.88986961e-01 3.92172476e-04 2.67948660e-04
1.89344343e-01 4.76222477e-04 2.76248218e-04
1.89701722e-01 4.36713374e-04 2.73289312e-04
1.90059098e-01 -1.63022086e-04 2.72623805e-04
1.90416471e-01 -2.11914255e-04 2.72499943e-04
1.90773840e-01 2.87935261e-04 2.70387216e-04
1.91131207e-01 -4.85344054e-05 2.76075763e-04
1.91488570e-01 -1.84189284e-04 2.73232270e-04
1.91845930e-01 -1.58193918e-04 2.70699316e-04
1.92203287e-01 -4.75933247e-06 2.66064311e-04
1.92560641e-01 -4.36250259e-04 2.70344817e-04
1.92917992e-01 -4.04479731e-05 2.65449633e-04
1.93275340e-01 2.94358464e-04 2.74053954e-04
1.93632684e-01 4.35710256e-04 2.72653359e-04
1.93990025e-01 1.35404696e-04 2.74972650e-04
1.94347363e-01 -1.01063605e-04 2.75581573e-04
1.94704698e-01 7.92610727e-05 2.72160977e-04
1.95062030e-01 1.64973287e-04 2.68730387e-04
1.95419358e-01 -1.00883226e-04 2.68956762e-04
1.95776684e-01 2.91806185e-04 2.76528953e-04
1.96134006e-01 6.59444484e-04 2.71432640e-04
1.96491324e-01 1.35130499e-06 2.73295789e-04
1.96848640e-01 4.94364401e-04 2.71379740e-04
1.97205953e-01 3.54692091e-04 2.69744919e-04
1.97563262e-01 2.06631409e-04 2.73209408e-04
1.97920568e-01 1.95143184e-04 2.74918744e-04
1.98277870e-01 5.19904344e-04 2.76275057e-04
1.98635170e-01 4.36300330e-04 2.82455896e-04
1.98992466e-01 6.39859856e-05 2.73180065e-04
1.99349759e-01 6.05530185e-04 2.76132195e-04
1.99707049e-01 1.50496831e-04 2.70989166e-04
2.00064335e-01 4.41058589e-05 2.72005936e-04
2.00421618e-01 -1.23137920e-04 2.63722599e-04
2.00778898e-01 4.05714182e-04 2.62860414e-04
2.01136174e-01 4.95834669e-05 2.65717182e-04
2.01493448e-01 5.35632985e-04 2.57374962e-04
2.01850718e-01 4.24413784e-04 2.59991998e-04
2.02207984e-01 1.96705496e-04 2.66552827e-04
2.02565248e-01 -2.31102420e-04 2.61510876e-04
2.02922508e-01 1.28242796e-04 2.60061754e-04
2.03279764e-01 5.19959188e-04 2.60367628e-04
2.03637018e-01 9.65397634e-06 2.66522291e-04
2.03994268e-01 2.50890293e-05 2.62654258e-04
2.04351514e-01 1.18984425e-04 2.59342394e-04
2.04708758e-01 1.81124229e-04 2.56559506e-04
2.05065998e-01 6.62356376e-05 2.62711396e-04
2.05423234e-01 3.07294412e-04 2.60421680e-04
2.05780467e-01 1.49675837e-04 2.57573873e-04
2.06137697e-01 1.13422075e-04 2.59110198e-04
2.06494924e-01 4.52787759e-04 2.53630493e-04
2.06852147e-01 4.52080559e-04 2.60635116e-04
2.07209367e-01 3.40548328e-04 2.52319815e-04
2.07566583e-01 3.35732929e-04 2.58210191e-04
2.07923796e-01 5.44088694e-04 2.64591546e-04
2.08281005e-01 -1.75151164e-04 2.57572065e-04
2.08638211e-01 1.32505673e-04 2.49486607e-04
2.08995414e-01 1.00348148e-04 2.55137267e-04
2.09352613e-01 -1.52074090e-04 2.56064452e-04
2.09709809e-01 3.47736837e-04 2.53854328e-04
2.10067002e-01 3.18308589e-04 2.59438795e-04
2.10424191e-01 1.94055936e-04 2.50271455e-04
2.10781376e-01 2.45560621e-04 2.55581467e-04
2.11138558e-01 -5.75319234e-06 2.52667981e-04
2.11495737e-01 1.71900334e-04 2.51916756e-04
2.11852912e-01 3.82751231e-04 2.58355837e-04
2.12210084e-01 2.86982319e-04 2.51645953e-04
2.12567252e-01 3.98350501e-06 2.45695162e-04
2.12924416e-01 1.10597217e-04 2.45686200e-04
2.13281578e-01 -3.07474225e-04 2.46693735e-04
2.13638735e-01 1.93624295e-04 2.50513641e-04
2.13995890e-01 -3.37338834e-04 2.47423687e-04
2.14353040e-01 -5.52530451e-04 2.50763396e-04
2.14710188e-01 1.85584374e-04 2.52018142e-04
2.15067331e-01 -1.64740805e-04 2.49024669e-04
2.15424471e-01 5.00976104e-05 2.44582120e-04
2.15781608e-01 -7.57071843e-06 2.47827479e-04
2.16138741e-01 1.19431490e-04 2.47196872e-04
2.16495871e-01 -2.42665150e-04 2.43335568e-04
2.16852997e-01 4.65885941e-04 2.49527973e-04
2.17210119e-01 -9.66167283e-05 2.51472916e-04
2.17567238e-01 -2.58964146e-04 2.44104938e-04
2.17924354e-01 -2.93161830e-04 2.41313153e-04
2.18281465e-01 1.69232513e-04 2.43480224e-04
2.18638574e-01 4.45206955e-04 2.38849295e-04
2.18995678e-01 2.76862474e-04 2.39717110e-04
2.19352779e-01 -6.89372323e-07 2.39699464e-04
2.19709877e-01 5.24044786e-05 2.40914846e-04
2.20066971e-01 -1.08198697e-04 2.42232170e-04
2.20424061e-01 -3.80202944e-05 2.41693275e-04
2.20781147e-01 2.79847362e-04 2.37567258e-04
2.21138230e-01 3.13967223e-04 2.41408790e-04
2.21495310e-01 2.92894597e-04 2.42244333e-04
2.21852386e-01 7.29712117e-07 2.42355250e-04
2.22209458e-01 -5.79413485e-05 2.39612524e-04
2.22566526e-01 4.09349477e-05 2.37837641e-04
2.22923591e-01 1.34319755e-04 2.40388549e-04
2.23280652e-01 3.69363261e-05 2.38489508e-04
2.23637710e-01 -5.42149769e-05 2.39012084e-04
2.23994764e-01 3.12983110e-04 2.38185147e-04
2.24351814e-01 3.10079267e-04 2.38397283e-04
2.24708861e-01 2.51707368e-04 2.40354110e-04
2.25065904e-01 2.89865177e-04 2.38382192e-04
2.25422943e-01 2.03094956e-05 2.38668921e-04
2.25779978e-01 9.53867845e-05 2.43563690e-04
2.26137010e-01 6.06558381e-06 2.38983045e-04
2.26494038e-01 3.25410066e-05 2.34612135e-04
2.26851063e-01 -2.26916061e-07 2.38055297e-04
2.27208083e-01 -1.40902543e-04 2.40955556e-04
2.27565100e-01 3.40986342e-04 2.35480159e-04
2.27922114e-01 -8.24298124e-05 2.34001681e-04
2.28279123e-01 6.84952917e-05 2.34807395e-04
2.28636129e-01 1.89191933e-04 2.33233935e-04
2.28993131e-01 1.14357303e-04 2.37614509e-04
2.29350129e-01 -1.35909113e-04 2.33607924e-04
2.29707124e-01 2.39463449e-04 2.34440811e-04
2.30064115e-01 7.65879974e-05 2.34736494e-04
2.30421102e-01 -6.38845270e-05 2.28996364e-04
2.30778085e-01 -3.25609837e-04 2.28929893e-04
2.31135064e-01 2.01026478e-04 2.29097783e-04
2.31492040e-01 -4.62597519e-05 2.35658710e-04
2.31849012e-01 -2.17922564e-05 2.30319313e-04
2.32205980e-01 1.54522239e-04 2.29949097e-04
2.32562944e-01 1.05254196e-04 2.29767828e-04
2.32919905e-01 4.62197273e-04 2.35930173e-04
2.33276862e-01 -2.33991494e-05 2.28662698e-04
2.33633814e-01 1.39368955e-04 2.28044107e-04
2.33990763e-01 2.17694333e-04 2.29338232e-04
2.34347709e-01 3.76923626e-04 2.28767531e-04
2.34704650e-01 3.47305045e-04 2.30646824e-04
2.35061588e-01 4.24156067e-04 2.31780579e-04
2.35418521e-01 3.05242606e-04 2.28475173e-04
2.35775451e-01 -8.97393447e-05 2.27996533e-04
2.36132377e-01 -2.35098531e-04 2.29442791e-04
2.36489299e-01 1.50973617e-04 2.26250396e-04
2.36846218e-01 3.77483193e-04 2.27273781e-04
2.37203132e-01 1.40075214e-04 2.31858786e-04
2.37560042e-01 1.84228610e-04 2.22159747e-04
2.37916949e-01 3.61975664e-04 2.24799854e-04
2.38273852e-01 -6.56633938e-05 2.24436681e-04
2.38630751e-01 7.85813357e-05 2.25711015e-04
2.38987645e-01 8.95990885e-05 2.22308846e-04
2.39344537e-01 5.87621017e-05 2.28962837e-04
2.39701424e-01 9.74133257e-05 2.28778660e-04
2.40058307e-01 -1.33307120e-04 2.24392817e-04
2.40415186e-01 -1.38607048e-04 2.24204148e-04
2.40772061e-01 3.90480280e-04 2.23955792e-04
2.41128933e-01 -1.92742450e-04 2.27447028e-04
2.41485800e-01 1.43098189e-04 2.25850138e-04
2.41842664e-01 -1.58243333e-04 2.29108010e-04
2.42199523e-01 -1.81424279e-04 2.23327858e-04
2.42556379e-01 1.73087295e-04 2.27154776e-04
2.42913230e-01 4.36980260e-04 2.23749510e-04
2.43270078e-01 -7.78364677e-05 2.20698658e-04
2.43626922e-01 1.59040951e-05 2.22654964e-04
2.43983761e-01 -2.41606108e-05 2.15787487e-04
2.44340597e-01 4.13758364e-04 2.19291625e-04
2.44697429e-01 4.69149512e-04 2.21008261e-04
2.45054256e-01 2.01513546e-04 2.22430478e-04
2.45411080e-01 -5.02620596e-05 2.18371202e-04
2.45767900e-01 2.05523638e-04 2.18044749e-04
2.46124715e-01 -1.81430034e-05 2.13553352e-04
2.46481527e-01 3.19248340e-05 2.18475105e-04
2.46838334e-01 1.12998470e-04 2.18884709e-04
2.47195138e-01 -1.14581326e-04 2.18665730e-04
2.47551938e-01 -5.75405498e-05 2.13039280e-04
2.47908733e-01 -1.24231673e-04 2.13543610e-04
2.48265524e-01 9.15498621e-05 2.16801360e-04
2.48622312e-01 -1.58556291e-04 2.18402815e-04
2.48979095e-01 1.93892256e-05 2.17359151e-04
2.49335874e-01 -4.70527227e-04 2.14347291e-04
2.49692649e-01 -1.88456209e-04 2.15986061e-04
2.50049420e-01 3.24368999e-04 2.14545349e-04
2.50406187e-01 -2.36426331e-05 2.12963965e-04
2.50762950e-01 1.30092104e-04 2.17669572e-04
2.51119709e-01 1.14140778e-04 2.18354634e-04
2.51476464e-01 -9.71427162e-05 2.15525736e-04
2.51833214e-01 3.56521389e-04 2.17045423e-04
2.52189961e-01 2.25692227e-04 2.16644329e-04
2.52546703e-01 -7.15754450e-05 2.12266279e-04
2.52903441e-01 -1.83907720e-04 2.14450813e-04
2.53260175e-01 -2.48832966e-04 2.10352611e-04
2.53616905e-01 4.04253774e-05 2.09948109e-04
2.53973631e-01 -1.50757784e-04 2.13725056e-04
2.54330352e-01 2.62856064e-04 2.12988606e-04
2.54687070e-01 5.17991250e-04 2.11295789e-04
2.55043783e-01 -3.45111932e-05 2.12670423e-04
2.55400492e-01 1.15941504e-05 2.10455632e-04
2.55757197e-01 2.07907214e-04 2.13470962e-04
2.56113898e-01 -1.05957099e-04 2.10097816e-04
2.56470595e-01 1.38206118e-05 2.11995720e-04
2.56827287e-01 4.74644900e-04 2.12498416e-04
2.57183975e-01 -3.59970659e-04 2.09763484e-04
2.57540659e-01 -7.94151035e-06 2.14277352e-04
2.57897339e-01 3.99387675e-05 2.11885385e-04
2.58254014e-01 -3.30741906e-04 2.16125476e-04
2.58610686e-01 1.37559696e-04 2.14647869e-04
2.58967353e-01 -4.45501798e-05 2.16054914e-04
2.59324016e-01 5.54848590e-05 2.13582629e-04
2.59680674e-01 1.51685962e-04 2.19568365e-04
2.60037329e-01 6.27983264e-05 2.18014531e-04
2.60393979e-01 -2.91431702e-04 2.13603668e-04
2.60750625e-01 -1.69868346e-05 2.15901220e-04
2.61107266e-01 1.76257314e-04 2.12544625e-04
2.61463904e-01 -1.77176253e-04 2.17398887e-04
2.61820537e-01 -2.22639004e-04 2.14065881e-04
2.62177166e-01 1.95200714e-04 2.15219508e-04
2.62533790e-01 -1.24275384e-04 2.15330578e-04
2.62890410e-01 3.32375333e-04 2.18300904e-04
2.63247026e-01 -2.01294369e-04 2.10200917e-04
2.63603638e-01 -8.88138556e-05 2.12882494e-04
2.63960245e-01 7.16268586e-05 2.14900593e-04
2.64316848e-01 -2.56082842e-04 2.07493373e-04
2.64673447e-01 1.94016941e-04 2.16954888e-04
2.65030042e-01 -6.10005422e-05 2.14883601e-04
2.65386632e-01 -1.65588525e-04 2.11530517e-04
2.65743217e-01 3.60905997e-05 2.17895331e-04
2.66099799e-01 -5.47527359e-05 2.09239261e-04
2.66456376e-01 -1.47710392e-04 2.14066453e-04
2.66812948e-01 -8.95730996e-05 2.15550784e-04
2.67169517e-01 -5.25928358e-05 2.17120559e-04
2.67526081e-01 2.24157557e-04 2.14409102e-04
2.67882640e-01 2.97298798e-04 2.15692546e-04
2.68239195e-01 1.47644074e-04 2.18641096e-04
2.68595746e-01 9.98845184e-05 2.17724622e-04
2.68952293e-01 -1.31762327e-04 2.14764921e-04
2.69308835e-01 1.12820071e-04 2.20703534e-04
2.69665372e-01 -3.53360898e-04 2.14776998e-04
2.70021906e-01 -5.13282089e-05 2.21507495e-04
2.70378435e-01 1.38928181e-04 2.22615774e-04
2.70734959e-01 -4.21791211e-05 2.19378881e-04
2.71091479e-01 1.41887135e-04 2.26292226e-04
2.71447995e-01 -5.31125311e-05 2.20545147e-04
2.71804506e-01 -2.61798482e-04 2.21115378e-04
2.72161012e-01 -1.25808802e-04 2.24029706e-04
2.72517515e-01 -8.85422944e-05 2.21177544e-04
2.72874012e-01 1.29193485e-04 2.25318100e-04
