1.54026655e-02 4.54648723e-03 1.60210530e-03
1.57608633e-02 4.62717723e-03 1.65225019e-03
1.61190608e-02 4.82926329e-03 1.54547696e-03
1.64772580e-02 3.83419209e-03 1.47885563e-03
1.68354550e-02 4.57198952e-03 1.39636643e-03
1.71936517e-02 2.73468065e-03 1.34200771e-03
1.75518481e-02 3.86206046e-03 1.31981846e-03
1.79100442e-02 4.17451481e-03 1.32928562e-03
1.82682400e-02 3.65923190e-03 1.24417363e-03
1.86264355e-02 4.72422930e-03 1.16799614e-03
1.89846308e-02 4.04562382e-03 1.15579950e-03
1.93428257e-02 6.50244302e-03 1.19202144e-03
1.97010202e-02 5.41867600e-03 1.12516513e-03
2.00592145e-02 2.73785270e-03 1.16279205e-03
2.04174084e-02 6.04876865e-03 1.09079996e-03
2.07756020e-02 5.60921140e-03 1.06879550e-03
2.11337953e-02 6.77200837e-03 1.05719825e-03
2.14919882e-02 6.70638111e-03 1.08634399e-03
2.18501808e-02 7.08949853e-03 1.04876500e-03
2.22083729e-02 5.32147618e-03 1.03031309e-03
2.25665648e-02 5.35391383e-03 1.00093242e-03
2.29247562e-02 3.85788345e-03 9.66576676e-04
2.32829473e-02 5.11065825e-03 9.15383825e-04
2.36411380e-02 5.62609652e-03 9.95415658e-04
2.39993283e-02 4.73210124e-03 9.25131394e-04
2.43575182e-02 5.29834763e-03 9.36722614e-04
2.47157077e-02 6.02259097e-03 9.22533210e-04
2.50738968e-02 6.86688755e-03 8.85036692e-04
2.54320855e-02 6.79581059e-03 8.83413948e-04
2.57902738e-02 6.57678427e-03 8.70965865e-04
2.61484617e-02 5.77144244e-03 8.44623019e-04
2.65066491e-02 6.48279056e-03 8.43316400e-04
2.68648361e-02 4.97470322e-03 8.42629033e-04
2.72230226e-02 5.39686171e-03 8.14190526e-04
2.75812087e-02 5.58597425e-03 8.43192309e-04
2.79393943e-02 7.28714236e-03 8.37776655e-04
2.82975795e-02 7.02174673e-03 8.59584295e-04
2.86557642e-02 4.74775843e-03 8.46881871e-04
2.90139485e-02 5.73429204e-03 8.44925878e-04
2.93721323e-02 7.31082967e-03 8.48885186e-04
2.97303155e-02 5.80865666e-03 8.65265860e-04
3.00884983e-02 6.53908530e-03 8.30008776e-04
3.04466806e-02 5.97503615e-03 8.07592859e-04
3.08048624e-02 7.65321562e-03 8.36368658e-04
3.11630437e-02 6.47275244e-03 9.24752446e-04
3.15212245e-02 6.92878769e-03 8.19073066e-04
3.18794048e-02 7.15774969e-03 8.20611073e-04
3.22375845e-02 7.09952582e-03 8.33651729e-04
3.25957637e-02 6.92212928e-03 8.40751711e-04
3.29539424e-02 5.69931434e-03 8.16152389e-04
3.33121205e-02 5.37438519e-03 8.33411542e-04
3.36702981e-02 6.46506999e-03 8.51205981e-04
3.40284751e-02 6.40205986e-03 8.35634002e-04
3.43866516e-02 4.61465998e-03 8.15562584e-04
3.47448275e-02 5.37516597e-03 8.12354909e-04
3.51030028e-02 6.12121513e-03 8.03925478e-04
3.54611775e-02 4.52524149e-03 7.77299168e-04
3.58193517e-02 4.30286034e-03 7.77665120e-04
3.61775253e-02 6.88252005e-03 7.82130164e-04
3.65356983e-02 5.90384402e-03 7.39840289e-04
3.68938706e-02 6.47376776e-03 7.59406730e-04
3.72520424e-02 5.61275123e-03 7.28954619e-04
3.76102136e-02 5.29596538e-03 7.34669297e-04
3.79683841e-02 5.02100698e-03 7.37508306e-04
3.83265540e-02 6.31603529e-03 7.26449939e-04
3.86847233e-02 5.87931463e-03 7.07646163e-04
3.90428920e-02 5.60590280e-03 7.46141655e-04
3.94010600e-02 6.03672546e-03 7.03434417e-04
3.97592273e-02 6.72454836e-03 6.75731491e-04
4.01173941e-02 5.78231490e-03 6.99085563e-04
4.04755601e-02 5.81848262e-03 6.75639326e-04
4.08337255e-02 5.09123662e-03 6.70115465e-04
4.11918902e-02 6.10110576e-03 6.66584183e-04
4.15500542e-02 6.61640660e-03 6.85832530e-04
4.19082176e-02 3.89995513e-03 6.90053661e-04
4.22663802e-02 5.68384540e-03 6.75589273e-04
4.26245422e-02 6.39792848e-03 6.90379122e-04
4.29827034e-02 5.73149515e-03 6.62613279e-04
4.33408640e-02 5.71423951e-03 7.15814628e-04
4.36990238e-02 4.26823092e-03 6.84792278e-04
4.40571830e-02 6.51397615e-03 6.91223889e-04
4.44153414e-02 6.09155526e-03 6.81385969e-04
4.47734990e-02 5.97922747e-03 7.13331762e-04
4.51316560e-02 4.76407966e-03 6.94690892e-04
4.54898122e-02 5.82755108e-03 6.68354507e-04
4.58479676e-02 5.80366231e-03 6.88532744e-04
4.62061223e-02 6.02515265e-03 6.98504101e-04
4.65642762e-02 5.80358603e-03 6.64874692e-04
4.69224294e-02 4.77873286e-03 6.77408983e-04
4.72805818e-02 4.69296616e-03 6.76111897e-04
4.76387334e-02 5.59793979e-03 6.67801490e-04
4.79968842e-02 5.27250134e-03 6.50613819e-04
4.83550342e-02 4.38327808e-03 6.40473456e-04
4.87131835e-02 4.96887319e-03 6.64674822e-04
4.90713319e-02 5.83601878e-03 6.49758911e-04
4.94294795e-02 5.19562186e-03 6.42526348e-04
4.97876264e-02 5.47968019e-03 6.20677366e-04
5.01457724e-02 4.84698805e-03 6.24769264e-04
5.05039175e-02 5.35131616e-03 6.24292987e-04
5.08620619e-02 4.45744303e-03 6.11181099e-04
5.12202054e-02 4.71851617e-03 5.99347074e-04
5.15783481e-02 5.95937377e-03 6.04781841e-04
5.19364899e-02 6.37842248e-03 6.12839122e-04
5.22946308e-02 5.06247643e-03 6.03673499e-04
5.26527709e-02 4.74060283e-03 6.06867482e-04
5.30109102e-02 6.17266685e-03 6.33204294e-04
5.33690485e-02 5.06090612e-03 5.85864130e-04
5.37271860e-02 4.97829141e-03 5.89233630e-04
5.40853226e-02 5.55489632e-03 6.10251939e-04
5.44434583e-02 4.22643447e-03 5.63554562e-04
5.48015932e-02 3.68685748e-03 5.69754780e-04
5.51597271e-02 4.95917359e-03 5.76276458e-04
5.55178601e-02 5.71519268e-03 5.64545168e-04
5.58759922e-02 4.22802301e-03 5.59786558e-04
5.62341234e-02 3.30702809e-03 5.82029374e-04
5.65922536e-02 4.62283919e-03 5.74106879e-04
5.69503829e-02 4.65053998e-03 5.80756190e-04
5.73085113e-02 4.10243404e-03 5.72553346e-04
5.76666388e-02 4.13381720e-03 5.65836209e-04
5.80247653e-02 3.93374442e-03 5.55578730e-04
5.83828908e-02 3.97447455e-03 5.61451253e-04
5.87410154e-02 3.55084290e-03 5.58815253e-04
5.90991390e-02 4.47097249e-03 5.46614606e-04
5.94572616e-02 3.42224415e-03 5.29782087e-04
5.98153833e-02 3.78054740e-03 5.40998351e-04
6.01735040e-02 4.25304201e-03 5.55684385e-04
6.05316237e-02 4.92727145e-03 5.50347805e-04
6.08897424e-02 3.03406409e-03 5.48590055e-04
6.12478600e-02 4.23035947e-03 5.37195589e-04
6.16059767e-02 4.81798742e-03 5.38176894e-04
6.19640924e-02 3.31844012e-03 5.30991805e-04
6.23222071e-02 3.38039155e-03 5.39420146e-04
6.26803207e-02 3.87472843e-03 5.30176353e-04
6.30384333e-02 4.42412078e-03 5.11062247e-04
6.33965448e-02 3.49618405e-03 5.32766701e-04
6.37546554e-02 4.02282707e-03 5.22857719e-04
6.41127648e-02 3.59825446e-03 5.27906717e-04
6.44708732e-02 4.06948262e-03 5.04008501e-04
6.48289806e-02 2.95562152e-03 5.39423439e-04
6.51870869e-02 4.32349942e-03 5.09938841e-04
6.55451921e-02 2.49012234e-03 5.29890789e-04
6.59032962e-02 3.47857481e-03 5.26326293e-04
6.62613993e-02 3.92460230e-03 5.17919946e-04
6.66195012e-02 3.38883675e-03 5.05702302e-04
6.69776021e-02 3.64461469e-03 5.07913375e-04
6.73357019e-02 3.63494181e-03 5.16163978e-04
6.76938005e-02 2.92463924e-03 5.11806351e-04
6.80518981e-02 3.20401092e-03 4.94460371e-04
6.84099945e-02 3.22435090e-03 4.98201786e-04
6.87680898e-02 3.50755505e-03 4.84314350e-04
6.91261840e-02 3.00748547e-03 4.78937178e-04
6.94842770e-02 3.72552824e-03 4.96761422e-04
6.98423689e-02 4.00078210e-03 4.92142657e-04
7.02004596e-02 2.89156405e-03 4.93616529e-04
7.05585492e-02 3.00423957e-03 4.71233361e-04
7.09166377e-02 2.99824930e-03 4.69872889e-04
7.12747249e-02 3.64642029e-03 4.81516248e-04
7.16328110e-02 3.25520846e-03 4.90880138e-04
7.19908959e-02 3.43123866e-03 4.83075531e-04
7.23489796e-02 3.30791862e-03 4.80503894e-04
7.27070622e-02 2.30186696e-03 4.83347189e-04
7.30651435e-02 2.92593771e-03 4.72131460e-04
7.34232237e-02 2.89215591e-03 4.87567895e-04
7.37813026e-02 2.35521280e-03 4.82200513e-04
7.41393803e-02 2.87958145e-03 4.93352966e-04
7.44974568e-02 2.54138735e-03 4.59580759e-04
7.48555321e-02 3.00205208e-03 4.60004135e-04
7.52136061e-02 2.82707690e-03 4.66309792e-04
7.55716789e-02 2.16765635e-03 4.66641044e-04
7.59297505e-02 2.50867988e-03 4.45714791e-04
7.62878208e-02 2.84954741e-03 4.75534653e-04
7.66458899e-02 2.29234351e-03 4.79598417e-04
7.70039577e-02 2.84733524e-03 4.87300852e-04
7.73620242e-02 2.56616768e-03 4.72509615e-04
7.77200895e-02 2.44718802e-03 4.54962212e-04
7.80781535e-02 2.08772740e-03 4.41509039e-04
7.84362162e-02 2.61456677e-03 4.68601800e-04
7.87942776e-02 2.96831970e-03 4.57742135e-04
7.91523377e-02 3.33983491e-03 4.50090086e-04
7.95103965e-02 2.86066704e-03 4.54418281e-04
7.98684540e-02 2.16515213e-03 4.49278991e-04
8.02265102e-02 2.08638301e-03 4.46652532e-04
8.05845651e-02 2.07315570e-03 4.43900408e-04
8.09426186e-02 1.19163794e-03 4.54218310e-04
8.13006709e-02 1.56792212e-03 4.46204817e-04
8.16587217e-02 2.06867203e-03 4.52811687e-04
8.20167713e-02 2.23762866e-03 4.50767642e-04
8.23748195e-02 2.27215698e-03 4.41598526e-04
8.27328663e-02 2.31377402e-03 4.38463575e-04
8.30909118e-02 1.52683878e-03 4.38045086e-04
8.34489559e-02 2.38814434e-03 4.44200542e-04
8.38069986e-02 2.06301884e-03 4.46285529e-04
8.41650400e-02 1.43959575e-03 4.27012200e-04
8.45230800e-02 1.60645513e-03 4.20290264e-04
8.48811185e-02 2.09215947e-03 4.48979900e-04
8.52391557e-02 1.70738142e-03 4.34312261e-04
8.55971915e-02 1.61531735e-03 4.58530284e-04
8.59552259e-02 1.78741612e-03 4.42823768e-04
8.63132589e-02 1.18878835e-03 4.58151298e-04
8.66712904e-02 1.94880747e-03 4.36955963e-04
8.70293205e-02 1.98854900e-03 4.44971317e-04
8.73873492e-02 1.48276080e-03 4.31189073e-04
8.77453765e-02 1.84233910e-03 4.22875534e-04
8.81034023e-02 2.12255953e-03 4.38452540e-04
8.84614267e-02 1.61993545e-03 4.40049820e-04
8.88194496e-02 1.47726037e-03 4.23427308e-04
8.91774710e-02 1.30656555e-03 4.22040054e-04
8.95354910e-02 1.81686250e-03 4.21179533e-04
8.98935095e-02 2.25021117e-03 4.33761064e-04
9.02515266e-02 1.58053475e-03 4.39638090e-04
9.06095421e-02 1.73043152e-03 4.32533765e-04
9.09675562e-02 2.19068353e-03 4.34618067e-04
9.13255687e-02 2.96906220e-03 4.29196268e-04
9.16835798e-02 1.36517003e-03 4.38468695e-04
9.20415894e-02 1.33939950e-03 4.31780019e-04
9.23995974e-02 1.01385737e-03 4.16655943e-04
9.27576039e-02 8.39661360e-04 4.24819539e-04
9.31156089e-02 1.91730235e-03 4.39693130e-04
9.34736124e-02 2.19529147e-03 4.26867724e-04
9.38316143e-02 1.44414059e-03 4.17461237e-04
9.41896147e-02 1.19839498e-03 4.16182517e-04
9.45476136e-02 1.35799484e-03 4.29043115e-04
9.49056108e-02 1.51259719e-03 4.20463110e-04
9.52636066e-02 2.00126629e-03 4.22544373e-04
9.56216007e-02 1.31067601e-03 4.15719278e-04
9.59795933e-02 1.38452375e-03 4.22549002e-04
9.63375843e-02 1.47248897e-03 4.07285360e-04
9.66955738e-02 1.55010676e-03 3.97800714e-04
9.70535616e-02 1.57614834e-03 4.09901440e-04
9.74115478e-02 1.89935040e-03 4.20266851e-04
9.77695325e-02 1.88569955e-03 4.02803512e-04
9.81275155e-02 1.45835880e-03 4.07034339e-04
9.84854969e-02 2.20216479e-04 4.09082234e-04
9.88434768e-02 1.18978287e-03 4.14221126e-04
9.92014549e-02 9.85175329e-04 4.07807098e-04
9.95594315e-02 8.21745612e-04 4.06158963e-04
9.99174064e-02 2.20883364e-03 4.01392027e-04
1.00275380e-01 1.04849809e-03 4.06147636e-04
1.00633351e-01 9.30705888e-04 3.98305118e-04
1.00991321e-01 1.14622678e-03 3.94799740e-04
1.01349290e-01 9.09731319e-04 3.94542301e-04
1.01707256e-01 1.22316749e-03 3.83909942e-04
1.02065221e-01 1.22385623e-03 3.91107240e-04
1.02423184e-01 1.36125082e-03 3.91939849e-04
1.02781146e-01 9.75046598e-04 3.90507112e-04
1.03139106e-01 1.44139066e-03 4.02310622e-04
1.03497064e-01 1.37966656e-03 3.86805663e-04
1.03855021e-01 7.39056197e-04 3.86814591e-04
1.04212976e-01 1.11206319e-03 3.96175383e-04
1.04570929e-01 1.51628755e-03 3.95629430e-04
1.04928880e-01 1.09959353e-03 3.96759472e-04
1.05286830e-01 9.29500272e-04 3.99368877e-04
1.05644778e-01 1.66174745e-03 4.06803219e-04
1.06002724e-01 1.22050252e-03 4.03853806e-04
1.06360668e-01 5.54930863e-04 3.93260573e-04
1.06718611e-01 1.05518460e-03 4.00843413e-04
1.07076552e-01 1.98584138e-03 4.11594716e-04
1.07434491e-01 1.35844877e-03 4.20005228e-04
1.07792429e-01 1.11726280e-03 4.06520961e-04
1.08150364e-01 6.45294662e-04 3.86777044e-04
1.08508298e-01 1.10156134e-03 3.96662512e-04
1.08866230e-01 6.83306642e-04 3.96600082e-04
1.09224160e-01 1.01002387e-03 3.95529582e-04
1.09582089e-01 1.23538936e-03 3.96598607e-04
1.09940016e-01 8.58263808e-04 3.89958544e-04
1.10297941e-01 7.58505089e-04 3.88907163e-04
1.10655864e-01 6.10488924e-04 3.83862266e-04
1.11013785e-01 1.15491399e-03 3.83641195e-04
1.11371704e-01 2.59287489e-04 3.88547060e-04
1.11729622e-01 7.18705618e-04 3.88409412e-04
1.12087538e-01 8.72522599e-04 3.89134710e-04
1.12445452e-01 5.13798589e-04 3.84275490e-04
1.12803364e-01 1.07556071e-03 3.74491035e-04
1.13161274e-01 8.58893836e-04 3.79373039e-04
1.13519182e-01 8.69941816e-04 3.80925345e-04
1.13877089e-01 2.94916977e-04 3.82015628e-04
1.14234994e-01 3.47561133e-04 3.82152969e-04
1.14592896e-01 1.30853589e-03 3.72753357e-04
1.14950797e-01 6.29892820e-04 3.76718611e-04
1.15308696e-01 1.03011646e-03 3.63454664e-04
1.15666593e-01 4.60965624e-04 3.72443545e-04
1.16024488e-01 -1.47624127e-04 3.71779861e-04
1.16382382e-01 6.60737151e-04 3.67697683e-04
1.16740273e-01 7.69391528e-04 3.65370176e-04
1.17098163e-01 1.04179735e-03 3.69816766e-04
1.17456050e-01 6.89685914e-04 3.76967375e-04
1.17813936e-01 9.02770457e-04 3.70013621e-04
1.18171819e-01 2.46984968e-04 3.78280953e-04
1.18529701e-01 1.03878380e-03 3.76425839e-04
1.18887581e-01 1.27316812e-03 3.73762579e-04
1.19245459e-01 1.38462540e-03 3.75261314e-04
1.19603335e-01 2.99422172e-04 3.80664576e-04
1.19961208e-01 3.98431471e-04 3.80893810e-04
1.20319080e-01 5.00746461e-04 3.67431461e-04
1.20676950e-01 5.01947318e-04 3.70019030e-04
1.21034818e-01 -7.66576958e-05 3.75979398e-04
1.21392684e-01 2.98389717e-04 3.78856418e-04
1.21750548e-01 5.77021552e-04 3.79326071e-04
1.22108410e-01 2.48797180e-04 3.76650704e-04
1.22466270e-01 3.88513160e-04 3.83809911e-04
1.22824128e-01 4.26126823e-04 3.65764788e-04
1.23181984e-01 2.26590865e-04 3.71192430e-04
1.23539838e-01 3.93911846e-04 3.71615592e-04
1.23897690e-01 1.08786135e-03 3.72219880e-04
1.24255540e-01 1.82912443e-04 3.66138036e-04
1.24613388e-01 2.41804914e-05 3.68765936e-04
1.24971233e-01 -7.49645405e-05 3.69790578e-04
1.25329077e-01 1.09148973e-03 3.73637235e-04
1.25686919e-01 1.80465670e-04 3.61376007e-04
1.26044758e-01 5.41027117e-04 3.64491226e-04
1.26402596e-01 8.57141918e-04 3.65233017e-04
1.26760431e-01 3.84964957e-04 3.62853126e-04
1.27118265e-01 3.64630407e-04 3.45803119e-04
1.27476096e-01 -3.04335791e-04 3.52301538e-04
1.27833925e-01 -4.16848770e-04 3.52727860e-04
1.28191752e-01 3.08102004e-04 3.66238478e-04
1.28549577e-01 1.20175544e-03 3.49994752e-04
1.28907400e-01 8.15480229e-04 3.48065506e-04
1.29265221e-01 4.83884245e-04 3.44953328e-04
1.29623040e-01 9.26927927e-04 3.52212076e-04
1.29980856e-01 8.99679964e-04 3.51908212e-04
1.30338670e-01 -3.34942381e-04 3.42968308e-04
1.30696483e-01 5.35901143e-04 3.47220684e-04
1.31054293e-01 2.86633906e-04 3.46266002e-04
1.31412101e-01 4.42865212e-04 3.40309661e-04
1.31769906e-01 8.66102979e-04 3.44316619e-04
1.32127710e-01 1.02442653e-03 3.47393204e-04
1.32485511e-01 3.32864063e-04 3.50500965e-04
1.32843311e-01 3.07313786e-04 3.50085247e-04
1.33201108e-01 8.31721687e-04 3.43106743e-04
1.33558903e-01 9.96572051e-04 3.49333092e-04
1.33916695e-01 5.96180871e-04 3.50185224e-04
1.34274486e-01 7.99177228e-04 3.48175605e-04
1.34632274e-01 6.29334705e-04 3.48729380e-04
1.34990060e-01 1.03437714e-04 3.37851221e-04
1.35347844e-01 5.81096557e-04 3.38218260e-04
1.35705626e-01 -3.19021805e-05 3.42216606e-04
1.36063405e-01 -8.36114192e-05 3.37411855e-04
1.36421182e-01 -1.95407538e-04 3.28649946e-04
1.36778957e-01 -3.17909242e-05 3.29245525e-04
1.37136730e-01 3.16922116e-04 3.37640208e-04
1.37494500e-01 2.00705183e-04 3.41194202e-04
1.37852269e-01 -8.60791322e-05 3.27083032e-04
1.38210034e-01 3.93231604e-04 3.32964251e-04
1.38567798e-01 1.78603420e-04 3.42031929e-04
1.38925559e-01 2.08211419e-04 3.34952841e-04
1.39283319e-01 2.40678534e-04 3.30713498e-04
1.39641075e-01 3.86414195e-04 3.28635601e-04
1.39998830e-01 1.44054586e-04 3.29275209e-04
1.40356582e-01 1.23836996e-04 3.36744519e-04
1.40714332e-01 8.37907906e-04 3.31456560e-04
1.41072080e-01 8.12845066e-04 3.26546905e-04
1.41429825e-01 -1.95085129e-06 3.35196307e-04
1.41787568e-01 -1.05677949e-04 3.17932111e-04
1.42145308e-01 5.38947035e-04 3.28759934e-04
1.42503047e-01 6.16385668e-04 3.25340009e-04
1.42860783e-01 6.17795045e-04 3.29560738e-04
1.43218516e-01 3.57228706e-04 3.28720052e-04
1.43576247e-01 -2.49987494e-04 3.25657031e-04
1.43933976e-01 4.30512387e-05 3.22918220e-04
1.44291703e-01 -1.56618794e-05 3.15912328e-04
1.44649427e-01 1.94456894e-04 3.20950946e-04
1.45007149e-01 -4.19174870e-04 3.22370595e-04
1.45364868e-01 6.66051554e-04 3.16589607e-04
1.45722585e-01 3.19682806e-04 3.18335270e-04
1.46080300e-01 1.00878389e-03 3.29360646e-04
1.46438012e-01 4.33608420e-04 3.20724281e-04
1.46795722e-01 6.68758224e-04 3.13815943e-04
1.47153429e-01 4.90506273e-04 3.17600710e-04
1.47511134e-01 3.53804193e-04 3.11047900e-04
1.47868837e-01 4.98280839e-04 3.18968184e-04
1.48226537e-01 2.10661017e-04 3.19979298e-04
1.48584235e-01 1.22629872e-04 3.19494619e-04
1.48941930e-01 2.22448133e-04 3.22814691e-04
1.49299623e-01 1.63518802e-04 3.17393731e-04
1.49657313e-01 3.69367489e-04 3.16848432e-04
1.50015001e-01 -3.11155324e-04 3.11585813e-04
1.50372687e-01 4.66694340e-04 3.14656069e-04
1.50730370e-01 3.60510708e-04 3.14578287e-04
1.51088050e-01 2.98027730e-04 3.13489029e-04
1.51445728e-01 3.82164596e-06 3.16477000e-04
1.51803404e-01 -3.96520700e-06 3.17272475e-04
1.52161077e-01 1.62751086e-05 3.07176890e-04
1.52518747e-01 5.16352538e-05 3.09310572e-04
1.52876416e-01 3.31787769e-04 3.07745910e-04
1.53234081e-01 -2.24233827e-04 3.07226040e-04
1.53591744e-01 4.58831981e-04 3.10815033e-04
1.53949405e-01 -2.08221563e-04 3.06215895e-04
1.54307063e-01 2.36144465e-04 3.05337861e-04
1.54664718e-01 -5.28122840e-05 3.09502925e-04
1.55022371e-01 1.60791903e-04 3.02050529e-04
1.55380021e-01 1.46211582e-04 3.04098405e-04
1.55737669e-01 4.99883536e-05 3.06375427e-04
1.56095314e-01 6.40787220e-04 3.08783821e-04
1.56452957e-01 3.26921994e-04 3.08630669e-04
1.56810597e-01 -2.28527656e-04 3.04405030e-04
1.57168235e-01 2.66350004e-04 3.06998525e-04
1.57525870e-01 -2.75027478e-04 3.09493776e-04
1.57883502e-01 3.25510249e-04 3.02948731e-04
1.58241132e-01 3.04305744e-04 3.04095820e-04
1.58598759e-01 -2.31445301e-04 3.03144935e-04
1.58956384e-01 1.98012664e-04 2.98639342e-04
1.59314006e-01 2.69404576e-04 3.05389356e-04
1.59671625e-01 3.83328443e-05 3.00568955e-04
1.60029242e-01 3.08772110e-04 2.99807365e-04
1.60386856e-01 1.18792097e-04 3.07922326e-04
1.60744468e-01 2.23387683e-05 3.00937953e-04
1.61102076e-01 3.50509151e-04 2.97230879e-04
1.61459683e-01 1.37567402e-04 2.99485450e-04
1.61817286e-01 7.40375169e-04 2.98348324e-04
1.62174887e-01 3.27801953e-04 2.97143427e-04
1.62532485e-01 -1.32510482e-04 2.94010013e-04
1.62890081e-01 8.64839944e-05 3.01336218e-04
1.63247674e-01 4.06406689e-04 2.97312254e-04
1.63605264e-01 4.74878918e-04 2.94494830e-04
1.63962852e-01 6.53336643e-05 2.91675029e-04
1.64320437e-01 9.58268442e-05 2.97705754e-04
1.64678019e-01 -1.46893509e-04 2.90888554e-04
1.65035598e-01 -2.26956849e-04 2.96150036e-04
1.65393175e-01 1.29123431e-04 2.90219022e-04
1.65750749e-01 -2.11617858e-04 2.87660197e-04
1.66108320e-01 -1.54329915e-04 2.93533069e-04
1.66465889e-01 5.44925565e-06 2.88150653e-04
1.66823455e-01 -1.64831725e-04 2.98599378e-04
1.67181018e-01 2.24715231e-05 2.92240030e-04
1.67538578e-01 -5.08139908e-05 2.94650502e-04
1.67896136e-01 -8.68516406e-04 2.92563127e-04
1.68253691e-01 2.75294271e-04 2.87538918e-04
1.68611243e-01 -1.64051819e-04 2.95314155e-04
1.68968792e-01 3.79664849e-04 2.94193264e-04
1.69326339e-01 1.74498493e-04 2.87288718e-04
1.69683883e-01 -5.54819924e-05 2.88755035e-04
1.70041424e-01 4.20521110e-05 2.81069405e-04
1.70398962e-01 3.46365503e-04 2.88526690e-04
1.70756497e-01 1.52163948e-04 2.84385380e-04
1.71114030e-01 1.49935579e-04 2.87157502e-04
1.71471560e-01 8.45216925e-05 2.89633293e-04
1.71829087e-01 1.45288865e-04 2.87061105e-04
1.72186611e-01 -3.83508524e-06 2.91566460e-04
1.72544132e-01 -1.25285469e-04 2.84304324e-04
1.72901651e-01 7.50865592e-04 2.82383107e-04
1.73259167e-01 7.55443323e-04 2.83513579e-04
1.73616679e-01 1.52133589e-04 2.77556497e-04
1.73974189e-01 2.35800554e-04 2.83002923e-04
1.74331697e-01 1.31187236e-04 2.79176395e-04
1.74689201e-01 2.28478299e-04 2.84936196e-04
1.75046702e-01 4.12652562e-04 2.83051412e-04
1.75404201e-01 3.58375030e-04 2.84610567e-04
1.75761697e-01 1.70595826e-04 2.76927616e-04
1.76119189e-01 -3.25982665e-04 2.76718083e-04
1.76476679e-01 -1.16794631e-04 2.77209472e-04
1.76834166e-01 -2.77454307e-04 2.81198520e-04
1.77191650e-01 -4.45688465e-05 2.81520167e-04
1.77549132e-01 1.62320954e-04 2.78737823e-04
1.77906610e-01 -1.84941961e-04 2.85411374e-04
1.78264085e-01 1.49596051e-04 2.80101345e-04
1.78621558e-01 -2.77038939e-04 2.78004401e-04
1.78979027e-01 2.97688359e-04 2.80354861e-04
1.79336494e-01 2.41077307e-04 2.79133154e-04
1.79693958e-01 2.91516954e-04 2.79194433e-04
1.80051418e-01 2.48465295e-04 2.79299231e-04
1.80408876e-01 -5.54971981e-04 2.80638863e-04
1.80766331e-01 -4.56918817e-05 2.80311477e-04
1.81123783e-01 1.50072710e-04 2.80924754e-04
1.81481232e-01 -5.37705568e-05 2.78925019e-04
1.81838677e-01 -5.04843317e-05 2.79148164e-04
1.82196120e-01 2.61229344e-04 2.82715724e-04
1.82553560e-01 6.26147495e-04 2.84384542e-04
1.82910997e-01 -1.15802959e-05 2.81218937e-04
1.83268431e-01 -9.25634677e-05 2.78163247e-04
1.83625862e-01 -1.63285786e-04 2.81345543e-04
1.83983290e-01 -1.53846776e-04 2.79301666e-04
1.84340715e-01 1.42342591e-05 2.83066584e-04
1.84698137e-01 1.01892692e-04 2.81145692e-04
1.85055556e-01 -3.02893833e-04 2.88480322e-04
1.85412971e-01 3.81264557e-05 2.84561566e-04
1.85770384e-01 8.88527961e-05 2.80386270e-04
1.86127794e-01 3.34303494e-04 2.84030486e-04
1.86485200e-01 2.93531622e-04 2.76730792e-04
1.86842604e-01 2.47103486e-04 2.75532542e-04
1.87200005e-01 2.01969815e-04 2.77900625e-04
1.87557402e-01 1.04981883e-04 2.75156816e-04
1.87914797e-01 -2.18897676e-04 2.74384644e-04
1.88272188e-01 -1.42480177e-04 2.77132026e-04
1.88629576e-01 4.56312709e-05 2.76031046e-04
1.88986961e-01 -1.95587206e-04 2.80440506e-04
1.89344343e-01 -6.28844017e-05 2.67664693e-04
1.89701722e-01 -7.24269883e-05 2.72913835e-04
1.90059098e-01 3.00532083e-04 2.71497354e-04
1.90416471e-01 4.78741728e-05 2.73001304e-04
1.90773840e-01 3.07480473e-05 2.75447290e-04
1.91131207e-01 2.43662941e-04 2.74960046e-04
1.91488570e-01 -7.08575486e-05 2.76075171e-04
1.91845930e-01 -2.04812046e-04 2.74470721e-04
1.92203287e-01 1.47775912e-04 2.75372798e-04
1.92560641e-01 -4.39081014e-04 2.69687288e-04
1.92917992e-01 2.02656837e-04 2.70581523e-04
1.93275340e-01 -2.32350983e-04 2.67917247e-04
1.93632684e-01 -3.73635677e-04 2.69613026e-04
1.93990025e-01 1.79178612e-04 2.74263036e-04
1.94347363e-01 -2.52316602e-04 2.68418882e-04
1.94704698e-01 -3.73109651e-04 2.73958106e-04
1.95062030e-01 1.22168903e-04 2.77611265e-04
1.95419358e-01 2.19291804e-05 2.72022091e-04
1.95776684e-01 3.42177986e-04 2.68701961e-04
1.96134006e-01 1.46443292e-04 2.72183187e-04
1.96491324e-01 3.50791408e-04 2.75551783e-04
1.96848640e-01 -2.08060456e-04 2.72307585e-04
1.97205953e-01 4.59230298e-05 2.72311561e-04
1.97563262e-01 -8.76695517e-05 2.70613691e-04
1.97920568e-01 6.30098721e-05 2.75576000e-04
1.98277870e-01 1.54522837e-04 2.75644882e-04
1.98635170e-01 1.43671309e-04 2.70701207e-04
1.98992466e-01 -4.69772356e-04 2.72819395e-04
1.99349759e-01 1.13768229e-04 2.75738058e-04
1.99707049e-01 2.59700289e-04 2.72368445e-04
2.00064335e-01 -2.79977100e-04 2.65904652e-04
2.00421618e-01 5.97762644e-04 2.74100646e-04
2.00778898e-01 3.62472267e-04 2.69697688e-04
2.01136174e-01 2.44038500e-04 2.62813997e-04
2.01493448e-01 -2.49807835e-04 2.64457905e-04
2.01850718e-01 2.27853761e-04 2.67715394e-04
2.02207984e-01 5.14413710e-05 2.62952175e-04
2.02565248e-01 1.18813327e-04 2.62359097e-04
2.02922508e-01 1.04516149e-05 2.61188053e-04
2.03279764e-01 3.73166108e-04 2.58321430e-04
2.03637018e-01 -2.41521239e-05 2.65343125e-04
2.03994268e-01 1.93163216e-04 2.61569305e-04
2.04351514e-01 5.74121519e-05 2.56574678e-04
2.04708758e-01 7.17177492e-05 2.60367738e-04
2.05065998e-01 -3.37337412e-04 2.57763075e-04
2.05423234e-01 -6.05217620e-05 2.54032779e-04
2.05780467e-01 -1.19863035e-04 2.54888007e-04
2.06137697e-01 -1.94321443e-04 2.50716255e-04
2.06494924e-01 2.06198165e-04 2.60378712e-04
2.06852147e-01 -2.37147852e-04 2.59792547e-04
2.07209367e-01 5.24329710e-04 2.62350389e-04
2.07566583e-01 1.63152153e-04 2.57463532e-04
2.07923796e-01 2.45345275e-04 2.56822192e-04
2.08281005e-01 1.02432487e-04 2.60750869e-04
2.08638211e-01 -3.67889231e-05 2.56482534e-04
2.08995414e-01 -2.47854202e-04 2.52324968e-04
2.09352613e-01 2.24011207e-04 2.51256015e-04
2.09709809e-01 1.37340937e-04 2.51616204e-04
2.10067002e-01 1.90049850e-05 2.53247731e-04
2.10424191e-01 -7.86636595e-07 2.52801934e-04
2.10781376e-01 -1.96650354e-05 2.52569685e-04
2.11138558e-01 -4.58663291e-04 2.48716859e-04
2.11495737e-01 3.67295412e-04 2.49417881e-04
2.11852912e-01 -1.69925670e-04 2.50524220e-04
2.12210084e-01 -2.59118830e-05 2.55914421e-04
2.12567252e-01 -1.70812245e-04 2.47244178e-04
2.12924416e-01 -3.26876478e-05 2.50109206e-04
2.13281578e-01 5.69924904e-05 2.49453623e-04
2.13638735e-01 -7.85923061e-05 2.51167327e-04
2.13995890e-01 2.57275231e-04 2.48282498e-04
2.14353040e-01 1.17673942e-04 2.45536384e-04
2.14710188e-01 -3.25478371e-05 2.47006472e-04
2.15067331e-01 8.05350310e-05 2.50804020e-04
2.15424471e-01 4.02424976e-04 2.49648434e-04
2.15781608e-01 -1.56525499e-04 2.39572032e-04
2.16138741e-01 1.77757882e-04 2.52313078e-04
2.16495871e-01 -6.28014432e-05 2.45896750e-04
2.16852997e-01 2.75413085e-04 2.43503463e-04
2.17210119e-01 1.13718502e-04 2.44949142e-04
2.17567238e-01 -1.54055434e-04 2.46568311e-04
2.17924354e-01 2.34402699e-04 2.44231442e-04
2.18281465e-01 3.71418011e-04 2.41262199e-04
2.18638574e-01 -4.30404383e-05 2.39335532e-04
2.18995678e-01 7.76238362e-05 2.40569821e-04
2.19352779e-01 -2.71494206e-04 2.44576434e-04
2.19709877e-01 1.03749401e-04 2.40293020e-04
2.20066971e-01 -8.37717433e-05 2.44333642e-04
2.20424061e-01 6.31636732e-04 2.39051039e-04
2.20781147e-01 2.11675308e-04 2.43749018e-04
2.21138230e-01 1.69665141e-04 2.43588715e-04
2.21495310e-01 -2.87619607e-04 2.43243066e-04
2.21852386e-01 -1.42537127e-04 2.41110518e-04
2.22209458e-01 1.36413096e-04 2.38819947e-04
2.22566526e-01 -1.56411061e-04 2.42393788e-04
2.22923591e-01 -5.12754265e-05 2.36874798e-04
2.23280652e-01 -1.20564257e-04 2.39052750e-04
2.23637710e-01 4.88720329e-05 2.39164580e-04
2.23994764e-01 1.65993235e-05 2.40532961e-04
2.24351814e-01 3.89497294e-04 2.40984137e-04
2.24708861e-01 -3.88890207e-05 2.38561905e-04
2.25065904e-01 -1.03154251e-04 2.33989274e-04
2.25422943e-01 -1.58467748e-04 2.38101593e-04
2.25779978e-01 -3.79710953e-04 2.38011309e-04
2.26137010e-01 2.24531156e-04 2.40628970e-04
2.26494038e-01 3.08364194e-04 2.38350855e-04
2.26851063e-01 1.05086084e-04 2.33577204e-04
2.27208083e-01 -2.34121788e-04 2.32484558e-04
2.27565100e-01 3.31663918e-04 2.35694026e-04
2.27922114e-01 -1.52311658e-04 2.36009436e-04
2.28279123e-01 6.19381147e-04 2.31612782e-04
2.28636129e-01 1.83378366e-04 2.37241691e-04
2.28993131e-01 -1.75222991e-04 2.35054530e-04
2.29350129e-01 -8.56275571e-05 2.35318512e-04
2.29707124e-01 -4.24908683e-04 2.33413536e-04
2.30064115e-01 7.42323264e-05 2.33570841e-04
2.30421102e-01 5.62840918e-05 2.34603227e-04
2.30778085e-01 6.77414248e-05 2.32618515e-04
2.31135064e-01 3.00496433e-05 2.30765612e-04
2.31492040e-01 2.45354775e-04 2.31554409e-04
2.31849012e-01 -1.60418559e-04 2.27358879e-04
2.32205980e-01 -2.09074353e-04 2.32616215e-04
2.32562944e-01 -2.22876760e-04 2.30445428e-04
2.32919905e-01 -1.48482577e-04 2.31405109e-04
2.33276862e-01 -1.25468949e-04 2.31684022e-04
2.33633814e-01 2.25284448e-04 2.35735170e-04
2.33990763e-01 -1.36334866e-04 2.29516982e-04
2.34347709e-01 3.84684360e-04 2.30256729e-04
2.34704650e-01 1.88769253e-04 2.26196496e-04
2.35061588e-01 -2.44378256e-04 2.30199118e-04
2.35418521e-01 -2.67266021e-04 2.29588931e-04
2.35775451e-01 -3.67859721e-04 2.24858328e-04
2.36132377e-01 1.18148200e-04 2.30488420e-04
2.36489299e-01 -2.61497934e-04 2.30853248e-04
2.36846218e-01 -3.68950338e-04 2.23558040e-04
2.37203132e-01 4.22673396e-04 2.29677448e-04
2.37560042e-01 1.82949770e-04 2.28131206e-04
2.37916949e-01 1.24390589e-04 2.27022762e-04
2.38273852e-01 1.74977091e-04 2.23449284e-04
2.38630751e-01 2.71589741e-04 2.25192403e-04
2.38987645e-01 1.41807455e-04 2.27878816e-04
2.39344537e-01 -2.81554064e-04 2.22035184e-04
2.39701424e-01 -1.84916343e-04 2.23473767e-04
2.40058307e-01 -2.76877438e-05 2.25922274e-04
2.40415186e-01 -1.46445408e-04 2.27603556e-04
2.40772061e-01 3.37557938e-05 2.23077540e-04
2.41128933e-01 -3.22099426e-04 2.20337989e-04
2.41485800e-01 -2.33564597e-04 2.21689828e-04
2.41842664e-01 -5.34920806e-04 2.22344035e-04
2.42199523e-01 -6.75336900e-05 2.24978396e-04
2.42556379e-01 -2.95675475e-04 2.19320724e-04
2.42913230e-01 2.66184409e-04 2.23727839e-04
2.43270078e-01 -6.40165188e-05 2.16508792e-04
2.43626922e-01 -3.14392587e-04 2.20618106e-04
2.43983761e-01 -2.80933608e-04 2.19017845e-04
2.44340597e-01 3.19152905e-04 2.16870543e-04
2.44697429e-01 6.15099263e-05 2.17016825e-04
2.45054256e-01 1.78761156e-04 2.18943758e-04
2.45411080e-01 -1.47701267e-04 2.20205882e-04
2.45767900e-01 5.04594756e-06 2.18884263e-04
2.46124715e-01 4.13379169e-05 2.24244549e-04
2.46481527e-01 -1.17731946e-05 2.15241039e-04
2.46838334e-01 1.83284879e-04 2.17476542e-04
2.47195138e-01 1.61932192e-04 2.17699322e-04
2.47551938e-01 8.25986374e-05 2.21571109e-04
2.47908733e-01 1.49133532e-04 2.17653651e-04
2.48265524e-01 2.30601722e-04 2.17470009e-04
2.48622312e-01 1.35491998e-04 2.16016877e-04
2.48979095e-01 -4.17430405e-05 2.12857470e-04
2.49335874e-01 -1.35518555e-04 2.14973851e-04
2.49692649e-01 -1.43501382e-04 2.21056651e-04
2.50049420e-01 3.21908098e-04 2.14125199e-04
2.50406187e-01 -7.19817663e-05 2.13135668e-04
2.50762950e-01 -1.90997304e-04 2.17490864e-04
2.51119709e-01 -2.26432691e-04 2.15133419e-04
2.51476464e-01 -9.43403069e-05 2.22992119e-04
2.51833214e-01 -3.38104075e-04 2.09756083e-04
2.52189961e-01 2.64790463e-04 2.13879941e-04
2.52546703e-01 -2.90531058e-04 2.13011358e-04
2.52903441e-01 -4.13624002e-05 2.12811415e-04
2.53260175e-01 -7.91043004e-05 2.14274011e-04
2.53616905e-01 5.32763129e-05 2.15649557e-04
2.53973631e-01 -1.05946944e-04 2.11556905e-04
2.54330352e-01 4.55074886e-04 2.14384288e-04
2.54687070e-01 -3.90658260e-04 2.09600734e-04
2.55043783e-01 -2.54620527e-04 2.15386998e-04
2.55400492e-01 4.41476210e-04 2.16454124e-04
2.55757197e-01 6.52411827e-05 2.17422897e-04
2.56113898e-01 2.18035675e-04 2.07837734e-04
2.56470595e-01 2.45064986e-04 2.13844986e-04
2.56827287e-01 3.86729341e-06 2.11281818e-04
2.57183975e-01 4.80741558e-05 2.15619085e-04
2.57540659e-01 2.58421623e-05 2.14840983e-04
2.57897339e-01 7.90559450e-05 2.13075083e-04
2.58254014e-01 2.41602204e-04 2.17871345e-04
2.58610686e-01 1.41794545e-04 2.13882646e-04
2.58967353e-01 1.76419523e-04 2.15660918e-04
2.59324016e-01 2.68104510e-04 2.12982624e-04
2.59680674e-01 2.68051400e-04 2.15975140e-04
2.60037329e-01 -2.63568448e-04 2.18766040e-04
2.60393979e-01 -7.60786403e-05 2.17002774e-04
2.60750625e-01 -3.15446182e-04 2.12901400e-04
2.61107266e-01 1.48480483e-04 2.13940053e-04
2.61463904e-01 -9.99796496e-06 2.14978259e-04
2.61820537e-01 -4.54579050e-05 2.17886345e-04
2.62177166e-01 1.77012066e-05 2.13173310e-04
2.62533790e-01 2.50031171e-04 2.12886301e-04
2.62890410e-01 -1.42384655e-04 2.15306110e-04
2.63247026e-01 1.04531600e-04 2.10706854e-04
2.63603638e-01 1.95055077e-04 2.16627831e-04
2.63960245e-01 2.35787049e-04 2.14051753e-04
2.64316848e-01 2.84939330e-04 2.05352806e-04
2.64673447e-01 -2.35270031e-04 2.13458089e-04
2.65030042e-01 2.35603280e-04 2.13843423e-04
2.65386632e-01 1.15570606e-04 2.15960311e-04
2.65743217e-01 2.50384072e-04 2.11810750e-04
2.66099799e-01 9.04763540e-05 2.16124523e-04
2.66456376e-01 3.87035946e-04 2.13007158e-04
2.66812948e-01 2.02544768e-04 2.14753605e-04
2.67169517e-01 1.67563347e-04 2.18759176e-04
2.67526081e-01 6.64481932e-05 2.14182901e-04
2.67882640e-01 -2.91178832e-05 2.18723902e-04
2.68239195e-01 -2.88616718e-04 2.12145907e-04
2.68595746e-01 1.59619345e-04 2.16944015e-04
2.68952293e-01 4.69312464e-05 2.20267929e-04
2.69308835e-01 1.98401238e-04 2.19068142e-04
2.69665372e-01 1.04776739e-04 2.23541400e-04
2.70021906e-01 1.96576662e-04 2.25129308e-04
2.70378435e-01 -5.31809157e-05 2.22824248e-04
2.70734959e-01 1.28433582e-04 2.23241075e-04
2.71091479e-01 -5.35627407e-05 2.21370556e-04
2.71447995e-01 -4.03830719e-04 2.25001254e-04
2.71804506e-01 -6.80168568e-05 2.20760607e-04
2.72161012e-01 1.88548622e-04 2.19587582e-04
2.72517515e-01 -1.01309075e-04 2.22531672e-04
2.72874012e-01 -3.97941314e-04 2.24773415e-04
