1.54026655e-02 -2.94825247e-03 1.71732022e-03
1.57608633e-02 -2.09464606e-03 1.57101934e-03
1.61190608e-02 -1.75723298e-03 1.49046846e-03
1.64772580e-02 -1.61443157e-03 1.48793647e-03
1.68354550e-02 -4.75006563e-03 1.37698328e-03
1.71936517e-02 -2.90003950e-03 1.36231376e-03
1.75518481e-02 -1.95613460e-03 1.22819034e-03
1.79100442e-02 -1.64492787e-03 1.26382995e-03
1.82682400e-02 -1.86831448e-05 1.24460074e-03
1.86264355e-02 -1.37124823e-03 1.15178154e-03
1.89846308e-02 -9.58248561e-04 1.13461983e-03
1.93428257e-02 -7.14476792e-04 1.12570071e-03
1.97010202e-02 -6.92134067e-04 1.09163364e-03
2.00592145e-02 -1.46836799e-03 1.06389007e-03
2.04174084e-02 -2.29160897e-03 1.07185331e-03
2.07756020e-02 1.61567736e-03 1.14178134e-03
2.11337953e-02 -1.28095371e-03 1.05384737e-03
2.14919882e-02 -1.21878691e-03 9.97203077e-04
2.18501808e-02 -1.69467760e-03 1.01929212e-03
2.22083729e-02 -3.49886402e-04 1.00213217e-03
2.25665648e-02 -8.57045852e-04 9.87538932e-04
2.29247562e-02 4.39022195e-04 9.70186401e-04
2.32829473e-02 -8.95759366e-04 9.38034031e-04
2.36411380e-02 3.35931951e-04 9.47266227e-04
2.39993283e-02 1.30716108e-04 8.87890923e-04
2.43575182e-02 -6.93012983e-04 9.05047571e-04
2.47157077e-02 -1.03043218e-03 8.22351569e-04
2.50738968e-02 -2.38272366e-03 8.44334261e-04
2.54320855e-02 -6.71238915e-04 8.50572558e-04
2.57902738e-02 1.98721078e-04 8.36446166e-04
2.61484617e-02 8.02988301e-04 8.46161958e-04
2.65066491e-02 -2.99479811e-05 8.08626374e-04
2.68648361e-02 -5.70970194e-04 8.04803858e-04
2.72230226e-02 -4.26631803e-04 8.18920097e-04
2.75812087e-02 -1.55361040e-03 7.74627792e-04
2.79393943e-02 -3.11059032e-04 8.26763730e-04
2.82975795e-02 -1.53613696e-04 8.26115875e-04
2.86557642e-02 -5.60956253e-04 8.22276376e-04
2.90139485e-02 5.31554518e-04 7.92400192e-04
2.93721323e-02 7.05781797e-04 8.27886742e-04
2.97303155e-02 -1.63034080e-03 8.31895925e-04
3.00884983e-02 -5.00666166e-04 8.81140318e-04
3.04466806e-02 1.62276469e-03 8.48069231e-04
3.08048624e-02 5.44360998e-05 8.14694932e-04
3.11630437e-02 1.02365810e-03 8.15183528e-04
3.15212245e-02 1.19550342e-04 8.53139410e-04
3.18794048e-02 -8.52508447e-04 7.80062186e-04
3.22375845e-02 1.14237274e-04 8.15367715e-04
3.25957637e-02 2.44735361e-04 7.89867331e-04
3.29539424e-02 3.45713558e-04 7.82334072e-04
3.33121205e-02 2.95445385e-05 8.21716624e-04
3.36702981e-02 -3.89453211e-04 7.88819942e-04
3.40284751e-02 6.77635898e-04 7.86651019e-04
3.43866516e-02 6.58611887e-04 8.04062447e-04
3.47448275e-02 -1.17443004e-03 7.66648975e-04
3.51030028e-02 1.20170673e-03 7.44000702e-04
3.54611775e-02 7.35208756e-04 7.14419619e-04
3.58193517e-02 1.84641746e-03 7.12032785e-04
3.61775253e-02 2.97337319e-04 7.31871346e-04
3.65356983e-02 4.43682155e-04 7.21188784e-04
3.68938706e-02 1.69850208e-04 7.22611988e-04
3.72520424e-02 -4.30297869e-04 7.14822735e-04
3.76102136e-02 1.70044110e-03 7.06858059e-04
3.79683841e-02 1.19605338e-03 7.02006108e-04
3.83265540e-02 4.73527875e-04 6.93080468e-04
3.86847233e-02 -2.99824767e-06 6.82460034e-04
3.90428920e-02 -8.71298953e-04 6.67901017e-04
3.94010600e-02 1.25387090e-03 6.89476152e-04
3.97592273e-02 9.90556387e-04 7.04130327e-04
4.01173941e-02 -5.30264529e-04 6.68224125e-04
4.04755601e-02 -2.87777287e-04 6.81487422e-04
4.08337255e-02 8.82549198e-04 6.67479721e-04
4.11918902e-02 1.89602865e-03 6.34001717e-04
4.15500542e-02 7.80427757e-04 6.15101557e-04
4.19082176e-02 8.61649443e-04 6.33976642e-04
4.22663802e-02 1.64296353e-04 6.46489565e-04
4.26245422e-02 2.99635097e-04 6.13935391e-04
4.29827034e-02 5.13797406e-04 6.56032643e-04
4.33408640e-02 5.71326505e-04 6.42815654e-04
4.36990238e-02 5.44512470e-04 6.34463436e-04
4.40571830e-02 7.63185354e-04 6.50616449e-04
4.44153414e-02 -5.71867109e-05 6.29871305e-04
4.47734990e-02 4.28597144e-04 6.46766433e-04
4.51316560e-02 4.89933086e-04 6.32856042e-04
4.54898122e-02 1.07753776e-03 6.61268090e-04
4.58479676e-02 1.11786428e-03 6.68426129e-04
4.62061223e-02 6.15625674e-04 6.68357787e-04
4.65642762e-02 1.80604492e-03 6.49773239e-04
4.69224294e-02 1.36515955e-03 6.53936177e-04
4.72805818e-02 6.84576789e-04 6.47522799e-04
4.76387334e-02 -1.10356366e-04 6.53387260e-04
4.79968842e-02 7.03412579e-04 6.18636048e-04
4.83550342e-02 3.62898357e-04 6.38594110e-04
4.87131835e-02 7.17198099e-04 6.15688489e-04
4.90713319e-02 5.83665221e-05 6.02869228e-04
4.94294795e-02 9.68909327e-04 6.10084820e-04
4.97876264e-02 7.89973793e-04 6.15606223e-04
5.01457724e-02 5.93440839e-04 6.10915824e-04
5.05039175e-02 -8.78743325e-04 6.12097547e-04
5.08620619e-02 -1.67803016e-04 5.95081790e-04
5.12202054e-02 4.86280000e-04 6.14469819e-04
5.15783481e-02 1.21329482e-03 5.86388256e-04
5.19364899e-02 6.33822131e-04 5.79747100e-04
5.22946308e-02 4.66936374e-04 5.78830391e-04
5.26527709e-02 1.33263012e-03 5.82709557e-04
5.30109102e-02 1.35800004e-03 5.61978153e-04
5.33690485e-02 2.70771771e-04 5.67865683e-04
5.37271860e-02 -3.81744941e-04 5.44335390e-04
5.40853226e-02 1.96806938e-03 5.49911491e-04
5.44434583e-02 5.91699522e-05 5.74275940e-04
5.48015932e-02 6.65982673e-04 5.37304484e-04
5.51597271e-02 1.37010010e-03 5.69533471e-04
5.55178601e-02 6.57412033e-04 5.61098603e-04
5.58759922e-02 1.10295987e-03 5.74575814e-04
5.62341234e-02 -3.82295798e-05 5.66545995e-04
5.65922536e-02 4.56843311e-04 5.47174367e-04
5.69503829e-02 3.14784338e-04 5.58911611e-04
5.73085113e-02 -1.67712094e-04 5.38079990e-04
5.76666388e-02 1.02356460e-03 5.40606503e-04
5.80247653e-02 7.30735378e-04 5.49921710e-04
5.83828908e-02 -1.49280609e-04 5.68553385e-04
5.87410154e-02 2.99440560e-04 5.41414796e-04
5.90991390e-02 6.17337339e-04 5.35792183e-04
5.94572616e-02 3.29856432e-04 5.37784672e-04
5.98153833e-02 7.32055438e-04 5.28258205e-04
6.01735040e-02 9.54630457e-04 5.39795329e-04
6.05316237e-02 2.39084160e-04 5.30600664e-04
6.08897424e-02 -7.28071261e-05 5.38670722e-04
6.12478600e-02 8.77863310e-04 5.14760057e-04
6.16059767e-02 2.71332240e-04 5.04609577e-04
6.19640924e-02 4.26334649e-04 5.11355507e-04
6.23222071e-02 1.67688987e-03 5.28190757e-04
6.26803207e-02 1.40734687e-03 5.13588390e-04
6.30384333e-02 -3.97894471e-05 4.91498694e-04
6.33965448e-02 -1.69353563e-05 5.13443642e-04
6.37546554e-02 6.38267039e-04 5.13232466e-04
6.41127648e-02 1.28967776e-03 5.15585702e-04
6.44708732e-02 5.80702227e-04 4.90909203e-04
6.48289806e-02 1.70219213e-03 5.21197126e-04
6.51870869e-02 1.19455121e-03 5.05670844e-04
6.55451921e-02 4.36094399e-04 5.13621042e-04
6.59032962e-02 1.43644956e-03 5.08144487e-04
6.62613993e-02 3.60851572e-04 4.94778972e-04
6.66195012e-02 1.84458505e-04 4.75877374e-04
6.69776021e-02 6.22853604e-04 5.05903478e-04
6.73357019e-02 1.69816577e-04 4.95614111e-04
6.76938005e-02 5.11754275e-04 4.98809225e-04
6.80518981e-02 4.68547893e-04 4.68301199e-04
6.84099945e-02 3.83877452e-04 4.95221255e-04
6.87680898e-02 3.55117464e-04 4.84948642e-04
6.91261840e-02 1.03490757e-03 4.85141387e-04
6.94842770e-02 1.69389425e-04 4.76569133e-04
6.98423689e-02 9.42689822e-04 4.85656378e-04
7.02004596e-02 4.52900891e-04 4.75717889e-04
7.05585492e-02 -7.63363317e-05 4.72459734e-04
7.09166377e-02 1.34347342e-03 4.92739822e-04
7.12747249e-02 1.12357567e-06 4.80477586e-04
7.16328110e-02 9.07990221e-05 4.70965067e-04
7.19908959e-02 1.05126508e-03 4.70096465e-04
7.23489796e-02 5.82826789e-04 4.65368179e-04
7.27070622e-02 -2.95432693e-04 4.84212311e-04
7.30651435e-02 6.69494107e-04 4.75014088e-04
7.34232237e-02 -2.52129707e-04 4.69242523e-04
7.37813026e-02 1.70843463e-04 4.65994853e-04
7.41393803e-02 6.86651517e-04 4.65834494e-04
7.44974568e-02 6.65649482e-04 4.74950608e-04
7.48555321e-02 3.62476884e-04 4.50826724e-04
7.52136061e-02 1.19428422e-03 4.64838823e-04
7.55716789e-02 1.90121673e-04 4.68507657e-04
7.59297505e-02 7.54701454e-04 4.63030617e-04
7.62878208e-02 2.88317682e-04 4.53380108e-04
7.66458899e-02 -3.41504922e-04 4.46833958e-04
7.70039577e-02 -4.23908494e-04 4.48323092e-04
7.73620242e-02 8.95863785e-05 4.41618226e-04
7.77200895e-02 4.35376657e-04 4.45560530e-04
7.80781535e-02 3.88891009e-04 4.44864549e-04
7.84362162e-02 -2.55850227e-04 4.48524509e-04
7.87942776e-02 3.33068652e-04 4.44336801e-04
7.91523377e-02 6.57733831e-04 4.45594438e-04
7.95103965e-02 6.75234494e-04 4.43741315e-04
7.98684540e-02 8.02885265e-04 4.34513262e-04
8.02265102e-02 -4.52049894e-04 4.40682284e-04
8.05845651e-02 1.00360693e-03 4.38346536e-04
8.09426186e-02 -3.49118769e-04 4.32507136e-04
8.13006709e-02 6.36230462e-04 4.49503528e-04
8.16587217e-02 2.28007463e-04 4.53447185e-04
8.20167713e-02 2.99806716e-04 4.55100712e-04
8.23748195e-02 6.17620589e-04 4.48563935e-04
8.27328663e-02 3.04209559e-04 4.30753034e-04
8.30909118e-02 -2.20693924e-04 4.41148093e-04
8.34489559e-02 3.59722690e-04 4.30649395e-04
8.38069986e-02 2.18681916e-05 4.33941714e-04
8.41650400e-02 2.87824494e-04 4.31252174e-04
8.45230800e-02 1.69565920e-04 4.30534976e-04
8.48811185e-02 1.12394839e-03 4.41251822e-04
8.52391557e-02 3.08396153e-04 4.39818188e-04
8.55971915e-02 -5.15374408e-05 4.35520431e-04
8.59552259e-02 2.74391624e-04 4.42290924e-04
8.63132589e-02 1.84165506e-05 4.37919000e-04
8.66712904e-02 4.69780311e-04 4.27455824e-04
8.70293205e-02 9.94006659e-04 4.51546091e-04
8.73873492e-02 -1.95738294e-04 4.42545372e-04
8.77453765e-02 -3.12402037e-04 4.41937062e-04
8.81034023e-02 -2.27495721e-04 4.31224142e-04
8.84614267e-02 2.05717814e-05 4.31024857e-04
8.88194496e-02 6.48311001e-04 4.21093253e-04
8.91774710e-02 4.00896435e-04 4.28655608e-04
8.95354910e-02 5.69310609e-04 4.36569539e-04
8.98935095e-02 3.59250004e-04 4.29578446e-04
9.02515266e-02 8.35156885e-04 4.27255978e-04
9.06095421e-02 7.51009566e-04 4.33017145e-04
9.09675562e-02 3.67448100e-06 4.26631738e-04
9.13255687e-02 9.34171409e-05 4.38587884e-04
9.16835798e-02 6.29549262e-04 4.35291821e-04
9.20415894e-02 6.62420573e-04 4.24433540e-04
9.23995974e-02 1.37859068e-03 4.37448431e-04
9.27576039e-02 9.27975671e-04 4.32010739e-04
9.31156089e-02 4.41819546e-04 4.24769558e-04
9.34736124e-02 9.23461433e-04 4.26922570e-04
9.38316143e-02 8.88309017e-04 4.19375982e-04
9.41896147e-02 3.23504552e-04 4.15002148e-04
9.45476136e-02 6.66408383e-04 4.20113021e-04
9.49056108e-02 -1.90297562e-04 4.11141068e-04
9.52636066e-02 1.31620837e-03 4.31610115e-04
9.56216007e-02 2.14470998e-04 4.04009805e-04
9.59795933e-02 -2.85740486e-04 4.00949555e-04
9.63375843e-02 -3.64637076e-04 4.03189440e-04
9.66955738e-02 6.30236723e-04 4.08466606e-04
9.70535616e-02 9.02898572e-04 4.12365174e-04
9.74115478e-02 8.60843149e-04 4.05905452e-04
9.77695325e-02 3.85049079e-04 3.95508801e-04
9.81275155e-02 5.47649929e-04 3.97133348e-04
9.84854969e-02 5.70906336e-04 4.06433846e-04
9.88434768e-02 4.39902175e-04 4.12212489e-04
9.92014549e-02 7.90651071e-04 4.08232499e-04
9.95594315e-02 3.91200041e-04 4.06375032e-04
9.99174064e-02 5.77037057e-04 3.94756048e-04
1.00275380e-01 1.28223570e-04 3.91412444e-04
1.00633351e-01 6.59488048e-05 3.98008711e-04
1.00991321e-01 7.68953350e-04 3.88406791e-04
1.01349290e-01 -5.16200353e-04 3.94525911e-04
1.01707256e-01 8.40793417e-04 3.91200893e-04
1.02065221e-01 2.82271532e-04 3.90069689e-04
1.02423184e-01 5.48481873e-04 3.91370463e-04
1.02781146e-01 3.29544092e-04 3.78437396e-04
1.03139106e-01 1.80284368e-04 3.79240765e-04
1.03497064e-01 3.27455450e-04 3.83196000e-04
1.03855021e-01 3.01469430e-04 3.88677791e-04
1.04212976e-01 -5.89046712e-04 3.86730564e-04
1.04570929e-01 2.26976407e-04 3.95719676e-04
1.04928880e-01 5.48788354e-04 3.87871619e-04
1.05286830e-01 3.20673134e-04 3.97112661e-04
1.05644778e-01 2.78049680e-04 3.86012800e-04
1.06002724e-01 1.89175491e-04 4.12692845e-04
1.06360668e-01 5.81547375e-05 3.98375458e-04
1.06718611e-01 3.52294440e-04 4.02769121e-04
1.07076552e-01 -3.46343680e-04 4.05135080e-04
1.07434491e-01 1.19721518e-04 4.01509453e-04
1.07792429e-01 -4.36889390e-04 3.98255168e-04
1.08150364e-01 -7.82551325e-05 3.96132656e-04
1.08508298e-01 -2.16199227e-04 3.94363157e-04
1.08866230e-01 4.11594783e-05 4.06111625e-04
1.09224160e-01 1.50308913e-04 4.04148801e-04
1.09582089e-01 6.60095390e-04 3.92657853e-04
1.09940016e-01 3.25515464e-04 3.96868851e-04
1.10297941e-01 2.61937838e-04 3.85825806e-04
1.10655864e-01 6.57884647e-05 3.79140983e-04
1.11013785e-01 -4.91699071e-04 3.86981384e-04
1.11371704e-01 -5.31384024e-04 3.82268802e-04
1.11729622e-01 2.95584719e-04 3.73224037e-04
1.12087538e-01 1.25257470e-04 3.73416481e-04
1.12445452e-01 4.13924667e-04 3.85016654e-04
1.12803364e-01 5.49059732e-04 3.81405386e-04
1.13161274e-01 7.48882758e-04 3.75746822e-04
1.13519182e-01 9.85464487e-05 3.80646963e-04
1.13877089e-01 3.96356137e-04 3.81447044e-04
1.14234994e-01 5.68257093e-04 3.73940632e-04
1.14592896e-01 3.02149949e-04 3.71466402e-04
1.14950797e-01 -5.74307874e-04 3.76477515e-04
1.15308696e-01 3.01198956e-04 3.80317777e-04
1.15666593e-01 6.14422219e-05 3.66515759e-04
1.16024488e-01 3.03019904e-04 3.83005342e-04
1.16382382e-01 6.51788417e-05 3.68461113e-04
1.16740273e-01 -2.10912358e-04 3.60016163e-04
1.17098163e-01 7.52778334e-05 3.71891565e-04
1.17456050e-01 -4.90925933e-04 3.69289690e-04
1.17813936e-01 -3.60829846e-04 3.77452739e-04
1.18171819e-01 4.34658950e-04 3.68366844e-04
1.18529701e-01 1.21918073e-03 3.84713115e-04
1.18887581e-01 4.31370998e-05 3.84732290e-04
1.19245459e-01 5.05386014e-04 3.85730072e-04
1.19603335e-01 -2.50431961e-04 3.66401658e-04
1.19961208e-01 4.75004719e-04 3.62029400e-04
1.20319080e-01 -9.12772793e-05 3.74675925e-04
1.20676950e-01 6.89443171e-04 3.93606778e-04
1.21034818e-01 2.25199200e-04 3.86173231e-04
1.21392684e-01 3.48559861e-04 3.72711243e-04
1.21750548e-01 8.21467681e-04 3.79687199e-04
1.22108410e-01 4.90114366e-04 3.82202996e-04
1.22466270e-01 3.12937040e-04 3.68834370e-04
1.22824128e-01 -6.37153874e-05 3.71065768e-04
1.23181984e-01 1.14303059e-03 3.73300853e-04
1.23539838e-01 4.95655875e-04 3.79561062e-04
1.23897690e-01 -3.12094086e-04 3.65106624e-04
1.24255540e-01 5.95758887e-04 3.77471573e-04
1.24613388e-01 5.49666397e-04 3.68519178e-04
1.24971233e-01 6.42005135e-04 3.68088035e-04
1.25329077e-01 8.36028317e-05 3.58874875e-04
1.25686919e-01 -7.82437229e-04 3.61155341e-04
1.26044758e-01 1.00151212e-04 3.62417148e-04
1.26402596e-01 -3.43499869e-04 3.63102031e-04
1.26760431e-01 3.34661778e-04 3.56102124e-04
1.27118265e-01 2.12462424e-04 3.57093027e-04
1.27476096e-01 3.39649763e-04 3.49787573e-04
1.27833925e-01 2.11873059e-04 3.61734727e-04
1.28191752e-01 5.49542537e-04 3.54834824e-04
1.28549577e-01 1.00358880e-03 3.60277960e-04
1.28907400e-01 3.69155006e-04 3.59892563e-04
1.29265221e-01 -1.27427328e-04 3.47808336e-04
1.29623040e-01 -1.44979493e-04 3.43849204e-04
1.29980856e-01 1.99441183e-04 3.49192414e-04
1.30338670e-01 3.60679846e-04 3.47253878e-04
1.30696483e-01 -4.61750151e-04 3.38046088e-04
1.31054293e-01 -3.07034885e-04 3.42642135e-04
1.31412101e-01 2.59035139e-04 3.44128270e-04
1.31769906e-01 1.68730854e-04 3.42553818e-04
1.32127710e-01 1.65439234e-04 3.53118090e-04
1.32485511e-01 -6.63132872e-04 3.40630017e-04
1.32843311e-01 -3.55775614e-04 3.53910113e-04
1.33201108e-01 4.58650971e-04 3.50054324e-04
1.33558903e-01 -4.01367430e-05 3.39224003e-04
1.33916695e-01 1.45623675e-04 3.38127822e-04
1.34274486e-01 9.16816780e-05 3.35924646e-04
1.34632274e-01 3.26706832e-05 3.38177970e-04
1.34990060e-01 9.94676476e-05 3.52363475e-04
1.35347844e-01 2.45787206e-04 3.38521586e-04
1.35705626e-01 6.55459514e-04 3.40948692e-04
1.36063405e-01 -1.43190600e-04 3.34415612e-04
1.36421182e-01 1.71675629e-04 3.39893807e-04
1.36778957e-01 1.24743944e-04 3.35768135e-04
1.37136730e-01 3.39084068e-04 3.33649714e-04
1.37494500e-01 2.38548813e-04 3.28436850e-04
1.37852269e-01 -2.47877259e-04 3.31609728e-04
1.38210034e-01 2.91544209e-04 3.35150842e-04
1.38567798e-01 1.54307050e-04 3.31465761e-04
1.38925559e-01 4.83642159e-04 3.25491433e-04
1.39283319e-01 -6.37014414e-06 3.31779045e-04
1.39641075e-01 -2.71151046e-04 3.25743524e-04
1.39998830e-01 -1.09831800e-05 3.32465326e-04
1.40356582e-01 4.97277726e-04 3.23518217e-04
1.40714332e-01 3.36999400e-04 3.25631367e-04
1.41072080e-01 2.69331177e-04 3.29129711e-04
1.41429825e-01 4.46129670e-05 3.37312178e-04
1.41787568e-01 3.24227443e-05 3.35170614e-04
1.42145308e-01 2.73623645e-04 3.23655534e-04
1.42503047e-01 1.07742346e-04 3.22471475e-04
1.42860783e-01 -1.56397038e-04 3.27478084e-04
1.43218516e-01 -2.67823296e-04 3.26646879e-04
1.43576247e-01 -3.93286868e-04 3.24002178e-04
1.43933976e-01 -7.23766820e-05 3.29702565e-04
1.44291703e-01 2.62287863e-04 3.17092455e-04
1.44649427e-01 -3.59728626e-04 3.24951901e-04
1.45007149e-01 3.35960603e-04 3.18182018e-04
1.45364868e-01 -3.39809668e-04 3.11581567e-04
1.45722585e-01 2.60098725e-05 3.11075574e-04
1.46080300e-01 -2.15988289e-05 3.19039705e-04
1.46438012e-01 3.02032398e-04 3.08748530e-04
1.46795722e-01 3.90939031e-04 3.23741778e-04
1.47153429e-01 -1.57170922e-04 3.13990474e-04
1.47511134e-01 -7.27638616e-05 3.14118808e-04
1.47868837e-01 1.48692200e-04 3.18000941e-04
1.48226537e-01 5.07058604e-04 3.21775537e-04
1.48584235e-01 3.28054446e-04 3.16155387e-04
1.48941930e-01 2.90288912e-04 3.09516877e-04
1.49299623e-01 -1.92309230e-04 3.14576773e-04
1.49657313e-01 4.12225431e-04 3.13003054e-04
1.50015001e-01 8.97029345e-05 3.20487260e-04
1.50372687e-01 5.49882471e-04 3.11957883e-04
1.50730370e-01 5.07316538e-04 3.14469745e-04
1.51088050e-01 6.37513354e-04 3.11068868e-04
1.51445728e-01 3.62432519e-04 3.10788741e-04
1.51803404e-01 1.25660796e-04 3.17947354e-04
1.52161077e-01 -1.23027639e-04 3.06633661e-04
1.52518747e-01 1.71460792e-05 3.12124940e-04
1.52876416e-01 1.39574957e-04 3.15200059e-04
1.53234081e-01 3.61504325e-04 3.12347183e-04
1.53591744e-01 4.97221446e-04 3.20210495e-04
1.53949405e-01 5.07563701e-04 3.08086840e-04
1.54307063e-01 5.63268569e-04 3.05666230e-04
1.54664718e-01 3.45995672e-04 3.12934715e-04
1.55022371e-01 -1.22782642e-04 3.10993131e-04
1.55380021e-01 -1.13144439e-04 3.02215081e-04
1.55737669e-01 -4.28633405e-05 3.09452627e-04
1.56095314e-01 1.61228037e-04 3.03449128e-04
1.56452957e-01 -5.58757172e-06 3.08906443e-04
1.56810597e-01 7.77966368e-06 3.09058016e-04
1.57168235e-01 1.42013804e-04 3.05724161e-04
1.57525870e-01 -1.83179078e-04 3.00502857e-04
1.57883502e-01 -2.29413124e-04 3.04371914e-04
1.58241132e-01 -3.38127118e-04 2.96341342e-04
1.58598759e-01 9.21923601e-05 2.99323270e-04
1.58956384e-01 -1.54764807e-04 3.03088620e-04
1.59314006e-01 3.30086258e-04 3.06412562e-04
1.59671625e-01 -9.46465922e-05 3.01483325e-04
1.60029242e-01 6.66897608e-05 2.98223890e-04
1.60386856e-01 2.03302437e-04 3.03975816e-04
1.60744468e-01 3.69790871e-04 2.98707735e-04
1.61102076e-01 4.02185264e-04 2.98727828e-04
1.61459683e-01 1.43743815e-04 3.02379867e-04
1.61817286e-01 5.97972963e-04 2.93491405e-04
1.62174887e-01 1.02978748e-04 2.96576211e-04
1.62532485e-01 -5.87566762e-05 2.93103310e-04
1.62890081e-01 1.28010866e-04 2.91026157e-04
1.63247674e-01 -1.10781700e-04 2.99677352e-04
1.63605264e-01 2.84925677e-04 2.94122736e-04
1.63962852e-01 3.97044279e-05 2.90621918e-04
1.64320437e-01 -2.77857703e-04 2.95108779e-04
1.64678019e-01 5.08331912e-04 3.01634089e-04
1.65035598e-01 4.75418798e-04 2.96161763e-04
1.65393175e-01 -1.88383157e-04 2.93211962e-04
1.65750749e-01 2.53331303e-04 2.90473409e-04
1.66108320e-01 4.58884153e-04 2.94158469e-04
1.66465889e-01 5.01393590e-04 2.95697536e-04
1.66823455e-01 3.74499421e-04 2.94942702e-04
1.67181018e-01 -2.98014755e-05 2.94028084e-04
1.67538578e-01 -1.01302223e-04 2.90938452e-04
1.67896136e-01 -8.04310390e-05 2.88190342e-04
1.68253691e-01 4.63275378e-05 2.93035886e-04
1.68611243e-01 4.88972948e-04 2.94375349e-04
1.68968792e-01 -1.59378025e-05 2.97252463e-04
1.69326339e-01 -5.29354991e-05 2.86572400e-04
1.69683883e-01 2.20029061e-04 2.87121835e-04
1.70041424e-01 -4.47056680e-05 2.90344593e-04
1.70398962e-01 5.58612634e-05 2.81475348e-04
1.70756497e-01 4.33506293e-04 2.84968278e-04
1.71114030e-01 -1.61984241e-04 2.91248478e-04
1.71471560e-01 1.54972813e-04 2.84903287e-04
1.71829087e-01 5.04157788e-04 2.86132184e-04
1.72186611e-01 2.78614160e-04 2.93404387e-04
1.72544132e-01 9.99927078e-05 2.85691186e-04
1.72901651e-01 4.64423663e-04 2.79900526e-04
1.73259167e-01 1.49884978e-04 2.89407179e-04
1.73616679e-01 4.18098590e-06 2.84194327e-04
1.73974189e-01 -3.26240956e-04 2.87690376e-04
1.74331697e-01 2.38490298e-04 2.84445563e-04
1.74689201e-01 1.60808122e-05 2.80938112e-04
1.75046702e-01 -4.85679838e-04 2.81785805e-04
1.75404201e-01 -9.77957683e-05 2.84461870e-04
1.75761697e-01 2.05455940e-04 2.83248655e-04
1.76119189e-01 4.80105353e-05 2.82537559e-04
1.76476679e-01 6.87078868e-05 2.85477174e-04
1.76834166e-01 4.49510270e-05 2.83183221e-04
1.77191650e-01 -1.75386836e-04 2.72073579e-04
1.77549132e-01 3.10023177e-04 2.78573757e-04
1.77906610e-01 9.53519332e-06 2.80780296e-04
1.78264085e-01 2.36767647e-04 2.75620811e-04
1.78621558e-01 -5.06093193e-05 2.75778875e-04
1.78979027e-01 9.37327139e-05 2.77359902e-04
1.79336494e-01 -4.22235980e-04 2.77355504e-04
1.79693958e-01 5.10693896e-04 2.81484310e-04
1.80051418e-01 3.99406565e-04 2.76241720e-04
1.80408876e-01 8.32774698e-05 2.74262317e-04
1.80766331e-01 -1.00141511e-04 2.75680781e-04
1.81123783e-01 2.08911693e-06 2.82058185e-04
1.81481232e-01 4.79136529e-04 2.81594998e-04
1.81838677e-01 1.36684381e-04 2.81088659e-04
1.82196120e-01 9.74640214e-05 2.84810006e-04
1.82553560e-01 3.21623387e-04 2.84997281e-04
1.82910997e-01 1.74018095e-04 2.76027793e-04
1.83268431e-01 -1.79556111e-04 2.75941731e-04
1.83625862e-01 -2.04442598e-04 2.82922568e-04
1.83983290e-01 2.59480570e-04 2.84544643e-04
1.84340715e-01 2.08545578e-04 2.83321083e-04
1.84698137e-01 1.84234900e-04 2.88377001e-04
1.85055556e-01 -3.53631974e-05 2.79669624e-04
1.85412971e-01 4.29718055e-04 2.80673210e-04
1.85770384e-01 -1.21419508e-05 2.83258435e-04
1.86127794e-01 -1.78777653e-04 2.73059699e-04
1.86485200e-01 1.20460578e-04 2.78679856e-04
1.86842604e-01 5.07332854e-04 2.81215173e-04
1.87200005e-01 -2.25064005e-04 2.79072581e-04
1.87557402e-01 1.34757350e-04 2.72963036e-04
1.87914797e-01 2.53334165e-04 2.73596624e-04
1.88272188e-01 2.09364549e-04 2.72343722e-04
1.88629576e-01 -2.29214388e-04 2.71385188e-04
1.88986961e-01 -1.93432732e-04 2.74204271e-04
1.89344343e-01 -1.20704674e-04 2.69590760e-04
1.89701722e-01 -2.72134964e-04 2.68733714e-04
1.90059098e-01 -3.88334818e-04 2.69941205e-04
1.90416471e-01 -8.54823762e-05 2.76664988e-04
1.90773840e-01 -1.24678978e-04 2.77430854e-04
1.91131207e-01 -2.22440939e-05 2.73025870e-04
1.91488570e-01 2.67839925e-04 2.70700290e-04
1.91845930e-01 -3.50887391e-04 2.69986140e-04
1.92203287e-01 -2.99482828e-04 2.69662399e-04
1.92560641e-01 3.74151234e-04 2.71567788e-04
1.92917992e-01 -4.54868103e-04 2.66067198e-04
1.93275340e-01 2.99476598e-04 2.66225946e-04
1.93632684e-01 3.03811962e-04 2.74006670e-04
1.93990025e-01 -2.53902096e-04 2.71457640e-04
1.94347363e-01 1.21193628e-04 2.75091449e-04
1.94704698e-01 -2.88242033e-05 2.70049014e-04
1.95062030e-01 1.97273826e-04 2.76211986e-04
1.95419358e-01 4.00206168e-04 2.73185191e-04
1.95776684e-01 -1.49489672e-04 2.73162623e-04
1.96134006e-01 -3.66247157e-04 2.63961562e-04
1.96491324e-01 2.03491583e-04 2.77785264e-04
1.96848640e-01 2.46523541e-04 2.74037448e-04
1.97205953e-01 6.51410696e-05 2.71384722e-04
1.97563262e-01 1.68585116e-04 2.70718755e-04
1.97920568e-01 1.71078755e-04 2.74356191e-04
1.98277870e-01 -1.12181180e-04 2.75524111e-04
1.98635170e-01 -4.40830051e-04 2.73514662e-04
1.98992466e-01 -2.24457334e-04 2.71741623e-04
1.99349759e-01 2.33126762e-04 2.74480159e-04
1.99707049e-01 -1.62794997e-04 2.74425192e-04
2.00064335e-01 4.18559966e-04 2.70693299e-04
2.00421618e-01 1.97920330e-04 2.70270287e-04
2.00778898e-01 -6.00915200e-05 2.68657148e-04
2.01136174e-01 -8.01932820e-05 2.64780506e-04
2.01493448e-01 -1.13455853e-04 2.67129780e-04
2.01850718e-01 2.68761460e-04 2.59488606e-04
2.02207984e-01 -1.87136162e-04 2.55491460e-04
2.02565248e-01 1.55275111e-04 2.66688511e-04
2.02922508e-01 -3.05872820e-04 2.58843150e-04
2.03279764e-01 -1.73506961e-04 2.60788428e-04
2.03637018e-01 1.63232769e-04 2.56334535e-04
2.03994268e-01 -7.95861479e-05 2.56753659e-04
2.04351514e-01 1.61477297e-06 2.57066607e-04
2.04708758e-01 2.81823765e-04 2.61438044e-04
2.05065998e-01 -3.26794602e-04 2.58374501e-04
2.05423234e-01 1.13282793e-04 2.60667628e-04
2.05780467e-01 -3.62601201e-04 2.57347052e-04
2.06137697e-01 -9.87053358e-05 2.53813109e-04
2.06494924e-01 -2.92736868e-05 2.60451416e-04
2.06852147e-01 3.29528153e-04 2.54347166e-04
2.07209367e-01 1.55905053e-04 2.60216059e-04
2.07566583e-01 1.43600786e-04 2.63609064e-04
2.07923796e-01 -3.15577988e-04 2.54354230e-04
2.08281005e-01 7.65390153e-05 2.57455516e-04
2.08638211e-01 5.95247849e-05 2.55627050e-04
2.08995414e-01 2.42818870e-04 2.54249002e-04
2.09352613e-01 -2.20973965e-04 2.57326458e-04
2.09709809e-01 -6.94676647e-05 2.55723543e-04
2.10067002e-01 1.32641522e-04 2.52937952e-04
2.10424191e-01 1.40198680e-04 2.56479827e-04
2.10781376e-01 3.09278082e-04 2.52842130e-04
2.11138558e-01 3.82381641e-04 2.51863343e-04
2.11495737e-01 -6.87891261e-05 2.47207995e-04
2.11852912e-01 -1.46684207e-05 2.53073344e-04
2.12210084e-01 -9.42417440e-05 2.51104673e-04
2.12567252e-01 -1.07248432e-04 2.49461951e-04
2.12924416e-01 4.31736428e-04 2.51959999e-04
2.13281578e-01 1.34345745e-04 2.49999766e-04
2.13638735e-01 -1.11786596e-04 2.48156531e-04
2.13995890e-01 2.02113513e-04 2.46576806e-04
2.14353040e-01 4.39630694e-04 2.47158773e-04
2.14710188e-01 5.25022690e-04 2.45311012e-04
2.15067331e-01 -1.09202279e-04 2.47648708e-04
2.15424471e-01 -2.13461045e-04 2.47937956e-04
2.15781608e-01 -1.31143516e-04 2.47124446e-04
2.16138741e-01 2.92029008e-04 2.45859423e-04
2.16495871e-01 5.19458545e-04 2.48075337e-04
2.16852997e-01 -1.38685402e-04 2.49735381e-04
2.17210119e-01 -3.77915726e-05 2.45938198e-04
2.17567238e-01 -2.51725022e-04 2.43369764e-04
2.17924354e-01 -3.24131842e-06 2.45652708e-04
2.18281465e-01 -3.58371047e-04 2.41667330e-04
2.18638574e-01 6.98597941e-05 2.45099769e-04
2.18995678e-01 -1.30837552e-04 2.46522238e-04
2.19352779e-01 1.86908983e-05 2.40201868e-04
2.19709877e-01 8.87903430e-05 2.44627593e-04
2.20066971e-01 -7.44569502e-05 2.39809973e-04
2.20424061e-01 -1.84072530e-04 2.40470515e-04
2.20781147e-01 -1.12208357e-04 2.36627911e-04
2.21138230e-01 1.07809495e-05 2.39353721e-04
2.21495310e-01 -4.08915207e-04 2.37848646e-04
2.21852386e-01 -7.67404850e-06 2.34817343e-04
2.22209458e-01 -3.76163682e-05 2.36067541e-04
2.22566526e-01 2.21830861e-04 2.38364860e-04
2.22923591e-01 2.82969019e-05 2.40559105e-04
2.23280652e-01 -4.42080530e-04 2.32368988e-04
2.23637710e-01 1.23347383e-04 2.38868109e-04
2.23994764e-01 -9.27194958e-05 2.33877316e-04
2.24351814e-01 1.45466305e-04 2.34002190e-04
2.24708861e-01 4.22158307e-04 2.37213528e-04
2.25065904e-01 -1.78930685e-04 2.34837803e-04
2.25422943e-01 -1.28044630e-04 2.33809063e-04
2.25779978e-01 -1.51155771e-04 2.37550746e-04
2.26137010e-01 -1.38949110e-05 2.38569938e-04
2.26494038e-01 -1.07706887e-04 2.40741892e-04
2.26851063e-01 -3.90850104e-04 2.37514613e-04
2.27208083e-01 -1.08217923e-04 2.37386593e-04
2.27565100e-01 -1.73301336e-04 2.30435586e-04
2.27922114e-01 -1.68791456e-04 2.36955668e-04
2.28279123e-01 1.04562435e-04 2.35866432e-04
2.28636129e-01 2.31923749e-05 2.33172010e-04
2.28993131e-01 -2.40186476e-04 2.32648918e-04
2.29350129e-01 -2.06764244e-04 2.30815941e-04
2.29707124e-01 -1.96187553e-04 2.31026440e-04
2.30064115e-01 -9.36499528e-05 2.34732075e-04
2.30421102e-01 -2.29837558e-04 2.34089478e-04
2.30778085e-01 3.69887155e-05 2.36366888e-04
2.31135064e-01 2.59246519e-04 2.30702177e-04
2.31492040e-01 -5.30119878e-04 2.33956863e-04
2.31849012e-01 -1.14765076e-05 2.28565176e-04
2.32205980e-01 2.14847241e-04 2.35343123e-04
2.32562944e-01 3.25270123e-04 2.36783441e-04
2.32919905e-01 -4.39510990e-05 2.33066808e-04
2.33276862e-01 -4.19085067e-04 2.29178251e-04
2.33633814e-01 1.49485939e-05 2.27748680e-04
2.33990763e-01 -9.77627325e-05 2.31943861e-04
2.34347709e-01 2.63009858e-04 2.32168272e-04
2.34704650e-01 -2.51385985e-04 2.24240628e-04
2.35061588e-01 7.92035274e-05 2.31598231e-04
2.35418521e-01 2.48237216e-04 2.32805010e-04
2.35775451e-01 3.60829085e-04 2.26601564e-04
2.36132377e-01 2.90167666e-04 2.28611978e-04
2.36489299e-01 -1.05322406e-05 2.29514573e-04
2.36846218e-01 -4.96763562e-04 2.29121829e-04
2.37203132e-01 2.17876293e-04 2.25552939e-04
2.37560042e-01 -1.64109087e-04 2.28440535e-04
2.37916949e-01 -2.83949211e-04 2.25849612e-04
2.38273852e-01 -9.72639761e-05 2.22059060e-04
2.38630751e-01 5.78700876e-05 2.24817868e-04
2.38987645e-01 -3.22629199e-04 2.22451117e-04
2.39344537e-01 1.84545123e-06 2.21514418e-04
2.39701424e-01 -2.00980414e-04 2.24014599e-04
2.40058307e-01 -1.44069291e-04 2.27397216e-04
2.40415186e-01 -4.94374263e-04 2.22707744e-04
2.40772061e-01 2.85261639e-04 2.21088713e-04
2.41128933e-01 2.12726325e-04 2.25159763e-04
2.41485800e-01 2.11829458e-04 2.19182011e-04
2.41842664e-01 -5.03441036e-05 2.20328034e-04
2.42199523e-01 4.53293958e-04 2.22297785e-04
2.42556379e-01 -3.66241510e-05 2.25664835e-04
2.42913230e-01 2.19896673e-04 2.24370730e-04
2.43270078e-01 -3.61918135e-04 2.19287908e-04
2.43626922e-01 1.79528841e-04 2.21410475e-04
2.43983761e-01 -2.16369783e-04 2.18493440e-04
2.44340597e-01 1.40880166e-04 2.19937583e-04
2.44697429e-01 2.44863544e-04 2.20613532e-04
2.45054256e-01 2.92331258e-04 2.16569832e-04
2.45411080e-01 -6.18225960e-05 2.15775076e-04
2.45767900e-01 7.23451359e-05 2.18504177e-04
2.46124715e-01 2.25923557e-05 2.21329252e-04
2.46481527e-01 2.84960722e-04 2.15415100e-04
2.46838334e-01 4.86814803e-04 2.18881114e-04
2.47195138e-01 9.88591439e-06 2.16292099e-04
2.47551938e-01 8.74502848e-05 2.16575391e-04
2.47908733e-01 3.46684854e-04 2.15166888e-04
2.48265524e-01 3.40939954e-05 2.16570144e-04
2.48622312e-01 -2.14941409e-04 2.15583251e-04
2.48979095e-01 -1.51221886e-04 2.17114271e-04
2.49335874e-01 -4.94469001e-04 2.16065660e-04
2.49692649e-01 -2.41937399e-04 2.17084975e-04
2.50049420e-01 1.29861024e-04 2.14624346e-04
2.50406187e-01 4.75296796e-05 2.10207041e-04
2.50762950e-01 5.08888716e-05 2.13272847e-04
2.51119709e-01 6.45887293e-05 2.19617929e-04
2.51476464e-01 -2.51135263e-04 2.16766569e-04
2.51833214e-01 -5.77851357e-05 2.12293827e-04
2.52189961e-01 1.62505312e-04 2.12443508e-04
2.52546703e-01 -2.06101967e-04 2.12349184e-04
2.52903441e-01 -7.25860598e-05 2.15136513e-04
2.53260175e-01 -1.26962226e-04 2.11930552e-04
2.53616905e-01 -3.34501615e-06 2.08854454e-04
2.53973631e-01 1.70979405e-04 2.14553268e-04
2.54330352e-01 -2.29392643e-05 2.10485688e-04
2.54687070e-01 -3.80881046e-05 2.15701978e-04
2.55043783e-01 -4.63088588e-06 2.11860759e-04
2.55400492e-01 2.71366505e-04 2.11076865e-04
2.55757197e-01 1.54923519e-04 2.11934031e-04
2.56113898e-01 -1.01656197e-04 2.12366057e-04
2.56470595e-01 -1.73968355e-04 2.13756207e-04
2.56827287e-01 -3.14094687e-04 2.14814724e-04
2.57183975e-01 2.38868208e-04 2.14303800e-04
2.57540659e-01 -1.08319433e-04 2.10462131e-04
2.57897339e-01 -1.21961171e-04 2.17144541e-04
2.58254014e-01 -7.11173236e-05 2.16126170e-04
2.58610686e-01 2.82043618e-04 2.16595015e-04
2.58967353e-01 1.48651365e-04 2.15835995e-04
2.59324016e-01 1.29222095e-04 2.13680632e-04
2.59680674e-01 -1.30073792e-04 2.08779376e-04
2.60037329e-01 -8.38523230e-05 2.14242760e-04
2.60393979e-01 1.47622347e-05 2.13446486e-04
2.60750625e-01 2.43049122e-04 2.13429008e-04
2.61107266e-01 -3.17860579e-04 2.19347240e-04
2.61463904e-01 -5.19081168e-05 2.15992792e-04
2.61820537e-01 -2.87171797e-04 2.12338809e-04
2.62177166e-01 1.73432896e-04 2.15925017e-04
2.62533790e-01 1.02207706e-04 2.16259456e-04
2.62890410e-01 1.31443152e-04 2.14547545e-04
2.63247026e-01 -8.62676959e-05 2.12922564e-04
2.63603638e-01 -7.27890663e-05 2.12713449e-04
2.63960245e-01 1.31563396e-04 2.14204575e-04
2.64316848e-01 -8.84707752e-05 2.14231875e-04
2.64673447e-01 -3.11683121e-05 2.14929002e-04
2.65030042e-01 -1.75579853e-04 2.14819263e-04
2.65386632e-01 3.51260499e-05 2.12733260e-04
2.65743217e-01 9.37913145e-05 2.12902172e-04
2.66099799e-01 2.93974334e-04 2.11813978e-04
2.66456376e-01 -3.27815802e-04 2.08065784e-04
2.66812948e-01 5.21908416e-04 2.16889309e-04
2.67169517e-01 -2.00306909e-04 2.14608187e-04
2.67526081e-01 1.31204018e-04 2.17102225e-04
2.67882640e-01 -4.65270858e-04 2.17236843e-04
2.68239195e-01 -1.45975110e-04 2.14385338e-04
2.68595746e-01 1.02903814e-04 2.17982650e-04
2.68952293e-01 -2.86119627e-05 2.13547060e-04
2.69308835e-01 1.21590469e-04 2.18586693e-04
2.69665372e-01 2.80132768e-04 2.20367175e-04
2.70021906e-01 -7.89044298e-05 2.23953820e-04
2.70378435e-01 1.57320921e-04 2.20595110e-04
2.70734959e-01 1.88189282e-04 2.21841725e-04
2.71091479e-01 8.96355175e-06 2.21099179e-04
2.71447995e-01 1.37803212e-05 2.22512057e-04
2.71804506e-01 1.01005717e-04 2.27130244e-04
2.72161012e-01 2.47836657e-05 2.22631341e-04
2.72517515e-01 -4.47554033e-06 2.24168650e-04
2.72874012e-01 -6.80058257e-05 2.25751226e-04
