1.54026655e-02 2.04938210e-03 1.57525737e-03
1.57608633e-02 1.89015219e-03 1.61071213e-03
1.61190608e-02 1.12920172e-03 1.60194689e-03
1.64772580e-02 -1.65263028e-05 1.47884046e-03
1.68354550e-02 -7.25630079e-04 1.44217044e-03
1.71936517e-02 -3.56360121e-05 1.34255645e-03
1.75518481e-02 -9.78879765e-04 1.28563117e-03
1.79100442e-02 5.61840413e-05 1.30506511e-03
1.82682400e-02 1.62374104e-03 1.20959237e-03
1.86264355e-02 1.70010266e-03 1.16278847e-03
1.89846308e-02 -1.57700828e-03 1.25966882e-03
1.93428257e-02 4.23930999e-04 1.17399738e-03
1.97010202e-02 1.24001303e-03 1.08561972e-03
2.00592145e-02 -3.67747891e-04 1.08902696e-03
2.04174084e-02 1.62431309e-03 1.11583751e-03
2.07756020e-02 -5.86313423e-05 9.70727339e-04
2.11337953e-02 3.53140386e-04 1.03220914e-03
2.14919882e-02 -3.15885215e-04 1.03987051e-03
2.18501808e-02 1.96758916e-03 1.02345438e-03
2.22083729e-02 1.42295065e-03 1.00399172e-03
2.25665648e-02 1.41711879e-03 9.40507385e-04
2.29247562e-02 7.39395965e-04 9.28832332e-04
2.32829473e-02 -3.43665747e-04 9.50692483e-04
2.36411380e-02 3.23835212e-03 9.19513732e-04
2.39993283e-02 9.92729246e-04 9.58192485e-04
2.43575182e-02 3.34402359e-04 8.39257373e-04
2.47157077e-02 9.35778370e-04 9.33998297e-04
2.50738968e-02 2.04216138e-03 8.91361525e-04
2.54320855e-02 2.01039308e-03 8.89281260e-04
2.57902738e-02 8.58371892e-04 8.69695790e-04
2.61484617e-02 1.16374331e-03 8.96622759e-04
2.65066491e-02 8.68768319e-04 8.06900154e-04
2.68648361e-02 1.37346057e-03 8.27411600e-04
2.72230226e-02 1.48232919e-03 8.54852024e-04
2.75812087e-02 3.18791367e-04 7.84337455e-04
2.79393943e-02 4.21361775e-05 8.00749534e-04
2.82975795e-02 1.16754865e-04 7.98494228e-04
2.86557642e-02 1.35121641e-03 8.30306111e-04
2.90139485e-02 2.01433784e-03 8.44859165e-04
2.93721323e-02 3.64296997e-04 8.00613204e-04
2.97303155e-02 1.61105028e-03 7.90764788e-04
3.00884983e-02 4.40178424e-04 8.01028976e-04
3.04466806e-02 3.59960369e-04 8.23546157e-04
3.08048624e-02 9.45338850e-04 8.47397979e-04
3.11630437e-02 1.18030229e-03 8.49434403e-04
3.15212245e-02 4.53715062e-04 7.69468916e-04
3.18794048e-02 2.04195386e-04 8.23010767e-04
3.22375845e-02 1.83190053e-03 8.29955864e-04
3.25957637e-02 6.48901755e-04 8.28817204e-04
3.29539424e-02 1.71394025e-03 7.83903832e-04
3.33121205e-02 2.21354696e-03 8.12790577e-04
3.36702981e-02 2.50050051e-04 7.71539596e-04
3.40284751e-02 2.16278700e-03 8.02749032e-04
3.43866516e-02 1.73295200e-03 8.06333580e-04
3.47448275e-02 1.74773024e-03 7.49816672e-04
3.51030028e-02 1.71666328e-03 7.14740943e-04
3.54611775e-02 2.01957089e-03 7.28451516e-04
3.58193517e-02 1.90817089e-03 6.93176444e-04
3.61775253e-02 1.90645382e-03 6.86834321e-04
3.65356983e-02 1.27649413e-03 7.08344529e-04
3.68938706e-02 1.19877010e-03 6.94862989e-04
3.72520424e-02 1.45309299e-03 6.96075128e-04
3.76102136e-02 1.77994032e-03 6.96129849e-04
3.79683841e-02 1.23910636e-03 7.06280138e-04
3.83265540e-02 1.33628353e-03 6.76806451e-04
3.86847233e-02 1.61909960e-03 6.90203552e-04
3.90428920e-02 1.83103394e-03 6.79706658e-04
3.94010600e-02 1.56900352e-03 6.58416383e-04
3.97592273e-02 7.67587496e-04 6.56806765e-04
4.01173941e-02 2.39706124e-03 6.71643667e-04
4.04755601e-02 2.27045812e-04 6.67526004e-04
4.08337255e-02 1.00820686e-03 6.83068769e-04
4.11918902e-02 1.14915795e-03 6.46758092e-04
4.15500542e-02 9.07929442e-05 6.40343884e-04
4.19082176e-02 1.91120183e-03 6.94390117e-04
4.22663802e-02 1.20687470e-03 6.44853068e-04
4.26245422e-02 1.49039737e-03 6.55500262e-04
4.29827034e-02 1.97782683e-03 6.66849419e-04
4.33408640e-02 1.82808768e-03 6.83066448e-04
4.36990238e-02 1.05575176e-03 6.81145747e-04
4.40571830e-02 1.63669856e-03 6.94602211e-04
4.44153414e-02 1.04588922e-03 6.62392308e-04
4.47734990e-02 1.31911374e-03 6.53917628e-04
4.51316560e-02 7.48752176e-04 6.54662172e-04
4.54898122e-02 1.59389023e-03 6.67047088e-04
4.58479676e-02 3.80065849e-04 6.47261055e-04
4.62061223e-02 6.29397049e-04 6.67535266e-04
4.65642762e-02 1.43098428e-03 6.44646817e-04
4.69224294e-02 1.36575886e-03 6.39620154e-04
4.72805818e-02 1.73551709e-03 6.30192242e-04
4.76387334e-02 8.86336020e-04 6.48627784e-04
4.79968842e-02 1.58110107e-03 6.54855448e-04
4.83550342e-02 2.03203851e-03 6.07023753e-04
4.87131835e-02 1.32807732e-03 6.32922371e-04
4.90713319e-02 2.96513693e-04 6.08368254e-04
4.94294795e-02 2.77480499e-03 6.32278343e-04
4.97876264e-02 1.92360811e-03 6.43905316e-04
5.01457724e-02 8.18087087e-04 6.22757396e-04
5.05039175e-02 9.51435552e-04 6.15367027e-04
5.08620619e-02 2.45550268e-03 6.10924224e-04
5.12202054e-02 1.17984868e-03 5.71363052e-04
5.15783481e-02 3.20787899e-04 5.77570155e-04
5.19364899e-02 1.69209271e-03 5.77180536e-04
5.22946308e-02 1.45575015e-03 5.70824996e-04
5.26527709e-02 1.06820482e-03 5.88456577e-04
5.30109102e-02 1.23685027e-03 5.77268198e-04
5.33690485e-02 1.36432633e-03 5.84666175e-04
5.37271860e-02 8.83651190e-04 5.89502873e-04
5.40853226e-02 8.78535754e-04 5.78222246e-04
5.44434583e-02 1.27768592e-03 5.72874739e-04
5.48015932e-02 9.83842866e-04 5.69853495e-04
5.51597271e-02 1.62063930e-03 5.65112337e-04
5.55178601e-02 1.33857579e-03 5.74620999e-04
5.58759922e-02 1.72979601e-03 5.73533388e-04
5.62341234e-02 1.62554155e-03 5.66182557e-04
5.65922536e-02 1.19985507e-03 5.41514928e-04
5.69503829e-02 2.15541175e-03 5.52847570e-04
5.73085113e-02 1.59228039e-03 5.65937451e-04
5.76666388e-02 5.05362255e-04 5.58356016e-04
5.80247653e-02 9.71092583e-04 5.68150003e-04
5.83828908e-02 5.63338768e-04 5.31690076e-04
5.87410154e-02 1.95237233e-03 5.27963349e-04
5.90991390e-02 2.01900105e-03 5.66503545e-04
5.94572616e-02 2.11522354e-03 5.43179959e-04
5.98153833e-02 1.68695024e-03 5.23259775e-04
6.01735040e-02 1.17772158e-03 5.59276850e-04
6.05316237e-02 1.99771031e-03 5.39434844e-04
6.08897424e-02 1.35904473e-03 5.17685071e-04
6.12478600e-02 1.37628569e-03 5.26204823e-04
6.16059767e-02 1.14415753e-04 5.23323603e-04
6.19640924e-02 5.83669772e-04 5.34806661e-04
6.23222071e-02 9.51810726e-04 5.36770381e-04
6.26803207e-02 -5.55687484e-05 5.12001576e-04
6.30384333e-02 6.87095372e-04 5.08562612e-04
6.33965448e-02 5.40577943e-04 5.05304322e-04
6.37546554e-02 9.72428929e-04 5.11509498e-04
6.41127648e-02 2.07208902e-03 5.29457360e-04
6.44708732e-02 7.23563960e-04 5.01662983e-04
6.48289806e-02 4.42359201e-04 4.92784912e-04
6.51870869e-02 1.16872181e-03 5.12917829e-04
6.55451921e-02 8.66136913e-04 5.16989586e-04
6.59032962e-02 6.88503197e-04 5.14342915e-04
6.62613993e-02 4.11444803e-04 4.81555767e-04
6.66195012e-02 1.26671671e-03 5.06292526e-04
6.69776021e-02 7.80525197e-04 4.94914164e-04
6.73357019e-02 8.56086499e-04 4.98941877e-04
6.76938005e-02 8.26820612e-04 4.83118228e-04
6.80518981e-02 9.66929502e-04 4.89038528e-04
6.84099945e-02 9.89249742e-04 4.84946629e-04
6.87680898e-02 7.49235139e-04 4.63879756e-04
6.91261840e-02 1.21586311e-03 4.95301275e-04
6.94842770e-02 1.15952747e-03 4.78872647e-04
6.98423689e-02 2.46493953e-04 4.80862037e-04
7.02004596e-02 6.61616278e-04 4.83580143e-04
7.05585492e-02 7.93581103e-04 4.80178695e-04
7.09166377e-02 9.34105999e-04 4.76313733e-04
7.12747249e-02 7.11837788e-04 4.94026187e-04
7.16328110e-02 1.15109104e-03 4.81366812e-04
7.19908959e-02 9.22677573e-04 4.69196226e-04
7.23489796e-02 7.63341453e-04 4.85549526e-04
7.27070622e-02 5.55185599e-04 4.73362623e-04
7.30651435e-02 -3.12557600e-05 4.62610216e-04
7.34232237e-02 1.01085491e-03 4.74045330e-04
7.37813026e-02 7.57664036e-04 4.61082535e-04
7.41393803e-02 8.80033357e-04 4.65790295e-04
7.44974568e-02 1.04269152e-03 4.63622311e-04
7.48555321e-02 1.03450134e-03 4.62417319e-04
7.52136061e-02 5.66017787e-04 4.43108067e-04
7.55716789e-02 9.79074911e-04 4.60537575e-04
7.59297505e-02 8.98053600e-04 4.42637215e-04
7.62878208e-02 4.32251352e-04 4.69718167e-04
7.66458899e-02 1.11397332e-03 4.63331423e-04
7.70039577e-02 1.22742191e-03 4.52764229e-04
7.73620242e-02 2.55941163e-04 4.45965340e-04
7.77200895e-02 7.12830343e-05 4.51617161e-04
7.80781535e-02 4.61654427e-04 4.64015569e-04
7.84362162e-02 4.34125915e-04 4.49073326e-04
7.87942776e-02 1.10778944e-03 4.51845902e-04
7.91523377e-02 3.86034732e-04 4.41294101e-04
7.95103965e-02 3.89733696e-04 4.50197017e-04
7.98684540e-02 1.79255410e-03 4.43466701e-04
8.02265102e-02 3.54625245e-04 4.55748286e-04
8.05845651e-02 1.81312514e-04 4.43354831e-04
8.09426186e-02 1.28662835e-03 4.59964532e-04
8.13006709e-02 6.04236800e-04 4.38360956e-04
8.16587217e-02 1.12879652e-03 4.53254156e-04
8.20167713e-02 9.73195939e-04 4.48819248e-04
8.23748195e-02 9.96334418e-04 4.53182086e-04
8.27328663e-02 8.11553505e-04 4.25599332e-04
8.30909118e-02 3.85809123e-04 4.34161678e-04
8.34489559e-02 -9.00473592e-05 4.33618401e-04
8.38069986e-02 3.44810761e-04 4.31350770e-04
8.41650400e-02 9.86818172e-04 4.29466010e-04
8.45230800e-02 4.56646283e-05 4.34188910e-04
8.48811185e-02 9.93007719e-04 4.33266548e-04
8.52391557e-02 2.21066632e-04 4.43251666e-04
8.55971915e-02 3.72174690e-04 4.40491076e-04
8.59552259e-02 6.60482931e-04 4.38634326e-04
8.63132589e-02 -4.71649351e-04 4.30930477e-04
8.66712904e-02 -1.77679608e-04 4.32390376e-04
8.70293205e-02 8.42111452e-04 4.43686980e-04
8.73873492e-02 5.67025456e-04 4.35089948e-04
8.77453765e-02 3.87636317e-04 4.24595034e-04
8.81034023e-02 1.08637186e-04 4.23222215e-04
8.84614267e-02 3.93671298e-05 4.32693465e-04
8.88194496e-02 1.01215763e-03 4.35355750e-04
8.91774710e-02 1.07946509e-04 4.35419803e-04
8.95354910e-02 -3.72157678e-04 4.26020478e-04
8.98935095e-02 5.92903824e-04 4.42033621e-04
9.02515266e-02 7.53711695e-04 4.35579071e-04
9.06095421e-02 6.78175817e-04 4.21157421e-04
9.09675562e-02 1.05562753e-04 4.27380917e-04
9.13255687e-02 1.97773223e-04 4.32865025e-04
9.16835798e-02 5.93171305e-04 4.50222620e-04
9.20415894e-02 1.03902677e-03 4.23729348e-04
9.23995974e-02 5.29499222e-04 4.16694068e-04
9.27576039e-02 -2.89377265e-04 4.14002032e-04
9.31156089e-02 2.56514144e-06 4.21885275e-04
9.34736124e-02 -2.56516626e-04 4.18446391e-04
9.38316143e-02 -3.12114722e-04 4.10749850e-04
9.41896147e-02 -5.09917908e-04 4.18940799e-04
9.45476136e-02 1.33456600e-04 4.21083363e-04
9.49056108e-02 9.82692381e-05 4.07038974e-04
9.52636066e-02 9.52058449e-04 3.98133498e-04
9.56216007e-02 2.48461749e-04 4.07612302e-04
9.59795933e-02 1.08087545e-03 4.12719182e-04
9.63375843e-02 4.36318513e-04 4.10816804e-04
9.66955738e-02 -3.30341757e-04 3.95110410e-04
9.70535616e-02 5.36979056e-04 4.07044797e-04
9.74115478e-02 -4.41938343e-04 3.90982456e-04
9.77695325e-02 -2.93319782e-06 4.00798003e-04
9.81275155e-02 4.55125406e-05 4.07822377e-04
9.84854969e-02 -1.44495646e-04 4.07410885e-04
9.88434768e-02 3.54285097e-04 4.12200937e-04
9.92014549e-02 3.81916023e-04 3.97020114e-04
9.95594315e-02 6.58893084e-04 4.07096304e-04
9.99174064e-02 7.77944581e-04 4.03957840e-04
1.00275380e-01 4.48963120e-04 3.94378185e-04
1.00633351e-01 3.95050816e-04 3.94381047e-04
1.00991321e-01 4.30296397e-04 3.99071343e-04
1.01349290e-01 -4.42206727e-05 3.87741699e-04
1.01707256e-01 -6.41105610e-05 3.91556678e-04
1.02065221e-01 -3.41189895e-04 3.86845779e-04
1.02423184e-01 1.33575995e-04 3.93058840e-04
1.02781146e-01 8.36899953e-05 3.92224672e-04
1.03139106e-01 -2.95569495e-04 3.94705508e-04
1.03497064e-01 5.35746326e-04 3.81248019e-04
1.03855021e-01 1.45379598e-04 3.89734250e-04
1.04212976e-01 3.89952538e-04 3.90546165e-04
1.04570929e-01 -4.98529679e-04 3.94202013e-04
1.04928880e-01 1.81021902e-04 3.88934835e-04
1.05286830e-01 2.06173454e-04 4.00810773e-04
1.05644778e-01 -3.39094312e-05 4.02534188e-04
1.06002724e-01 3.98488294e-04 3.83012873e-04
1.06360668e-01 -3.13345085e-04 3.98561455e-04
1.06718611e-01 4.57419263e-04 3.96069153e-04
1.07076552e-01 -1.25874330e-04 3.98135416e-04
1.07434491e-01 5.40303118e-04 3.93291264e-04
1.07792429e-01 2.03326651e-04 4.09812034e-04
1.08150364e-01 1.09889265e-03 3.97383597e-04
1.08508298e-01 9.18607430e-05 3.92641240e-04
1.08866230e-01 -1.17847626e-04 3.92871476e-04
1.09224160e-01 5.06346284e-04 3.99062581e-04
1.09582089e-01 -3.04610418e-04 3.91027432e-04
1.09940016e-01 5.72075415e-04 4.10864643e-04
1.10297941e-01 -2.16101516e-04 4.03838201e-04
1.10655864e-01 -6.17687094e-05 3.83809569e-04
1.11013785e-01 -8.65742869e-05 3.82094460e-04
1.11371704e-01 1.23912320e-04 3.86570651e-04
1.11729622e-01 4.03111512e-04 3.84307167e-04
1.12087538e-01 4.59177142e-04 3.84908254e-04
1.12445452e-01 4.31514550e-05 3.84209533e-04
1.12803364e-01 4.35500205e-04 3.76038311e-04
1.13161274e-01 3.13652120e-04 3.84345763e-04
1.13519182e-01 8.09973035e-04 3.81998412e-04
1.13877089e-01 1.26032379e-03 3.67091121e-04
1.14234994e-01 4.96909339e-04 3.75455564e-04
1.14592896e-01 3.70525870e-04 3.77041200e-04
1.14950797e-01 2.32483623e-04 3.66106935e-04
1.15308696e-01 5.14204730e-04 3.71347586e-04
1.15666593e-01 3.65777012e-04 3.72306703e-04
1.16024488e-01 3.71042898e-04 3.71947616e-04
1.16382382e-01 3.76500353e-04 3.64443840e-04
1.16740273e-01 2.43491982e-04 3.68351436e-04
1.17098163e-01 5.21273088e-04 3.68020896e-04
1.17456050e-01 3.63713227e-04 3.67156813e-04
1.17813936e-01 -1.68505573e-07 3.66937085e-04
1.18171819e-01 -1.10410620e-04 3.69593716e-04
1.18529701e-01 3.66409391e-04 3.68563627e-04
1.18887581e-01 3.31861414e-04 3.67650969e-04
1.19245459e-01 7.76011677e-04 3.76061741e-04
1.19603335e-01 5.57442306e-04 3.68721690e-04
1.19961208e-01 4.40226197e-05 3.66903500e-04
1.20319080e-01 5.66727319e-04 3.72578389e-04
1.20676950e-01 -7.47730617e-05 3.73780772e-04
1.21034818e-01 -4.92229489e-05 3.78946832e-04
1.21392684e-01 2.99400335e-04 3.70431186e-04
1.21750548e-01 4.47038779e-04 3.84870488e-04
1.22108410e-01 -4.40428414e-05 3.77649383e-04
1.22466270e-01 1.40037131e-04 3.75316219e-04
1.22824128e-01 -1.39858067e-04 3.69089793e-04
1.23181984e-01 5.44408025e-04 3.72112044e-04
1.23539838e-01 1.33702446e-04 3.78832887e-04
1.23897690e-01 3.20878941e-04 3.69077274e-04
1.24255540e-01 4.94113601e-04 3.61999182e-04
1.24613388e-01 3.83876519e-04 3.70146939e-04
1.24971233e-01 2.30807683e-05 3.67446090e-04
1.25329077e-01 7.75196637e-04 3.60384209e-04
1.25686919e-01 -9.46302131e-05 3.59560787e-04
1.26044758e-01 3.30565276e-04 3.58548738e-04
1.26402596e-01 -6.95722488e-05 3.59168607e-04
1.26760431e-01 -2.48510797e-04 3.61252201e-04
1.27118265e-01 3.38453930e-04 3.62935394e-04
1.27476096e-01 -1.15711706e-04 3.63855477e-04
1.27833925e-01 2.28921436e-04 3.47306167e-04
1.28191752e-01 1.84241460e-04 3.43080214e-04
1.28549577e-01 -4.14976698e-04 3.54347638e-04
1.28907400e-01 1.57502906e-05 3.40769311e-04
1.29265221e-01 -1.14918036e-04 3.48119279e-04
1.29623040e-01 5.52151487e-04 3.46343147e-04
1.29980856e-01 4.37457787e-04 3.52686538e-04
1.30338670e-01 -8.83051932e-05 3.43596193e-04
1.30696483e-01 5.73311759e-04 3.47127452e-04
1.31054293e-01 2.00612896e-06 3.34452404e-04
1.31412101e-01 -1.47958383e-04 3.48540875e-04
1.31769906e-01 1.58110087e-04 3.49382860e-04
1.32127710e-01 -4.71144477e-04 3.48547524e-04
1.32485511e-01 -2.84974451e-04 3.44795631e-04
1.32843311e-01 -1.37761914e-04 3.43522413e-04
1.33201108e-01 -1.14463698e-04 3.39138196e-04
1.33558903e-01 3.10205002e-04 3.32333668e-04
1.33916695e-01 7.63550834e-04 3.43758138e-04
1.34274486e-01 7.95442943e-04 3.46450862e-04
1.34632274e-01 1.45649129e-04 3.27527385e-04
1.34990060e-01 1.19697564e-04 3.33446148e-04
1.35347844e-01 -9.98739145e-05 3.31474057e-04
1.35705626e-01 1.84149950e-04 3.32215705e-04
1.36063405e-01 4.42872286e-04 3.35992711e-04
1.36421182e-01 9.69183808e-05 3.39520279e-04
1.36778957e-01 2.40532114e-05 3.31806652e-04
1.37136730e-01 -1.29069054e-04 3.34796731e-04
1.37494500e-01 3.07465304e-04 3.35070597e-04
1.37852269e-01 4.39057355e-04 3.33097007e-04
1.38210034e-01 9.25602782e-05 3.27910944e-04
1.38567798e-01 3.87568408e-05 3.31296963e-04
1.38925559e-01 -3.66626449e-04 3.28486340e-04
1.39283319e-01 3.96570167e-04 3.32249764e-04
1.39641075e-01 1.22706563e-04 3.32409757e-04
1.39998830e-01 -8.96261633e-05 3.37877110e-04
1.40356582e-01 -1.74727360e-04 3.35521959e-04
1.40714332e-01 -1.13251482e-04 3.25333846e-04
1.41072080e-01 -4.77021726e-04 3.17296633e-04
1.41429825e-01 5.39605604e-04 3.30879321e-04
1.41787568e-01 6.02052451e-06 3.33399431e-04
1.42145308e-01 3.58029750e-05 3.18103814e-04
1.42503047e-01 -8.87590150e-05 3.27920695e-04
1.42860783e-01 -3.98892295e-05 3.26702776e-04
1.43218516e-01 3.60987707e-04 3.27979331e-04
1.43576247e-01 -3.12376737e-04 3.15255195e-04
1.43933976e-01 3.56066818e-04 3.24846968e-04
1.44291703e-01 6.99259624e-04 3.27717935e-04
1.44649427e-01 3.55038417e-04 3.21250599e-04
1.45007149e-01 1.33647344e-04 3.21032465e-04
1.45364868e-01 1.02161776e-04 3.18174678e-04
1.45722585e-01 -4.18289408e-04 3.20123930e-04
1.46080300e-01 -6.38322548e-04 3.12973725e-04
1.46438012e-01 -5.08630773e-04 3.13696246e-04
1.46795722e-01 4.29606799e-04 3.30518987e-04
1.47153429e-01 -1.92736078e-04 3.15890822e-04
1.47511134e-01 -2.30617073e-04 3.09717159e-04
1.47868837e-01 2.12968561e-05 3.14913960e-04
1.48226537e-01 -4.73429149e-04 3.19770721e-04
1.48584235e-01 2.16107225e-04 3.10205295e-04
1.48941930e-01 6.22819892e-04 3.21568757e-04
1.49299623e-01 -2.32677777e-04 3.12220791e-04
1.49657313e-01 -6.11141143e-04 3.14158491e-04
1.50015001e-01 1.57775923e-05 3.21482539e-04
1.50372687e-01 1.65921264e-04 3.16201138e-04
1.50730370e-01 3.36630818e-04 3.13417080e-04
1.51088050e-01 -1.22260629e-04 3.12169946e-04
1.51445728e-01 3.12143282e-04 3.21495823e-04
1.51803404e-01 -1.57008095e-04 3.15835930e-04
1.52161077e-01 -5.60687540e-05 3.11843079e-04
1.52518747e-01 4.71781160e-04 3.10105288e-04
1.52876416e-01 9.55600385e-05 3.04743369e-04
1.53234081e-01 2.84546658e-04 3.08974080e-04
1.53591744e-01 -8.30986234e-05 3.05459163e-04
1.53949405e-01 -6.03076243e-05 3.10910229e-04
1.54307063e-01 2.72855862e-05 3.13559158e-04
1.54664718e-01 9.71907104e-05 3.01837424e-04
1.55022371e-01 3.96935030e-05 3.11559045e-04
1.55380021e-01 2.75132412e-04 3.08272866e-04
1.55737669e-01 -1.84871843e-04 3.06917275e-04
1.56095314e-01 9.75034270e-05 3.07937489e-04
1.56452957e-01 5.17172389e-04 3.03359556e-04
1.56810597e-01 5.40395816e-05 3.08083479e-04
1.57168235e-01 9.37873666e-05 3.00684233e-04
1.57525870e-01 4.21094243e-04 3.03274212e-04
1.57883502e-01 -1.14753779e-04 3.02490682e-04
1.58241132e-01 -2.39702300e-04 2.99860110e-04
1.58598759e-01 1.59623985e-04 2.98615344e-04
1.58956384e-01 2.39875742e-04 2.99204594e-04
1.59314006e-01 2.10052011e-04 2.99301763e-04
1.59671625e-01 -7.15774603e-04 3.02138433e-04
1.60029242e-01 -5.46157893e-04 2.99737574e-04
1.60386856e-01 -1.82996179e-04 3.01445097e-04
1.60744468e-01 7.87035305e-06 2.96777646e-04
1.61102076e-01 -5.92522968e-04 2.94436666e-04
1.61459683e-01 2.32600337e-05 2.93485035e-04
1.61817286e-01 2.27056657e-04 2.98360970e-04
1.62174887e-01 -1.15816014e-04 2.99933123e-04
1.62532485e-01 -1.91579954e-04 2.94744342e-04
1.62890081e-01 -4.44264649e-05 2.93075821e-04
1.63247674e-01 6.36203263e-05 2.89956301e-04
1.63605264e-01 -4.70993725e-05 3.00022498e-04
1.63962852e-01 -8.36298791e-05 2.99770945e-04
1.64320437e-01 5.81149708e-05 2.97644078e-04
1.64678019e-01 -3.68121596e-04 2.92913998e-04
1.65035598e-01 1.92170535e-04 2.97522718e-04
1.65393175e-01 -7.97144940e-06 2.94996111e-04
1.65750749e-01 4.82222510e-04 2.89817911e-04
1.66108320e-01 9.38803705e-07 2.92701119e-04
1.66465889e-01 -5.69043992e-04 2.93427996e-04
1.66823455e-01 -4.45604471e-04 2.94676475e-04
1.67181018e-01 -2.08824304e-05 2.92303750e-04
1.67538578e-01 -1.08161717e-04 2.91879993e-04
1.67896136e-01 -3.72529689e-04 2.92877304e-04
1.68253691e-01 -6.25656398e-05 2.87216611e-04
1.68611243e-01 -1.14668137e-04 2.87093928e-04
1.68968792e-01 2.53742527e-04 2.90285432e-04
1.69326339e-01 -2.84176089e-04 2.85039929e-04
1.69683883e-01 7.96782105e-05 2.81114347e-04
1.70041424e-01 -5.73304073e-05 2.78046644e-04
1.70398962e-01 2.30060928e-04 2.86810478e-04
1.70756497e-01 7.03224036e-05 2.85144083e-04
1.71114030e-01 -4.14606738e-05 2.91236729e-04
1.71471560e-01 -3.67793265e-04 2.86550685e-04
1.71829087e-01 -2.88008579e-04 2.90595487e-04
1.72186611e-01 -3.98915941e-04 2.91806885e-04
1.72544132e-01 1.99262636e-04 2.86574289e-04
1.72901651e-01 -1.32923168e-04 2.83427038e-04
1.73259167e-01 4.36830098e-04 2.84701653e-04
1.73616679e-01 3.85502611e-04 2.89299229e-04
1.73974189e-01 -4.15443902e-05 2.82154822e-04
1.74331697e-01 1.66003762e-04 2.79483717e-04
1.74689201e-01 -8.17538869e-05 2.80859831e-04
1.75046702e-01 -1.83835661e-04 2.78260931e-04
1.75404201e-01 4.57863848e-04 2.83924704e-04
1.75761697e-01 -1.30283979e-04 2.78359851e-04
1.76119189e-01 -1.00435428e-05 2.86933633e-04
1.76476679e-01 3.08047411e-04 2.87985330e-04
1.76834166e-01 -2.03068376e-04 2.84804481e-04
1.77191650e-01 2.30634676e-04 2.83430054e-04
1.77549132e-01 -2.42558036e-04 2.77660100e-04
1.77906610e-01 -3.03403126e-04 2.84247664e-04
1.78264085e-01 3.87245475e-04 2.75226759e-04
1.78621558e-01 4.70424864e-04 2.81450535e-04
1.78979027e-01 -4.06472861e-04 2.76771238e-04
1.79336494e-01 -1.30652224e-04 2.77069700e-04
1.79693958e-01 3.57484858e-04 2.73242254e-04
1.80051418e-01 -4.51245048e-05 2.70452751e-04
1.80408876e-01 -4.00786168e-04 2.77687135e-04
1.80766331e-01 4.99447135e-04 2.81094522e-04
1.81123783e-01 1.11683895e-04 2.77083956e-04
1.81481232e-01 6.10475203e-04 2.80914163e-04
1.81838677e-01 -3.02520332e-04 2.80351142e-04
1.82196120e-01 -2.80900576e-04 2.79931225e-04
1.82553560e-01 -1.86354517e-04 2.87432292e-04
1.82910997e-01 -1.97204333e-04 2.83103392e-04
1.83268431e-01 2.51677906e-04 2.87464306e-04
1.83625862e-01 -1.36431821e-04 2.84106523e-04
1.83983290e-01 -9.02139598e-05 2.83693945e-04
1.84340715e-01 4.72701856e-05 2.82538499e-04
1.84698137e-01 1.13577283e-04 2.83749480e-04
1.85055556e-01 -5.16295725e-04 2.86001699e-04
1.85412971e-01 -9.43580040e-05 2.77247032e-04
1.85770384e-01 1.21900592e-04 2.86623117e-04
1.86127794e-01 -4.15083958e-05 2.82124528e-04
1.86485200e-01 -4.63021425e-04 2.80946073e-04
1.86842604e-01 1.25031919e-05 2.69911421e-04
1.87200005e-01 -9.79715175e-05 2.74859108e-04
1.87557402e-01 1.16959604e-04 2.72475277e-04
1.87914797e-01 2.45068712e-05 2.78078805e-04
1.88272188e-01 1.25603436e-05 2.77632845e-04
1.88629576e-01 -2.17933696e-04 2.75815010e-04
1.88986961e-01 1.80633259e-04 2.78905718e-04
1.89344343e-01 -3.08295126e-04 2.74404314e-04
1.89701722e-01 2.66782023e-04 2.71827051e-04
1.90059098e-01 3.69636456e-04 2.75669828e-04
1.90416471e-01 -9.85478946e-05 2.71758373e-04
1.90773840e-01 1.20979128e-04 2.70279163e-04
1.91131207e-01 2.10649831e-04 2.68688329e-04
1.91488570e-01 3.78455592e-04 2.64817045e-04
1.91845930e-01 -2.16864532e-04 2.73227392e-04
1.92203287e-01 4.00961713e-04 2.68551151e-04
1.92560641e-01 -6.93494590e-06 2.71999941e-04
1.92917992e-01 7.87474979e-06 2.71424602e-04
1.93275340e-01 -2.73137585e-04 2.74070823e-04
1.93632684e-01 -1.01841442e-04 2.69754887e-04
1.93990025e-01 -4.59123054e-04 2.71369227e-04
1.94347363e-01 3.51022896e-04 2.73965540e-04
1.94704698e-01 3.53678524e-05 2.73982225e-04
1.95062030e-01 1.21108335e-04 2.70392984e-04
1.95419358e-01 -1.85564912e-04 2.69204398e-04
1.95776684e-01 -1.91729887e-05 2.73959958e-04
1.96134006e-01 -2.12744244e-04 2.70031891e-04
1.96491324e-01 -1.50454203e-04 2.73584612e-04
1.96848640e-01 -1.27486318e-04 2.68930366e-04
1.97205953e-01 5.17110630e-05 2.76128007e-04
1.97563262e-01 1.69715396e-04 2.70211023e-04
1.97920568e-01 3.14914163e-06 2.71174462e-04
1.98277870e-01 1.28396972e-04 2.76143854e-04
1.98635170e-01 2.97504117e-05 2.79958780e-04
1.98992466e-01 -3.19832303e-04 2.73084184e-04
1.99349759e-01 -8.81603347e-05 2.68259602e-04
1.99707049e-01 1.22240214e-04 2.71939442e-04
2.00064335e-01 -2.72617899e-05 2.68223107e-04
2.00421618e-01 8.62152268e-05 2.65300986e-04
2.00778898e-01 3.44427871e-05 2.69347326e-04
2.01136174e-01 -1.76276170e-04 2.63546320e-04
2.01493448e-01 1.96194787e-04 2.57920409e-04
2.01850718e-01 2.57678272e-04 2.62194416e-04
2.02207984e-01 -4.05003155e-04 2.60975958e-04
2.02565248e-01 3.57556547e-05 2.60010524e-04
2.02922508e-01 -5.05950744e-04 2.62589911e-04
2.03279764e-01 1.62294682e-04 2.62515025e-04
2.03637018e-01 -3.09019706e-05 2.62169875e-04
2.03994268e-01 3.42972890e-04 2.61312095e-04
2.04351514e-01 -3.01613638e-04 2.55570931e-04
2.04708758e-01 7.96773790e-06 2.62774118e-04
2.05065998e-01 1.08371218e-04 2.55746711e-04
2.05423234e-01 2.30857208e-05 2.60679059e-04
2.05780467e-01 1.74380145e-05 2.55592736e-04
2.06137697e-01 -4.63290120e-05 2.57972265e-04
2.06494924e-01 -8.45428158e-05 2.54471312e-04
2.06852147e-01 3.26971301e-04 2.59636783e-04
2.07209367e-01 1.32243789e-04 2.63259706e-04
2.07566583e-01 -5.87208025e-05 2.57380012e-04
2.07923796e-01 -2.34449282e-04 2.54247689e-04
2.08281005e-01 -1.04911234e-04 2.57397469e-04
2.08638211e-01 3.29717078e-04 2.53457275e-04
2.08995414e-01 1.87121237e-04 2.55521410e-04
2.09352613e-01 1.86943021e-04 2.55498926e-04
2.09709809e-01 -2.43059687e-05 2.54219270e-04
2.10067002e-01 -9.64929590e-05 2.53302211e-04
2.10424191e-01 2.69422031e-04 2.56491844e-04
2.10781376e-01 1.33003360e-04 2.51511843e-04
2.11138558e-01 1.73591932e-04 2.48445850e-04
2.11495737e-01 5.49210713e-04 2.53839622e-04
2.11852912e-01 -2.12528970e-04 2.49309323e-04
2.12210084e-01 1.84295273e-04 2.54060268e-04
2.12567252e-01 9.35813999e-05 2.45989850e-04
2.12924416e-01 4.77013742e-04 2.49979557e-04
2.13281578e-01 3.33536208e-04 2.51796042e-04
2.13638735e-01 6.02520986e-06 2.48934412e-04
2.13995890e-01 -8.29729016e-04 2.45224381e-04
2.14353040e-01 -3.49583892e-04 2.48582689e-04
2.14710188e-01 2.49986668e-04 2.46584138e-04
2.15067331e-01 -1.36186042e-04 2.43786704e-04
2.15424471e-01 -1.81208744e-04 2.47111794e-04
2.15781608e-01 3.19777815e-04 2.48239038e-04
2.16138741e-01 -3.83352828e-05 2.43677153e-04
2.16495871e-01 -3.23131165e-05 2.46619441e-04
2.16852997e-01 -9.90632229e-05 2.45552609e-04
2.17210119e-01 3.98251060e-05 2.48094120e-04
2.17567238e-01 -8.67433834e-05 2.47571405e-04
2.17924354e-01 2.10886237e-04 2.44429328e-04
2.18281465e-01 1.71889670e-04 2.40124467e-04
2.18638574e-01 3.45558993e-04 2.42532402e-04
2.18995678e-01 5.80513338e-05 2.43257851e-04
2.19352779e-01 2.42771700e-04 2.43940007e-04
2.19709877e-01 5.86783500e-05 2.46438929e-04
2.20066971e-01 -3.25356051e-04 2.40639261e-04
2.20424061e-01 5.08808251e-04 2.43275290e-04
2.20781147e-01 2.08248686e-04 2.42114246e-04
2.21138230e-01 3.02228170e-05 2.39440428e-04
2.21495310e-01 2.65699435e-04 2.38986247e-04
2.21852386e-01 3.06032574e-04 2.34009126e-04
2.22209458e-01 -1.64380800e-04 2.40075651e-04
2.22566526e-01 -6.82410230e-05 2.38602650e-04
2.22923591e-01 -2.48941616e-04 2.41790448e-04
2.23280652e-01 -1.13383996e-05 2.34999691e-04
2.23637710e-01 -4.42185800e-04 2.43286307e-04
2.23994764e-01 4.74728277e-04 2.38477883e-04
2.24351814e-01 -6.98677961e-06 2.37827224e-04
2.24708861e-01 -4.37097632e-04 2.38786373e-04
2.25065904e-01 1.62706955e-04 2.37471056e-04
2.25422943e-01 5.30541515e-04 2.36411628e-04
2.25779978e-01 -4.46550320e-05 2.37225394e-04
2.26137010e-01 4.87926235e-04 2.39338558e-04
2.26494038e-01 2.52045453e-04 2.39363278e-04
2.26851063e-01 -2.03371441e-04 2.40198113e-04
2.27208083e-01 -3.51815307e-04 2.34277131e-04
2.27565100e-01 -3.15744314e-05 2.35223947e-04
2.27922114e-01 1.66546709e-04 2.36898297e-04
2.28279123e-01 3.00262174e-04 2.32699867e-04
2.28636129e-01 4.99979867e-04 2.37883472e-04
2.28993131e-01 1.99404381e-04 2.34710786e-04
2.29350129e-01 1.28884248e-04 2.33722743e-04
2.29707124e-01 4.56649258e-05 2.33295237e-04
2.30064115e-01 3.19482711e-04 2.35462008e-04
2.30421102e-01 1.61009259e-04 2.34490655e-04
2.30778085e-01 -4.15171103e-05 2.34291147e-04
2.31135064e-01 2.94791587e-05 2.38356681e-04
2.31492040e-01 2.26517590e-04 2.32501217e-04
2.31849012e-01 8.27441060e-06 2.31122980e-04
2.32205980e-01 1.01650698e-04 2.28782955e-04
2.32562944e-01 4.24871028e-04 2.38500916e-04
2.32919905e-01 6.54596666e-05 2.34998240e-04
2.33276862e-01 4.62785926e-05 2.31296486e-04
2.33633814e-01 5.44051130e-04 2.31305335e-04
2.33990763e-01 -3.04353101e-04 2.29057279e-04
2.34347709e-01 -4.41143033e-04 2.25576999e-04
2.34704650e-01 -3.34775411e-04 2.24875985e-04
2.35061588e-01 1.27144402e-04 2.25696597e-04
2.35418521e-01 -3.57502881e-04 2.29274507e-04
2.35775451e-01 1.16641810e-04 2.27777966e-04
2.36132377e-01 -1.67660204e-04 2.27149430e-04
2.36489299e-01 2.65288239e-04 2.29962476e-04
2.36846218e-01 -6.82345845e-06 2.26406257e-04
2.37203132e-01 -6.78115850e-04 2.26363523e-04
2.37560042e-01 -5.12212829e-05 2.27490589e-04
2.37916949e-01 -2.98871628e-04 2.25579922e-04
2.38273852e-01 1.47509117e-04 2.28046379e-04
2.38630751e-01 -1.31666174e-04 2.28462367e-04
2.38987645e-01 -1.16475653e-04 2.24497445e-04
2.39344537e-01 1.02209220e-04 2.23685191e-04
2.39701424e-01 7.07531094e-05 2.25091440e-04
2.40058307e-01 1.14036042e-04 2.25739484e-04
2.40415186e-01 2.28886169e-04 2.24779841e-04
2.40772061e-01 -8.59631541e-05 2.23013315e-04
2.41128933e-01 -1.58220899e-04 2.23728132e-04
2.41485800e-01 -1.52257215e-04 2.21043483e-04
2.41842664e-01 -3.77540871e-04 2.20635687e-04
2.42199523e-01 -2.80815784e-04 2.23087965e-04
2.42556379e-01 1.17014698e-05 2.25240468e-04
2.42913230e-01 4.18554607e-06 2.21660363e-04
2.43270078e-01 3.08932332e-05 2.18990622e-04
2.43626922e-01 2.46122985e-06 2.22366189e-04
2.43983761e-01 4.28462220e-05 2.22565108e-04
2.44340597e-01 3.32073205e-04 2.19909870e-04
2.44697429e-01 1.26722305e-04 2.22499128e-04
2.45054256e-01 3.39798782e-04 2.18561604e-04
2.45411080e-01 -4.20832956e-05 2.20437210e-04
2.45767900e-01 -2.36327264e-04 2.16520643e-04
2.46124715e-01 -1.97868702e-04 2.18276324e-04
2.46481527e-01 -2.49816392e-04 2.20260699e-04
2.46838334e-01 -1.40572207e-04 2.15463105e-04
2.47195138e-01 9.04759369e-05 2.16776986e-04
2.47551938e-01 9.74614506e-05 2.16701110e-04
2.47908733e-01 -1.14020263e-04 2.17696624e-04
2.48265524e-01 4.51310805e-05 2.19787622e-04
2.48622312e-01 2.11135776e-04 2.17117194e-04
2.48979095e-01 -1.70611804e-04 2.16682933e-04
2.49335874e-01 -1.97359579e-04 2.15193153e-04
2.49692649e-01 2.45705758e-04 2.16479177e-04
2.50049420e-01 8.72201655e-05 2.16818415e-04
2.50406187e-01 -2.06582576e-04 2.15011943e-04
2.50762950e-01 -1.44194938e-05 2.15638216e-04
2.51119709e-01 -2.04602610e-04 2.14981146e-04
2.51476464e-01 1.07795168e-04 2.15341169e-04
2.51833214e-01 -2.61443280e-04 2.11572754e-04
2.52189961e-01 2.06720452e-04 2.16510891e-04
2.52546703e-01 1.20858379e-05 2.11961173e-04
2.52903441e-01 -2.26438291e-05 2.12008513e-04
2.53260175e-01 2.04588622e-04 2.11551821e-04
2.53616905e-01 -2.07568741e-04 2.13866358e-04
2.53973631e-01 -1.65410326e-04 2.10284865e-04
2.54330352e-01 2.47838929e-05 2.11516567e-04
2.54687070e-01 -2.12069361e-04 2.09961115e-04
2.55043783e-01 -1.94221746e-04 2.12821593e-04
2.55400492e-01 1.00980425e-04 2.16634707e-04
2.55757197e-01 -4.10753789e-05 2.09058392e-04
2.56113898e-01 7.23972561e-05 2.15401305e-04
2.56470595e-01 2.48115968e-04 2.17161015e-04
2.56827287e-01 4.84781749e-05 2.17446438e-04
2.57183975e-01 -3.59496055e-04 2.09118103e-04
2.57540659e-01 3.64750980e-04 2.10804804e-04
2.57897339e-01 1.65330899e-04 2.17770668e-04
2.58254014e-01 1.64933405e-05 2.18271755e-04
2.58610686e-01 -5.38489110e-06 2.13222491e-04
2.58967353e-01 2.87772177e-04 2.16136664e-04
2.59324016e-01 -2.26253986e-04 2.15444236e-04
2.59680674e-01 -5.07684558e-05 2.15854219e-04
2.60037329e-01 -1.56530602e-05 2.15387049e-04
2.60393979e-01 -9.30857718e-05 2.17526399e-04
2.60750625e-01 -1.94082094e-04 2.16172375e-04
2.61107266e-01 -1.19943819e-04 2.16022346e-04
2.61463904e-01 -2.03290567e-04 2.18589240e-04
2.61820537e-01 -4.24813294e-05 2.13456987e-04
2.62177166e-01 1.92106061e-04 2.14968703e-04
2.62533790e-01 6.12238456e-05 2.18483640e-04
2.62890410e-01 -5.39052951e-04 2.18927646e-04
2.63247026e-01 -1.03458680e-06 2.15402845e-04
2.63603638e-01 -6.50452538e-05 2.10929510e-04
2.63960245e-01 -6.85855281e-05 2.09836958e-04
2.64316848e-01 3.24662995e-04 2.14699111e-04
2.64673447e-01 -3.95046708e-04 2.16616056e-04
2.65030042e-01 3.28635538e-04 2.15585373e-04
2.65386632e-01 1.89192278e-04 2.14386743e-04
2.65743217e-01 2.80257460e-04 2.16598973e-04
2.66099799e-01 -3.42367513e-04 2.09950517e-04
2.66456376e-01 -2.52240983e-04 2.14681191e-04
2.66812948e-01 4.88951355e-05 2.16149070e-04
2.67169517e-01 2.48718326e-04 2.18181491e-04
2.67526081e-01 -3.96203443e-05 2.16497977e-04
2.67882640e-01 -5.27012450e-04 2.14328333e-04
2.68239195e-01 -5.67626703e-04 2.14858196e-04
2.68595746e-01 2.24977163e-04 2.17389629e-04
2.68952293e-01 2.11042767e-04 2.14400600e-04
2.69308835e-01 -2.44034216e-04 2.16151466e-04
2.69665372e-01 -1.87504179e-04 2.21322668e-04
2.70021906e-01 -2.16575632e-04 2.21574754e-04
2.70378435e-01 4.29260120e-05 2.17534811e-04
2.70734959e-01 -1.17012653e-04 2.21342019e-04
2.71091479e-01 -1.74183379e-04 2.27784421e-04
2.71447995e-01 1.14806230e-04 2.28532629e-04
2.71804506e-01 -7.57647312e-05 2.25649111e-04
2.72161012e-01 3.72301864e-04 2.22663178e-04
2.72517515e-01 3.42034451e-04 2.22455838e-04
2.72874012e-01 5.94222464e-05 2.23373779e-04
