1.54026655e-02 2.44123977e-03 1.68621303e-03
1.57608633e-02 2.44099249e-03 1.59321102e-03
1.61190608e-02 -4.87170034e-04 1.49001581e-03
1.64772580e-02 1.88634138e-04 1.50198458e-03
1.68354550e-02 -1.51254235e-03 1.40736300e-03
1.71936517e-02 1.38135189e-03 1.40180578e-03
1.75518481e-02 7.28744360e-04 1.30204650e-03
1.79100442e-02 -1.04425300e-03 1.24340285e-03
1.82682400e-02 1.83628722e-03 1.27891978e-03
1.86264355e-02 1.85813563e-06 1.23532921e-03
1.89846308e-02 -7.29180790e-04 1.12883232e-03
1.93428257e-02 4.73157035e-04 1.16384959e-03
1.97010202e-02 9.55820084e-04 1.17838561e-03
2.00592145e-02 1.14549787e-03 1.06560600e-03
2.04174084e-02 1.09641758e-03 1.12587675e-03
2.07756020e-02 1.67325770e-03 1.07802360e-03
2.11337953e-02 9.20994413e-04 1.03314005e-03
2.14919882e-02 1.75591059e-03 1.00490185e-03
2.18501808e-02 -1.36647286e-05 9.88629405e-04
2.22083729e-02 7.97440558e-04 9.80148327e-04
2.25665648e-02 1.19560386e-03 9.70398032e-04
2.29247562e-02 8.03443565e-04 1.01333707e-03
2.32829473e-02 1.66779659e-03 9.22504332e-04
2.36411380e-02 2.03453342e-03 9.57138195e-04
2.39993283e-02 1.23556129e-03 8.86231305e-04
2.43575182e-02 1.36217988e-03 9.53562759e-04
2.47157077e-02 2.46355233e-04 8.74591656e-04
2.50738968e-02 8.95824759e-04 8.52288131e-04
2.54320855e-02 8.66690132e-04 8.32519992e-04
2.57902738e-02 6.87526648e-04 7.83104732e-04
2.61484617e-02 1.72425607e-03 8.98767990e-04
2.65066491e-02 1.22182487e-03 8.77288213e-04
2.68648361e-02 1.74310116e-03 8.63468543e-04
2.72230226e-02 -9.53806496e-04 7.74447641e-04
2.75812087e-02 1.11771902e-03 7.76961346e-04
2.79393943e-02 1.50949592e-03 8.41263292e-04
2.82975795e-02 1.83749953e-03 8.21733171e-04
2.86557642e-02 1.05613292e-03 8.08978365e-04
2.90139485e-02 1.68042486e-04 8.16786547e-04
2.93721323e-02 7.50100291e-04 8.74535690e-04
2.97303155e-02 5.84561135e-04 8.25318416e-04
3.00884983e-02 4.85968268e-04 8.26419944e-04
3.04466806e-02 1.03676886e-03 8.42519780e-04
3.08048624e-02 1.27607852e-03 8.27401260e-04
3.11630437e-02 7.98949787e-04 7.93945133e-04
3.15212245e-02 4.80527043e-04 8.16416110e-04
3.18794048e-02 1.57213255e-03 8.13949593e-04
3.22375845e-02 1.57810054e-03 8.77326978e-04
3.25957637e-02 -6.39740933e-04 7.59901621e-04
3.29539424e-02 1.59637256e-03 8.21733799e-04
3.33121205e-02 -5.16452499e-05 7.59476611e-04
3.36702981e-02 -7.82595043e-04 8.20189587e-04
3.40284751e-02 1.56601557e-03 7.73901500e-04
3.43866516e-02 1.69760055e-03 7.86826690e-04
3.47448275e-02 1.27475441e-03 7.25496774e-04
3.51030028e-02 2.02948632e-03 7.10358803e-04
3.54611775e-02 1.77090404e-03 7.70334843e-04
3.58193517e-02 2.91037485e-05 7.22492767e-04
3.61775253e-02 1.11161691e-03 7.40718101e-04
3.65356983e-02 1.35743120e-03 7.46015051e-04
3.68938706e-02 8.27037281e-04 7.17716133e-04
3.72520424e-02 1.48793704e-03 7.43947642e-04
3.76102136e-02 1.10166505e-03 6.64306639e-04
3.79683841e-02 8.47399229e-05 6.80412304e-04
3.83265540e-02 -1.07588731e-04 6.87152767e-04
3.86847233e-02 3.72922548e-04 7.21646906e-04
3.90428920e-02 9.05215780e-04 6.78777052e-04
3.94010600e-02 2.16241619e-05 6.77313093e-04
3.97592273e-02 8.39999390e-04 6.74852013e-04
4.01173941e-02 -3.16966082e-04 6.54221051e-04
4.04755601e-02 -1.24489839e-04 6.50971436e-04
4.08337255e-02 9.13885972e-04 6.64394692e-04
4.11918902e-02 1.39167505e-03 6.37901704e-04
4.15500542e-02 1.27303661e-03 6.44560209e-04
4.19082176e-02 1.14020461e-03 6.64293811e-04
4.22663802e-02 1.14560033e-03 6.89197821e-04
4.26245422e-02 2.70458411e-03 6.63197798e-04
4.29827034e-02 6.91880631e-04 6.36788019e-04
4.33408640e-02 1.88671909e-03 6.50474636e-04
4.36990238e-02 2.13447150e-03 6.21769480e-04
4.40571830e-02 6.10766994e-04 6.37564126e-04
4.44153414e-02 9.57919372e-04 6.65414788e-04
4.47734990e-02 1.13367069e-03 6.45801393e-04
4.51316560e-02 1.39553182e-03 6.46195368e-04
4.54898122e-02 8.57876369e-04 6.49859578e-04
4.58479676e-02 1.04320668e-03 6.61554016e-04
4.62061223e-02 5.48130835e-04 6.62707974e-04
4.65642762e-02 1.20473132e-03 6.26246975e-04
4.69224294e-02 1.92645558e-03 6.62923553e-04
4.72805818e-02 1.81154715e-03 6.55872864e-04
4.76387334e-02 1.33593910e-03 6.26654734e-04
4.79968842e-02 6.51478631e-04 6.80006799e-04
4.83550342e-02 2.80821033e-04 6.52219725e-04
4.87131835e-02 1.20353223e-03 6.36779885e-04
4.90713319e-02 8.44941262e-04 6.03687387e-04
4.94294795e-02 1.01445523e-03 5.82851978e-04
4.97876264e-02 1.10458793e-03 6.18731409e-04
5.01457724e-02 9.64064452e-04 6.23763899e-04
5.05039175e-02 7.87230773e-04 5.83797312e-04
5.08620619e-02 1.08140520e-03 5.93771120e-04
5.12202054e-02 8.66168328e-04 5.99715741e-04
5.15783481e-02 1.61633173e-03 6.00914917e-04
5.19364899e-02 3.86935002e-04 5.95571204e-04
5.22946308e-02 6.39652102e-04 5.80281143e-04
5.26527709e-02 1.83762821e-03 5.96033357e-04
5.30109102e-02 7.40931614e-04 5.67945037e-04
5.33690485e-02 6.65302674e-04 5.60173556e-04
5.37271860e-02 6.87898319e-05 5.38365131e-04
5.40853226e-02 1.87012857e-03 5.76010405e-04
5.44434583e-02 -7.88447573e-06 5.48914788e-04
5.48015932e-02 8.39986272e-04 5.49622048e-04
5.51597271e-02 -3.35275162e-04 5.44087582e-04
5.55178601e-02 8.24485451e-04 5.58914050e-04
5.58759922e-02 4.42773888e-04 5.59167001e-04
5.62341234e-02 9.30774925e-04 5.42254926e-04
5.65922536e-02 5.90976524e-04 5.47591142e-04
5.69503829e-02 1.24445862e-03 5.55452317e-04
5.73085113e-02 7.16773222e-04 5.52294568e-04
5.76666388e-02 1.42178356e-03 5.52421640e-04
5.80247653e-02 1.16799806e-03 5.46184429e-04
5.83828908e-02 2.20692264e-04 5.66703941e-04
5.87410154e-02 2.24658438e-04 5.46901131e-04
5.90991390e-02 5.47985686e-04 5.36227520e-04
5.94572616e-02 6.76920854e-04 5.26268990e-04
5.98153833e-02 2.81187819e-04 5.45247994e-04
6.01735040e-02 3.00561970e-04 5.24149968e-04
6.05316237e-02 2.11117760e-04 5.29890740e-04
6.08897424e-02 7.57992669e-04 5.26820039e-04
6.12478600e-02 1.62002352e-03 5.32114709e-04
6.16059767e-02 -2.51625313e-04 5.11779935e-04
6.19640924e-02 1.44342387e-03 5.28731508e-04
6.23222071e-02 4.42563119e-04 5.19974273e-04
6.26803207e-02 -4.68180692e-05 5.30078859e-04
6.30384333e-02 2.26975436e-05 5.29124728e-04
6.33965448e-02 6.24715450e-04 5.11218273e-04
6.37546554e-02 2.67676775e-04 5.15032682e-04
6.41127648e-02 1.72829430e-03 5.00172516e-04
6.44708732e-02 2.99098760e-04 4.95459951e-04
6.48289806e-02 4.17603517e-04 5.00707412e-04
6.51870869e-02 5.40687485e-05 5.11470320e-04
6.55451921e-02 2.09011618e-04 4.99710834e-04
6.59032962e-02 1.28243899e-03 5.07436460e-04
6.62613993e-02 3.34796885e-05 5.00247381e-04
6.66195012e-02 1.79079655e-04 4.86371476e-04
6.69776021e-02 1.13546650e-04 4.72253900e-04
6.73357019e-02 9.29771472e-04 5.05010934e-04
6.76938005e-02 5.84455936e-04 4.79942059e-04
6.80518981e-02 -1.47208741e-04 4.76149499e-04
6.84099945e-02 -1.26725556e-05 4.90256865e-04
6.87680898e-02 5.62516229e-04 4.77552318e-04
6.91261840e-02 9.88080260e-04 4.81391490e-04
6.94842770e-02 3.06304838e-04 4.69459748e-04
6.98423689e-02 -4.42365651e-04 4.78397859e-04
7.02004596e-02 1.74848462e-04 4.77768127e-04
7.05585492e-02 3.50103234e-04 4.90182236e-04
7.09166377e-02 3.49790828e-04 4.84361718e-04
7.12747249e-02 2.17150298e-04 4.86220775e-04
7.16328110e-02 3.19824562e-04 4.77387507e-04
7.19908959e-02 1.78620057e-04 4.89657117e-04
7.23489796e-02 6.89971418e-04 4.78074642e-04
7.27070622e-02 -2.96821740e-04 4.73271298e-04
7.30651435e-02 1.05001494e-04 4.75496653e-04
7.34232237e-02 7.62138008e-04 4.59922016e-04
7.37813026e-02 4.55854001e-04 4.71859343e-04
7.41393803e-02 5.51788052e-05 4.64060059e-04
7.44974568e-02 4.91488713e-04 4.81209924e-04
7.48555321e-02 3.19563599e-05 4.52007353e-04
7.52136061e-02 -2.83062078e-04 4.59372217e-04
7.55716789e-02 1.50829640e-04 4.48167710e-04
7.59297505e-02 9.18666666e-06 4.59655973e-04
7.62878208e-02 6.84723541e-04 4.62374643e-04
7.66458899e-02 3.37629902e-04 4.66143541e-04
7.70039577e-02 7.81175052e-05 4.44738451e-04
7.73620242e-02 8.16495400e-04 4.55932279e-04
7.77200895e-02 -1.25496369e-04 4.54802598e-04
7.80781535e-02 9.04433470e-05 4.50548318e-04
7.84362162e-02 3.07172470e-04 4.53193927e-04
7.87942776e-02 6.15101262e-04 4.59437415e-04
7.91523377e-02 3.29359468e-04 4.41787850e-04
7.95103965e-02 -2.19229600e-04 4.53311492e-04
7.98684540e-02 -6.07571117e-04 4.38696765e-04
8.02265102e-02 -2.74407813e-05 4.58788871e-04
8.05845651e-02 -1.00922836e-04 4.50795886e-04
8.09426186e-02 4.72016102e-04 4.40825805e-04
8.13006709e-02 1.79702781e-04 4.26915911e-04
8.16587217e-02 5.04388061e-04 4.43107581e-04
8.20167713e-02 -2.98343993e-04 4.36426917e-04
8.23748195e-02 1.20323243e-04 4.36915895e-04
8.27328663e-02 -1.12030114e-05 4.39884102e-04
8.30909118e-02 4.75075606e-04 4.31347069e-04
8.34489559e-02 4.57690507e-04 4.34763960e-04
8.38069986e-02 1.88863673e-06 4.34930209e-04
8.41650400e-02 1.10480446e-03 4.29968851e-04
8.45230800e-02 1.19597056e-06 4.29268525e-04
8.48811185e-02 9.56708061e-04 4.39754180e-04
8.52391557e-02 1.47200685e-04 4.25613142e-04
8.55971915e-02 1.39463647e-05 4.41014735e-04
8.59552259e-02 -4.26065313e-05 4.42283696e-04
8.63132589e-02 2.14421565e-04 4.20842849e-04
8.66712904e-02 1.53637373e-05 4.45981200e-04
8.70293205e-02 -1.46130280e-04 4.34278094e-04
8.73873492e-02 -4.95794858e-04 4.37774241e-04
8.77453765e-02 1.12681947e-04 4.26204913e-04
8.81034023e-02 -1.09872387e-04 4.18153347e-04
8.84614267e-02 -4.74019648e-04 4.34010234e-04
8.88194496e-02 -1.48321903e-04 4.14739197e-04
8.91774710e-02 4.32806122e-04 4.34897075e-04
8.95354910e-02 1.05777409e-04 4.20021064e-04
8.98935095e-02 2.20490442e-04 4.12403386e-04
9.02515266e-02 -7.16299563e-05 4.26179122e-04
9.06095421e-02 2.36005798e-04 4.19784164e-04
9.09675562e-02 7.18649193e-04 4.28539988e-04
9.13255687e-02 2.32594099e-04 4.38577264e-04
9.16835798e-02 -4.90121300e-04 4.32582935e-04
9.20415894e-02 6.27420323e-04 4.31062127e-04
9.23995974e-02 -2.70686695e-04 4.33619019e-04
9.27576039e-02 1.66139650e-04 4.32927995e-04
9.31156089e-02 5.72432711e-04 4.23931207e-04
9.34736124e-02 7.42940940e-04 4.21013107e-04
9.38316143e-02 8.52202158e-04 4.22452078e-04
9.41896147e-02 -7.66816117e-04 4.23536547e-04
9.45476136e-02 -4.59885348e-04 4.10335658e-04
9.49056108e-02 -1.40887883e-04 4.19445721e-04
9.52636066e-02 -2.15683362e-04 4.11430346e-04
9.56216007e-02 -3.51861138e-04 4.10208885e-04
9.59795933e-02 5.27774556e-04 4.11382281e-04
9.63375843e-02 2.77728723e-04 4.26110729e-04
9.66955738e-02 -2.16273563e-04 4.19730097e-04
9.70535616e-02 1.18501093e-04 4.03108376e-04
9.74115478e-02 -3.31212476e-04 3.99849063e-04
9.77695325e-02 -1.06001891e-04 4.03141983e-04
9.81275155e-02 1.43178302e-04 4.05406641e-04
9.84854969e-02 1.51618871e-04 4.10101619e-04
9.88434768e-02 -8.72843176e-05 4.10168223e-04
9.92014549e-02 -8.34237211e-04 4.12593878e-04
9.95594315e-02 -1.11073666e-04 3.97055535e-04
9.99174064e-02 4.96896687e-04 4.04075185e-04
1.00275380e-01 -3.06153999e-04 4.00002767e-04
1.00633351e-01 -1.25295120e-04 3.97869074e-04
1.00991321e-01 -4.08059912e-04 3.90897715e-04
1.01349290e-01 6.41048420e-04 3.91990352e-04
1.01707256e-01 1.90605582e-06 3.93300312e-04
1.02065221e-01 7.29745083e-04 3.88310882e-04
1.02423184e-01 5.11597598e-04 3.92653927e-04
1.02781146e-01 -1.50941453e-04 3.90965528e-04
1.03139106e-01 -5.50806066e-04 3.97136469e-04
1.03497064e-01 3.91695296e-04 3.94689557e-04
1.03855021e-01 -2.76404040e-04 3.94518834e-04
1.04212976e-01 3.44339225e-04 3.93185638e-04
1.04570929e-01 -1.14464352e-05 3.96297803e-04
1.04928880e-01 2.14477232e-05 3.95398801e-04
1.05286830e-01 -2.17066036e-04 3.95325790e-04
1.05644778e-01 -3.73327402e-04 4.05740794e-04
1.06002724e-01 -9.72062000e-06 4.06942423e-04
1.06360668e-01 1.44641674e-04 4.07394645e-04
1.06718611e-01 1.96323656e-04 3.94861647e-04
1.07076552e-01 5.54686498e-06 4.00597446e-04
1.07434491e-01 -2.44612826e-04 3.89704665e-04
1.07792429e-01 1.95554109e-04 3.91040716e-04
1.08150364e-01 -4.13650411e-04 3.92375498e-04
1.08508298e-01 -3.53655604e-04 3.93262730e-04
1.08866230e-01 -3.62991162e-04 3.92557645e-04
1.09224160e-01 -3.86115977e-04 3.94265595e-04
1.09582089e-01 2.21252003e-04 3.96312962e-04
1.09940016e-01 -6.36190065e-04 4.02010283e-04
1.10297941e-01 1.39511879e-04 4.03454575e-04
1.10655864e-01 -4.62794966e-05 3.85586605e-04
1.11013785e-01 2.13055650e-04 3.89503903e-04
1.11371704e-01 -2.91240965e-04 3.84388925e-04
1.11729622e-01 3.38678991e-05 3.89011034e-04
1.12087538e-01 3.62116672e-04 3.83275118e-04
1.12445452e-01 1.66979869e-04 3.72855588e-04
1.12803364e-01 4.84090439e-04 3.81374645e-04
1.13161274e-01 -1.25866550e-04 3.80860360e-04
1.13519182e-01 4.13010461e-04 3.95879553e-04
1.13877089e-01 7.72908712e-04 3.80700988e-04
1.14234994e-01 -1.01023229e-04 3.76432081e-04
1.14592896e-01 1.57710307e-04 3.82659306e-04
1.14950797e-01 4.49424793e-04 3.63310420e-04
1.15308696e-01 7.89994809e-05 3.68329967e-04
1.15666593e-01 -2.70952403e-04 3.69103038e-04
1.16024488e-01 3.53907609e-04 3.74707902e-04
1.16382382e-01 -4.19398186e-04 3.73434127e-04
1.16740273e-01 3.57868139e-04 3.72854223e-04
1.17098163e-01 -8.56827194e-05 3.63905163e-04
1.17456050e-01 2.19714930e-04 3.62949509e-04
1.17813936e-01 -6.47971495e-04 3.69101300e-04
1.18171819e-01 1.31542347e-04 3.68685257e-04
1.18529701e-01 -2.81294961e-04 3.75128993e-04
1.18887581e-01 2.47656037e-04 3.76091870e-04
1.19245459e-01 2.20594877e-04 3.76387742e-04
1.19603335e-01 -5.13297826e-04 3.75466961e-04
1.19961208e-01 -2.59995957e-05 3.82347816e-04
1.20319080e-01 -2.05173736e-04 3.77767476e-04
1.20676950e-01 -4.69951702e-04 3.67750941e-04
1.21034818e-01 2.86807494e-04 3.66995596e-04
1.21392684e-01 -2.87466739e-05 3.69689727e-04
1.21750548e-01 -6.34795874e-04 3.73190971e-04
1.22108410e-01 -2.27617459e-04 3.73488864e-04
1.22466270e-01 1.93014581e-04 3.74404162e-04
1.22824128e-01 -3.94429066e-04 3.75957837e-04
1.23181984e-01 4.51155515e-06 3.79615032e-04
1.23539838e-01 8.72301797e-04 3.73936753e-04
1.23897690e-01 -7.45164434e-05 3.74890286e-04
1.24255540e-01 4.77159276e-04 3.70885938e-04
1.24613388e-01 -1.14227933e-04 3.69380059e-04
1.24971233e-01 5.21638798e-04 3.65068120e-04
1.25329077e-01 2.02987287e-04 3.57359056e-04
1.25686919e-01 7.74004556e-05 3.61899947e-04
1.26044758e-01 -1.32251634e-05 3.56306215e-04
1.26402596e-01 -4.46018915e-04 3.59337928e-04
1.26760431e-01 -2.24244816e-05 3.63252474e-04
1.27118265e-01 4.77359506e-04 3.59856698e-04
1.27476096e-01 3.42738949e-04 3.54512997e-04
1.27833925e-01 1.21536175e-04 3.60701466e-04
1.28191752e-01 6.61881230e-04 3.52982257e-04
1.28549577e-01 2.26586807e-04 3.53038474e-04
1.28907400e-01 -2.06971302e-04 3.45160174e-04
1.29265221e-01 -1.79765526e-04 3.41162826e-04
1.29623040e-01 8.61437040e-04 3.54159333e-04
1.29980856e-01 8.96954545e-05 3.52972923e-04
1.30338670e-01 -3.60273538e-04 3.49488395e-04
1.30696483e-01 -2.20053169e-04 3.45571723e-04
1.31054293e-01 -7.37415353e-04 3.38896661e-04
1.31412101e-01 -3.63968300e-04 3.46480047e-04
1.31769906e-01 4.14497629e-04 3.55775873e-04
1.32127710e-01 -4.65960531e-04 3.50953959e-04
1.32485511e-01 -5.74083514e-05 3.45906417e-04
1.32843311e-01 7.30515458e-05 3.47879183e-04
1.33201108e-01 1.02866669e-04 3.44291655e-04
1.33558903e-01 2.45100808e-04 3.44846728e-04
1.33916695e-01 5.70541503e-04 3.44185805e-04
1.34274486e-01 1.91815744e-04 3.51739101e-04
1.34632274e-01 -5.73212093e-05 3.39076165e-04
1.34990060e-01 3.25019600e-06 3.46733059e-04
1.35347844e-01 1.30619420e-04 3.32591052e-04
1.35705626e-01 6.09460444e-05 3.34843107e-04
1.36063405e-01 2.29646643e-05 3.39757193e-04
1.36421182e-01 9.90549266e-04 3.32353561e-04
1.36778957e-01 1.35348844e-04 3.41036318e-04
1.37136730e-01 -4.52470749e-04 3.34491051e-04
1.37494500e-01 -1.96651691e-04 3.35234953e-04
1.37852269e-01 4.25647029e-06 3.30405892e-04
1.38210034e-01 -1.29427094e-04 3.31090047e-04
1.38567798e-01 -2.34861048e-04 3.25177545e-04
1.38925559e-01 -6.04234127e-04 3.27610973e-04
1.39283319e-01 3.11802543e-04 3.37601924e-04
1.39641075e-01 1.44208006e-04 3.27067315e-04
1.39998830e-01 4.70698959e-04 3.37912459e-04
1.40356582e-01 -2.54956741e-04 3.34802807e-04
1.40714332e-01 -1.70133793e-04 3.27060403e-04
1.41072080e-01 5.99012338e-04 3.43366498e-04
1.41429825e-01 1.19463499e-04 3.30487781e-04
1.41787568e-01 4.98270682e-04 3.31526682e-04
1.42145308e-01 -3.81601150e-04 3.29018673e-04
1.42503047e-01 -4.16566057e-04 3.27869633e-04
1.42860783e-01 -1.53886513e-04 3.23008159e-04
1.43218516e-01 -3.46902280e-04 3.27815023e-04
1.43576247e-01 -1.43400933e-04 3.34002101e-04
1.43933976e-01 -2.53321878e-04 3.24108138e-04
1.44291703e-01 -5.09913215e-05 3.27509730e-04
1.44649427e-01 -8.77968695e-05 3.22401226e-04
1.45007149e-01 1.20888309e-04 3.16837540e-04
1.45364868e-01 1.81032655e-04 3.22572904e-04
1.45722585e-01 9.76827318e-05 3.18805540e-04
1.46080300e-01 -1.77568986e-04 3.12248028e-04
1.46438012e-01 -9.24441327e-06 3.13478691e-04
1.46795722e-01 -4.10797418e-04 3.17961472e-04
1.47153429e-01 -3.21172700e-05 3.10527030e-04
1.47511134e-01 -4.32108005e-04 3.14581264e-04
1.47868837e-01 -5.61428588e-05 3.15627478e-04
1.48226537e-01 2.45303272e-04 3.21337274e-04
1.48584235e-01 -2.39476628e-04 3.17986735e-04
1.48941930e-01 1.07061083e-04 3.19469480e-04
1.49299623e-01 1.58750819e-04 3.16489095e-04
1.49657313e-01 1.20744861e-04 3.19894738e-04
1.50015001e-01 -1.12003085e-04 3.12511501e-04
1.50372687e-01 4.23203507e-05 3.14692611e-04
1.50730370e-01 2.51730525e-04 3.15839732e-04
1.51088050e-01 6.01314090e-04 3.10255584e-04
1.51445728e-01 2.08330418e-04 3.15631161e-04
1.51803404e-01 -9.76556282e-05 3.17513865e-04
1.52161077e-01 7.28933601e-05 3.16644445e-04
1.52518747e-01 5.44606190e-04 3.06328248e-04
1.52876416e-01 5.51481104e-04 3.11288939e-04
1.53234081e-01 -5.63551683e-04 3.02716469e-04
1.53591744e-01 -3.19171395e-05 3.13123368e-04
1.53949405e-01 -4.66711891e-05 3.08151167e-04
1.54307063e-01 4.25292187e-04 3.10141534e-04
1.54664718e-01 3.80666896e-04 3.12275291e-04
1.55022371e-01 4.05339797e-04 3.12898496e-04
1.55380021e-01 -2.42869262e-05 3.09014274e-04
1.55737669e-01 5.11632366e-04 3.06751027e-04
1.56095314e-01 1.43037149e-04 3.10746508e-04
1.56452957e-01 5.44012874e-05 3.06206285e-04
1.56810597e-01 6.71609948e-05 3.12070427e-04
1.57168235e-01 1.05303989e-04 3.06590785e-04
1.57525870e-01 -1.35368681e-04 3.06558918e-04
1.57883502e-01 2.88376390e-04 3.02416785e-04
1.58241132e-01 3.61130021e-04 3.07663366e-04
1.58598759e-01 -7.87502339e-05 3.03704464e-04
1.58956384e-01 1.51023783e-04 2.97280261e-04
1.59314006e-01 3.88504692e-04 2.95153433e-04
1.59671625e-01 1.37363612e-04 3.00812637e-04
1.60029242e-01 1.58106474e-04 3.03441776e-04
1.60386856e-01 9.26315190e-05 3.03181078e-04
1.60744468e-01 4.27677848e-04 2.98580555e-04
1.61102076e-01 1.54112339e-04 2.99981895e-04
1.61459683e-01 2.28358553e-04 3.04102892e-04
1.61817286e-01 1.86061848e-04 3.01471106e-04
1.62174887e-01 4.73390675e-04 2.98122789e-04
1.62532485e-01 -3.25579533e-05 2.97812426e-04
1.62890081e-01 -3.78985607e-04 2.98172568e-04
1.63247674e-01 4.43591492e-04 2.98601651e-04
1.63605264e-01 -1.95652495e-04 3.01024401e-04
1.63962852e-01 2.02691165e-04 2.97613077e-04
1.64320437e-01 -3.38258207e-05 2.95087804e-04
1.64678019e-01 -2.40067837e-04 2.93891645e-04
1.65035598e-01 -5.91677026e-05 2.97010048e-04
1.65393175e-01 -1.20678877e-04 2.90279269e-04
1.65750749e-01 -7.31638117e-06 2.97572330e-04
1.66108320e-01 -1.19155450e-04 2.93491059e-04
1.66465889e-01 -1.73374294e-04 2.92515982e-04
1.66823455e-01 -5.93306508e-04 2.88810520e-04
1.67181018e-01 3.29444554e-04 2.97164082e-04
1.67538578e-01 -1.93852020e-04 2.93592075e-04
1.67896136e-01 -6.75117552e-05 2.93054756e-04
1.68253691e-01 -2.94119121e-04 2.92574553e-04
1.68611243e-01 -1.77683533e-04 2.89368164e-04
1.68968792e-01 6.39538490e-04 2.88392210e-04
1.69326339e-01 -3.08909010e-05 2.88313341e-04
1.69683883e-01 -2.82462650e-04 2.83928598e-04
1.70041424e-01 -2.84357846e-04 2.86202479e-04
1.70398962e-01 3.93623118e-05 2.90557730e-04
1.70756497e-01 -4.01115984e-04 2.90418524e-04
1.71114030e-01 2.80761075e-04 2.92103804e-04
1.71471560e-01 3.76120093e-04 2.81740943e-04
1.71829087e-01 3.42792496e-04 2.92375383e-04
1.72186611e-01 2.97251984e-04 2.91639583e-04
1.72544132e-01 -2.27353784e-06 2.92569339e-04
1.72901651e-01 4.61150235e-05 2.86801029e-04
1.73259167e-01 -3.66827369e-04 2.85924041e-04
1.73616679e-01 1.74133846e-04 2.85093193e-04
1.73974189e-01 -5.44252425e-05 2.86050456e-04
1.74331697e-01 4.31267340e-04 2.78015512e-04
1.74689201e-01 4.52894713e-04 2.82664009e-04
1.75046702e-01 -4.34486642e-04 2.75033974e-04
1.75404201e-01 1.66979924e-04 2.84175486e-04
1.75761697e-01 4.59572334e-04 2.92828020e-04
1.76119189e-01 -2.03579951e-04 2.81518901e-04
1.76476679e-01 -4.76650538e-04 2.73437536e-04
1.76834166e-01 3.55266133e-04 2.79210139e-04
1.77191650e-01 2.11974224e-04 2.81740386e-04
1.77549132e-01 3.56362906e-05 2.84162606e-04
1.77906610e-01 -8.11742342e-05 2.76829340e-04
1.78264085e-01 -3.20486434e-05 2.79530276e-04
1.78621558e-01 7.48777424e-05 2.79526972e-04
1.78979027e-01 5.18742337e-05 2.78472224e-04
1.79336494e-01 2.68419456e-04 2.74591821e-04
1.79693958e-01 2.01886939e-04 2.74993678e-04
1.80051418e-01 1.63704139e-04 2.78093192e-04
1.80408876e-01 1.46788612e-05 2.75107387e-04
1.80766331e-01 -3.59706798e-05 2.79553882e-04
1.81123783e-01 2.81643145e-04 2.79281522e-04
1.81481232e-01 3.66804002e-05 2.82355087e-04
1.81838677e-01 -1.70536630e-04 2.80011437e-04
1.82196120e-01 1.95671862e-04 2.86981360e-04
1.82553560e-01 6.29217212e-05 2.78291326e-04
1.82910997e-01 2.18070368e-04 2.79090137e-04
1.83268431e-01 -1.82234049e-04 2.85644875e-04
1.83625862e-01 -5.93913301e-04 2.79037052e-04
1.83983290e-01 1.69502603e-04 2.85869213e-04
1.84340715e-01 -9.11141895e-05 2.84262547e-04
1.84698137e-01 3.36330754e-05 2.78512079e-04
1.85055556e-01 1.66933256e-04 2.80989066e-04
1.85412971e-01 3.86062206e-04 2.86546055e-04
1.85770384e-01 -2.64079948e-04 2.86168474e-04
1.86127794e-01 7.13843979e-05 2.80017409e-04
1.86485200e-01 -2.63376635e-04 2.81097531e-04
1.86842604e-01 -1.59000241e-04 2.75136991e-04
1.87200005e-01 -4.88349336e-04 2.72759504e-04
1.87557402e-01 -5.46198937e-05 2.75282249e-04
1.87914797e-01 -1.19606812e-04 2.69984809e-04
1.88272188e-01 -2.03674596e-04 2.71681766e-04
1.88629576e-01 -4.62653727e-04 2.74013036e-04
1.88986961e-01 -3.32226073e-04 2.73373523e-04
1.89344343e-01 1.19856185e-04 2.71813909e-04
1.89701722e-01 1.29248352e-04 2.75888483e-04
1.90059098e-01 -4.40667991e-04 2.68132522e-04
1.90416471e-01 3.04277935e-05 2.73754348e-04
1.90773840e-01 3.90148906e-05 2.69504068e-04
1.91131207e-01 2.23767125e-04 2.70246645e-04
1.91488570e-01 -2.04043762e-04 2.68921370e-04
1.91845930e-01 -4.49491950e-04 2.69790322e-04
1.92203287e-01 -1.19878459e-04 2.69200816e-04
1.92560641e-01 1.83931829e-04 2.69326599e-04
1.92917992e-01 -2.11059151e-05 2.64379327e-04
1.93275340e-01 6.76819208e-05 2.64938198e-04
1.93632684e-01 -8.15864426e-05 2.67745884e-04
1.93990025e-01 1.39374931e-04 2.74294938e-04
1.94347363e-01 1.75783077e-04 2.76787336e-04
1.94704698e-01 -6.00345881e-05 2.73547779e-04
1.95062030e-01 -1.93374849e-04 2.70553278e-04
1.95419358e-01 -4.77611315e-04 2.75360907e-04
1.95776684e-01 -1.42000352e-04 2.74056515e-04
1.96134006e-01 -3.71677822e-04 2.70649091e-04
1.96491324e-01 8.18981260e-06 2.72465660e-04
1.96848640e-01 3.40248467e-04 2.77262344e-04
1.97205953e-01 2.48347100e-04 2.76378740e-04
1.97563262e-01 -2.30644013e-04 2.75584304e-04
1.97920568e-01 5.19581846e-05 2.74821038e-04
1.98277870e-01 1.45053447e-04 2.72735452e-04
1.98635170e-01 -2.97580004e-04 2.76860611e-04
1.98992466e-01 4.46077620e-04 2.73174548e-04
1.99349759e-01 4.41076829e-04 2.70252053e-04
1.99707049e-01 -3.35978343e-04 2.67623407e-04
2.00064335e-01 -3.11535965e-04 2.66033037e-04
2.00421618e-01 -6.28579969e-04 2.68668379e-04
2.00778898e-01 -2.38116065e-04 2.66879204e-04
2.01136174e-01 2.50787737e-04 2.67839244e-04
2.01493448e-01 1.27450593e-04 2.59537642e-04
2.01850718e-01 3.47303828e-04 2.63186143e-04
2.02207984e-01 -2.59436791e-04 2.58892526e-04
2.02565248e-01 -1.66165345e-04 2.65607464e-04
2.02922508e-01 3.11818168e-04 2.60016224e-04
2.03279764e-01 1.65228537e-04 2.58577501e-04
2.03637018e-01 -1.43106681e-04 2.61001298e-04
2.03994268e-01 -3.54793320e-04 2.53249294e-04
2.04351514e-01 -2.80080174e-04 2.57511128e-04
2.04708758e-01 3.11291495e-04 2.57606585e-04
2.05065998e-01 -1.36856193e-04 2.57498256e-04
2.05423234e-01 -3.30907632e-04 2.62531112e-04
2.05780467e-01 -2.19549005e-05 2.61362147e-04
2.06137697e-01 4.79661261e-05 2.47211483e-04
2.06494924e-01 3.92158898e-04 2.57929355e-04
2.06852147e-01 1.43051262e-04 2.56216428e-04
2.07209367e-01 7.18560544e-05 2.56516609e-04
2.07566583e-01 -1.58385106e-04 2.56270415e-04
2.07923796e-01 -1.79318152e-04 2.58689326e-04
2.08281005e-01 -8.38549310e-05 2.54869475e-04
2.08638211e-01 2.24627301e-04 2.54996516e-04
2.08995414e-01 -3.78546243e-04 2.57730811e-04
2.09352613e-01 -2.23354156e-04 2.60002642e-04
2.09709809e-01 -1.56784443e-04 2.46004369e-04
2.10067002e-01 -5.54819728e-04 2.57960503e-04
2.10424191e-01 -3.41287582e-04 2.47586958e-04
2.10781376e-01 -1.03456032e-04 2.52207630e-04
2.11138558e-01 1.41600915e-04 2.49197898e-04
2.11495737e-01 1.01021670e-04 2.50441157e-04
2.11852912e-01 1.61931769e-04 2.54469179e-04
2.12210084e-01 -1.50898068e-05 2.46274068e-04
2.12567252e-01 -2.31990581e-04 2.48076042e-04
2.12924416e-01 3.06340890e-05 2.51397571e-04
2.13281578e-01 4.38513791e-05 2.50903039e-04
2.13638735e-01 -1.12861641e-04 2.49716866e-04
2.13995890e-01 3.46499981e-04 2.47468339e-04
2.14353040e-01 4.19866889e-04 2.45982024e-04
2.14710188e-01 -1.03237190e-04 2.48085465e-04
2.15067331e-01 2.12588643e-04 2.46883096e-04
2.15424471e-01 1.60966874e-04 2.43621109e-04
2.15781608e-01 -5.07303309e-05 2.45418607e-04
2.16138741e-01 -3.86268967e-04 2.47522272e-04
2.16495871e-01 -3.00412628e-04 2.46893139e-04
2.16852997e-01 8.55477918e-05 2.41871319e-04
2.17210119e-01 -3.99901094e-04 2.38912360e-04
2.17567238e-01 -4.38428862e-04 2.47352974e-04
2.17924354e-01 7.31233032e-05 2.46619707e-04
2.18281465e-01 1.30144867e-04 2.43661230e-04
2.18638574e-01 1.46778492e-04 2.48620414e-04
2.18995678e-01 4.81924718e-05 2.46715395e-04
2.19352779e-01 -3.82486465e-04 2.41550682e-04
2.19709877e-01 -8.29604196e-06 2.45540120e-04
2.20066971e-01 1.32168157e-04 2.47475563e-04
2.20424061e-01 -2.58726374e-05 2.36534812e-04
2.20781147e-01 -3.93807309e-04 2.37926293e-04
2.21138230e-01 -1.41512085e-05 2.36850676e-04
2.21495310e-01 2.19973630e-04 2.39588368e-04
2.21852386e-01 -2.75430967e-04 2.42579817e-04
2.22209458e-01 2.76555028e-04 2.41694763e-04
2.22566526e-01 -4.70109521e-05 2.37933840e-04
2.22923591e-01 -5.37521428e-05 2.35664706e-04
2.23280652e-01 7.26345832e-05 2.36275651e-04
2.23637710e-01 -1.50216189e-05 2.37322134e-04
2.23994764e-01 -1.89857511e-04 2.38973518e-04
2.24351814e-01 -3.93290720e-04 2.36695175e-04
2.24708861e-01 -2.20238625e-04 2.36134868e-04
2.25065904e-01 1.84915215e-04 2.44166500e-04
2.25422943e-01 1.62905391e-04 2.36529921e-04
2.25779978e-01 1.02595807e-04 2.38428432e-04
2.26137010e-01 -3.72493980e-05 2.34621303e-04
2.26494038e-01 4.20813451e-05 2.39308923e-04
2.26851063e-01 -7.09903011e-06 2.37621618e-04
2.27208083e-01 -2.43471311e-04 2.35111863e-04
2.27565100e-01 1.43082445e-04 2.37901528e-04
2.27922114e-01 2.74828921e-04 2.36211697e-04
2.28279123e-01 -2.41725817e-04 2.30442476e-04
2.28636129e-01 -8.85634105e-05 2.37153481e-04
2.28993131e-01 -3.52461100e-04 2.38519688e-04
2.29350129e-01 -3.01603770e-04 2.34021907e-04
2.29707124e-01 9.72383296e-06 2.33560780e-04
2.30064115e-01 5.91152307e-06 2.35996104e-04
2.30421102e-01 1.28631175e-04 2.37448065e-04
2.30778085e-01 1.99434403e-05 2.32689154e-04
2.31135064e-01 1.72743402e-04 2.38013760e-04
2.31492040e-01 -1.68491922e-04 2.30914949e-04
2.31849012e-01 1.02134747e-05 2.30296316e-04
2.32205980e-01 1.69497643e-04 2.31132105e-04
2.32562944e-01 -5.52352911e-05 2.25840236e-04
2.32919905e-01 -1.14221247e-04 2.28397524e-04
2.33276862e-01 -2.43470304e-05 2.35926992e-04
2.33633814e-01 -3.24519935e-04 2.30894668e-04
2.33990763e-01 -9.19993778e-05 2.31708343e-04
2.34347709e-01 3.41013473e-04 2.30470064e-04
2.34704650e-01 6.79314600e-05 2.29467272e-04
2.35061588e-01 2.68245665e-04 2.30741050e-04
2.35418521e-01 2.83064816e-04 2.29519605e-04
2.35775451e-01 -1.01747274e-04 2.25802885e-04
2.36132377e-01 -2.41678147e-05 2.31252734e-04
2.36489299e-01 7.31692368e-05 2.24650694e-04
2.36846218e-01 -6.06559392e-06 2.24801971e-04
2.37203132e-01 -7.04671915e-05 2.23611764e-04
2.37560042e-01 -2.54182569e-04 2.23593977e-04
2.37916949e-01 -2.53088598e-04 2.25091119e-04
2.38273852e-01 -1.10320846e-04 2.28070654e-04
2.38630751e-01 8.87094639e-05 2.22113019e-04
2.38987645e-01 -3.56449109e-04 2.22586104e-04
2.39344537e-01 -4.30604754e-05 2.21677401e-04
2.39701424e-01 -7.62168714e-05 2.24328367e-04
2.40058307e-01 1.71448917e-04 2.23897437e-04
2.40415186e-01 1.25824074e-04 2.22299597e-04
2.40772061e-01 2.87511953e-04 2.22731403e-04
2.41128933e-01 -1.65145881e-04 2.24311196e-04
2.41485800e-01 -2.26639533e-04 2.18934101e-04
2.41842664e-01 -2.79926018e-04 2.19106846e-04
2.42199523e-01 3.08853202e-04 2.21179764e-04
2.42556379e-01 -1.97470621e-04 2.25635393e-04
2.42913230e-01 2.00426839e-04 2.18965399e-04
2.43270078e-01 8.23514397e-05 2.19590950e-04
2.43626922e-01 -2.42596754e-04 2.17190111e-04
2.43983761e-01 -2.03463492e-04 2.20556660e-04
2.44340597e-01 5.09372709e-04 2.20410008e-04
2.44697429e-01 -2.51156100e-04 2.20589799e-04
2.45054256e-01 2.24187333e-04 2.20199820e-04
2.45411080e-01 1.44352051e-04 2.18139853e-04
2.45767900e-01 -1.93361166e-04 2.15232865e-04
2.46124715e-01 -8.40632061e-05 2.18258918e-04
2.46481527e-01 1.48565101e-04 2.18018230e-04
2.46838334e-01 5.52539001e-05 2.14513209e-04
2.47195138e-01 -2.79550201e-05 2.18969946e-04
2.47551938e-01 1.69335911e-04 2.15888953e-04
2.47908733e-01 -2.32418531e-04 2.19795766e-04
2.48265524e-01 3.93884501e-04 2.19183006e-04
2.48622312e-01 6.18034370e-05 2.19437185e-04
2.48979095e-01 -7.15013867e-05 2.12751966e-04
2.49335874e-01 7.25826712e-05 2.15905310e-04
2.49692649e-01 2.43028123e-05 2.17551438e-04
2.50049420e-01 3.42544569e-04 2.19453006e-04
2.50406187e-01 1.94734511e-04 2.12271767e-04
2.50762950e-01 1.81585004e-04 2.12990106e-04
2.51119709e-01 3.88311213e-04 2.15442711e-04
2.51476464e-01 1.07318441e-04 2.16569825e-04
2.51833214e-01 3.19951997e-07 2.17961498e-04
2.52189961e-01 -7.91961144e-06 2.12894769e-04
2.52546703e-01 -1.06536010e-04 2.18850141e-04
2.52903441e-01 1.69664159e-05 2.14091541e-04
2.53260175e-01 -1.15554462e-04 2.13271683e-04
2.53616905e-01 -1.96793425e-04 2.14381550e-04
2.53973631e-01 1.45357555e-04 2.11715292e-04
2.54330352e-01 2.27290185e-04 2.15422887e-04
2.54687070e-01 7.07825849e-05 2.14529864e-04
2.55043783e-01 -1.42564431e-04 2.12112874e-04
2.55400492e-01 1.43188371e-04 2.14553466e-04
2.55757197e-01 -1.99183162e-04 2.11122621e-04
2.56113898e-01 -5.61277287e-05 2.14697200e-04
2.56470595e-01 1.00241462e-04 2.14470901e-04
2.56827287e-01 -1.76255700e-04 2.12963473e-04
2.57183975e-01 -1.44160628e-04 2.15323687e-04
2.57540659e-01 -1.29361943e-04 2.16133320e-04
2.57897339e-01 -1.83254356e-04 2.17331343e-04
2.58254014e-01 2.06693173e-04 2.20477721e-04
2.58610686e-01 7.18834717e-05 2.14714650e-04
2.58967353e-01 4.63629510e-04 2.16338755e-04
2.59324016e-01 -3.94687720e-05 2.14670434e-04
2.59680674e-01 -1.49166276e-04 2.12698099e-04
2.60037329e-01 2.84978448e-04 2.17118377e-04
2.60393979e-01 -1.59644848e-04 2.14560380e-04
2.60750625e-01 1.28182837e-04 2.15527591e-04
2.61107266e-01 1.55960607e-04 2.12341457e-04
2.61463904e-01 -1.07370567e-04 2.18753318e-04
2.61820537e-01 -3.05573645e-04 2.14081746e-04
2.62177166e-01 3.80702266e-04 2.12434312e-04
2.62533790e-01 1.69568573e-04 2.16152339e-04
2.62890410e-01 3.38927430e-04 2.16333616e-04
2.63247026e-01 -1.31318178e-04 2.11553001e-04
2.63603638e-01 3.47887017e-05 2.15581437e-04
2.63960245e-01 8.77647133e-05 2.14501339e-04
2.64316848e-01 -7.86523154e-05 2.13517136e-04
2.64673447e-01 -6.49232347e-04 2.13249630e-04
2.65030042e-01 3.74804253e-05 2.11855707e-04
2.65386632e-01 1.28187911e-04 2.13532304e-04
2.65743217e-01 1.15237692e-05 2.14055262e-04
2.66099799e-01 1.32037261e-04 2.13897033e-04
2.66456376e-01 3.28566492e-04 2.14723955e-04
2.66812948e-01 2.34918789e-04 2.17211473e-04
2.67169517e-01 1.11375019e-04 2.14301987e-04
2.67526081e-01 -1.32075591e-04 2.12334484e-04
2.67882640e-01 1.24655468e-05 2.22090895e-04
2.68239195e-01 -1.20127076e-04 2.14141974e-04
2.68595746e-01 9.51969838e-05 2.15814327e-04
2.68952293e-01 -1.10549691e-04 2.16680027e-04
2.69308835e-01 -9.32526239e-05 2.15718745e-04
2.69665372e-01 6.47507223e-05 2.23879884e-04
2.70021906e-01 -1.40882219e-04 2.20787741e-04
2.70378435e-01 -6.81700858e-05 2.19781918e-04
2.70734959e-01 -2.30696231e-04 2.22988009e-04
2.71091479e-01 1.69141770e-04 2.23062668e-04
2.71447995e-01 9.73895336e-05 2.17631907e-04
2.71804506e-01 -2.92443643e-04 2.29268121e-04
2.72161012e-01 3.11771252e-06 2.27177996e-04
2.72517515e-01 8.07457022e-05 2.27830863e-04
2.72874012e-01 -9.87371883e-05 2.25648524e-04
