1.54026655e-02 2.39175186e-02 1.83611264e-03
1.57608633e-02 1.99323414e-02 1.63617738e-03
1.61190608e-02 2.38033720e-02 1.57222462e-03
1.64772580e-02 2.56441102e-02 1.46659521e-03
1.68354550e-02 2.82200686e-02 1.53576813e-03
1.71936517e-02 2.73064848e-02 1.38694367e-03
1.75518481e-02 2.64807428e-02 1.44345408e-03
1.79100442e-02 2.79577942e-02 1.35352816e-03
1.82682400e-02 2.60268438e-02 1.32470356e-03
1.86264355e-02 2.71860271e-02 1.44348880e-03
1.89846308e-02 2.88189576e-02 1.37289308e-03
1.93428257e-02 2.64682205e-02 1.25727619e-03
1.97010202e-02 2.58238010e-02 1.30715057e-03
2.00592145e-02 2.55899833e-02 1.25320951e-03
2.04174084e-02 2.31374019e-02 1.23155202e-03
2.07756020e-02 2.74222008e-02 1.24288639e-03
2.11337953e-02 2.78282129e-02 1.22701587e-03
2.14919882e-02 2.67432824e-02 1.18237629e-03
2.18501808e-02 2.65627629e-02 1.09765577e-03
2.22083729e-02 2.70597787e-02 1.14453101e-03
2.25665648e-02 2.58111563e-02 1.12335479e-03
2.29247562e-02 2.78167268e-02 1.11732556e-03
2.32829473e-02 2.64895264e-02 1.10106346e-03
2.36411380e-02 2.68996165e-02 1.01865422e-03
2.39993283e-02 2.64078824e-02 1.02775008e-03
2.43575182e-02 2.61088298e-02 1.10071611e-03
2.47157077e-02 2.52706138e-02 1.02702001e-03
2.50738968e-02 2.70288165e-02 9.48317512e-04
2.54320855e-02 2.63492522e-02 9.87265693e-04
2.57902738e-02 2.52983075e-02 9.87416708e-04
2.61484617e-02 2.41843796e-02 9.15128661e-04
2.65066491e-02 2.73677935e-02 9.63038699e-04
2.68648361e-02 2.59247679e-02 9.96814408e-04
2.72230226e-02 2.55960932e-02 9.29065805e-04
2.75812087e-02 2.49576561e-02 9.36519513e-04
2.79393943e-02 2.58999800e-02 9.16034139e-04
2.82975795e-02 2.43011585e-02 9.68463139e-04
2.86557642e-02 2.37012323e-02 9.42399192e-04
2.90139485e-02 2.42879140e-02 9.10717553e-04
2.93721323e-02 2.36602897e-02 8.91357899e-04
2.97303155e-02 2.46650535e-02 9.41281859e-04
3.00884983e-02 2.47488189e-02 8.87266022e-04
3.04466806e-02 2.47977863e-02 9.40584092e-04
3.08048624e-02 2.45993424e-02 9.55782183e-04
3.11630437e-02 2.43571680e-02 9.47766329e-04
3.15212245e-02 2.42840174e-02 9.32988273e-04
3.18794048e-02 2.44278928e-02 9.50796403e-04
3.22375845e-02 2.28058158e-02 8.83816779e-04
3.25957637e-02 2.41700696e-02 9.44761602e-04
3.29539424e-02 2.51548567e-02 9.13150841e-04
3.33121205e-02 2.38412194e-02 9.39941871e-04
3.36702981e-02 2.50982912e-02 8.88911031e-04
3.40284751e-02 2.48471518e-02 9.33885948e-04
3.43866516e-02 2.49839309e-02 8.45113890e-04
3.47448275e-02 2.41013490e-02 8.89160712e-04
3.51030028e-02 2.40226166e-02 8.51082452e-04
3.54611775e-02 2.41723770e-02 8.41544344e-04
3.58193517e-02 2.36568170e-02 8.80003989e-04
3.61775253e-02 2.42228512e-02 8.56266629e-04
3.65356983e-02 2.40334050e-02 8.44224591e-04
3.68938706e-02 2.27829040e-02 7.91346870e-04
3.72520424e-02 2.22357512e-02 8.22245141e-04
3.76102136e-02 2.24854571e-02 7.75240095e-04
3.79683841e-02 2.45675604e-02 8.12847474e-04
3.83265540e-02 2.23703981e-02 7.76976311e-04
3.86847233e-02 2.32182187e-02 7.90938817e-04
3.90428920e-02 2.29742468e-02 7.96991925e-04
3.94010600e-02 2.32540410e-02 8.11075610e-04
3.97592273e-02 2.20958157e-02 7.73530615e-04
4.01173941e-02 2.20404189e-02 8.01872564e-04
4.04755601e-02 2.20045267e-02 7.57389085e-04
4.08337255e-02 2.30444180e-02 7.78031392e-04
4.11918902e-02 2.26573041e-02 7.33914074e-04
4.15500542e-02 2.12204044e-02 6.95222608e-04
4.19082176e-02 2.14829030e-02 7.47909294e-04
4.22663802e-02 2.25933030e-02 7.51103807e-04
4.26245422e-02 2.20096043e-02 7.77268616e-04
4.29827034e-02 2.05296027e-02 7.97043190e-04
4.33408640e-02 2.23472949e-02 7.70087512e-04
4.36990238e-02 2.05264631e-02 7.75172349e-04
4.40571830e-02 2.11752867e-02 7.34330082e-04
4.44153414e-02 2.12952562e-02 7.47458061e-04
4.47734990e-02 2.16510803e-02 7.43886363e-04
4.51316560e-02 1.93076019e-02 7.32337683e-04
4.54898122e-02 2.07681622e-02 8.11554797e-04
4.58479676e-02 1.96946863e-02 7.72306888e-04
4.62061223e-02 2.09636530e-02 7.17590858e-04
4.65642762e-02 2.05607006e-02 7.05216100e-04
4.69224294e-02 2.08464794e-02 7.24967958e-04
4.72805818e-02 1.99491249e-02 6.87868716e-04
4.76387334e-02 2.11165242e-02 6.98547706e-04
4.79968842e-02 1.92593331e-02 7.06263832e-04
4.83550342e-02 2.11088122e-02 7.28106655e-04
4.87131835e-02 1.77732272e-02 7.15371472e-04
4.90713319e-02 1.86745712e-02 7.24316765e-04
4.94294795e-02 1.89138139e-02 6.86662155e-04
4.97876264e-02 1.83664595e-02 6.96767043e-04
5.01457724e-02 1.88298182e-02 6.48013522e-04
5.05039175e-02 1.95108157e-02 6.78800590e-04
5.08620619e-02 1.89724978e-02 6.71914957e-04
5.12202054e-02 1.85329719e-02 6.77132054e-04
5.15783481e-02 1.97915699e-02 6.72193111e-04
5.19364899e-02 1.79414123e-02 6.47202067e-04
5.22946308e-02 1.80743972e-02 6.43374381e-04
5.26527709e-02 1.82575795e-02 6.52412579e-04
5.30109102e-02 1.89183059e-02 6.50103215e-04
5.33690485e-02 1.82225627e-02 6.45548540e-04
5.37271860e-02 1.70109991e-02 6.45212460e-04
5.40853226e-02 1.71714363e-02 6.45514668e-04
5.44434583e-02 1.66084600e-02 6.41408686e-04
5.48015932e-02 1.69077835e-02 6.44114899e-04
5.51597271e-02 1.75217151e-02 6.50717652e-04
5.55178601e-02 1.68757438e-02 6.25023233e-04
5.58759922e-02 1.61431302e-02 6.21455199e-04
5.62341234e-02 1.63333760e-02 6.30822701e-04
5.65922536e-02 1.66751334e-02 6.25629804e-04
5.69503829e-02 1.56567102e-02 6.06662732e-04
5.73085113e-02 1.67460121e-02 5.96894227e-04
5.76666388e-02 1.69581338e-02 6.16726429e-04
5.80247653e-02 1.59325851e-02 6.40761211e-04
5.83828908e-02 1.59665080e-02 6.18928793e-04
5.87410154e-02 1.58068067e-02 6.10869147e-04
5.90991390e-02 1.62473564e-02 5.88276005e-04
5.94572616e-02 1.54990878e-02 5.97942536e-04
5.98153833e-02 1.54576588e-02 5.86286405e-04
6.01735040e-02 1.50671515e-02 5.79644770e-04
6.05316237e-02 1.51060036e-02 5.77485478e-04
6.08897424e-02 1.58612422e-02 5.95999712e-04
6.12478600e-02 1.47306392e-02 5.78314601e-04
6.16059767e-02 1.58579850e-02 5.84135816e-04
6.19640924e-02 1.46892736e-02 5.78772876e-04
6.23222071e-02 1.38242073e-02 5.72841020e-04
6.26803207e-02 1.45840914e-02 5.71227450e-04
6.30384333e-02 1.49307102e-02 5.64713757e-04
6.33965448e-02 1.54280235e-02 5.62971383e-04
6.37546554e-02 1.46934975e-02 5.81401462e-04
6.41127648e-02 1.39513894e-02 5.75772256e-04
6.44708732e-02 1.29424899e-02 5.46363626e-04
6.48289806e-02 1.39277812e-02 5.62949925e-04
6.51870869e-02 1.36078360e-02 5.39583606e-04
6.55451921e-02 1.27741172e-02 5.60076122e-04
6.59032962e-02 1.33652021e-02 5.52428597e-04
6.62613993e-02 1.29228907e-02 5.41602657e-04
6.66195012e-02 1.40706549e-02 5.63779819e-04
6.69776021e-02 1.23160418e-02 5.54664563e-04
6.73357019e-02 1.22867162e-02 5.38691698e-04
6.76938005e-02 1.24974295e-02 5.48119267e-04
6.80518981e-02 1.25632707e-02 5.43784047e-04
6.84099945e-02 1.30174273e-02 5.32167124e-04
6.87680898e-02 1.22007225e-02 5.06907913e-04
6.91261840e-02 1.20755935e-02 5.28906144e-04
6.94842770e-02 1.21268702e-02 5.19733885e-04
6.98423689e-02 1.17457689e-02 4.95505806e-04
7.02004596e-02 1.22083979e-02 5.28930213e-04
7.05585492e-02 1.22162325e-02 5.13716714e-04
7.09166377e-02 1.12744926e-02 5.14281415e-04
7.12747249e-02 1.19919292e-02 5.10048184e-04
7.16328110e-02 1.25532176e-02 5.28902419e-04
7.19908959e-02 1.10982499e-02 5.05236402e-04
7.23489796e-02 1.00539436e-02 5.01535388e-04
7.27070622e-02 1.09485710e-02 5.08864773e-04
7.30651435e-02 1.19071049e-02 5.04872158e-04
7.34232237e-02 1.24192183e-02 4.88362533e-04
7.37813026e-02 1.06572311e-02 5.24109651e-04
7.41393803e-02 1.05157959e-02 5.23551541e-04
7.44974568e-02 9.70186688e-03 5.02460259e-04
7.48555321e-02 1.03568267e-02 5.03568853e-04
7.52136061e-02 9.97462192e-03 5.00435050e-04
7.55716789e-02 9.80192356e-03 4.75543543e-04
7.59297505e-02 1.01180616e-02 4.86553685e-04
7.62878208e-02 9.86946358e-03 4.85751005e-04
7.66458899e-02 9.97894377e-03 4.88505502e-04
7.70039577e-02 9.79017294e-03 4.80415101e-04
7.73620242e-02 9.97931367e-03 4.85035200e-04
7.77200895e-02 9.57831090e-03 4.68543429e-04
7.80781535e-02 9.04521314e-03 4.85968007e-04
7.84362162e-02 9.82745458e-03 4.72624137e-04
7.87942776e-02 9.93692784e-03 4.68141881e-04
7.91523377e-02 9.01405651e-03 4.78347308e-04
7.95103965e-02 8.60624531e-03 4.71499826e-04
7.98684540e-02 9.05235049e-03 4.76901432e-04
8.02265102e-02 8.28124229e-03 4.73160017e-04
8.05845651e-02 8.95517639e-03 4.75788952e-04
8.09426186e-02 8.07862858e-03 4.71240414e-04
8.13006709e-02 7.91097627e-03 4.72247095e-04
8.16587217e-02 8.19775941e-03 4.75775725e-04
8.20167713e-02 8.73266652e-03 4.83002342e-04
8.23748195e-02 8.18747374e-03 4.71387063e-04
8.27328663e-02 8.92407838e-03 4.60074490e-04
8.30909118e-02 8.22563516e-03 4.61938372e-04
8.34489559e-02 8.11861427e-03 4.61723510e-04
8.38069986e-02 7.05828644e-03 4.52019677e-04
8.41650400e-02 7.93351661e-03 4.39579479e-04
8.45230800e-02 7.12309239e-03 4.63409005e-04
8.48811185e-02 7.86560296e-03 4.66229999e-04
8.52391557e-02 7.12765358e-03 4.58677629e-04
8.55971915e-02 8.26094294e-03 4.75098421e-04
8.59552259e-02 7.26137920e-03 4.57646305e-04
8.63132589e-02 7.62314127e-03 4.59673062e-04
8.66712904e-02 7.73989512e-03 4.73114158e-04
8.70293205e-02 7.60082638e-03 4.43009837e-04
8.73873492e-02 7.74319258e-03 4.45709288e-04
8.77453765e-02 6.90843340e-03 4.55066212e-04
8.81034023e-02 6.99657123e-03 4.72409864e-04
8.84614267e-02 6.28183522e-03 4.51200300e-04
8.88194496e-02 6.39223146e-03 4.45600652e-04
8.91774710e-02 6.92123306e-03 4.36236668e-04
8.95354910e-02 7.28212774e-03 4.33939447e-04
8.98935095e-02 7.11063034e-03 4.49454596e-04
9.02515266e-02 6.93534686e-03 4.53351368e-04
9.06095421e-02 6.66208164e-03 4.59928479e-04
9.09675562e-02 6.85744278e-03 4.65247793e-04
9.13255687e-02 6.18283359e-03 4.43533388e-04
9.16835798e-02 6.22101651e-03 4.42767315e-04
9.20415894e-02 6.05846696e-03 4.62322514e-04
9.23995974e-02 5.85444551e-03 4.39577675e-04
9.27576039e-02 6.11759528e-03 4.43878969e-04
9.31156089e-02 6.22092129e-03 4.41362241e-04
9.34736124e-02 5.84602168e-03 4.33489850e-04
9.38316143e-02 5.05963618e-03 4.40099494e-04
9.41896147e-02 6.08910412e-03 4.41949360e-04
9.45476136e-02 5.44948330e-03 4.34325892e-04
9.49056108e-02 6.23023449e-03 4.45861912e-04
9.52636066e-02 5.44672837e-03 4.27879760e-04
9.56216007e-02 5.25025010e-03 4.29176729e-04
9.59795933e-02 4.67674028e-03 4.23696128e-04
9.63375843e-02 5.23183521e-03 4.17372419e-04
9.66955738e-02 5.27725902e-03 4.26127091e-04
9.70535616e-02 5.67055024e-03 4.25636639e-04
9.74115478e-02 4.74911064e-03 4.14830189e-04
9.77695325e-02 5.63428649e-03 4.20323231e-04
9.81275155e-02 5.13708632e-03 4.21362400e-04
9.84854969e-02 5.13634923e-03 4.20652796e-04
9.88434768e-02 5.59677705e-03 4.25524832e-04
9.92014549e-02 4.89641593e-03 4.28521971e-04
9.95594315e-02 4.52518364e-03 4.27693235e-04
9.99174064e-02 5.23431009e-03 4.23518118e-04
1.00275380e-01 4.38629447e-03 4.06033475e-04
1.00633351e-01 4.62191711e-03 4.09274103e-04
1.00991321e-01 4.41865871e-03 4.06411426e-04
1.01349290e-01 4.55393047e-03 4.15846897e-04
1.01707256e-01 4.53226247e-03 4.04377281e-04
1.02065221e-01 4.18591719e-03 3.96080201e-04
1.02423184e-01 3.51181220e-03 3.98098550e-04
1.02781146e-01 4.14154092e-03 4.05373515e-04
1.03139106e-01 4.86251723e-03 4.05086132e-04
1.03497064e-01 4.25992169e-03 3.99156465e-04
1.03855021e-01 4.63454381e-03 3.90804660e-04
1.04212976e-01 4.15764464e-03 4.08688992e-04
1.04570929e-01 3.60773404e-03 3.99917374e-04
1.04928880e-01 4.14872761e-03 4.08242647e-04
1.05286830e-01 4.35046520e-03 4.24150372e-04
1.05644778e-01 3.41079844e-03 4.10049265e-04
1.06002724e-01 4.45011431e-03 4.09680742e-04
1.06360668e-01 4.16472071e-03 4.06817439e-04
1.06718611e-01 3.28078194e-03 4.12924182e-04
1.07076552e-01 3.92861330e-03 4.07075530e-04
1.07434491e-01 3.94464437e-03 4.10107468e-04
1.07792429e-01 3.14292332e-03 4.03809771e-04
1.08150364e-01 2.58052619e-03 3.98705762e-04
1.08508298e-01 3.45253006e-03 4.08786379e-04
1.08866230e-01 3.14166912e-03 4.05838597e-04
1.09224160e-01 3.97521509e-03 4.17091015e-04
1.09582089e-01 2.92511705e-03 3.99823086e-04
1.09940016e-01 2.99343672e-03 3.96020377e-04
1.10297941e-01 3.33336969e-03 4.06158418e-04
1.10655864e-01 2.66968035e-03 3.88702072e-04
1.11013785e-01 2.73269961e-03 3.88734990e-04
1.11371704e-01 3.03013960e-03 3.88827037e-04
1.11729622e-01 3.70394258e-03 4.00391663e-04
1.12087538e-01 2.64413168e-03 3.85133221e-04
1.12445452e-01 2.92060116e-03 3.82114640e-04
1.12803364e-01 2.89110238e-03 3.82717977e-04
1.13161274e-01 2.15998573e-03 3.88988312e-04
1.13519182e-01 2.64815099e-03 3.89839775e-04
1.13877089e-01 3.58533362e-03 3.79577169e-04
1.14234994e-01 3.47409715e-03 3.87615730e-04
1.14592896e-01 2.87021267e-03 3.69185252e-04
1.14950797e-01 3.53051833e-03 3.80770465e-04
1.15308696e-01 2.71096671e-03 3.73762658e-04
1.15666593e-01 2.84694290e-03 3.83768170e-04
1.16024488e-01 2.60555182e-03 3.75197062e-04
1.16382382e-01 2.27436440e-03 3.76456487e-04
1.16740273e-01 2.93757471e-03 3.77471338e-04
1.17098163e-01 2.35498751e-03 3.75864064e-04
1.17456050e-01 2.85500172e-03 3.74487421e-04
1.17813936e-01 2.79719415e-03 3.73299767e-04
1.18171819e-01 2.35532712e-03 3.68610777e-04
1.18529701e-01 2.17338732e-03 3.88235584e-04
1.18887581e-01 2.40752292e-03 3.82496371e-04
1.19245459e-01 2.04412598e-03 3.87195032e-04
1.19603335e-01 2.33110069e-03 3.82532904e-04
1.19961208e-01 2.09299579e-03 3.74746642e-04
1.20319080e-01 2.23906717e-03 3.73230834e-04
1.20676950e-01 2.67769030e-03 3.84219606e-04
1.21034818e-01 2.43542011e-03 3.84939585e-04
1.21392684e-01 2.43953063e-03 3.84039740e-04
1.21750548e-01 1.30776557e-03 3.76343179e-04
1.22108410e-01 2.62248997e-03 3.85670139e-04
1.22466270e-01 1.63909093e-03 3.89261802e-04
1.22824128e-01 2.40515722e-03 3.85458132e-04
1.23181984e-01 2.15459914e-03 3.81412093e-04
1.23539838e-01 2.03616180e-03 3.77736002e-04
1.23897690e-01 2.03344073e-03 3.77239227e-04
1.24255540e-01 1.71213162e-03 3.79038218e-04
1.24613388e-01 1.82663295e-03 3.74946715e-04
1.24971233e-01 2.09356059e-03 3.73796705e-04
1.25329077e-01 1.73618494e-03 3.73254250e-04
1.25686919e-01 1.77355173e-03 3.60367885e-04
1.26044758e-01 1.72188321e-03 3.70451057e-04
1.26402596e-01 1.74510552e-03 3.61672676e-04
1.26760431e-01 1.77041461e-03 3.64280603e-04
1.27118265e-01 1.34027588e-03 3.66407442e-04
1.27476096e-01 1.47069550e-03 3.66813194e-04
1.27833925e-01 2.01843201e-03 3.55680664e-04
1.28191752e-01 1.68612440e-03 3.59454951e-04
1.28549577e-01 1.55305845e-03 3.55623542e-04
1.28907400e-01 2.05063575e-03 3.45900846e-04
1.29265221e-01 1.61982576e-03 3.51841150e-04
1.29623040e-01 1.30243181e-03 3.52729372e-04
1.29980856e-01 1.96538099e-03 3.47928499e-04
1.30338670e-01 1.34073566e-03 3.52216254e-04
1.30696483e-01 1.51820220e-03 3.53810296e-04
1.31054293e-01 1.52387859e-03 3.46368986e-04
1.31412101e-01 1.30459030e-03 3.41575697e-04
1.31769906e-01 1.41103090e-03 3.53032655e-04
1.32127710e-01 1.33949101e-03 3.45557150e-04
1.32485511e-01 1.17537923e-03 3.48875564e-04
1.32843311e-01 1.60307527e-03 3.43937044e-04
1.33201108e-01 1.65427763e-03 3.40594375e-04
1.33558903e-01 1.61095849e-03 3.45775506e-04
1.33916695e-01 1.68419291e-03 3.37976149e-04
1.34274486e-01 1.74788280e-03 3.45313341e-04
1.34632274e-01 8.33823032e-04 3.38258115e-04
1.34990060e-01 1.45243666e-03 3.33111947e-04
1.35347844e-01 1.37491094e-03 3.35445285e-04
1.35705626e-01 1.18458326e-03 3.41055656e-04
1.36063405e-01 1.27575726e-03 3.43999732e-04
1.36421182e-01 2.05069007e-03 3.39421311e-04
1.36778957e-01 1.13726603e-03 3.35815218e-04
1.37136730e-01 1.15421360e-03 3.39954132e-04
1.37494500e-01 1.63624530e-03 3.40261950e-04
1.37852269e-01 1.08084453e-03 3.33874718e-04
1.38210034e-01 1.68302477e-03 3.41182942e-04
1.38567798e-01 1.60070156e-03 3.29522405e-04
1.38925559e-01 6.02386174e-04 3.32699012e-04
1.39283319e-01 7.40099912e-04 3.39341219e-04
1.39641075e-01 1.21931288e-03 3.26705339e-04
1.39998830e-01 1.38076676e-03 3.39357771e-04
1.40356582e-01 1.46234680e-03 3.34426948e-04
1.40714332e-01 5.46907635e-04 3.22168516e-04
1.41072080e-01 1.30288002e-03 3.28145582e-04
1.41429825e-01 1.51484367e-03 3.30833020e-04
1.41787568e-01 8.56402007e-04 3.35031827e-04
1.42145308e-01 1.27516649e-03 3.28153538e-04
1.42503047e-01 1.31545375e-03 3.25159700e-04
1.42860783e-01 1.13062529e-03 3.28177828e-04
1.43218516e-01 1.70065128e-03 3.32515085e-04
1.43576247e-01 9.85760216e-04 3.28221252e-04
1.43933976e-01 1.35547412e-03 3.28055193e-04
1.44291703e-01 7.73073618e-04 3.29728575e-04
1.44649427e-01 9.60760967e-04 3.31982674e-04
1.45007149e-01 9.87650422e-04 3.23447191e-04
1.45364868e-01 1.33654237e-03 3.21870575e-04
1.45722585e-01 7.54740317e-04 3.14675882e-04
1.46080300e-01 6.71450739e-04 3.16947792e-04
1.46438012e-01 5.61752891e-04 3.14854733e-04
1.46795722e-01 1.06086137e-03 3.18966891e-04
1.47153429e-01 5.71596543e-04 3.19704775e-04
1.47511134e-01 7.40908305e-04 3.25317939e-04
1.47868837e-01 6.49590618e-04 3.15277310e-04
1.48226537e-01 1.21255788e-03 3.14830596e-04
1.48584235e-01 6.69929367e-04 3.16187932e-04
1.48941930e-01 2.01108882e-04 3.18718268e-04
1.49299623e-01 8.63842379e-04 3.14405418e-04
1.49657313e-01 9.49551541e-04 3.18879920e-04
1.50015001e-01 1.00840263e-03 3.12858384e-04
1.50372687e-01 8.95680231e-04 3.07262020e-04
1.50730370e-01 8.40922788e-04 3.19255822e-04
1.51088050e-01 7.84846016e-04 3.22143615e-04
1.51445728e-01 1.61147037e-04 3.11132028e-04
1.51803404e-01 9.11405231e-04 3.08354467e-04
1.52161077e-01 7.16587820e-04 3.06716356e-04
1.52518747e-01 6.40139265e-04 3.19472300e-04
1.52876416e-01 1.00730133e-03 3.14096038e-04
1.53234081e-01 7.97973625e-04 3.07201351e-04
1.53591744e-01 8.28134050e-04 3.07149869e-04
1.53949405e-01 7.17714108e-04 3.12652492e-04
1.54307063e-01 9.32908675e-04 3.12397770e-04
1.54664718e-01 9.32680072e-04 3.09110324e-04
1.55022371e-01 3.04188649e-04 3.05453073e-04
1.55380021e-01 7.40372445e-04 3.04989900e-04
1.55737669e-01 4.77112701e-04 3.09566372e-04
1.56095314e-01 4.80340647e-04 3.08953024e-04
1.56452957e-01 5.36775332e-04 3.06869998e-04
1.56810597e-01 4.35845525e-04 3.09824147e-04
1.57168235e-01 1.03556331e-03 3.06927983e-04
1.57525870e-01 1.29567240e-03 3.08323649e-04
1.57883502e-01 1.19401022e-03 3.07188074e-04
1.58241132e-01 4.58655765e-04 3.06525846e-04
1.58598759e-01 3.32896209e-04 3.01896136e-04
1.58956384e-01 6.27564347e-04 3.01981004e-04
1.59314006e-01 6.99798831e-04 3.03962363e-04
1.59671625e-01 6.36807327e-04 2.99480438e-04
1.60029242e-01 7.71760812e-04 3.08091680e-04
1.60386856e-01 6.06308877e-04 2.99288565e-04
1.60744468e-01 6.33119027e-04 3.07458896e-04
1.61102076e-01 6.34253980e-04 3.03742877e-04
1.61459683e-01 3.79896332e-04 2.98139911e-04
1.61817286e-01 6.96748471e-04 2.96339705e-04
1.62174887e-01 7.80170279e-05 3.03303029e-04
1.62532485e-01 3.77774869e-04 3.02251040e-04
1.62890081e-01 5.81295711e-04 3.02125191e-04
1.63247674e-01 7.90683336e-04 3.01827500e-04
1.63605264e-01 4.15251314e-04 2.97281001e-04
1.63962852e-01 2.45760245e-04 3.00988122e-04
1.64320437e-01 9.07528823e-04 3.00923300e-04
1.64678019e-01 6.54745617e-04 2.95829898e-04
1.65035598e-01 4.80673910e-04 2.99502077e-04
1.65393175e-01 8.85772398e-04 3.00903292e-04
1.65750749e-01 3.15772729e-04 2.97552178e-04
1.66108320e-01 2.37402623e-04 2.98150276e-04
1.66465889e-01 5.07048763e-04 2.94368353e-04
1.66823455e-01 3.51611301e-04 2.99850282e-04
1.67181018e-01 2.91764822e-04 2.91165750e-04
1.67538578e-01 4.84264621e-04 2.91412861e-04
1.67896136e-01 3.56512936e-04 2.87095601e-04
1.68253691e-01 4.80916809e-04 2.89690890e-04
1.68611243e-01 1.00897417e-03 2.96855611e-04
1.68968792e-01 4.65776903e-04 2.92507251e-04
1.69326339e-01 9.56491346e-04 2.89144011e-04
1.69683883e-01 5.42606846e-04 2.90969773e-04
1.70041424e-01 -1.55772088e-04 2.84847716e-04
1.70398962e-01 1.73139571e-04 2.89124149e-04
1.70756497e-01 7.22659441e-04 2.88882745e-04
1.71114030e-01 7.42891830e-04 2.83795966e-04
1.71471560e-01 4.91570108e-04 2.88021592e-04
1.71829087e-01 7.24034129e-04 2.84201131e-04
1.72186611e-01 6.00416950e-04 2.87315594e-04
1.72544132e-01 2.66337227e-04 2.85797032e-04
1.72901651e-01 5.66237551e-04 2.84268161e-04
1.73259167e-01 1.02492682e-03 2.89434538e-04
1.73616679e-01 7.25674753e-04 2.81667298e-04
1.73974189e-01 1.13513092e-03 2.88788806e-04
1.74331697e-01 3.99904360e-04 2.79136469e-04
1.74689201e-01 4.57794570e-04 2.84585227e-04
1.75046702e-01 3.70774079e-04 2.87757343e-04
1.75404201e-01 3.00672283e-04 2.85288452e-04
1.75761697e-01 3.20900843e-04 2.81909900e-04
1.76119189e-01 4.13971467e-04 2.87694611e-04
1.76476679e-01 6.91675613e-04 2.78521138e-04
1.76834166e-01 4.88222833e-04 2.83987466e-04
1.77191650e-01 3.11871415e-04 2.78644181e-04
1.77549132e-01 3.36608405e-04 2.82717069e-04
1.77906610e-01 9.69311037e-04 2.82799179e-04
1.78264085e-01 3.13280491e-04 2.79850187e-04
1.78621558e-01 5.31285865e-04 2.85907966e-04
1.78979027e-01 2.87658087e-04 2.72513160e-04
1.79336494e-01 4.24078421e-04 2.76511379e-04
1.79693958e-01 4.84728763e-04 2.82577382e-04
1.80051418e-01 4.93308549e-04 2.77516285e-04
1.80408876e-01 2.29788381e-04 2.80448491e-04
1.80766331e-01 8.69234699e-04 2.75796331e-04
1.81123783e-01 8.84141724e-04 2.83887025e-04
1.81481232e-01 9.87004544e-05 2.81590366e-04
1.81838677e-01 2.95635700e-04 2.82457713e-04
1.82196120e-01 3.27149716e-04 2.81945188e-04
1.82553560e-01 5.35132887e-04 2.82271638e-04
1.82910997e-01 4.09903359e-04 2.84714991e-04
1.83268431e-01 3.09716134e-04 2.86155192e-04
1.83625862e-01 3.69462929e-04 2.84149862e-04
1.83983290e-01 -1.89545093e-05 2.87956497e-04
1.84340715e-01 4.69700538e-04 2.86391790e-04
1.84698137e-01 5.05742125e-04 2.82538669e-04
1.85055556e-01 1.93219751e-04 2.85068115e-04
1.85412971e-01 3.26341223e-04 2.85445159e-04
1.85770384e-01 5.21061283e-04 2.85975374e-04
1.86127794e-01 6.51152220e-04 2.86577791e-04
1.86485200e-01 3.91860495e-04 2.76667203e-04
1.86842604e-01 6.73721127e-04 2.79606352e-04
1.87200005e-01 3.62890485e-04 2.77891962e-04
1.87557402e-01 2.40407076e-04 2.80498744e-04
1.87914797e-01 4.25527113e-04 2.75093034e-04
1.88272188e-01 4.95713500e-04 2.77785718e-04
1.88629576e-01 3.07602306e-04 2.70065637e-04
1.88986961e-01 4.52409974e-04 2.78896781e-04
1.89344343e-01 2.67408512e-04 2.72682144e-04
1.89701722e-01 3.17466980e-04 2.66415313e-04
1.90059098e-01 9.17644644e-04 2.74408586e-04
1.90416471e-01 6.02004786e-04 2.78572746e-04
1.90773840e-01 2.22647283e-04 2.70226556e-04
1.91131207e-01 1.18332211e-04 2.70889189e-04
1.91488570e-01 5.10826094e-04 2.74231749e-04
1.91845930e-01 3.93349687e-04 2.70193247e-04
1.92203287e-01 6.38422834e-04 2.69522508e-04
1.92560641e-01 4.85210233e-04 2.71444889e-04
1.92917992e-01 -1.22557070e-04 2.66933479e-04
1.93275340e-01 5.61595585e-04 2.69217762e-04
1.93632684e-01 2.72333018e-05 2.67448485e-04
1.93990025e-01 8.85447522e-05 2.64856791e-04
1.94347363e-01 4.32715683e-04 2.72588220e-04
1.94704698e-01 7.19115228e-04 2.75997572e-04
1.95062030e-01 5.99618457e-04 2.74985470e-04
1.95419358e-01 3.22744706e-04 2.78797580e-04
1.95776684e-01 3.21990436e-04 2.73096061e-04
1.96134006e-01 5.76419294e-04 2.72017844e-04
1.96491324e-01 1.69889918e-04 2.74013175e-04
1.96848640e-01 5.60667473e-04 2.69393936e-04
1.97205953e-01 2.21470540e-04 2.72189076e-04
1.97563262e-01 3.02527135e-04 2.71671518e-04
1.97920568e-01 -5.74296860e-05 2.70530689e-04
1.98277870e-01 3.72318838e-04 2.72917982e-04
1.98635170e-01 -5.59217548e-05 2.69868911e-04
1.98992466e-01 -1.86509764e-05 2.74822092e-04
1.99349759e-01 3.09457341e-04 2.76258961e-04
1.99707049e-01 4.67123074e-04 2.76996712e-04
2.00064335e-01 1.26259868e-04 2.67169888e-04
2.00421618e-01 6.03136608e-04 2.70409549e-04
2.00778898e-01 1.58891579e-04 2.68449823e-04
2.01136174e-01 3.61039889e-04 2.64723158e-04
2.01493448e-01 4.11858118e-04 2.66611227e-04
2.01850718e-01 4.76487008e-04 2.64866674e-04
2.02207984e-01 7.17321485e-04 2.67379869e-04
2.02565248e-01 3.29767354e-04 2.62214992e-04
2.02922508e-01 3.12558119e-04 2.62337443e-04
2.03279764e-01 5.23935007e-04 2.59368518e-04
2.03637018e-01 1.79334245e-04 2.59534739e-04
2.03994268e-01 -4.99182810e-06 2.61532188e-04
2.04351514e-01 1.38877062e-04 2.61126392e-04
2.04708758e-01 5.79223536e-04 2.58485039e-04
2.05065998e-01 -1.02636543e-04 2.60197726e-04
2.05423234e-01 7.49943419e-05 2.57370596e-04
2.05780467e-01 6.40167217e-04 2.55971448e-04
2.06137697e-01 2.07212326e-04 2.58158595e-04
2.06494924e-01 -2.90624247e-05 2.59890849e-04
2.06852147e-01 3.33055575e-04 2.57943145e-04
2.07209367e-01 1.26052580e-04 2.62103284e-04
2.07566583e-01 -6.76838293e-05 2.57220000e-04
2.07923796e-01 2.65136571e-05 2.54880605e-04
2.08281005e-01 3.57271944e-04 2.59279647e-04
2.08638211e-01 9.74830990e-04 2.52841953e-04
2.08995414e-01 -1.32714063e-04 2.58272873e-04
2.09352613e-01 7.16043445e-05 2.53826738e-04
2.09709809e-01 1.38179850e-04 2.60316670e-04
2.10067002e-01 2.23126713e-04 2.54895946e-04
2.10424191e-01 3.35541702e-04 2.55534513e-04
2.10781376e-01 4.95829373e-04 2.55165681e-04
2.11138558e-01 4.43554150e-04 2.51946893e-04
2.11495737e-01 2.37672710e-04 2.50513703e-04
2.11852912e-01 4.34804269e-04 2.52896809e-04
2.12210084e-01 7.91142277e-05 2.42014569e-04
2.12567252e-01 9.20342646e-05 2.47761393e-04
2.12924416e-01 1.29802622e-04 2.51091459e-04
2.13281578e-01 2.76777502e-04 2.45965977e-04
2.13638735e-01 3.68136072e-04 2.52561283e-04
2.13995890e-01 9.59093125e-05 2.48334621e-04
2.14353040e-01 2.59961274e-04 2.48739789e-04
2.14710188e-01 1.73083914e-04 2.49642085e-04
2.15067331e-01 3.85750419e-04 2.50639854e-04
2.15424471e-01 4.41967814e-04 2.45449097e-04
2.15781608e-01 7.72112264e-04 2.48152343e-04
2.16138741e-01 6.33660002e-05 2.50741719e-04
2.16495871e-01 4.70467522e-05 2.50427469e-04
2.16852997e-01 4.12922923e-04 2.49969605e-04
2.17210119e-01 1.09263573e-04 2.46356570e-04
2.17567238e-01 -7.40228373e-05 2.47381668e-04
2.17924354e-01 1.68559156e-04 2.44289205e-04
2.18281465e-01 1.12828517e-04 2.48265269e-04
2.18638574e-01 3.17613309e-04 2.45381630e-04
2.18995678e-01 3.24675561e-04 2.43497351e-04
2.19352779e-01 2.74502434e-04 2.40670105e-04
2.19709877e-01 4.62562425e-04 2.41749593e-04
2.20066971e-01 3.62308803e-04 2.44841590e-04
2.20424061e-01 3.85009383e-04 2.46184686e-04
2.20781147e-01 2.06437415e-04 2.39880278e-04
2.21138230e-01 3.42877936e-04 2.40720201e-04
2.21495310e-01 1.72846322e-04 2.41982361e-04
2.21852386e-01 6.84257908e-05 2.42021632e-04
2.22209458e-01 7.56259731e-05 2.37326636e-04
2.22566526e-01 2.99654679e-05 2.37982216e-04
2.22923591e-01 -3.17741639e-05 2.35773978e-04
2.23280652e-01 4.17982299e-04 2.40345242e-04
2.23637710e-01 4.83931050e-04 2.36039376e-04
2.23994764e-01 2.15736529e-04 2.35957554e-04
2.24351814e-01 2.31985331e-04 2.37367791e-04
2.24708861e-01 3.52791705e-04 2.36309913e-04
2.25065904e-01 2.69996836e-04 2.38717956e-04
2.25422943e-01 3.00895094e-04 2.41616875e-04
2.25779978e-01 -3.48923187e-04 2.38079243e-04
2.26137010e-01 5.83475421e-04 2.36884286e-04
2.26494038e-01 7.99234672e-04 2.38567550e-04
2.26851063e-01 -4.80360885e-05 2.34015088e-04
2.27208083e-01 1.51327462e-04 2.39507215e-04
2.27565100e-01 2.50538034e-04 2.32664137e-04
2.27922114e-01 1.20939437e-04 2.33462707e-04
2.28279123e-01 -7.31621157e-05 2.29275822e-04
2.28636129e-01 4.77965851e-04 2.37584609e-04
2.28993131e-01 1.49848597e-04 2.41028947e-04
2.29350129e-01 2.44418793e-04 2.31373857e-04
2.29707124e-01 4.62990561e-04 2.34982249e-04
2.30064115e-01 6.04535477e-04 2.37300310e-04
2.30421102e-01 8.14463416e-05 2.35858699e-04
2.30778085e-01 -3.07260165e-05 2.31655987e-04
2.31135064e-01 3.10945435e-04 2.32872541e-04
2.31492040e-01 3.72837594e-04 2.33332306e-04
2.31849012e-01 4.82449603e-04 2.30988852e-04
2.32205980e-01 6.24872001e-04 2.31431381e-04
2.32562944e-01 5.40083976e-04 2.32458943e-04
2.32919905e-01 4.09624116e-04 2.33200163e-04
2.33276862e-01 3.99077911e-04 2.30141904e-04
2.33633814e-01 1.74752590e-04 2.31518341e-04
2.33990763e-01 2.69202679e-04 2.31466275e-04
2.34347709e-01 8.90939850e-04 2.26612071e-04
2.34704650e-01 1.39184506e-04 2.27519520e-04
2.35061588e-01 8.12232955e-04 2.32050484e-04
2.35418521e-01 7.27317119e-05 2.28154540e-04
2.35775451e-01 2.82037030e-04 2.31967174e-04
2.36132377e-01 1.72803855e-04 2.27985132e-04
2.36489299e-01 5.57058796e-04 2.26381817e-04
2.36846218e-01 3.17419824e-04 2.29898134e-04
2.37203132e-01 5.21115645e-04 2.29757492e-04
2.37560042e-01 5.06184352e-04 2.32211522e-04
2.37916949e-01 3.62749611e-04 2.25673700e-04
2.38273852e-01 1.59467455e-04 2.29209829e-04
2.38630751e-01 2.86625247e-04 2.26164438e-04
2.38987645e-01 1.16437867e-04 2.26436081e-04
2.39344537e-01 3.24841115e-04 2.26592077e-04
2.39701424e-01 1.77794278e-04 2.26994272e-04
2.40058307e-01 2.86570980e-04 2.23696592e-04
2.40415186e-01 1.32532906e-04 2.19742004e-04
2.40772061e-01 -1.17975102e-04 2.18006234e-04
2.41128933e-01 4.81520247e-04 2.23607234e-04
2.41485800e-01 1.35878080e-04 2.23939553e-04
2.41842664e-01 2.43900181e-04 2.25488794e-04
2.42199523e-01 6.24756015e-04 2.31097711e-04
2.42556379e-01 -2.05089623e-05 2.20262596e-04
2.42913230e-01 4.51780122e-04 2.21825027e-04
2.43270078e-01 3.86686622e-04 2.22318430e-04
2.43626922e-01 4.77894279e-04 2.21948856e-04
2.43983761e-01 1.89723075e-04 2.24181723e-04
2.44340597e-01 1.59785663e-04 2.18902773e-04
2.44697429e-01 1.74069579e-04 2.21096214e-04
2.45054256e-01 4.55753882e-04 2.21215694e-04
2.45411080e-01 1.75010647e-04 2.19885982e-04
2.45767900e-01 -4.32249450e-05 2.20370369e-04
2.46124715e-01 3.12687252e-04 2.23383970e-04
2.46481527e-01 5.61617149e-04 2.22642967e-04
2.46838334e-01 5.41401468e-04 2.21483860e-04
2.47195138e-01 4.71794095e-04 2.18928491e-04
2.47551938e-01 4.26014848e-04 2.17188884e-04
2.47908733e-01 1.86803330e-04 2.22057916e-04
2.48265524e-01 5.89733834e-04 2.16906902e-04
2.48622312e-01 2.60262431e-04 2.15917237e-04
2.48979095e-01 -6.33830096e-05 2.18504455e-04
2.49335874e-01 3.49602468e-04 2.18974110e-04
2.49692649e-01 4.27386200e-04 2.19066663e-04
2.50049420e-01 2.23231822e-04 2.17053980e-04
2.50406187e-01 5.95153007e-04 2.18965144e-04
2.50762950e-01 6.12041271e-05 2.14982323e-04
2.51119709e-01 2.19653925e-04 2.14639369e-04
2.51476464e-01 1.26000210e-04 2.20495822e-04
2.51833214e-01 3.93705355e-04 2.14006264e-04
2.52189961e-01 2.56236659e-04 2.16395766e-04
2.52546703e-01 3.76883497e-04 2.16001729e-04
2.52903441e-01 3.17140916e-04 2.13040017e-04
2.53260175e-01 3.42880977e-04 2.17553111e-04
2.53616905e-01 3.04782869e-04 2.12580940e-04
2.53973631e-01 1.71483601e-04 2.15048767e-04
2.54330352e-01 2.32976568e-04 2.10246987e-04
2.54687070e-01 2.56012976e-04 2.14781562e-04
2.55043783e-01 4.38997379e-04 2.17162349e-04
2.55400492e-01 2.48927437e-04 2.12558577e-04
2.55757197e-01 5.17144713e-04 2.12808128e-04
2.56113898e-01 6.35296623e-04 2.15378114e-04
2.56470595e-01 8.58601641e-05 2.15428138e-04
2.56827287e-01 3.69800394e-04 2.11306039e-04
2.57183975e-01 -3.08495891e-04 2.14017643e-04
2.57540659e-01 -3.01321245e-04 2.17029113e-04
2.57897339e-01 4.25828620e-04 2.20211906e-04
2.58254014e-01 4.02450252e-04 2.18760008e-04
2.58610686e-01 1.49020490e-04 2.12745946e-04
2.58967353e-01 1.23331686e-04 2.17637474e-04
2.59324016e-01 1.58399589e-04 2.18404047e-04
2.59680674e-01 5.99918789e-04 2.19517328e-04
2.60037329e-01 5.37364142e-04 2.19711882e-04
2.60393979e-01 1.01447171e-04 2.17041798e-04
2.60750625e-01 5.02020821e-05 2.18859756e-04
2.61107266e-01 2.26586689e-04 2.16559151e-04
2.61463904e-01 3.75544222e-04 2.17369445e-04
2.61820537e-01 -4.00730564e-05 2.14821886e-04
2.62177166e-01 5.34962850e-04 2.16994058e-04
2.62533790e-01 7.69684219e-04 2.16365745e-04
2.62890410e-01 5.04409436e-04 2.18576339e-04
2.63247026e-01 3.25064217e-04 2.12255561e-04
2.63603638e-01 4.64945006e-04 2.13159810e-04
2.63960245e-01 3.92432801e-04 2.16155498e-04
2.64316848e-01 5.64385504e-05 2.14724908e-04
2.64673447e-01 1.67833276e-04 2.13102778e-04
2.65030042e-01 3.12545774e-04 2.12821369e-04
2.65386632e-01 3.17451876e-04 2.10931304e-04
2.65743217e-01 7.32390020e-04 2.13167153e-04
2.66099799e-01 5.77645421e-04 2.16670730e-04
2.66456376e-01 4.44527319e-04 2.13716812e-04
2.66812948e-01 2.69129506e-04 2.13941825e-04
2.67169517e-01 4.74835277e-04 2.16649715e-04
2.67526081e-01 2.72129069e-04 2.16995729e-04
2.67882640e-01 4.20511679e-04 2.19715008e-04
2.68239195e-01 1.11679313e-04 2.12761583e-04
2.68595746e-01 1.43847840e-04 2.13927575e-04
2.68952293e-01 1.42957312e-04 2.17745571e-04
2.69308835e-01 3.16068072e-04 2.23600877e-04
2.69665372e-01 1.33842517e-04 2.17784423e-04
2.70021906e-01 2.71438309e-04 2.17342774e-04
2.70378435e-01 2.76810823e-04 2.25203863e-04
2.70734959e-01 5.69036616e-04 2.19787948e-04
2.71091479e-01 2.13126011e-04 2.19508208e-04
2.71447995e-01 6.96219540e-04 2.28824804e-04
2.71804506e-01 2.17598331e-04 2.20783042e-04
2.72161012e-01 4.85323984e-04 2.27658034e-04
2.72517515e-01 8.01740110e-04 2.26014512e-04
2.72874012e-01 -6.09786890e-05 2.25860893e-04
