1.54026655e-02 -9.70515478e-04 1.69960910e-03
1.57608633e-02 -6.34274707e-03 1.69338059e-03
1.61190608e-02 -3.95970835e-03 1.50958839e-03
1.64772580e-02 -3.77044113e-03 1.44947774e-03
1.68354550e-02 -1.67674805e-03 1.35045704e-03
1.71936517e-02 -2.06600298e-03 1.28195815e-03
1.75518481e-02 -5.31167339e-03 1.30048402e-03
1.79100442e-02 -6.07566611e-04 1.29300834e-03
1.82682400e-02 -2.28343998e-03 1.19905642e-03
1.86264355e-02 -2.05931703e-03 1.24833390e-03
1.89846308e-02 -3.59847231e-03 1.15696935e-03
1.93428257e-02 -1.33407330e-03 1.08711065e-03
1.97010202e-02 -2.39679156e-03 1.07379655e-03
2.00592145e-02 -1.83685355e-03 1.12906283e-03
2.04174084e-02 -2.96412551e-04 1.07973904e-03
2.07756020e-02 -3.78564252e-05 1.03309247e-03
2.11337953e-02 -1.78406047e-03 1.00793601e-03
2.14919882e-02 -1.29197941e-03 1.06470582e-03
2.18501808e-02 -1.00030904e-03 1.01655281e-03
2.22083729e-02 -1.82680644e-03 1.02800181e-03
2.25665648e-02 -7.95020528e-04 1.06439828e-03
2.29247562e-02 -1.04166413e-03 9.57634629e-04
2.32829473e-02 -9.63997338e-04 9.35186815e-04
2.36411380e-02 -4.98411027e-04 9.52871131e-04
2.39993283e-02 -3.31430437e-04 9.34239300e-04
2.43575182e-02 5.01422082e-04 9.20715563e-04
2.47157077e-02 -4.65421280e-04 8.84156273e-04
2.50738968e-02 -6.80032337e-04 8.51430342e-04
2.54320855e-02 -1.42163644e-03 8.46498317e-04
2.57902738e-02 -7.97368987e-04 8.08985269e-04
2.61484617e-02 -1.20025760e-03 9.05884682e-04
2.65066491e-02 -5.62821610e-04 8.86160384e-04
2.68648361e-02 -4.86488111e-04 8.27157289e-04
2.72230226e-02 -9.93538498e-04 8.21005378e-04
2.75812087e-02 -1.17268143e-03 8.01972681e-04
2.79393943e-02 -1.33384312e-03 8.15428513e-04
2.82975795e-02 -2.38364560e-04 8.17543871e-04
2.86557642e-02 -4.91816042e-04 8.33294480e-04
2.90139485e-02 -1.78736737e-04 8.10531035e-04
2.93721323e-02 -3.83576725e-04 8.19972151e-04
2.97303155e-02 -1.84437345e-03 7.75467575e-04
3.00884983e-02 -1.54752104e-03 7.98115985e-04
3.04466806e-02 -2.35699017e-04 8.42651440e-04
3.08048624e-02 -1.30057025e-03 8.08552319e-04
3.11630437e-02 -5.22198372e-04 7.97382621e-04
3.15212245e-02 -1.23433152e-03 7.67974873e-04
3.18794048e-02 2.56770596e-04 7.81468090e-04
3.22375845e-02 -1.11910434e-03 8.03983026e-04
3.25957637e-02 -2.27228129e-04 7.77006248e-04
3.29539424e-02 -5.13332317e-04 7.68119732e-04
3.33121205e-02 -6.46270513e-04 8.05180502e-04
3.36702981e-02 -1.41581260e-03 7.79059044e-04
3.40284751e-02 2.29208367e-04 8.01039599e-04
3.43866516e-02 8.01655190e-04 7.90614137e-04
3.47448275e-02 1.22096352e-03 7.49644231e-04
3.51030028e-02 2.29736092e-04 7.30677690e-04
3.54611775e-02 7.21071991e-04 7.37610522e-04
3.58193517e-02 -9.95304216e-04 6.94159694e-04
3.61775253e-02 1.99674146e-04 7.28631183e-04
3.65356983e-02 -1.18361930e-04 7.22466823e-04
3.68938706e-02 -1.16165920e-03 6.79881438e-04
3.72520424e-02 -8.69670436e-04 6.93931213e-04
3.76102136e-02 3.54261253e-04 7.00575202e-04
3.79683841e-02 -1.27881471e-04 7.02235417e-04
3.83265540e-02 -2.55339799e-04 6.97617737e-04
3.86847233e-02 -9.33325657e-04 6.79717533e-04
3.90428920e-02 -4.20854275e-04 6.73627774e-04
3.94010600e-02 -1.26453769e-05 7.13054944e-04
3.97592273e-02 2.63744018e-04 6.83096480e-04
4.01173941e-02 -1.16067608e-04 6.74322451e-04
4.04755601e-02 -6.06424362e-04 6.62801274e-04
4.08337255e-02 -8.02037844e-04 6.53138005e-04
4.11918902e-02 -5.37064507e-04 6.24318344e-04
4.15500542e-02 -1.47925932e-05 6.17727319e-04
4.19082176e-02 -3.45789142e-04 6.51737527e-04
4.22663802e-02 6.85680811e-04 6.45500123e-04
4.26245422e-02 1.32098696e-05 6.55811340e-04
4.29827034e-02 -1.19989796e-04 6.50572689e-04
4.33408640e-02 6.91046891e-04 6.55218228e-04
4.36990238e-02 9.86412912e-04 6.66596998e-04
4.40571830e-02 1.04919385e-03 6.41204698e-04
4.44153414e-02 4.29104491e-04 6.58005855e-04
4.47734990e-02 -5.94021017e-04 6.21767717e-04
4.51316560e-02 4.68215850e-06 6.25472104e-04
4.54898122e-02 3.54905484e-04 6.57235552e-04
4.58479676e-02 7.83271556e-04 6.64897180e-04
4.62061223e-02 -7.91959160e-04 6.49351943e-04
4.65642762e-02 6.37244427e-04 6.61548772e-04
4.69224294e-02 -8.87295989e-04 6.47883882e-04
4.72805818e-02 -2.37978179e-06 6.73146023e-04
4.76387334e-02 6.91405033e-04 6.74240934e-04
4.79968842e-02 1.44425458e-03 6.59268832e-04
4.83550342e-02 4.33652948e-05 6.25554190e-04
4.87131835e-02 7.01001531e-04 6.22553849e-04
4.90713319e-02 -1.11789340e-04 6.19502353e-04
4.94294795e-02 -3.04950809e-04 6.31437961e-04
4.97876264e-02 1.70097904e-04 6.07848237e-04
5.01457724e-02 -1.44292887e-04 5.77289714e-04
5.05039175e-02 -7.72876297e-04 5.71544273e-04
5.08620619e-02 -2.66470767e-04 5.64897611e-04
5.12202054e-02 -9.63042803e-04 5.68835522e-04
5.15783481e-02 3.97566983e-04 5.59606241e-04
5.19364899e-02 -5.88847866e-04 5.56101044e-04
5.22946308e-02 -2.09861374e-04 5.60005804e-04
5.26527709e-02 1.29981514e-04 6.09608358e-04
5.30109102e-02 3.65654195e-04 5.73497279e-04
5.33690485e-02 7.80800168e-04 5.72176308e-04
5.37271860e-02 4.53211738e-04 5.48040958e-04
5.40853226e-02 -1.46545140e-03 5.30895869e-04
5.44434583e-02 4.55331068e-04 5.56801255e-04
5.48015932e-02 -1.68670069e-04 5.68380731e-04
5.51597271e-02 -5.30118951e-04 5.55516902e-04
5.55178601e-02 -1.92833523e-04 5.66061150e-04
5.58759922e-02 1.04266686e-04 5.64666200e-04
5.62341234e-02 1.79124835e-04 5.47464363e-04
5.65922536e-02 -2.09221698e-05 5.55159752e-04
5.69503829e-02 -4.66072180e-04 5.54899261e-04
5.73085113e-02 4.11030357e-04 5.49619761e-04
5.76666388e-02 1.16749989e-03 5.45791486e-04
5.80247653e-02 1.14616622e-03 5.49682512e-04
5.83828908e-02 1.11071256e-04 5.40938022e-04
5.87410154e-02 1.02326342e-04 5.51841912e-04
5.90991390e-02 1.30928903e-03 5.48436380e-04
5.94572616e-02 4.49730325e-04 5.33096440e-04
5.98153833e-02 -6.16662187e-04 5.24264056e-04
6.01735040e-02 4.46366616e-04 5.14113063e-04
6.05316237e-02 6.22743392e-04 5.32131001e-04
6.08897424e-02 -8.49223604e-04 4.99050701e-04
6.12478600e-02 5.93672788e-04 4.98849393e-04
6.16059767e-02 -6.95316991e-04 5.07231407e-04
6.19640924e-02 -4.92593984e-06 5.21627896e-04
6.23222071e-02 -4.30697100e-04 4.93351117e-04
6.26803207e-02 1.23267826e-05 4.90951021e-04
6.30384333e-02 5.29154517e-04 4.75806545e-04
6.33965448e-02 3.29752949e-04 5.05119071e-04
6.37546554e-02 -2.44631243e-04 5.16272299e-04
6.41127648e-02 6.41952316e-04 5.26028946e-04
6.44708732e-02 9.52845062e-04 5.12334688e-04
6.48289806e-02 8.39722436e-04 5.06498316e-04
6.51870869e-02 1.51188105e-04 5.08603305e-04
6.55451921e-02 8.59887765e-04 5.00267071e-04
6.59032962e-02 9.91327050e-04 4.96676083e-04
6.62613993e-02 6.47429324e-04 4.97366713e-04
6.66195012e-02 2.96123305e-04 5.00305686e-04
6.69776021e-02 1.15596468e-04 4.83293481e-04
6.73357019e-02 4.19819935e-04 4.92785744e-04
6.76938005e-02 3.79216571e-04 4.92256585e-04
6.80518981e-02 -2.38000331e-04 4.83521139e-04
6.84099945e-02 4.18048903e-04 4.83969116e-04
6.87680898e-02 -1.19817556e-04 4.78630947e-04
6.91261840e-02 4.13727281e-04 4.78202150e-04
6.94842770e-02 2.95541857e-04 4.83949791e-04
6.98423689e-02 7.14555649e-04 4.86227204e-04
7.02004596e-02 1.01246064e-03 4.98072055e-04
7.05585492e-02 -1.10965641e-03 4.65278779e-04
7.09166377e-02 1.12385998e-04 4.66371034e-04
7.12747249e-02 -3.65649661e-06 4.71541188e-04
7.16328110e-02 6.96334410e-04 4.77897673e-04
7.19908959e-02 2.37216952e-04 4.73347271e-04
7.23489796e-02 7.46926705e-05 4.83628692e-04
7.27070622e-02 -1.19449624e-04 4.69015057e-04
7.30651435e-02 8.31476676e-05 4.75910994e-04
7.34232237e-02 6.50313739e-04 4.86579122e-04
7.37813026e-02 7.52285638e-04 4.70349684e-04
7.41393803e-02 2.62723471e-05 4.64295110e-04
7.44974568e-02 3.42538283e-04 4.47761367e-04
7.48555321e-02 -2.60052141e-04 4.60012966e-04
7.52136061e-02 5.42705009e-04 4.86389898e-04
7.55716789e-02 5.38723979e-04 4.72287782e-04
7.59297505e-02 2.12444684e-04 4.70651064e-04
7.62878208e-02 -2.45837650e-04 4.55076621e-04
7.66458899e-02 2.78524320e-04 4.50399867e-04
7.70039577e-02 -1.35066551e-04 4.54482090e-04
7.73620242e-02 7.95135267e-05 4.61837161e-04
7.77200895e-02 6.33578630e-04 4.56560355e-04
7.80781535e-02 3.38958420e-04 4.63068951e-04
7.84362162e-02 2.65300227e-04 4.54979172e-04
7.87942776e-02 3.28584394e-05 4.57139704e-04
7.91523377e-02 3.86573868e-05 4.24211274e-04
7.95103965e-02 -2.70593513e-04 4.48334927e-04
7.98684540e-02 5.87262954e-04 4.48400761e-04
8.02265102e-02 3.51119564e-05 4.42828650e-04
8.05845651e-02 3.19565036e-05 4.48346970e-04
8.09426186e-02 5.11106605e-04 4.46187842e-04
8.13006709e-02 1.12497533e-04 4.61998191e-04
8.16587217e-02 4.98124270e-04 4.63028933e-04
8.20167713e-02 -3.77970188e-05 4.38928169e-04
8.23748195e-02 -3.33835638e-04 4.36844220e-04
8.27328663e-02 -1.69973430e-04 4.26168247e-04
8.30909118e-02 6.88320159e-04 4.32294618e-04
8.34489559e-02 1.03409398e-04 4.30953330e-04
8.38069986e-02 -2.32237347e-05 4.32563587e-04
8.41650400e-02 -1.39057401e-07 4.41193129e-04
8.45230800e-02 -1.27095772e-04 4.39334272e-04
8.48811185e-02 1.24317832e-04 4.31846637e-04
8.52391557e-02 3.69467334e-04 4.37902126e-04
8.55971915e-02 3.19878759e-04 4.26524004e-04
8.59552259e-02 2.35152697e-04 4.35641305e-04
8.63132589e-02 -4.53449372e-04 4.27700740e-04
8.66712904e-02 2.86990721e-04 4.45396218e-04
8.70293205e-02 2.79208077e-04 4.47682088e-04
8.73873492e-02 -2.46862845e-04 4.37287472e-04
8.77453765e-02 4.21914032e-04 4.40152301e-04
8.81034023e-02 3.13509318e-04 4.36081569e-04
8.84614267e-02 4.99421912e-04 4.25394876e-04
8.88194496e-02 -8.81119160e-04 4.20228411e-04
8.91774710e-02 -5.99390562e-04 4.20361946e-04
8.95354910e-02 -9.09442589e-05 4.21272209e-04
8.98935095e-02 1.08935171e-04 4.34459168e-04
9.02515266e-02 -8.42860605e-05 4.34494557e-04
9.06095421e-02 1.04111709e-04 4.21508113e-04
9.09675562e-02 5.89066316e-04 4.30557291e-04
9.13255687e-02 -9.76709262e-05 4.30925615e-04
9.16835798e-02 2.62249745e-04 4.20111212e-04
9.20415894e-02 -1.89052236e-04 4.33611708e-04
9.23995974e-02 4.96524161e-04 4.08301913e-04
9.27576039e-02 4.41175878e-04 4.34262926e-04
9.31156089e-02 4.32159763e-05 4.29373123e-04
9.34736124e-02 1.57233334e-04 4.23031339e-04
9.38316143e-02 5.81216045e-04 4.25700272e-04
9.41896147e-02 8.30795251e-05 4.12925411e-04
9.45476136e-02 5.59713702e-04 4.21271521e-04
9.49056108e-02 3.64388097e-04 4.08345158e-04
9.52636066e-02 -1.28766235e-04 4.01039230e-04
9.56216007e-02 -1.57062298e-04 3.98058398e-04
9.59795933e-02 4.64389464e-04 4.12020185e-04
9.63375843e-02 1.27035517e-04 4.02685261e-04
9.66955738e-02 -2.11018324e-04 3.94689760e-04
9.70535616e-02 -9.36403590e-05 4.11019831e-04
9.74115478e-02 -6.41090987e-04 3.97836763e-04
9.77695325e-02 3.26553452e-05 3.97198226e-04
9.81275155e-02 3.51164686e-04 4.04629991e-04
9.84854969e-02 6.34259128e-04 4.01185334e-04
9.88434768e-02 2.13335515e-04 3.92095728e-04
9.92014549e-02 8.92995885e-04 4.13031349e-04
9.95594315e-02 -1.78143103e-04 4.01186722e-04
9.99174064e-02 -1.34141121e-04 4.00629155e-04
1.00275380e-01 -4.27332545e-05 3.97125004e-04
1.00633351e-01 -4.82643413e-05 3.91056418e-04
1.00991321e-01 -1.67708083e-04 3.87325147e-04
1.01349290e-01 2.26002368e-04 3.88436044e-04
1.01707256e-01 1.37768286e-04 3.95800769e-04
1.02065221e-01 1.16865121e-05 3.94424705e-04
1.02423184e-01 -1.95485328e-04 3.84356198e-04
1.02781146e-01 2.55288017e-04 3.90997603e-04
1.03139106e-01 1.54559833e-04 3.95426833e-04
1.03497064e-01 7.40360043e-04 3.88071220e-04
1.03855021e-01 -1.76209265e-04 3.85807601e-04
1.04212976e-01 -3.32348462e-04 3.77912178e-04
1.04570929e-01 1.08503596e-04 3.93867142e-04
1.04928880e-01 4.44437353e-04 3.96866682e-04
1.05286830e-01 -2.67532320e-04 3.97032194e-04
1.05644778e-01 -4.58462988e-04 3.98135999e-04
1.06002724e-01 1.21350308e-04 3.95030689e-04
1.06360668e-01 -2.38848298e-04 4.00705639e-04
1.06718611e-01 1.63996330e-04 3.87839951e-04
1.07076552e-01 5.45696951e-04 4.00868356e-04
1.07434491e-01 2.76891394e-04 3.99687424e-04
1.07792429e-01 -4.24971153e-04 4.02518487e-04
1.08150364e-01 7.75170436e-04 3.90129889e-04
1.08508298e-01 5.00140139e-04 3.96877854e-04
1.08866230e-01 1.62290243e-04 3.85949255e-04
1.09224160e-01 -4.46120161e-05 3.87283260e-04
1.09582089e-01 3.78335423e-04 3.91138555e-04
1.09940016e-01 5.34565615e-04 4.13126299e-04
1.10297941e-01 7.32365426e-05 3.87191605e-04
1.10655864e-01 -1.42418268e-04 3.84492494e-04
1.11013785e-01 -2.04604374e-04 3.80837599e-04
1.11371704e-01 -9.14201826e-05 3.81205740e-04
1.11729622e-01 -2.50409058e-04 3.84094330e-04
1.12087538e-01 7.75482040e-05 3.77522677e-04
1.12445452e-01 3.11589522e-04 3.82738822e-04
1.12803364e-01 1.44316869e-04 3.85751840e-04
1.13161274e-01 -1.66787442e-04 3.82751356e-04
1.13519182e-01 2.32348718e-04 3.88719927e-04
1.13877089e-01 7.48697158e-04 3.67333878e-04
1.14234994e-01 1.00949756e-04 3.75392865e-04
1.14592896e-01 3.91343114e-04 3.69454094e-04
1.14950797e-01 -3.19763574e-04 3.72201099e-04
1.15308696e-01 5.44236911e-04 3.70090243e-04
1.15666593e-01 1.28501883e-04 3.69965578e-04
1.16024488e-01 -2.20191461e-04 3.75549401e-04
1.16382382e-01 2.08936758e-04 3.71428477e-04
1.16740273e-01 -4.60941350e-04 3.65606352e-04
1.17098163e-01 -4.14673133e-04 3.67868471e-04
1.17456050e-01 -1.73732337e-04 3.71026771e-04
1.17813936e-01 -1.40150256e-04 3.65041065e-04
1.18171819e-01 -5.85174974e-05 3.82004407e-04
1.18529701e-01 2.19517090e-04 3.88929471e-04
1.18887581e-01 1.18600913e-04 3.76081110e-04
1.19245459e-01 -1.53750392e-04 3.82669182e-04
1.19603335e-01 1.06130778e-04 3.67667629e-04
1.19961208e-01 9.92730620e-05 3.74614670e-04
1.20319080e-01 1.90406455e-04 3.74327852e-04
1.20676950e-01 -1.58858519e-04 3.72441411e-04
1.21034818e-01 -1.62611704e-04 3.74820651e-04
1.21392684e-01 1.86215152e-04 3.73973886e-04
1.21750548e-01 2.33907447e-04 3.73837258e-04
1.22108410e-01 -2.85283486e-04 3.79550156e-04
1.22466270e-01 5.25115770e-04 3.80524473e-04
1.22824128e-01 -3.42720648e-04 3.76327663e-04
1.23181984e-01 -3.91438817e-04 3.78134107e-04
1.23539838e-01 -1.58214560e-04 3.80322979e-04
1.23897690e-01 2.35356879e-04 3.67629085e-04
1.24255540e-01 1.27541360e-04 3.67703215e-04
1.24613388e-01 -4.74589728e-04 3.62127663e-04
1.24971233e-01 3.74424387e-04 3.67522875e-04
1.25329077e-01 2.54636443e-04 3.66322860e-04
1.25686919e-01 1.69820715e-04 3.58049867e-04
1.26044758e-01 -1.30662769e-04 3.63487249e-04
1.26402596e-01 -1.22833474e-04 3.58338088e-04
1.26760431e-01 3.23293108e-04 3.64989290e-04
1.27118265e-01 5.29252850e-04 3.64270044e-04
1.27476096e-01 4.28605976e-04 3.52628224e-04
1.27833925e-01 5.86746756e-04 3.53540073e-04
1.28191752e-01 -1.12959656e-04 3.53016306e-04
1.28549577e-01 9.15897247e-05 3.52724016e-04
1.28907400e-01 -4.25926571e-04 3.49198406e-04
1.29265221e-01 4.13988451e-04 3.50694091e-04
1.29623040e-01 4.80928751e-04 3.49002466e-04
1.29980856e-01 -9.07835841e-05 3.48944093e-04
1.30338670e-01 -1.25112596e-04 3.48282082e-04
1.30696483e-01 1.07485127e-04 3.44979749e-04
1.31054293e-01 -3.16559288e-04 3.42151710e-04
1.31412101e-01 -3.82680531e-04 3.50153043e-04
1.31769906e-01 -2.05133774e-04 3.45765388e-04
1.32127710e-01 -3.76838505e-05 3.43620249e-04
1.32485511e-01 -5.91539334e-04 3.46677222e-04
1.32843311e-01 -2.59445487e-04 3.45384253e-04
1.33201108e-01 -3.21902918e-04 3.43369475e-04
1.33558903e-01 -4.04300275e-04 3.39261760e-04
1.33916695e-01 3.12042933e-06 3.46606525e-04
1.34274486e-01 -3.79367763e-05 3.34141640e-04
1.34632274e-01 1.11279467e-04 3.46053682e-04
1.34990060e-01 9.94799407e-05 3.42831265e-04
1.35347844e-01 -2.89843887e-04 3.41016963e-04
1.35705626e-01 -1.41684070e-04 3.29257658e-04
1.36063405e-01 1.11644465e-04 3.35720389e-04
1.36421182e-01 -3.33373491e-04 3.33725031e-04
1.36778957e-01 5.51329558e-05 3.28812015e-04
1.37136730e-01 -4.59981534e-05 3.29580891e-04
1.37494500e-01 4.51856543e-04 3.26669793e-04
1.37852269e-01 1.92200013e-04 3.33036650e-04
1.38210034e-01 -5.54733822e-05 3.24139450e-04
1.38567798e-01 3.30841898e-04 3.28290763e-04
1.38925559e-01 1.46611616e-04 3.31341037e-04
1.39283319e-01 -6.43780422e-04 3.31265809e-04
1.39641075e-01 1.58388719e-05 3.30610130e-04
1.39998830e-01 7.51614746e-04 3.32574528e-04
1.40356582e-01 1.15987009e-04 3.30048414e-04
1.40714332e-01 2.07934440e-04 3.25316636e-04
1.41072080e-01 2.20277426e-04 3.28262036e-04
1.41429825e-01 -5.32680944e-04 3.31367806e-04
1.41787568e-01 -1.64926834e-04 3.24911381e-04
1.42145308e-01 -2.01943872e-04 3.25929164e-04
1.42503047e-01 -4.20256410e-04 3.18681514e-04
1.42860783e-01 -3.84266509e-04 3.22811178e-04
1.43218516e-01 3.82015172e-05 3.26825214e-04
1.43576247e-01 -2.33359873e-04 3.22040795e-04
1.43933976e-01 -2.29500586e-04 3.20612388e-04
1.44291703e-01 -5.54359762e-04 3.21590937e-04
1.44649427e-01 -1.41663633e-04 3.25346599e-04
1.45007149e-01 -3.99038920e-05 3.18637289e-04
1.45364868e-01 1.73052793e-04 3.30080869e-04
1.45722585e-01 -6.15330767e-05 3.24347186e-04
1.46080300e-01 -1.08993921e-04 3.14180560e-04
1.46438012e-01 3.37614467e-04 3.17826638e-04
1.46795722e-01 1.00379609e-04 3.25050668e-04
1.47153429e-01 -2.99800119e-04 3.07155418e-04
1.47511134e-01 3.17350453e-04 3.14007489e-04
1.47868837e-01 -9.47395493e-05 3.13856827e-04
1.48226537e-01 1.95816820e-04 3.25925219e-04
1.48584235e-01 -1.22490220e-04 3.17108063e-04
1.48941930e-01 -1.31183870e-04 3.17766679e-04
1.49299623e-01 4.97365133e-04 3.16481752e-04
1.49657313e-01 3.06541491e-04 3.04994064e-04
1.50015001e-01 1.58342494e-04 3.14142333e-04
1.50372687e-01 -8.58349447e-05 3.10300530e-04
1.50730370e-01 5.27517021e-05 3.14795726e-04
1.51088050e-01 -1.84826625e-04 3.15629784e-04
1.51445728e-01 7.88144515e-05 3.12493614e-04
1.51803404e-01 2.71666607e-04 3.12988867e-04
1.52161077e-01 2.45893110e-04 3.09022135e-04
1.52518747e-01 -1.84731393e-05 3.09508196e-04
1.52876416e-01 -3.26157432e-04 3.02833247e-04
1.53234081e-01 -3.84117552e-05 3.06393934e-04
1.53591744e-01 -2.51147589e-04 3.11688438e-04
1.53949405e-01 1.05757508e-05 3.10800071e-04
1.54307063e-01 -1.67760662e-04 3.11438401e-04
1.54664718e-01 -6.58294435e-04 3.10553321e-04
1.55022371e-01 2.55375193e-04 3.08112774e-04
1.55380021e-01 2.13473822e-04 3.07574101e-04
1.55737669e-01 -1.39235823e-04 3.05885056e-04
1.56095314e-01 3.38033418e-04 3.09959737e-04
1.56452957e-01 2.03867994e-04 3.11226487e-04
1.56810597e-01 -1.19851012e-04 3.05175775e-04
1.57168235e-01 -3.32455421e-04 3.07358379e-04
1.57525870e-01 -2.40200597e-04 3.04316814e-04
1.57883502e-01 -1.75612502e-04 3.09240200e-04
1.58241132e-01 5.28060341e-05 3.01709697e-04
1.58598759e-01 1.81996919e-04 2.97591627e-04
1.58956384e-01 3.17320408e-04 3.00040294e-04
1.59314006e-01 1.52688844e-05 2.94766662e-04
1.59671625e-01 -8.64481000e-05 3.03752168e-04
1.60029242e-01 -1.63223546e-04 2.99014735e-04
1.60386856e-01 2.07769176e-04 2.97296602e-04
1.60744468e-01 1.52817920e-04 2.98006374e-04
1.61102076e-01 6.23976773e-04 2.97229591e-04
1.61459683e-01 1.93339914e-04 2.91404062e-04
1.61817286e-01 8.81031431e-05 3.00838778e-04
1.62174887e-01 -1.70964044e-05 2.95442413e-04
1.62532485e-01 -1.72019064e-04 3.01742998e-04
1.62890081e-01 1.52997985e-04 2.98485138e-04
1.63247674e-01 1.77575838e-04 2.94894687e-04
1.63605264e-01 -2.11027512e-04 2.92472289e-04
1.63962852e-01 -3.51453320e-04 2.90758682e-04
1.64320437e-01 -1.24027504e-05 2.96386485e-04
1.64678019e-01 -3.51718124e-04 2.94525886e-04
1.65035598e-01 -4.74470069e-05 2.98110276e-04
1.65393175e-01 2.06717377e-04 2.90474647e-04
1.65750749e-01 3.21968476e-04 2.92799769e-04
1.66108320e-01 6.07743769e-04 2.97468989e-04
1.66465889e-01 1.17010495e-04 2.95296068e-04
1.66823455e-01 -7.08597967e-05 2.94491944e-04
1.67181018e-01 -5.40991862e-04 2.95820517e-04
1.67538578e-01 5.67047483e-04 2.95982592e-04
1.67896136e-01 1.77165694e-04 2.96458105e-04
1.68253691e-01 7.41888559e-04 2.92813392e-04
1.68611243e-01 -9.22095295e-06 2.94006212e-04
1.68968792e-01 -1.16358470e-04 2.92067317e-04
1.69326339e-01 1.99809632e-04 2.93962959e-04
1.69683883e-01 -1.21048272e-04 2.88868237e-04
1.70041424e-01 -1.59159087e-04 2.90395938e-04
1.70398962e-01 -1.23082703e-04 2.91200002e-04
1.70756497e-01 -1.66054861e-04 2.87206416e-04
1.71114030e-01 1.56543130e-04 2.90613811e-04
1.71471560e-01 6.22317052e-04 2.89008551e-04
1.71829087e-01 2.87576670e-04 2.81680146e-04
1.72186611e-01 8.81176808e-05 2.84878991e-04
1.72544132e-01 7.86601342e-06 2.83723180e-04
1.72901651e-01 3.96228869e-04 2.87741532e-04
1.73259167e-01 2.66195791e-04 2.90127132e-04
1.73616679e-01 5.72141172e-05 2.87347725e-04
1.73974189e-01 -1.45181896e-04 2.86680876e-04
1.74331697e-01 1.48135528e-04 2.84574311e-04
1.74689201e-01 6.66674252e-04 2.86442222e-04
1.75046702e-01 1.25928791e-04 2.76103563e-04
1.75404201e-01 1.30487309e-04 2.87008494e-04
1.75761697e-01 4.95860368e-04 2.84727614e-04
1.76119189e-01 -4.86164279e-05 2.81442049e-04
1.76476679e-01 2.50154022e-04 2.85979537e-04
1.76834166e-01 1.44023248e-04 2.79790420e-04
1.77191650e-01 3.76641703e-04 2.86265577e-04
1.77549132e-01 -3.70442280e-05 2.84107470e-04
1.77906610e-01 5.60402735e-05 2.78244013e-04
1.78264085e-01 -1.79040284e-04 2.81363605e-04
1.78621558e-01 1.53998960e-04 2.82798480e-04
1.78979027e-01 1.54127081e-04 2.75980677e-04
1.79336494e-01 6.80610546e-05 2.70914063e-04
1.79693958e-01 2.87402955e-04 2.78637496e-04
1.80051418e-01 4.05287364e-05 2.81229309e-04
1.80408876e-01 1.03356259e-04 2.85226388e-04
1.80766331e-01 5.23154571e-04 2.78683614e-04
1.81123783e-01 2.33621297e-04 2.81038643e-04
1.81481232e-01 3.20510935e-04 2.86623701e-04
1.81838677e-01 2.48434126e-04 2.86464987e-04
1.82196120e-01 -3.31241920e-04 2.81924750e-04
1.82553560e-01 4.93682148e-05 2.87113425e-04
1.82910997e-01 -2.55106706e-04 2.83308248e-04
1.83268431e-01 -2.26128468e-04 2.81877618e-04
1.83625862e-01 -3.55983549e-04 2.77358251e-04
1.83983290e-01 -1.76155131e-04 2.74397661e-04
1.84340715e-01 3.16306036e-04 2.84770586e-04
1.84698137e-01 2.62547749e-04 2.84861217e-04
1.85055556e-01 5.40373496e-05 2.83121998e-04
1.85412971e-01 2.85967040e-04 2.86229593e-04
1.85770384e-01 3.84483934e-04 2.85251691e-04
1.86127794e-01 -4.91378265e-04 2.84572348e-04
1.86485200e-01 3.16427054e-04 2.82956498e-04
1.86842604e-01 5.19158228e-04 2.78864817e-04
1.87200005e-01 2.56514395e-04 2.74016624e-04
1.87557402e-01 -4.89703844e-04 2.77150907e-04
1.87914797e-01 4.89906278e-05 2.72655412e-04
1.88272188e-01 -4.61375757e-04 2.75262098e-04
1.88629576e-01 -2.92965432e-04 2.76060028e-04
1.88986961e-01 -2.09587689e-04 2.76177295e-04
1.89344343e-01 6.89342585e-05 2.76493023e-04
1.89701722e-01 -2.54117104e-04 2.73833839e-04
1.90059098e-01 1.18799471e-04 2.67878299e-04
1.90416471e-01 -1.71553025e-04 2.72926090e-04
1.90773840e-01 5.40918876e-04 2.80593732e-04
1.91131207e-01 2.49536192e-04 2.73015453e-04
1.91488570e-01 -3.70346376e-05 2.67462670e-04
1.91845930e-01 3.13712584e-04 2.76276931e-04
1.92203287e-01 -4.52773762e-05 2.70295726e-04
1.92560641e-01 2.82164645e-04 2.70810035e-04
1.92917992e-01 -3.78609559e-04 2.65180328e-04
1.93275340e-01 -3.79359306e-04 2.65469115e-04
1.93632684e-01 7.85565565e-05 2.66407541e-04
1.93990025e-01 1.32810395e-04 2.72362898e-04
1.94347363e-01 -8.77031753e-05 2.78963330e-04
1.94704698e-01 -1.32139207e-04 2.75243331e-04
1.95062030e-01 3.51556168e-04 2.68891955e-04
1.95419358e-01 -5.28229737e-04 2.72352582e-04
1.95776684e-01 1.28761449e-04 2.76672307e-04
1.96134006e-01 3.12273275e-06 2.73920983e-04
1.96491324e-01 3.12093147e-04 2.69902347e-04
1.96848640e-01 -1.05631388e-04 2.69771037e-04
1.97205953e-01 -4.16421541e-04 2.71455626e-04
1.97563262e-01 1.49794634e-04 2.74381467e-04
1.97920568e-01 2.42598171e-04 2.75824026e-04
1.98277870e-01 2.04305723e-04 2.71172998e-04
1.98635170e-01 4.86692590e-04 2.75218507e-04
1.98992466e-01 -3.71928779e-05 2.76928572e-04
1.99349759e-01 -1.44082122e-04 2.78159945e-04
1.99707049e-01 -2.51268211e-05 2.74152877e-04
2.00064335e-01 7.91061385e-06 2.71163648e-04
2.00421618e-01 8.46917180e-05 2.70608378e-04
2.00778898e-01 4.38572658e-05 2.57365317e-04
2.01136174e-01 4.15089879e-05 2.63452942e-04
2.01493448e-01 4.54085774e-04 2.67712185e-04
2.01850718e-01 -4.24049614e-05 2.60024772e-04
2.02207984e-01 1.41971869e-04 2.64700984e-04
2.02565248e-01 -2.86696818e-04 2.58819824e-04
2.02922508e-01 1.61853559e-04 2.62487055e-04
2.03279764e-01 3.39681665e-04 2.67965389e-04
2.03637018e-01 1.08430361e-04 2.57267960e-04
2.03994268e-01 3.52292945e-04 2.62540573e-04
2.04351514e-01 2.98078342e-04 2.61779091e-04
2.04708758e-01 -6.31164884e-04 2.56197736e-04
2.05065998e-01 -8.66024854e-05 2.54877364e-04
2.05423234e-01 1.59686559e-04 2.61128847e-04
2.05780467e-01 -1.39569877e-04 2.51881614e-04
2.06137697e-01 -3.55055285e-04 2.55971916e-04
2.06494924e-01 2.53605986e-04 2.56395553e-04
2.06852147e-01 1.11181604e-04 2.54255977e-04
2.07209367e-01 1.32137965e-04 2.52937112e-04
2.07566583e-01 5.58872952e-06 2.56802036e-04
2.07923796e-01 -7.36731775e-05 2.56677235e-04
2.08281005e-01 4.73115638e-04 2.60779696e-04
2.08638211e-01 -2.93746459e-04 2.52502610e-04
2.08995414e-01 -2.02418328e-04 2.53337903e-04
2.09352613e-01 -5.01960127e-04 2.54812898e-04
2.09709809e-01 4.72469862e-05 2.58746089e-04
2.10067002e-01 2.00485901e-04 2.61211736e-04
2.10424191e-01 -1.77081749e-04 2.52715401e-04
2.10781376e-01 9.01895407e-05 2.50150757e-04
2.11138558e-01 1.15555450e-05 2.50255075e-04
2.11495737e-01 3.07698688e-04 2.49047227e-04
2.11852912e-01 2.52474021e-04 2.51140764e-04
2.12210084e-01 -3.20497251e-04 2.46079114e-04
2.12567252e-01 4.22862987e-05 2.48541931e-04
2.12924416e-01 1.04630531e-04 2.49218181e-04
2.13281578e-01 6.19405672e-05 2.47613081e-04
2.13638735e-01 1.78917855e-04 2.48214322e-04
2.13995890e-01 3.17998896e-04 2.51588763e-04
2.14353040e-01 -1.53785487e-04 2.49523891e-04
2.14710188e-01 -4.99871681e-05 2.50822687e-04
2.15067331e-01 -1.75584393e-04 2.43562453e-04
2.15424471e-01 -2.05710761e-04 2.40977513e-04
2.15781608e-01 -1.22112581e-04 2.47441334e-04
2.16138741e-01 -1.51628877e-04 2.45942280e-04
2.16495871e-01 -6.42840872e-06 2.48019009e-04
2.16852997e-01 -2.26850551e-04 2.48096401e-04
2.17210119e-01 3.05042061e-04 2.49998742e-04
2.17567238e-01 4.97989393e-05 2.43294745e-04
2.17924354e-01 6.53156240e-04 2.49966307e-04
2.18281465e-01 5.80094110e-05 2.43418599e-04
2.18638574e-01 1.24864790e-04 2.45601349e-04
2.18995678e-01 -1.35418187e-04 2.39784585e-04
2.19352779e-01 -1.39147976e-04 2.41416438e-04
2.19709877e-01 4.08509974e-04 2.44981111e-04
2.20066971e-01 5.84483332e-05 2.43410901e-04
2.20424061e-01 5.49190636e-05 2.39313718e-04
2.20781147e-01 1.56295935e-04 2.40678884e-04
2.21138230e-01 2.87520170e-04 2.36290554e-04
2.21495310e-01 -2.51907026e-04 2.33746466e-04
2.21852386e-01 5.48280259e-06 2.39958053e-04
2.22209458e-01 2.21241214e-04 2.41040436e-04
2.22566526e-01 -1.99141729e-06 2.41101768e-04
2.22923591e-01 9.13643396e-05 2.38173672e-04
2.23280652e-01 -2.71803083e-05 2.36418753e-04
2.23637710e-01 -8.98373954e-05 2.36821894e-04
2.23994764e-01 -9.51118601e-05 2.36863270e-04
2.24351814e-01 1.27393146e-05 2.42409951e-04
2.24708861e-01 -3.85843981e-04 2.36697264e-04
2.25065904e-01 5.12326619e-05 2.36811007e-04
2.25422943e-01 3.08512162e-04 2.34676811e-04
2.25779978e-01 -4.11755337e-04 2.38622734e-04
2.26137010e-01 3.05765198e-05 2.33334108e-04
2.26494038e-01 1.85947272e-06 2.36465638e-04
2.26851063e-01 -2.62289564e-04 2.36978675e-04
2.27208083e-01 3.74348127e-05 2.36374682e-04
2.27565100e-01 2.00469101e-04 2.34833785e-04
2.27922114e-01 -1.44401407e-04 2.35992551e-04
2.28279123e-01 4.48222807e-04 2.37184204e-04
2.28636129e-01 3.12152475e-04 2.34669440e-04
2.28993131e-01 -1.53492262e-04 2.31497134e-04
2.29350129e-01 -4.02257627e-05 2.33440450e-04
2.29707124e-01 8.85022976e-05 2.33583226e-04
2.30064115e-01 2.28137354e-04 2.31700218e-04
2.30421102e-01 1.70433485e-05 2.33650627e-04
2.30778085e-01 1.97729167e-04 2.31469642e-04
2.31135064e-01 -8.07798365e-05 2.36886143e-04
2.31492040e-01 -3.14170289e-04 2.31917261e-04
2.31849012e-01 -1.42583274e-04 2.31824599e-04
2.32205980e-01 1.91553138e-04 2.33948801e-04
2.32562944e-01 -4.11118991e-04 2.33725109e-04
2.32919905e-01 -1.40865100e-04 2.30118113e-04
2.33276862e-01 1.56444093e-04 2.33107872e-04
2.33633814e-01 -1.23556459e-04 2.33811574e-04
2.33990763e-01 -2.58704649e-05 2.27873406e-04
2.34347709e-01 -2.00269327e-04 2.24495230e-04
2.34704650e-01 -8.65175504e-05 2.28653801e-04
2.35061588e-01 -4.93451899e-06 2.31371534e-04
2.35418521e-01 -3.15748856e-04 2.30026778e-04
2.35775451e-01 -7.69535992e-05 2.26252186e-04
2.36132377e-01 -2.24392614e-04 2.26456647e-04
2.36489299e-01 -1.02502618e-04 2.28596461e-04
2.36846218e-01 -3.13679385e-04 2.30294411e-04
2.37203132e-01 3.39077197e-04 2.30262710e-04
2.37560042e-01 -2.82588472e-04 2.30990496e-04
2.37916949e-01 1.94259384e-04 2.23536745e-04
2.38273852e-01 1.40596513e-04 2.24149602e-04
2.38630751e-01 1.88824297e-04 2.21731391e-04
2.38987645e-01 -2.96521698e-06 2.26725300e-04
2.39344537e-01 -8.77341963e-06 2.23278079e-04
2.39701424e-01 4.89808880e-06 2.23281129e-04
2.40058307e-01 2.53370316e-04 2.26079713e-04
2.40415186e-01 1.03014760e-05 2.23703638e-04
2.40772061e-01 1.34367898e-04 2.23410001e-04
2.41128933e-01 -5.74408790e-05 2.23352686e-04
2.41485800e-01 -2.85069382e-04 2.23187282e-04
2.41842664e-01 1.41811332e-05 2.19089662e-04
2.42199523e-01 2.18814038e-04 2.25845833e-04
2.42556379e-01 -7.97359909e-05 2.24821878e-04
2.42913230e-01 5.94507416e-05 2.21113841e-04
2.43270078e-01 1.82956397e-04 2.24203446e-04
2.43626922e-01 3.53993859e-04 2.26533759e-04
2.43983761e-01 2.55004669e-04 2.20723856e-04
2.44340597e-01 -2.81876382e-04 2.20106320e-04
2.44697429e-01 5.57187882e-05 2.19932988e-04
2.45054256e-01 2.82693359e-04 2.19191596e-04
2.45411080e-01 1.37938694e-04 2.18078428e-04
2.45767900e-01 2.93522424e-04 2.18141973e-04
2.46124715e-01 1.32660716e-04 2.24649108e-04
2.46481527e-01 3.37772480e-04 2.20124450e-04
2.46838334e-01 3.72303877e-05 2.16818431e-04
2.47195138e-01 8.98737107e-05 2.18700622e-04
2.47551938e-01 -2.54472045e-04 2.14054665e-04
2.47908733e-01 -1.86266564e-06 2.17438422e-04
2.48265524e-01 1.35766458e-04 2.17848332e-04
2.48622312e-01 3.17279953e-04 2.17861441e-04
2.48979095e-01 2.37969841e-05 2.19100712e-04
2.49335874e-01 -1.55864492e-04 2.19186608e-04
2.49692649e-01 4.85962922e-04 2.17887634e-04
2.50049420e-01 3.22501789e-04 2.14688886e-04
2.50406187e-01 1.16366209e-04 2.09446105e-04
2.50762950e-01 1.83572974e-04 2.14618199e-04
2.51119709e-01 -6.20104139e-05 2.16317566e-04
2.51476464e-01 3.03013986e-04 2.14047634e-04
2.51833214e-01 2.55065154e-04 2.14007464e-04
2.52189961e-01 -1.08733781e-04 2.13777219e-04
2.52546703e-01 -2.24655428e-04 2.12352292e-04
2.52903441e-01 -2.36173580e-04 2.13909296e-04
2.53260175e-01 -3.30370796e-06 2.12927303e-04
2.53616905e-01 -1.91815019e-04 2.14460162e-04
2.53973631e-01 -3.61043872e-04 2.16242132e-04
2.54330352e-01 1.12253880e-04 2.10787639e-04
2.54687070e-01 4.41027224e-04 2.15465573e-04
2.55043783e-01 -1.62094479e-04 2.12871464e-04
2.55400492e-01 5.84477026e-05 2.08059055e-04
2.55757197e-01 -2.37061142e-04 2.11207040e-04
2.56113898e-01 3.48324805e-05 2.15272892e-04
2.56470595e-01 1.62648142e-04 2.17627884e-04
2.56827287e-01 1.66212032e-04 2.14637991e-04
2.57183975e-01 -3.95920931e-04 2.13648980e-04
2.57540659e-01 -1.57310316e-04 2.18389017e-04
2.57897339e-01 -1.43468293e-04 2.16965740e-04
2.58254014e-01 1.16862473e-04 2.13118954e-04
2.58610686e-01 -8.88418342e-05 2.16554449e-04
2.58967353e-01 3.84190567e-04 2.18849622e-04
2.59324016e-01 2.71028723e-04 2.13240268e-04
2.59680674e-01 -2.19789442e-04 2.13470378e-04
2.60037329e-01 1.27430690e-04 2.13365227e-04
2.60393979e-01 4.29932866e-04 2.14581690e-04
2.60750625e-01 -1.05074832e-04 2.18023894e-04
2.61107266e-01 -1.25526960e-04 2.14157326e-04
2.61463904e-01 -1.68159812e-04 2.18013159e-04
2.61820537e-01 -3.59780407e-04 2.13831991e-04
2.62177166e-01 -1.11431431e-04 2.15366701e-04
2.62533790e-01 -3.26665879e-04 2.12927969e-04
2.62890410e-01 -1.52221744e-04 2.13780979e-04
2.63247026e-01 4.95175708e-05 2.16280419e-04
2.63603638e-01 -1.64639516e-06 2.14189573e-04
2.63960245e-01 -2.49577660e-04 2.09380455e-04
2.64316848e-01 3.00593629e-05 2.13351562e-04
2.64673447e-01 1.42496213e-04 2.13958807e-04
2.65030042e-01 -3.98768968e-04 2.13254135e-04
2.65386632e-01 2.01883971e-04 2.16363478e-04
2.65743217e-01 2.53427897e-04 2.16807055e-04
2.66099799e-01 -1.76801569e-04 2.14150193e-04
2.66456376e-01 -2.34708254e-05 2.09832543e-04
2.66812948e-01 8.26532364e-05 2.14971477e-04
2.67169517e-01 1.09967307e-04 2.15466666e-04
2.67526081e-01 -2.01295698e-04 2.12842702e-04
2.67882640e-01 -2.34083231e-05 2.15946155e-04
2.68239195e-01 2.54397765e-04 2.14400510e-04
2.68595746e-01 1.50712904e-04 2.16817865e-04
2.68952293e-01 -2.15533290e-05 2.13619679e-04
2.69308835e-01 -5.94075252e-06 2.18595337e-04
2.69665372e-01 1.52833783e-04 2.17389631e-04
2.70021906e-01 -1.85751731e-04 2.16949748e-04
2.70378435e-01 1.33698362e-04 2.21202414e-04
2.70734959e-01 2.78809223e-04 2.20923638e-04
2.71091479e-01 -1.31197938e-04 2.23201381e-04
2.71447995e-01 1.68798161e-04 2.21690854e-04
2.71804506e-01 1.57038766e-04 2.24733814e-04
2.72161012e-01 -4.76616705e-05 2.20310377e-04
2.72517515e-01 1.53892977e-04 2.28027202e-04
2.72874012e-01 9.70981801e-05 2.26336528e-04
