1.54026655e-02 -2.07632380e-04 1.66868291e-03
1.57608633e-02 3.90924455e-04 1.62711873e-03
1.61190608e-02 2.56989228e-03 1.60290989e-03
1.64772580e-02 9.93166602e-04 1.45453018e-03
1.68354550e-02 6.61811605e-04 1.36158707e-03
1.71936517e-02 3.63379897e-03 1.29400052e-03
1.75518481e-02 4.04104373e-03 1.34575006e-03
1.79100442e-02 2.91372480e-03 1.28246263e-03
1.82682400e-02 1.54479791e-03 1.19723502e-03
1.86264355e-02 1.75311280e-03 1.11680972e-03
1.89846308e-02 3.66995863e-03 1.20219922e-03
1.93428257e-02 1.89058575e-03 1.22356191e-03
1.97010202e-02 1.85676995e-03 1.16184420e-03
2.00592145e-02 2.43130540e-03 1.09145457e-03
2.04174084e-02 4.66879173e-03 1.15583530e-03
2.07756020e-02 3.76555953e-03 1.03121091e-03
2.11337953e-02 3.71853223e-03 1.03354199e-03
2.14919882e-02 2.14651921e-03 1.01910455e-03
2.18501808e-02 2.95274558e-03 9.91242100e-04
2.22083729e-02 2.21578786e-03 1.01213144e-03
2.25665648e-02 2.63287514e-03 1.02252465e-03
2.29247562e-02 3.00338867e-03 1.02817864e-03
2.32829473e-02 2.88300268e-03 1.01392737e-03
2.36411380e-02 4.18338922e-03 9.29781518e-04
2.39993283e-02 4.50794496e-03 9.28939086e-04
2.43575182e-02 3.48224910e-03 9.36828947e-04
2.47157077e-02 4.59696971e-03 8.84195704e-04
2.50738968e-02 4.75231589e-03 9.02949945e-04
2.54320855e-02 3.38717238e-03 9.12147234e-04
2.57902738e-02 3.50220161e-03 8.77286316e-04
2.61484617e-02 4.71560231e-03 8.59772190e-04
2.65066491e-02 3.91446227e-03 8.66493244e-04
2.68648361e-02 4.02663868e-03 8.51409053e-04
2.72230226e-02 5.33062175e-03 8.48947317e-04
2.75812087e-02 4.20833399e-03 8.36169009e-04
2.79393943e-02 3.72474351e-03 8.38920140e-04
2.82975795e-02 5.01466767e-03 8.07949787e-04
2.86557642e-02 4.35147353e-03 8.29317250e-04
2.90139485e-02 2.39537414e-03 8.10574243e-04
2.93721323e-02 3.25361285e-03 8.72404860e-04
2.97303155e-02 3.53573578e-03 8.94892003e-04
3.00884983e-02 3.24904233e-03 8.60559392e-04
3.04466806e-02 4.31246005e-03 8.21947709e-04
3.08048624e-02 5.90468559e-03 7.90925836e-04
3.11630437e-02 5.08536515e-03 8.22843566e-04
3.15212245e-02 3.25579515e-03 8.75173504e-04
3.18794048e-02 3.20591909e-03 8.18235005e-04
3.22375845e-02 2.61037735e-03 7.99627498e-04
3.25957637e-02 3.78520745e-03 8.28785889e-04
3.29539424e-02 3.39939116e-03 7.88436305e-04
3.33121205e-02 3.90428512e-03 7.92269726e-04
3.36702981e-02 3.33924880e-03 7.27954477e-04
3.40284751e-02 5.03870212e-03 8.07027889e-04
3.43866516e-02 4.23184592e-03 8.31639120e-04
3.47448275e-02 3.50497708e-03 7.92658909e-04
3.51030028e-02 3.80458488e-03 7.42919695e-04
3.54611775e-02 3.94511086e-03 7.59940732e-04
3.58193517e-02 3.17036018e-03 7.20867967e-04
3.61775253e-02 3.60177607e-03 7.32062571e-04
3.65356983e-02 3.92829611e-03 7.31282113e-04
3.68938706e-02 4.14083760e-03 7.13871639e-04
3.72520424e-02 3.09787644e-03 7.50970242e-04
3.76102136e-02 3.02108548e-03 6.86263127e-04
3.79683841e-02 2.90037230e-03 7.14541830e-04
3.83265540e-02 3.17791236e-03 7.17585612e-04
3.86847233e-02 5.20248464e-03 7.32150892e-04
3.90428920e-02 3.94667183e-03 7.21322738e-04
3.94010600e-02 3.91183526e-03 6.85840713e-04
3.97592273e-02 3.59696938e-03 7.07147552e-04
4.01173941e-02 2.81733025e-03 6.97964509e-04
4.04755601e-02 4.11452070e-03 6.85127514e-04
4.08337255e-02 2.48471110e-03 6.87574069e-04
4.11918902e-02 3.99725331e-03 6.47780900e-04
4.15500542e-02 4.34085337e-03 6.79867309e-04
4.19082176e-02 2.59948260e-03 6.57402979e-04
4.22663802e-02 3.05913627e-03 6.58297021e-04
4.26245422e-02 3.24680010e-03 7.11213635e-04
4.29827034e-02 2.51393102e-03 6.78770917e-04
4.33408640e-02 2.26400650e-03 6.91220748e-04
4.36990238e-02 3.73267253e-03 6.73594672e-04
4.40571830e-02 3.64924454e-03 6.58882299e-04
4.44153414e-02 2.82588261e-03 6.52604336e-04
4.47734990e-02 2.40278660e-03 6.48073032e-04
4.51316560e-02 2.41473221e-03 6.56175464e-04
4.54898122e-02 4.37528546e-03 6.62027220e-04
4.58479676e-02 3.37082186e-03 6.66785137e-04
4.62061223e-02 2.17145594e-03 6.69110704e-04
4.65642762e-02 3.02367519e-03 6.41013075e-04
4.69224294e-02 3.40268548e-03 6.64212612e-04
4.72805818e-02 2.51578422e-03 6.58422845e-04
4.76387334e-02 2.29140560e-03 6.86670973e-04
4.79968842e-02 2.31083700e-03 6.22209408e-04
4.83550342e-02 2.96695790e-03 6.20534739e-04
4.87131835e-02 3.26624530e-03 6.56434231e-04
4.90713319e-02 2.38151798e-03 6.02443068e-04
4.94294795e-02 3.92657199e-03 6.52782508e-04
4.97876264e-02 3.99275562e-03 6.10802862e-04
5.01457724e-02 2.98206215e-03 6.26231545e-04
5.05039175e-02 2.60814190e-03 6.22058637e-04
5.08620619e-02 3.18254284e-03 5.74054708e-04
5.12202054e-02 3.64337858e-03 5.97949521e-04
5.15783481e-02 2.86621153e-03 6.07854744e-04
5.19364899e-02 2.29045662e-03 6.08856579e-04
5.22946308e-02 3.42578197e-03 6.16357420e-04
5.26527709e-02 2.76132785e-03 5.85351348e-04
5.30109102e-02 2.89038641e-03 5.61789616e-04
5.33690485e-02 3.43259012e-03 5.64935894e-04
5.37271860e-02 2.02518873e-03 5.80152422e-04
5.40853226e-02 3.00757019e-03 5.73257440e-04
5.44434583e-02 2.34436628e-03 5.62971837e-04
5.48015932e-02 2.98105916e-03 5.88228434e-04
5.51597271e-02 3.27708160e-03 5.88778616e-04
5.55178601e-02 2.44577573e-03 5.80094933e-04
5.58759922e-02 1.90248410e-03 5.67889151e-04
5.62341234e-02 3.17180086e-03 5.83178222e-04
5.65922536e-02 3.17785046e-03 6.09194609e-04
5.69503829e-02 3.30030417e-03 5.41622285e-04
5.73085113e-02 3.68924491e-03 5.51543719e-04
5.76666388e-02 2.01849446e-03 5.51692015e-04
5.80247653e-02 3.02760118e-03 5.45526963e-04
5.83828908e-02 2.15847314e-03 5.49618338e-04
5.87410154e-02 3.24377708e-03 5.56253894e-04
5.90991390e-02 2.15318639e-03 5.51518191e-04
5.94572616e-02 3.32059716e-03 5.46869077e-04
5.98153833e-02 2.75831263e-03 5.46117742e-04
6.01735040e-02 2.51735266e-03 5.33532974e-04
6.05316237e-02 1.94776868e-03 5.24726508e-04
6.08897424e-02 3.07090214e-03 5.38429468e-04
6.12478600e-02 3.07173919e-03 5.46658891e-04
6.16059767e-02 1.53167750e-03 5.18682327e-04
6.19640924e-02 2.33226590e-03 5.39716591e-04
6.23222071e-02 2.36827291e-03 5.27507596e-04
6.26803207e-02 2.77758260e-03 5.45102827e-04
6.30384333e-02 1.74295796e-03 5.13087445e-04
6.33965448e-02 2.61264724e-03 5.19402544e-04
6.37546554e-02 2.66296416e-03 5.17029971e-04
6.41127648e-02 2.25610043e-03 5.39466034e-04
6.44708732e-02 2.74276831e-03 5.21166981e-04
6.48289806e-02 2.21094468e-03 5.08761364e-04
6.51870869e-02 1.41022541e-03 5.17121224e-04
6.55451921e-02 2.55511447e-03 5.06491577e-04
6.59032962e-02 1.51978049e-03 4.89646756e-04
6.62613993e-02 2.30826401e-03 4.96595098e-04
6.66195012e-02 1.86627655e-03 4.95430805e-04
6.69776021e-02 1.26484443e-03 5.02346661e-04
6.73357019e-02 1.68053912e-03 5.06464893e-04
6.76938005e-02 2.35301062e-03 5.08948966e-04
6.80518981e-02 2.53854961e-03 4.95546263e-04
6.84099945e-02 1.98000174e-03 4.80349055e-04
6.87680898e-02 2.04884130e-03 4.91123516e-04
6.91261840e-02 2.26514093e-03 4.82934786e-04
6.94842770e-02 2.15536019e-03 4.85504411e-04
6.98423689e-02 1.98871918e-03 4.86361393e-04
7.02004596e-02 1.61239819e-03 4.80485314e-04
7.05585492e-02 1.43666421e-03 4.94145763e-04
7.09166377e-02 2.15826471e-03 4.98309564e-04
7.12747249e-02 1.96634310e-03 4.75053196e-04
7.16328110e-02 1.34265104e-03 4.70966809e-04
7.19908959e-02 1.74784756e-03 4.79404564e-04
7.23489796e-02 1.82164497e-03 4.90197229e-04
7.27070622e-02 1.29187877e-03 4.76854309e-04
7.30651435e-02 1.89450222e-03 4.71343046e-04
7.34232237e-02 1.82373057e-03 4.72516366e-04
7.37813026e-02 1.71181442e-03 4.71059418e-04
7.41393803e-02 1.70570855e-03 4.76119029e-04
7.44974568e-02 2.44815498e-03 4.66856093e-04
7.48555321e-02 1.43847324e-03 4.58244184e-04
7.52136061e-02 2.12453766e-03 4.58909254e-04
7.55716789e-02 1.52564884e-03 4.64257511e-04
7.59297505e-02 7.02092678e-04 4.52269730e-04
7.62878208e-02 1.93679423e-03 4.82391286e-04
7.66458899e-02 1.67910165e-03 4.78563263e-04
7.70039577e-02 1.83749267e-03 4.67361677e-04
7.73620242e-02 2.01145007e-03 4.57145985e-04
7.77200895e-02 1.72612905e-03 4.67251499e-04
7.80781535e-02 1.36217015e-03 4.60466667e-04
7.84362162e-02 1.98179092e-03 4.79971702e-04
7.87942776e-02 5.07015547e-04 4.53018010e-04
7.91523377e-02 1.23715947e-03 4.53230887e-04
7.95103965e-02 7.10744711e-04 4.55568351e-04
7.98684540e-02 1.73684965e-03 4.50449455e-04
8.02265102e-02 1.69741774e-03 4.41718991e-04
8.05845651e-02 1.46490086e-03 4.44890179e-04
8.09426186e-02 1.30884778e-03 4.52846688e-04
8.13006709e-02 6.84402665e-04 4.37248566e-04
8.16587217e-02 1.00079337e-03 4.50574695e-04
8.20167713e-02 6.17310819e-04 4.39726092e-04
8.23748195e-02 7.76665398e-04 4.35413133e-04
8.27328663e-02 1.44925069e-03 4.23863173e-04
8.30909118e-02 1.25264437e-03 4.36590842e-04
8.34489559e-02 9.65835159e-04 4.26784626e-04
8.38069986e-02 5.12261682e-04 4.44222360e-04
8.41650400e-02 1.49179801e-03 4.41366963e-04
8.45230800e-02 1.54026609e-03 4.39038415e-04
8.48811185e-02 1.03363494e-03 4.50754219e-04
8.52391557e-02 1.72868064e-03 4.41858534e-04
8.55971915e-02 9.48101265e-04 4.36473408e-04
8.59552259e-02 3.15565750e-04 4.44623049e-04
8.63132589e-02 1.49260679e-03 4.42868395e-04
8.66712904e-02 1.30573017e-03 4.37419365e-04
8.70293205e-02 5.30768358e-04 4.38783587e-04
8.73873492e-02 1.59095946e-03 4.32598831e-04
8.77453765e-02 9.00247252e-04 4.45516036e-04
8.81034023e-02 4.71895483e-04 4.31659155e-04
8.84614267e-02 3.56195616e-04 4.35184698e-04
8.88194496e-02 1.10876082e-03 4.25868395e-04
8.91774710e-02 3.74447183e-04 4.25919500e-04
8.95354910e-02 1.14561194e-03 4.21745277e-04
8.98935095e-02 6.80008688e-04 4.31972957e-04
9.02515266e-02 1.26151945e-03 4.26332051e-04
9.06095421e-02 3.51008418e-04 4.28125543e-04
9.09675562e-02 7.88183013e-04 4.38383254e-04
9.13255687e-02 1.01683364e-03 4.36305180e-04
9.16835798e-02 6.54607382e-04 4.32972754e-04
9.20415894e-02 1.37863556e-03 4.32713414e-04
9.23995974e-02 1.27984446e-03 4.29473334e-04
9.27576039e-02 6.46959843e-04 4.33551062e-04
9.31156089e-02 1.22067685e-03 4.25171042e-04
9.34736124e-02 7.04571778e-04 4.33595273e-04
9.38316143e-02 5.04969381e-04 4.10530733e-04
9.41896147e-02 7.33543886e-04 4.25806113e-04
9.45476136e-02 8.51990257e-04 4.20166892e-04
9.49056108e-02 1.05569174e-03 4.11999499e-04
9.52636066e-02 1.87101712e-03 4.01332181e-04
9.56216007e-02 1.40227028e-03 4.22256092e-04
9.59795933e-02 1.95274477e-03 4.15130488e-04
9.63375843e-02 -2.63700112e-04 4.17650645e-04
9.66955738e-02 1.22115894e-03 4.01067783e-04
9.70535616e-02 6.12007139e-04 3.97945302e-04
9.74115478e-02 7.42615124e-04 4.07008317e-04
9.77695325e-02 3.57747391e-04 4.10377047e-04
9.81275155e-02 8.12964177e-04 4.03472964e-04
9.84854969e-02 8.04434708e-04 4.19488950e-04
9.88434768e-02 -8.34283246e-05 4.05808119e-04
9.92014549e-02 2.41566200e-04 4.05025612e-04
9.95594315e-02 7.88692752e-04 4.04016333e-04
9.99174064e-02 5.61897641e-04 3.93900022e-04
1.00275380e-01 1.25912595e-03 3.94370837e-04
1.00633351e-01 8.03090513e-04 3.98164114e-04
1.00991321e-01 6.66056423e-04 3.99444416e-04
1.01349290e-01 1.05216090e-03 4.01989747e-04
1.01707256e-01 6.79199605e-04 3.86453860e-04
1.02065221e-01 5.64016855e-04 3.95643658e-04
1.02423184e-01 1.00936172e-03 3.82414919e-04
1.02781146e-01 7.89591412e-04 4.02337477e-04
1.03139106e-01 3.21656687e-04 3.90496533e-04
1.03497064e-01 -3.32391628e-04 3.92519012e-04
1.03855021e-01 4.82996003e-04 3.91210493e-04
1.04212976e-01 3.87289208e-04 3.87414028e-04
1.04570929e-01 1.00375860e-03 3.96834246e-04
1.04928880e-01 9.78715930e-04 3.91957901e-04
1.05286830e-01 5.97253658e-04 3.99743789e-04
1.05644778e-01 3.79105863e-04 3.94507114e-04
1.06002724e-01 4.58261411e-04 4.01311729e-04
1.06360668e-01 9.39441944e-04 3.96933567e-04
1.06718611e-01 -5.03346692e-06 3.92836928e-04
1.07076552e-01 -6.02254715e-05 3.93281860e-04
1.07434491e-01 3.75045514e-04 4.05522608e-04
1.07792429e-01 6.71080639e-04 3.92770542e-04
1.08150364e-01 1.22067066e-04 4.00647806e-04
1.08508298e-01 1.38740918e-04 3.94284413e-04
1.08866230e-01 -2.33838532e-04 4.04479249e-04
1.09224160e-01 4.35218875e-04 3.98829203e-04
1.09582089e-01 7.88284806e-04 3.77379522e-04
1.09940016e-01 -2.00284465e-04 3.83446467e-04
1.10297941e-01 7.99385549e-04 4.09657512e-04
1.10655864e-01 5.91941252e-04 3.91398348e-04
1.11013785e-01 -7.18569602e-05 3.93834430e-04
1.11371704e-01 4.02865511e-04 3.70424542e-04
1.11729622e-01 6.17704700e-04 3.84153576e-04
1.12087538e-01 6.45266418e-04 3.83964361e-04
1.12445452e-01 5.31900313e-04 3.82905497e-04
1.12803364e-01 -1.25215860e-04 3.79593993e-04
1.13161274e-01 7.09124923e-04 3.77037485e-04
1.13519182e-01 6.48497677e-04 3.85287395e-04
1.13877089e-01 4.51382502e-04 3.84236769e-04
1.14234994e-01 2.88102577e-04 3.76337726e-04
1.14592896e-01 3.66117258e-04 3.77821776e-04
1.14950797e-01 1.70656786e-04 3.72182592e-04
1.15308696e-01 6.57222156e-04 3.92104696e-04
1.15666593e-01 4.41961518e-04 3.76951528e-04
1.16024488e-01 7.79690120e-04 3.71426392e-04
1.16382382e-01 2.94919374e-04 3.63679448e-04
1.16740273e-01 5.56136496e-04 3.79659363e-04
1.17098163e-01 3.90107813e-04 3.77303789e-04
1.17456050e-01 2.28005892e-04 3.66949086e-04
1.17813936e-01 4.01970299e-04 3.81491749e-04
1.18171819e-01 1.91752434e-04 3.71024390e-04
1.18529701e-01 4.60439699e-04 3.68520820e-04
1.18887581e-01 1.07036705e-04 3.71743622e-04
1.19245459e-01 6.48903210e-04 3.70558174e-04
1.19603335e-01 -3.57011338e-04 3.69610085e-04
1.19961208e-01 2.07509020e-04 3.70573365e-04
1.20319080e-01 2.31395109e-04 3.69704489e-04
1.20676950e-01 -1.34989902e-04 3.70554294e-04
1.21034818e-01 7.20451231e-04 3.76429884e-04
1.21392684e-01 3.06677833e-04 3.76387611e-04
1.21750548e-01 5.51341119e-04 3.78767689e-04
1.22108410e-01 5.74561901e-04 3.80084363e-04
1.22466270e-01 2.00503052e-04 3.93458916e-04
1.22824128e-01 2.71712588e-05 3.81348802e-04
1.23181984e-01 2.90257717e-04 3.70079762e-04
1.23539838e-01 4.48186667e-04 3.69039561e-04
1.23897690e-01 9.90682335e-04 3.74628112e-04
1.24255540e-01 8.71391937e-06 3.70224656e-04
1.24613388e-01 1.58775826e-04 3.68115151e-04
1.24971233e-01 2.02343773e-04 3.65707211e-04
1.25329077e-01 -2.46625239e-04 3.61696064e-04
1.25686919e-01 2.31050029e-04 3.55489778e-04
1.26044758e-01 1.52054245e-04 3.67014374e-04
1.26402596e-01 1.83297449e-04 3.65280713e-04
1.26760431e-01 5.84353662e-04 3.62061630e-04
1.27118265e-01 4.19374256e-04 3.55524069e-04
1.27476096e-01 4.73194478e-05 3.56917679e-04
1.27833925e-01 4.08370342e-04 3.52424569e-04
1.28191752e-01 2.53154145e-04 3.60197657e-04
1.28549577e-01 4.71880243e-04 3.52459026e-04
1.28907400e-01 -6.48021391e-05 3.55019443e-04
1.29265221e-01 4.46347499e-04 3.52411636e-04
1.29623040e-01 3.04874084e-04 3.59106239e-04
1.29980856e-01 -6.53257986e-05 3.48659037e-04
1.30338670e-01 2.07464579e-04 3.54153032e-04
1.30696483e-01 5.74930065e-04 3.50788715e-04
1.31054293e-01 3.71803356e-04 3.41517831e-04
1.31412101e-01 5.07097010e-04 3.49822572e-04
1.31769906e-01 2.24631722e-04 3.49265456e-04
1.32127710e-01 6.29466699e-05 3.42624763e-04
1.32485511e-01 4.77672881e-04 3.45106872e-04
1.32843311e-01 -3.54414917e-04 3.42805255e-04
1.33201108e-01 3.98572306e-04 3.35310382e-04
1.33558903e-01 6.54275799e-04 3.40321087e-04
1.33916695e-01 3.51461630e-04 3.38734570e-04
1.34274486e-01 4.08011945e-04 3.43629977e-04
1.34632274e-01 -3.19351784e-05 3.35471918e-04
1.34990060e-01 -5.04937595e-04 3.33024417e-04
1.35347844e-01 3.31952069e-04 3.31562015e-04
1.35705626e-01 5.85890739e-04 3.37488051e-04
1.36063405e-01 2.42284954e-06 3.38552390e-04
1.36421182e-01 -1.63186188e-04 3.30674918e-04
1.36778957e-01 -8.85099646e-05 3.27690071e-04
1.37136730e-01 -2.06870703e-04 3.31973061e-04
1.37494500e-01 -2.46173408e-04 3.33978231e-04
1.37852269e-01 4.86023437e-04 3.39063074e-04
1.38210034e-01 -2.47568819e-04 3.35973429e-04
1.38567798e-01 -3.89419943e-04 3.35446924e-04
1.38925559e-01 1.81143498e-04 3.33594595e-04
1.39283319e-01 -5.99965079e-05 3.35396425e-04
1.39641075e-01 2.57675858e-04 3.35089704e-04
1.39998830e-01 1.99523576e-04 3.32677191e-04
1.40356582e-01 -3.26096992e-04 3.35481646e-04
1.40714332e-01 1.18342129e-04 3.29331968e-04
1.41072080e-01 3.35534583e-04 3.29823773e-04
1.41429825e-01 2.14878830e-04 3.20934434e-04
1.41787568e-01 -7.16401626e-05 3.27679262e-04
1.42145308e-01 9.88526433e-05 3.20546828e-04
1.42503047e-01 -2.43735412e-04 3.28979516e-04
1.42860783e-01 -3.91699463e-05 3.19450858e-04
1.43218516e-01 -3.31546290e-06 3.23805401e-04
1.43576247e-01 4.25024724e-04 3.26241457e-04
1.43933976e-01 1.77236730e-04 3.36332309e-04
1.44291703e-01 1.29801157e-04 3.25418331e-04
1.44649427e-01 -4.32406663e-04 3.20947686e-04
1.45007149e-01 -1.32810615e-04 3.14590634e-04
1.45364868e-01 -2.56012925e-04 3.16740078e-04
1.45722585e-01 5.67214302e-06 3.14744028e-04
1.46080300e-01 -9.84005165e-05 3.14809740e-04
1.46438012e-01 4.95007084e-04 3.21123596e-04
1.46795722e-01 5.50598700e-04 3.19555356e-04
1.47153429e-01 -2.22348622e-04 3.20111711e-04
1.47511134e-01 2.24124693e-04 3.20201163e-04
1.47868837e-01 -7.49267556e-05 3.16374626e-04
1.48226537e-01 1.82882401e-05 3.21641098e-04
1.48584235e-01 -8.10821773e-05 3.13931304e-04
1.48941930e-01 2.81493170e-04 3.24172908e-04
1.49299623e-01 2.17016878e-04 3.13562881e-04
1.49657313e-01 3.00212358e-04 3.11940454e-04
1.50015001e-01 5.79659676e-04 3.11255863e-04
1.50372687e-01 2.87299982e-04 3.06184147e-04
1.50730370e-01 -8.96077468e-05 3.15599340e-04
1.51088050e-01 2.74348163e-04 3.12666908e-04
1.51445728e-01 -3.71995418e-04 3.12349011e-04
1.51803404e-01 -1.52157728e-04 3.13029025e-04
1.52161077e-01 5.87869900e-05 3.07748489e-04
1.52518747e-01 -1.37994363e-05 3.08082526e-04
1.52876416e-01 1.64316335e-04 3.08081672e-04
1.53234081e-01 1.70418278e-04 3.13545468e-04
1.53591744e-01 1.12243335e-04 3.03200631e-04
1.53949405e-01 1.27904040e-04 3.03842014e-04
1.54307063e-01 -6.65347382e-04 3.09886683e-04
1.54664718e-01 -2.82498648e-04 3.08637243e-04
1.55022371e-01 2.71243175e-04 3.07465262e-04
1.55380021e-01 8.25164271e-06 3.07572727e-04
1.55737669e-01 2.92466469e-05 3.00427696e-04
1.56095314e-01 2.89379295e-04 3.08619703e-04
1.56452957e-01 3.60793587e-04 3.05767657e-04
1.56810597e-01 -1.20997484e-04 3.06047433e-04
1.57168235e-01 5.15375920e-05 3.09172109e-04
1.57525870e-01 -3.02511965e-04 3.04562552e-04
1.57883502e-01 -5.93955542e-05 3.03261450e-04
1.58241132e-01 -2.49847394e-04 2.97216097e-04
1.58598759e-01 1.31552004e-04 3.10082564e-04
1.58956384e-01 -2.52766841e-05 3.03268019e-04
1.59314006e-01 -7.90590560e-04 2.97789706e-04
1.59671625e-01 -8.19542177e-05 3.02187540e-04
1.60029242e-01 -1.32387623e-04 3.01058263e-04
1.60386856e-01 1.65476666e-04 3.02645316e-04
1.60744468e-01 1.21507132e-04 3.03439344e-04
1.61102076e-01 -4.80128575e-04 3.01209250e-04
1.61459683e-01 -2.28950558e-04 2.98036219e-04
1.61817286e-01 -9.91505368e-05 2.96420613e-04
1.62174887e-01 8.91651036e-04 3.02391914e-04
1.62532485e-01 3.07049500e-04 2.96163027e-04
1.62890081e-01 -4.63129968e-04 2.90529424e-04
1.63247674e-01 3.52616453e-05 2.96437347e-04
1.63605264e-01 -3.95793508e-04 2.90936859e-04
1.63962852e-01 5.57248104e-05 2.97748309e-04
1.64320437e-01 1.14801563e-04 2.96377715e-04
1.64678019e-01 -2.40730367e-04 2.94697680e-04
1.65035598e-01 -3.95105321e-04 2.90994464e-04
1.65393175e-01 4.17290773e-04 2.95312023e-04
1.65750749e-01 1.52249359e-04 2.92042080e-04
1.66108320e-01 -2.13694546e-04 2.96093085e-04
1.66465889e-01 -2.21323640e-04 2.95059990e-04
1.66823455e-01 -2.42466218e-04 2.94693436e-04
1.67181018e-01 4.21011000e-04 2.98936456e-04
1.67538578e-01 -5.86455142e-05 2.93872674e-04
1.67896136e-01 3.83868440e-04 2.94644068e-04
1.68253691e-01 -8.80336834e-05 2.91813109e-04
1.68611243e-01 -5.56683355e-04 2.93203721e-04
1.68968792e-01 2.79058224e-05 2.89773247e-04
1.69326339e-01 -9.28546203e-05 2.83814876e-04
1.69683883e-01 -4.08983644e-05 2.86690535e-04
1.70041424e-01 2.90796914e-04 2.92163171e-04
1.70398962e-01 3.64376974e-04 2.83342502e-04
1.70756497e-01 -1.41224687e-04 2.85948923e-04
1.71114030e-01 4.03595490e-04 2.89603244e-04
1.71471560e-01 -1.53606433e-04 2.85644145e-04
1.71829087e-01 -3.17635669e-04 2.84677290e-04
1.72186611e-01 1.99967601e-04 2.86964886e-04
1.72544132e-01 4.81159484e-04 2.82368200e-04
1.72901651e-01 1.77832956e-05 2.88543292e-04
1.73259167e-01 3.53299132e-04 2.89034394e-04
1.73616679e-01 5.18129776e-05 2.86994122e-04
1.73974189e-01 4.43825160e-04 2.85587517e-04
1.74331697e-01 2.72576681e-05 2.83944064e-04
1.74689201e-01 -3.04249664e-04 2.82995968e-04
1.75046702e-01 2.27294878e-04 2.85619264e-04
1.75404201e-01 2.21571750e-04 2.79810359e-04
1.75761697e-01 1.55939749e-06 2.79168463e-04
1.76119189e-01 7.27160490e-05 2.85866403e-04
1.76476679e-01 2.50184882e-04 2.85555550e-04
1.76834166e-01 3.01087423e-04 2.78364573e-04
1.77191650e-01 1.16640616e-04 2.81166188e-04
1.77549132e-01 -3.20700995e-04 2.79148065e-04
1.77906610e-01 -4.96144050e-05 2.85176939e-04
1.78264085e-01 -9.12295197e-05 2.81375083e-04
1.78621558e-01 3.27734056e-04 2.79586020e-04
1.78979027e-01 -4.61037345e-05 2.73798205e-04
1.79336494e-01 6.97215415e-04 2.77063829e-04
1.79693958e-01 2.79552393e-04 2.78744331e-04
1.80051418e-01 2.05374091e-04 2.74654256e-04
1.80408876e-01 -1.83324182e-05 2.85531231e-04
1.80766331e-01 1.39724590e-04 2.85350116e-04
1.81123783e-01 -2.27468055e-04 2.80107063e-04
1.81481232e-01 1.65684397e-04 2.84609772e-04
1.81838677e-01 2.59369210e-04 2.82028539e-04
1.82196120e-01 2.10962369e-04 2.77857916e-04
1.82553560e-01 5.52170042e-05 2.82123849e-04
1.82910997e-01 -2.15979564e-04 2.79424601e-04
1.83268431e-01 -2.38939061e-04 2.81299924e-04
1.83625862e-01 6.45785076e-04 2.90617802e-04
1.83983290e-01 -1.32473319e-04 2.88718036e-04
1.84340715e-01 -4.70239164e-05 2.86400181e-04
1.84698137e-01 1.12769044e-04 2.85674421e-04
1.85055556e-01 1.23910699e-04 2.78173075e-04
1.85412971e-01 -7.08658695e-05 2.85756430e-04
1.85770384e-01 2.78617914e-04 2.85381813e-04
1.86127794e-01 -8.62181313e-05 2.84257198e-04
1.86485200e-01 1.00036330e-04 2.78863640e-04
1.86842604e-01 1.42667724e-04 2.80102381e-04
1.87200005e-01 5.49204560e-04 2.77619701e-04
1.87557402e-01 -2.92076568e-04 2.78482151e-04
1.87914797e-01 -4.66752149e-06 2.78720491e-04
1.88272188e-01 6.00465618e-05 2.82045852e-04
1.88629576e-01 -3.33666926e-04 2.70068524e-04
1.88986961e-01 -2.48383949e-04 2.72813576e-04
1.89344343e-01 2.62387429e-04 2.79217255e-04
1.89701722e-01 -4.48437409e-05 2.72037852e-04
1.90059098e-01 -6.71754663e-05 2.74590865e-04
1.90416471e-01 -2.01700015e-05 2.77078515e-04
1.90773840e-01 -1.22149233e-04 2.73278515e-04
1.91131207e-01 1.42861794e-04 2.67020431e-04
1.91488570e-01 -7.12683234e-05 2.63937792e-04
1.91845930e-01 -1.18029119e-04 2.71885105e-04
1.92203287e-01 -1.79137035e-04 2.70832229e-04
1.92560641e-01 -1.68010688e-04 2.69910055e-04
1.92917992e-01 3.77248814e-04 2.73492375e-04
1.93275340e-01 -7.43143955e-05 2.66149474e-04
1.93632684e-01 -1.85630906e-05 2.78346496e-04
1.93990025e-01 1.45940532e-04 2.71790436e-04
1.94347363e-01 -1.36083383e-05 2.77130705e-04
1.94704698e-01 -2.09974841e-04 2.71084258e-04
1.95062030e-01 1.85309245e-04 2.75973136e-04
1.95419358e-01 -8.35899955e-05 2.68200518e-04
1.95776684e-01 -2.85162094e-04 2.72302894e-04
1.96134006e-01 7.41833705e-04 2.79279695e-04
1.96491324e-01 3.08566538e-04 2.73804254e-04
1.96848640e-01 -1.98353147e-04 2.69999946e-04
1.97205953e-01 -2.47901680e-04 2.71849165e-04
1.97563262e-01 -1.05262293e-04 2.72131269e-04
1.97920568e-01 -5.71796900e-05 2.69186693e-04
1.98277870e-01 1.07575651e-04 2.73658830e-04
1.98635170e-01 -3.77861006e-04 2.75370226e-04
1.98992466e-01 1.05967289e-04 2.78327997e-04
1.99349759e-01 2.81635050e-04 2.74937521e-04
1.99707049e-01 -2.58295328e-04 2.64540641e-04
2.00064335e-01 -3.82965029e-04 2.63745758e-04
2.00421618e-01 2.89251644e-04 2.65415508e-04
2.00778898e-01 -9.80588431e-05 2.67947319e-04
2.01136174e-01 1.26619177e-04 2.63971650e-04
2.01493448e-01 -1.28909887e-04 2.62435551e-04
2.01850718e-01 6.81781024e-05 2.57367880e-04
2.02207984e-01 -1.40698488e-04 2.59421167e-04
2.02565248e-01 -6.04917739e-05 2.62198372e-04
2.02922508e-01 5.02101351e-06 2.60426516e-04
2.03279764e-01 4.16494900e-05 2.60569738e-04
2.03637018e-01 -1.23021964e-04 2.61768835e-04
2.03994268e-01 -2.45206268e-04 2.60522148e-04
2.04351514e-01 4.45482895e-05 2.58060381e-04
2.04708758e-01 -2.49360751e-05 2.57312722e-04
2.05065998e-01 -2.38956302e-04 2.60710990e-04
2.05423234e-01 4.05657274e-04 2.59652378e-04
2.05780467e-01 -1.91315737e-05 2.61005117e-04
2.06137697e-01 1.76538179e-04 2.55278365e-04
2.06494924e-01 1.45731284e-05 2.57430733e-04
2.06852147e-01 -2.34150303e-04 2.51188208e-04
2.07209367e-01 -1.83477009e-04 2.54895859e-04
2.07566583e-01 8.23056948e-05 2.57307697e-04
2.07923796e-01 -6.52629364e-05 2.57345399e-04
2.08281005e-01 1.38483137e-04 2.55470267e-04
2.08638211e-01 -1.61987443e-04 2.49626335e-04
2.08995414e-01 2.21422271e-04 2.56177107e-04
2.09352613e-01 1.57735667e-04 2.55313518e-04
2.09709809e-01 2.73688720e-04 2.56726329e-04
2.10067002e-01 3.17562620e-04 2.52957898e-04
2.10424191e-01 4.49084681e-04 2.55152928e-04
2.10781376e-01 -1.69448374e-04 2.51440719e-04
2.11138558e-01 -2.28406280e-04 2.46051294e-04
2.11495737e-01 4.35130275e-05 2.49484630e-04
2.11852912e-01 5.47183982e-05 2.54210146e-04
2.12210084e-01 4.04600310e-04 2.51866741e-04
2.12567252e-01 6.52822391e-05 2.51706941e-04
2.12924416e-01 3.10378230e-04 2.46992991e-04
2.13281578e-01 -1.59170850e-05 2.48374104e-04
2.13638735e-01 2.69639642e-04 2.46366472e-04
2.13995890e-01 -1.93805486e-05 2.49301462e-04
2.14353040e-01 1.35678336e-04 2.47515874e-04
2.14710188e-01 1.33608802e-04 2.47584613e-04
2.15067331e-01 -2.35591898e-04 2.44354986e-04
2.15424471e-01 3.38165065e-04 2.52036887e-04
2.15781608e-01 2.41687763e-04 2.48163595e-04
2.16138741e-01 2.38934833e-04 2.45324861e-04
2.16495871e-01 1.18606084e-04 2.42088293e-04
2.16852997e-01 -1.43816454e-04 2.42822149e-04
2.17210119e-01 -2.08697157e-04 2.46964046e-04
2.17567238e-01 -2.74076521e-04 2.46168104e-04
2.17924354e-01 8.14599939e-05 2.41118131e-04
2.18281465e-01 -4.01418311e-04 2.41210114e-04
2.18638574e-01 2.64895479e-04 2.41802411e-04
2.18995678e-01 -2.13578355e-05 2.44391392e-04
2.19352779e-01 -1.53768665e-05 2.36957288e-04
2.19709877e-01 -1.59265352e-04 2.38833067e-04
2.20066971e-01 3.04879476e-04 2.49385317e-04
2.20424061e-01 -2.47750159e-05 2.44682639e-04
2.20781147e-01 2.16524923e-04 2.43274862e-04
2.21138230e-01 -1.25135193e-04 2.37082728e-04
2.21495310e-01 -4.00531781e-04 2.42393182e-04
2.21852386e-01 1.87975496e-05 2.40201477e-04
2.22209458e-01 3.55767506e-04 2.42409979e-04
2.22566526e-01 -1.83873041e-04 2.41393169e-04
2.22923591e-01 2.26493325e-06 2.39067553e-04
2.23280652e-01 7.63250038e-05 2.37662326e-04
2.23637710e-01 -7.76438691e-05 2.43012290e-04
2.23994764e-01 -2.96494058e-05 2.39494408e-04
2.24351814e-01 2.87914331e-04 2.37906000e-04
2.24708861e-01 -1.88306439e-05 2.36217062e-04
2.25065904e-01 1.90990195e-04 2.34887340e-04
2.25422943e-01 5.23773485e-05 2.40818001e-04
2.25779978e-01 -7.54606211e-05 2.43315803e-04
2.26137010e-01 -7.11950458e-05 2.33659778e-04
2.26494038e-01 1.52940720e-04 2.32517440e-04
2.26851063e-01 2.30619490e-04 2.36931120e-04
2.27208083e-01 -1.49957668e-04 2.38615461e-04
2.27565100e-01 -4.89541118e-06 2.35868255e-04
2.27922114e-01 1.11661821e-04 2.35008293e-04
2.28279123e-01 -1.63691613e-04 2.35261438e-04
2.28636129e-01 3.05188130e-04 2.35410991e-04
2.28993131e-01 -2.57278081e-04 2.32994462e-04
2.29350129e-01 7.75537375e-05 2.32129266e-04
2.29707124e-01 -3.08496591e-04 2.35726698e-04
2.30064115e-01 -1.99565815e-05 2.31258923e-04
2.30421102e-01 4.05093719e-04 2.33666188e-04
2.30778085e-01 -1.85511639e-05 2.32976054e-04
2.31135064e-01 4.32816076e-05 2.30257381e-04
2.31492040e-01 -7.08996674e-05 2.32893407e-04
2.31849012e-01 -1.96140497e-04 2.33006545e-04
2.32205980e-01 -9.82726823e-05 2.26106613e-04
2.32562944e-01 -2.24741524e-04 2.25596178e-04
2.32919905e-01 1.89383638e-04 2.30313283e-04
2.33276862e-01 -2.37200931e-04 2.29229826e-04
2.33633814e-01 3.33685417e-04 2.29906235e-04
2.33990763e-01 -6.32851484e-05 2.29974474e-04
2.34347709e-01 1.47306765e-04 2.32098642e-04
2.34704650e-01 -2.98144335e-06 2.27429817e-04
2.35061588e-01 2.08758503e-05 2.33373541e-04
2.35418521e-01 1.60400545e-04 2.28819321e-04
2.35775451e-01 1.20278500e-04 2.26858173e-04
2.36132377e-01 -3.70495143e-04 2.30797772e-04
2.36489299e-01 1.45121509e-04 2.25266827e-04
2.36846218e-01 3.59520852e-04 2.30594291e-04
2.37203132e-01 7.77202653e-05 2.27046072e-04
2.37560042e-01 1.13790803e-04 2.28617744e-04
2.37916949e-01 -1.74422146e-04 2.25442525e-04
2.38273852e-01 1.42410073e-04 2.26083131e-04
2.38630751e-01 7.07485877e-05 2.27194516e-04
2.38987645e-01 1.48670112e-04 2.25741270e-04
2.39344537e-01 1.03614825e-04 2.25886523e-04
2.39701424e-01 -9.30143515e-05 2.23299035e-04
2.40058307e-01 2.14854176e-04 2.23251461e-04
2.40415186e-01 2.89329575e-04 2.23378644e-04
2.40772061e-01 -1.45450506e-04 2.24120332e-04
2.41128933e-01 -8.56824162e-05 2.29478546e-04
2.41485800e-01 2.24685178e-04 2.23059033e-04
2.41842664e-01 -2.45290471e-05 2.24123532e-04
2.42199523e-01 3.12920555e-04 2.22036915e-04
2.42556379e-01 9.35708048e-05 2.20507404e-04
2.42913230e-01 -1.86815114e-04 2.24999189e-04
2.43270078e-01 -3.54746545e-04 2.22026018e-04
2.43626922e-01 3.14661451e-04 2.23781867e-04
2.43983761e-01 2.82804574e-04 2.20236310e-04
2.44340597e-01 7.96861378e-05 2.18002106e-04
2.44697429e-01 -1.28477371e-04 2.18233068e-04
2.45054256e-01 1.15338717e-04 2.19217235e-04
2.45411080e-01 1.92257946e-04 2.20089486e-04
2.45767900e-01 1.64485371e-04 2.17507555e-04
2.46124715e-01 3.63020903e-04 2.21959823e-04
2.46481527e-01 2.22529406e-04 2.19736842e-04
2.46838334e-01 1.61034635e-05 2.18159102e-04
2.47195138e-01 3.04817392e-04 2.17846914e-04
2.47551938e-01 -1.70671425e-04 2.17664900e-04
2.47908733e-01 2.06657149e-04 2.16380440e-04
2.48265524e-01 -2.11444181e-04 2.17976163e-04
2.48622312e-01 -4.00608511e-04 2.15575795e-04
2.48979095e-01 1.93605557e-04 2.17123543e-04
2.49335874e-01 -3.89871190e-04 2.17657549e-04
2.49692649e-01 1.51452595e-04 2.14443225e-04
2.50049420e-01 1.20249647e-04 2.15896900e-04
2.50406187e-01 2.74031366e-04 2.17194348e-04
2.50762950e-01 1.88825524e-04 2.18487035e-04
2.51119709e-01 1.06138639e-04 2.13180421e-04
2.51476464e-01 -9.70554007e-05 2.12315680e-04
2.51833214e-01 4.16001892e-04 2.13735974e-04
2.52189961e-01 2.63366703e-04 2.11736009e-04
2.52546703e-01 -2.37324550e-04 2.12086723e-04
2.52903441e-01 9.62258099e-05 2.14534789e-04
2.53260175e-01 -1.86816081e-04 2.13395560e-04
2.53616905e-01 -8.92856354e-05 2.11858523e-04
2.53973631e-01 -2.03997181e-04 2.13041517e-04
2.54330352e-01 -3.00886771e-05 2.08841781e-04
2.54687070e-01 6.15129461e-05 2.14679149e-04
2.55043783e-01 -1.09900482e-04 2.10459291e-04
2.55400492e-01 -3.07839821e-05 2.09323734e-04
2.55757197e-01 -2.14692172e-04 2.11466876e-04
2.56113898e-01 4.67546738e-04 2.15173871e-04
2.56470595e-01 1.53963236e-04 2.13101077e-04
2.56827287e-01 -4.04324261e-04 2.12051897e-04
2.57183975e-01 2.07497933e-05 2.13836747e-04
2.57540659e-01 9.41614671e-05 2.16162439e-04
2.57897339e-01 -2.90982348e-04 2.13242607e-04
2.58254014e-01 -5.90511071e-05 2.18156477e-04
2.58610686e-01 1.12564781e-04 2.14604618e-04
2.58967353e-01 3.68951979e-04 2.18861121e-04
2.59324016e-01 2.39636702e-04 2.18988992e-04
2.59680674e-01 -8.71428619e-05 2.15355312e-04
2.60037329e-01 -1.03185509e-04 2.19000548e-04
2.60393979e-01 -1.21060955e-04 2.14228139e-04
2.60750625e-01 1.77682893e-04 2.15382039e-04
2.61107266e-01 -9.21882357e-05 2.13819133e-04
2.61463904e-01 1.43183280e-04 2.18258675e-04
2.61820537e-01 1.96274769e-04 2.17159175e-04
2.62177166e-01 4.02300104e-04 2.18879980e-04
2.62533790e-01 1.85632837e-04 2.15561950e-04
2.62890410e-01 -1.17093709e-04 2.14456718e-04
2.63247026e-01 1.93508427e-04 2.14938995e-04
2.63603638e-01 1.16298999e-04 2.12701566e-04
2.63960245e-01 1.46585627e-04 2.14782118e-04
2.64316848e-01 1.37286604e-04 2.13618139e-04
2.64673447e-01 2.90846893e-04 2.12664485e-04
2.65030042e-01 8.54542414e-05 2.12974359e-04
2.65386632e-01 -6.96224274e-05 2.07612854e-04
2.65743217e-01 -9.89880110e-05 2.12212325e-04
2.66099799e-01 3.35812595e-04 2.12589044e-04
2.66456376e-01 -9.10268668e-05 2.14077984e-04
2.66812948e-01 2.92592105e-04 2.17067059e-04
2.67169517e-01 3.51053803e-05 2.12715591e-04
2.67526081e-01 -3.37922626e-05 2.16379167e-04
2.67882640e-01 1.99727394e-04 2.20976572e-04
2.68239195e-01 1.87819967e-04 2.17992139e-04
2.68595746e-01 6.67617993e-05 2.15084450e-04
2.68952293e-01 -2.63807486e-04 2.16008040e-04
2.69308835e-01 -1.34354475e-04 2.20376163e-04
2.69665372e-01 2.78604767e-04 2.26874727e-04
2.70021906e-01 -6.07035264e-05 2.21187676e-04
2.70378435e-01 -5.13843263e-04 2.20692618e-04
2.70734959e-01 -1.67575246e-04 2.28242312e-04
2.71091479e-01 2.30456673e-04 2.19555924e-04
2.71447995e-01 2.45831890e-04 2.23389710e-04
2.71804506e-01 -7.40453702e-05 2.17216761e-04
2.72161012e-01 2.33563995e-04 2.26520796e-04
2.72517515e-01 -1.67166195e-04 2.23765182e-04
2.72874012e-01 1.46678875e-04 2.25386214e-04
