1.54026655e-02 1.05665622e-02 1.73315088e-03
1.57608633e-02 9.80381222e-03 1.65235015e-03
1.61190608e-02 8.62652603e-03 1.55511904e-03
1.64772580e-02 1.03814190e-02 1.50035860e-03
1.68354550e-02 9.50047062e-03 1.41034058e-03
1.71936517e-02 1.03077351e-02 1.43651384e-03
1.75518481e-02 9.66551244e-03 1.37834089e-03
1.79100442e-02 1.01404655e-02 1.37245886e-03
1.82682400e-02 1.17573794e-02 1.37213941e-03
1.86264355e-02 1.25294070e-02 1.22415912e-03
1.89846308e-02 1.03176456e-02 1.23776314e-03
1.93428257e-02 1.21021083e-02 1.22945477e-03
1.97010202e-02 1.04057982e-02 1.14259116e-03
2.00592145e-02 1.05118771e-02 1.16906004e-03
2.04174084e-02 1.06119433e-02 1.20083363e-03
2.07756020e-02 9.66840689e-03 1.12220730e-03
2.11337953e-02 1.30828032e-02 1.08535813e-03
2.14919882e-02 1.18239854e-02 1.13576381e-03
2.18501808e-02 1.17366837e-02 1.08583447e-03
2.22083729e-02 1.08326377e-02 1.06881837e-03
2.25665648e-02 1.15278454e-02 1.07616118e-03
2.29247562e-02 1.13786174e-02 1.01835390e-03
2.32829473e-02 1.13911313e-02 9.96534751e-04
2.36411380e-02 1.28859900e-02 9.98212116e-04
2.39993283e-02 1.19428507e-02 9.75858681e-04
2.43575182e-02 1.09566728e-02 9.29557918e-04
2.47157077e-02 1.20845158e-02 9.44872807e-04
2.50738968e-02 1.06356981e-02 9.47312070e-04
2.54320855e-02 1.21736427e-02 9.28838959e-04
2.57902738e-02 1.06183835e-02 8.87936879e-04
2.61484617e-02 1.19314920e-02 9.02009589e-04
2.65066491e-02 1.03299820e-02 8.93501642e-04
2.68648361e-02 1.01261369e-02 9.04323372e-04
2.72230226e-02 1.22963008e-02 8.48812634e-04
2.75812087e-02 1.14391866e-02 8.85331612e-04
2.79393943e-02 1.25301983e-02 8.41893735e-04
2.82975795e-02 1.17127124e-02 9.14411570e-04
2.86557642e-02 1.06447142e-02 8.92025104e-04
2.90139485e-02 1.08746844e-02 8.85357232e-04
2.93721323e-02 9.93311619e-03 8.46409350e-04
2.97303155e-02 1.22401422e-02 8.80942798e-04
3.00884983e-02 9.45751615e-03 8.71958306e-04
3.04466806e-02 1.02873231e-02 9.05589729e-04
3.08048624e-02 1.12039937e-02 8.82366135e-04
3.11630437e-02 1.13797347e-02 8.20135367e-04
3.15212245e-02 1.07003981e-02 8.42952020e-04
3.18794048e-02 1.22025149e-02 8.56256727e-04
3.22375845e-02 1.01934057e-02 8.09844375e-04
3.25957637e-02 1.16167188e-02 9.00027966e-04
3.29539424e-02 1.00049674e-02 8.62242778e-04
3.33121205e-02 1.03815654e-02 8.47943332e-04
3.36702981e-02 1.10844982e-02 8.33565011e-04
3.40284751e-02 1.07272365e-02 8.25047824e-04
3.43866516e-02 1.01650388e-02 8.46604041e-04
3.47448275e-02 9.74183277e-03 7.83584952e-04
3.51030028e-02 1.08370188e-02 8.07420880e-04
3.54611775e-02 9.76426076e-03 7.96434803e-04
3.58193517e-02 1.22069600e-02 7.94082114e-04
3.61775253e-02 1.08873736e-02 7.45753883e-04
3.65356983e-02 1.07738864e-02 7.73821131e-04
3.68938706e-02 1.09091553e-02 7.60922587e-04
3.72520424e-02 9.79115357e-03 7.95549238e-04
3.76102136e-02 1.20416247e-02 7.58751511e-04
3.79683841e-02 1.01888919e-02 7.21563277e-04
3.83265540e-02 1.11409543e-02 7.45759476e-04
3.86847233e-02 9.95827147e-03 7.15584205e-04
3.90428920e-02 1.13267619e-02 7.29369300e-04
3.94010600e-02 1.04521240e-02 7.19146777e-04
3.97592273e-02 9.74472667e-03 7.03688265e-04
4.01173941e-02 9.96306404e-03 7.17260427e-04
4.04755601e-02 9.37779647e-03 6.99056549e-04
4.08337255e-02 1.04804175e-02 6.58734956e-04
4.11918902e-02 1.00026931e-02 7.25340565e-04
4.15500542e-02 9.95103638e-03 7.07432896e-04
4.19082176e-02 9.11658259e-03 6.60773965e-04
4.22663802e-02 1.00608563e-02 7.04662022e-04
4.26245422e-02 9.77585124e-03 6.94192700e-04
4.29827034e-02 8.98255057e-03 7.13897517e-04
4.33408640e-02 9.89941025e-03 7.05960733e-04
4.36990238e-02 1.01221961e-02 7.20430729e-04
4.40571830e-02 9.07922493e-03 7.12017376e-04
4.44153414e-02 8.96199176e-03 7.03878097e-04
4.47734990e-02 8.35976706e-03 6.97617121e-04
4.51316560e-02 8.52287884e-03 6.88896099e-04
4.54898122e-02 9.01264513e-03 6.82622563e-04
4.58479676e-02 9.53335526e-03 7.29529909e-04
4.62061223e-02 1.05067773e-02 6.93804315e-04
4.65642762e-02 9.34180833e-03 6.89743892e-04
4.69224294e-02 8.24560905e-03 6.85441042e-04
4.72805818e-02 9.07503365e-03 7.04405851e-04
4.76387334e-02 8.86972107e-03 6.64368162e-04
4.79968842e-02 8.30673074e-03 6.49183988e-04
4.83550342e-02 8.57618085e-03 6.50760100e-04
4.87131835e-02 8.78836178e-03 6.75617582e-04
4.90713319e-02 8.83227379e-03 6.24155658e-04
4.94294795e-02 9.09088038e-03 6.59768109e-04
4.97876264e-02 8.95619847e-03 6.49016028e-04
5.01457724e-02 9.26626710e-03 6.48435392e-04
5.05039175e-02 9.06010021e-03 6.27785029e-04
5.08620619e-02 8.91593428e-03 6.02988464e-04
5.12202054e-02 8.17986175e-03 6.26844960e-04
5.15783481e-02 7.67117486e-03 6.46202652e-04
5.19364899e-02 8.04117479e-03 6.24885745e-04
5.22946308e-02 8.61290453e-03 5.96476876e-04
5.26527709e-02 7.73107356e-03 6.06240559e-04
5.30109102e-02 8.85111975e-03 6.02538226e-04
5.33690485e-02 7.66551760e-03 6.11905609e-04
5.37271860e-02 8.76356678e-03 6.13483166e-04
5.40853226e-02 7.33693885e-03 5.88856428e-04
5.44434583e-02 8.36082316e-03 6.00649752e-04
5.48015932e-02 7.07062125e-03 5.90685368e-04
5.51597271e-02 7.82181834e-03 5.90570049e-04
5.55178601e-02 6.95537927e-03 5.95093978e-04
5.58759922e-02 7.34287976e-03 5.89676103e-04
5.62341234e-02 8.39138305e-03 5.98394449e-04
5.65922536e-02 7.58337861e-03 5.86411349e-04
5.69503829e-02 6.88471439e-03 5.80355489e-04
5.73085113e-02 6.51644020e-03 6.03877201e-04
5.76666388e-02 7.03301289e-03 5.64414261e-04
5.80247653e-02 7.33037359e-03 5.72681012e-04
5.83828908e-02 6.76360784e-03 5.65951102e-04
5.87410154e-02 7.63095819e-03 5.53068493e-04
5.90991390e-02 7.45098929e-03 5.58570553e-04
5.94572616e-02 7.06453087e-03 5.54733796e-04
5.98153833e-02 6.15760752e-03 5.51196327e-04
6.01735040e-02 7.44339239e-03 5.47942612e-04
6.05316237e-02 7.55679581e-03 5.51347049e-04
6.08897424e-02 6.56963431e-03 5.25835708e-04
6.12478600e-02 6.08062590e-03 5.49918147e-04
6.16059767e-02 7.62313534e-03 5.42423517e-04
6.19640924e-02 7.44711443e-03 5.30207012e-04
6.23222071e-02 6.32394853e-03 5.32411964e-04
6.26803207e-02 6.29477904e-03 5.41766084e-04
6.30384333e-02 5.85844056e-03 5.50166772e-04
6.33965448e-02 6.38727845e-03 5.33032234e-04
6.37546554e-02 7.94558140e-03 5.36213588e-04
6.41127648e-02 6.77047246e-03 5.43527945e-04
6.44708732e-02 6.67408050e-03 5.24137548e-04
6.48289806e-02 5.46418152e-03 5.17742482e-04
6.51870869e-02 6.56566941e-03 5.30434456e-04
6.55451921e-02 5.77113148e-03 5.04586422e-04
6.59032962e-02 5.72820571e-03 5.01730198e-04
6.62613993e-02 5.67163099e-03 5.14840626e-04
6.66195012e-02 5.75945175e-03 5.14259128e-04
6.69776021e-02 5.67801070e-03 5.10009755e-04
6.73357019e-02 5.47639460e-03 5.23117916e-04
6.76938005e-02 6.56319646e-03 5.10846446e-04
6.80518981e-02 6.41760142e-03 4.99964965e-04
6.84099945e-02 5.47178701e-03 5.01783035e-04
6.87680898e-02 5.82358349e-03 5.06076798e-04
6.91261840e-02 5.54618597e-03 5.04540825e-04
6.94842770e-02 5.15803525e-03 4.86768859e-04
6.98423689e-02 5.03942170e-03 4.96126690e-04
7.02004596e-02 5.26207633e-03 5.01164633e-04
7.05585492e-02 5.62046136e-03 4.90795859e-04
7.09166377e-02 4.63380257e-03 5.07212179e-04
7.12747249e-02 4.91890759e-03 4.99636115e-04
7.16328110e-02 4.77809741e-03 4.97884428e-04
7.19908959e-02 4.32184167e-03 4.98415630e-04
7.23489796e-02 4.88013069e-03 4.91644523e-04
7.27070622e-02 4.16441987e-03 4.84264944e-04
7.30651435e-02 3.89818018e-03 4.60244868e-04
7.34232237e-02 4.39768171e-03 4.77662221e-04
7.37813026e-02 4.31172980e-03 4.84978271e-04
7.41393803e-02 4.52965217e-03 4.88701520e-04
7.44974568e-02 4.68763444e-03 4.79328400e-04
7.48555321e-02 5.31677326e-03 5.01819779e-04
7.52136061e-02 4.56435590e-03 4.89689635e-04
7.55716789e-02 4.45196357e-03 4.87461534e-04
7.59297505e-02 3.82993054e-03 4.67373224e-04
7.62878208e-02 4.57500355e-03 4.57034468e-04
7.66458899e-02 5.01579680e-03 4.81846936e-04
7.70039577e-02 4.69812905e-03 4.62965949e-04
7.73620242e-02 3.99441327e-03 4.48920994e-04
7.77200895e-02 3.89223250e-03 4.61512455e-04
7.80781535e-02 4.24165618e-03 4.45153455e-04
7.84362162e-02 3.47768086e-03 4.66875168e-04
7.87942776e-02 3.65247681e-03 4.78264296e-04
7.91523377e-02 4.87137314e-03 4.55495108e-04
7.95103965e-02 4.43579669e-03 4.53821132e-04
7.98684540e-02 4.09734804e-03 4.50009212e-04
8.02265102e-02 2.99880723e-03 4.59758157e-04
8.05845651e-02 4.00148564e-03 4.59171790e-04
8.09426186e-02 3.84542588e-03 4.51115657e-04
8.13006709e-02 3.71043026e-03 4.50874026e-04
8.16587217e-02 4.28465151e-03 4.66038352e-04
8.20167713e-02 3.61540731e-03 4.55817545e-04
8.23748195e-02 3.55647055e-03 4.66636521e-04
8.27328663e-02 2.45739772e-03 4.36545855e-04
8.30909118e-02 3.73489662e-03 4.48806616e-04
8.34489559e-02 3.90778571e-03 4.44461530e-04
8.38069986e-02 3.76332299e-03 4.58445879e-04
8.41650400e-02 3.38822881e-03 4.51460145e-04
8.45230800e-02 3.65796941e-03 4.42096645e-04
8.48811185e-02 3.31292680e-03 4.48323440e-04
8.52391557e-02 2.03302266e-03 4.47805270e-04
8.55971915e-02 4.24152280e-03 4.53359327e-04
8.59552259e-02 3.69661793e-03 4.65317371e-04
8.63132589e-02 2.97694360e-03 4.50709722e-04
8.66712904e-02 2.83474848e-03 4.44597541e-04
8.70293205e-02 3.34575250e-03 4.54941331e-04
8.73873492e-02 2.92976304e-03 4.36848373e-04
8.77453765e-02 2.63784039e-03 4.41987840e-04
8.81034023e-02 3.30787842e-03 4.42499454e-04
8.84614267e-02 3.28376335e-03 4.39367091e-04
8.88194496e-02 2.76051303e-03 4.37510717e-04
8.91774710e-02 2.88732945e-03 4.47614707e-04
8.95354910e-02 3.59140813e-03 4.39513681e-04
8.98935095e-02 2.55396597e-03 4.34834181e-04
9.02515266e-02 2.32272167e-03 4.31043521e-04
9.06095421e-02 3.37332284e-03 4.27373082e-04
9.09675562e-02 3.05841395e-03 4.48143515e-04
9.13255687e-02 3.24236104e-03 4.43261005e-04
9.16835798e-02 3.25521310e-03 4.39675509e-04
9.20415894e-02 2.48618504e-03 4.32352462e-04
9.23995974e-02 1.83981883e-03 4.19499953e-04
9.27576039e-02 2.34435852e-03 4.38670762e-04
9.31156089e-02 2.44772961e-03 4.36234149e-04
9.34736124e-02 2.61487718e-03 4.27289349e-04
9.38316143e-02 2.28922399e-03 4.23425402e-04
9.41896147e-02 2.30456556e-03 4.39974469e-04
9.45476136e-02 2.38863218e-03 4.24570295e-04
9.49056108e-02 2.07491954e-03 4.43102004e-04
9.52636066e-02 2.80065473e-03 4.22089945e-04
9.56216007e-02 2.78611329e-03 4.16900749e-04
9.59795933e-02 2.39157667e-03 4.22990267e-04
9.63375843e-02 2.42275260e-03 4.20933433e-04
9.66955738e-02 2.25464328e-03 4.06230687e-04
9.70535616e-02 2.22863583e-03 4.12016489e-04
9.74115478e-02 2.35254891e-03 4.03222316e-04
9.77695325e-02 3.16210078e-03 4.19527305e-04
9.81275155e-02 2.94139010e-03 4.07359806e-04
9.84854969e-02 1.51664979e-03 4.12716284e-04
9.88434768e-02 2.26035333e-03 4.11765726e-04
9.92014549e-02 2.00881256e-03 4.08855610e-04
9.95594315e-02 2.39177722e-03 4.09778924e-04
9.99174064e-02 2.16569005e-03 3.96588160e-04
1.00275380e-01 2.52026287e-03 4.11026856e-04
1.00633351e-01 1.57973255e-03 4.04617677e-04
1.00991321e-01 2.26398424e-03 3.99058609e-04
1.01349290e-01 2.77129916e-03 3.96446110e-04
1.01707256e-01 1.98947318e-03 3.95958821e-04
1.02065221e-01 2.10106377e-03 3.82831119e-04
1.02423184e-01 1.70129187e-03 3.88505182e-04
1.02781146e-01 1.37973790e-03 3.88069433e-04
1.03139106e-01 2.06632397e-03 3.89357511e-04
1.03497064e-01 1.65218555e-03 3.82058961e-04
1.03855021e-01 1.47764878e-03 3.99334252e-04
1.04212976e-01 1.76722442e-03 3.85671867e-04
1.04570929e-01 1.60557282e-03 4.06901610e-04
1.04928880e-01 2.33855835e-03 4.07483337e-04
1.05286830e-01 1.29268176e-03 3.98090496e-04
1.05644778e-01 1.45239636e-03 4.06388615e-04
1.06002724e-01 2.07733643e-03 4.06085720e-04
1.06360668e-01 8.84416318e-04 4.06549617e-04
1.06718611e-01 1.39880900e-03 4.02530266e-04
1.07076552e-01 2.12241437e-03 4.05632484e-04
1.07434491e-01 1.32546833e-03 3.98288982e-04
1.07792429e-01 2.03866127e-03 4.04506241e-04
1.08150364e-01 1.76193846e-03 4.12416105e-04
1.08508298e-01 1.64843800e-03 3.94700649e-04
1.08866230e-01 2.00089424e-03 4.02294108e-04
1.09224160e-01 1.62238997e-03 4.08713883e-04
1.09582089e-01 1.68324286e-03 4.11326399e-04
1.09940016e-01 1.50596224e-03 4.02987098e-04
1.10297941e-01 1.45611081e-03 4.01442911e-04
1.10655864e-01 9.97465551e-04 3.81689737e-04
1.11013785e-01 1.46646694e-03 4.03246843e-04
1.11371704e-01 1.11102632e-03 3.94558997e-04
1.11729622e-01 1.48126872e-03 3.82780585e-04
1.12087538e-01 1.21237397e-03 3.83255575e-04
1.12445452e-01 1.77416588e-03 3.90169685e-04
1.12803364e-01 2.14622989e-03 3.82632033e-04
1.13161274e-01 1.09600346e-03 3.85565979e-04
1.13519182e-01 1.88403616e-03 3.86274455e-04
1.13877089e-01 8.91238767e-04 3.88663529e-04
1.14234994e-01 1.52380727e-03 3.80388073e-04
1.14592896e-01 2.14544155e-03 3.76956540e-04
1.14950797e-01 1.35282643e-03 3.73337098e-04
1.15308696e-01 1.14329947e-03 3.85034170e-04
1.15666593e-01 8.19475032e-04 3.77070412e-04
1.16024488e-01 1.41479948e-03 3.75936627e-04
1.16382382e-01 1.17172963e-03 3.67614737e-04
1.16740273e-01 8.67291950e-04 3.75742077e-04
1.17098163e-01 1.80367874e-03 3.70741141e-04
1.17456050e-01 1.18216493e-03 3.80217463e-04
1.17813936e-01 1.03670225e-03 3.76902849e-04
1.18171819e-01 1.17494816e-03 3.77457653e-04
1.18529701e-01 1.56429228e-03 3.69832953e-04
1.18887581e-01 8.64866646e-04 3.74504482e-04
1.19245459e-01 8.64035075e-04 3.82046203e-04
1.19603335e-01 6.38109102e-04 3.69734451e-04
1.19961208e-01 1.20136052e-03 3.76512780e-04
1.20319080e-01 1.46945087e-03 3.87763094e-04
1.20676950e-01 1.88236051e-03 3.89647111e-04
1.21034818e-01 1.15253555e-03 3.77822332e-04
1.21392684e-01 1.26519119e-03 3.77039378e-04
1.21750548e-01 8.48462499e-04 3.73418332e-04
1.22108410e-01 8.20291562e-04 3.89142258e-04
1.22466270e-01 9.47621314e-04 3.75936994e-04
1.22824128e-01 2.73012253e-04 3.81470642e-04
1.23181984e-01 5.16490258e-04 3.78715880e-04
1.23539838e-01 6.27362979e-04 3.74508797e-04
1.23897690e-01 7.67174892e-04 3.69629734e-04
1.24255540e-01 8.12657440e-04 3.68414856e-04
1.24613388e-01 6.67122822e-04 3.57601678e-04
1.24971233e-01 9.13861246e-04 3.61956951e-04
1.25329077e-01 1.38109018e-03 3.70876746e-04
1.25686919e-01 9.73465858e-04 3.62661062e-04
1.26044758e-01 6.26733163e-04 3.60974211e-04
1.26402596e-01 3.31005632e-04 3.64345342e-04
1.26760431e-01 3.45529126e-04 3.62849588e-04
1.27118265e-01 8.71350901e-04 3.59710555e-04
1.27476096e-01 1.93237806e-04 3.61430995e-04
1.27833925e-01 9.81475793e-04 3.54436450e-04
1.28191752e-01 8.41206361e-05 3.53244991e-04
1.28549577e-01 5.48712250e-04 3.50096510e-04
1.28907400e-01 5.72171313e-04 3.53807019e-04
1.29265221e-01 1.83958370e-04 3.45911694e-04
1.29623040e-01 8.55235588e-04 3.58278695e-04
1.29980856e-01 9.34267554e-04 3.51920876e-04
1.30338670e-01 6.71720871e-05 3.58638947e-04
1.30696483e-01 7.98499095e-05 3.48315848e-04
1.31054293e-01 1.35571164e-05 3.41594914e-04
1.31412101e-01 4.30717672e-04 3.45882119e-04
1.31769906e-01 1.08295042e-03 3.51965521e-04
1.32127710e-01 8.05312842e-04 3.51238265e-04
1.32485511e-01 1.04920061e-03 3.44774962e-04
1.32843311e-01 4.72441023e-04 3.41328876e-04
1.33201108e-01 8.86943240e-04 3.46243435e-04
1.33558903e-01 5.67326520e-04 3.43432132e-04
1.33916695e-01 6.49017897e-04 3.43000044e-04
1.34274486e-01 9.59589427e-04 3.31966792e-04
1.34632274e-01 8.71711597e-04 3.29395293e-04
1.34990060e-01 4.34671021e-04 3.49960578e-04
1.35347844e-01 8.25595260e-04 3.35959111e-04
1.35705626e-01 2.83949270e-04 3.34806348e-04
1.36063405e-01 8.27681410e-04 3.33020660e-04
1.36421182e-01 8.42598027e-04 3.52389939e-04
1.36778957e-01 5.89679257e-04 3.30154100e-04
1.37136730e-01 5.81737707e-04 3.40063219e-04
1.37494500e-01 2.72284737e-04 3.48209272e-04
1.37852269e-01 6.38877707e-04 3.30592167e-04
1.38210034e-01 8.59238647e-04 3.28264829e-04
1.38567798e-01 1.02390339e-03 3.31248262e-04
1.38925559e-01 7.86176786e-04 3.31916901e-04
1.39283319e-01 9.52891597e-04 3.40811075e-04
1.39641075e-01 8.87686689e-04 3.28447976e-04
1.39998830e-01 7.88539175e-04 3.25319108e-04
1.40356582e-01 7.34562672e-04 3.23621100e-04
1.40714332e-01 7.61992338e-04 3.30751315e-04
1.41072080e-01 7.16650019e-04 3.32308804e-04
1.41429825e-01 2.05376818e-04 3.31882088e-04
1.41787568e-01 3.47974429e-04 3.32515960e-04
1.42145308e-01 3.61746083e-04 3.28891094e-04
1.42503047e-01 6.94170395e-04 3.27855040e-04
1.42860783e-01 5.38126783e-04 3.22465435e-04
1.43218516e-01 5.16041430e-04 3.21680890e-04
1.43576247e-01 4.43873501e-04 3.27798603e-04
1.43933976e-01 4.35025621e-04 3.30241872e-04
1.44291703e-01 5.48028240e-04 3.30214850e-04
1.44649427e-01 5.70385030e-04 3.22323434e-04
1.45007149e-01 7.71013589e-04 3.14811641e-04
1.45364868e-01 2.71965893e-04 3.22217892e-04
1.45722585e-01 1.51757002e-04 3.16155531e-04
1.46080300e-01 3.53479560e-04 3.20708516e-04
1.46438012e-01 8.70427366e-04 3.18890078e-04
1.46795722e-01 2.03971420e-04 3.12281187e-04
1.47153429e-01 1.89383793e-04 3.17180944e-04
1.47511134e-01 3.75624929e-04 3.22143892e-04
1.47868837e-01 7.38317625e-04 3.28343352e-04
1.48226537e-01 7.33969233e-04 3.19127763e-04
1.48584235e-01 5.51894767e-04 3.15918815e-04
1.48941930e-01 2.30029153e-04 3.17369628e-04
1.49299623e-01 9.80481021e-05 3.11717426e-04
1.49657313e-01 4.53742976e-04 3.15824983e-04
1.50015001e-01 5.60480891e-04 3.14686279e-04
1.50372687e-01 4.07676522e-04 3.14830834e-04
1.50730370e-01 3.10084180e-04 3.23219005e-04
1.51088050e-01 1.05127744e-03 3.15353198e-04
1.51445728e-01 -1.50193694e-04 3.02063512e-04
1.51803404e-01 4.48307884e-04 3.19298653e-04
1.52161077e-01 5.04711823e-06 3.13454873e-04
1.52518747e-01 4.49397443e-04 3.15728131e-04
1.52876416e-01 7.77882862e-04 3.16544988e-04
1.53234081e-01 -2.74889163e-04 3.15334522e-04
1.53591744e-01 3.37344596e-04 3.01490824e-04
1.53949405e-01 -9.81823001e-05 3.03966310e-04
1.54307063e-01 4.31269500e-04 2.96165184e-04
1.54664718e-01 6.82471303e-04 3.15599444e-04
1.55022371e-01 8.72872374e-04 3.12132761e-04
1.55380021e-01 9.38774974e-04 3.08298097e-04
1.55737669e-01 3.47666816e-04 3.03816531e-04
1.56095314e-01 -7.69596474e-05 2.96219320e-04
1.56452957e-01 6.86176229e-04 2.99193463e-04
1.56810597e-01 -1.44130271e-05 3.09789229e-04
1.57168235e-01 4.66350019e-04 3.03829747e-04
1.57525870e-01 2.49247435e-04 2.98288837e-04
1.57883502e-01 1.08624995e-04 3.04054089e-04
1.58241132e-01 3.09919393e-04 3.05899208e-04
1.58598759e-01 4.90065876e-04 3.02853892e-04
1.58956384e-01 2.08969737e-04 2.94749299e-04
1.59314006e-01 2.90491100e-04 2.99756325e-04
1.59671625e-01 -1.93915980e-04 3.02096422e-04
1.60029242e-01 1.19707005e-04 3.06753493e-04
1.60386856e-01 -1.55890543e-04 2.97990729e-04
1.60744468e-01 1.33612590e-04 2.97931723e-04
1.61102076e-01 3.76791279e-04 3.04594761e-04
1.61459683e-01 2.39903080e-04 3.01600023e-04
1.61817286e-01 5.89034569e-04 3.01552261e-04
1.62174887e-01 2.43217861e-05 2.97457831e-04
1.62532485e-01 3.83529159e-04 2.96669260e-04
1.62890081e-01 -4.64064299e-05 2.93823804e-04
1.63247674e-01 7.26743472e-04 2.95062851e-04
1.63605264e-01 9.57215144e-05 2.92107455e-04
1.63962852e-01 5.52448335e-04 3.00436057e-04
1.64320437e-01 1.02666620e-04 2.97081687e-04
1.64678019e-01 2.63109327e-04 2.88513646e-04
1.65035598e-01 4.98693675e-04 2.97171332e-04
1.65393175e-01 1.77551959e-04 3.02894528e-04
1.65750749e-01 1.10254197e-04 2.93496183e-04
1.66108320e-01 1.61626361e-04 2.94096675e-04
1.66465889e-01 -8.15270874e-06 2.92577891e-04
1.66823455e-01 4.46758405e-04 2.96811395e-04
1.67181018e-01 2.79425513e-04 3.02779099e-04
1.67538578e-01 8.10460115e-04 2.87617038e-04
1.67896136e-01 -2.93327202e-05 2.95505887e-04
1.68253691e-01 1.25100601e-04 2.94402205e-04
1.68611243e-01 5.02752903e-04 2.93703021e-04
1.68968792e-01 1.45182308e-04 2.93273222e-04
1.69326339e-01 4.40902343e-04 2.89469286e-04
1.69683883e-01 8.67644793e-04 2.92561862e-04
1.70041424e-01 2.35083935e-04 2.88987871e-04
1.70398962e-01 2.41152899e-04 2.89460736e-04
1.70756497e-01 8.51442467e-04 2.81761349e-04
1.71114030e-01 6.29316129e-05 2.90050658e-04
1.71471560e-01 -4.10267828e-04 2.83869809e-04
1.71829087e-01 1.22719581e-04 2.86870378e-04
1.72186611e-01 2.26759081e-04 2.84379632e-04
1.72544132e-01 6.09496679e-05 2.83282543e-04
1.72901651e-01 6.32554079e-04 2.88204368e-04
1.73259167e-01 2.16550851e-04 2.86583232e-04
1.73616679e-01 9.35823166e-05 2.85419584e-04
1.73974189e-01 -3.47472884e-04 2.82590139e-04
1.74331697e-01 -1.44859658e-04 2.78970025e-04
1.74689201e-01 -2.57665851e-05 2.88772913e-04
1.75046702e-01 5.01127844e-05 2.79053039e-04
1.75404201e-01 2.63054838e-04 2.85974148e-04
1.75761697e-01 -8.81089232e-05 2.81227053e-04
1.76119189e-01 2.38210068e-04 2.81391103e-04
1.76476679e-01 3.51744694e-04 2.78005549e-04
1.76834166e-01 2.10016760e-04 2.82539301e-04
1.77191650e-01 6.64446470e-04 2.82534739e-04
1.77549132e-01 -6.99573659e-05 2.77021656e-04
1.77906610e-01 -4.72062819e-05 2.84048127e-04
1.78264085e-01 -1.60517191e-04 2.72264441e-04
1.78621558e-01 -3.52901091e-04 2.77950985e-04
1.78979027e-01 1.87514868e-04 2.69145643e-04
1.79336494e-01 -1.18142750e-04 2.75731870e-04
1.79693958e-01 -1.15351405e-04 2.75757012e-04
1.80051418e-01 4.96383886e-04 2.76933760e-04
1.80408876e-01 2.31937672e-04 2.81214153e-04
1.80766331e-01 3.47095567e-04 2.80732418e-04
1.81123783e-01 1.68655406e-04 2.78244944e-04
1.81481232e-01 2.38375705e-04 2.85371630e-04
1.81838677e-01 9.42603169e-05 2.78632904e-04
1.82196120e-01 2.66015950e-04 2.78670322e-04
1.82553560e-01 1.19999409e-04 2.81698903e-04
1.82910997e-01 1.79863133e-04 2.81737796e-04
1.83268431e-01 2.65421388e-04 2.86871653e-04
1.83625862e-01 1.75794589e-04 2.83525756e-04
1.83983290e-01 5.59190714e-04 2.90047955e-04
1.84340715e-01 5.60165212e-04 2.83515101e-04
1.84698137e-01 4.17874504e-05 2.88597876e-04
1.85055556e-01 3.29718086e-04 2.79014369e-04
1.85412971e-01 -5.34356298e-05 2.80876325e-04
1.85770384e-01 -5.26541987e-05 2.83972995e-04
1.86127794e-01 4.67363496e-04 2.81641433e-04
1.86485200e-01 -2.79053920e-04 2.83313513e-04
1.86842604e-01 5.08927181e-04 2.76593622e-04
1.87200005e-01 5.98485671e-04 2.76977140e-04
1.87557402e-01 3.08777045e-04 2.77350947e-04
1.87914797e-01 1.14926076e-04 2.73673054e-04
1.88272188e-01 3.42926622e-04 2.75825057e-04
1.88629576e-01 6.40200186e-04 2.77792067e-04
1.88986961e-01 1.79327845e-05 2.78050253e-04
1.89344343e-01 -2.44611050e-04 2.73794463e-04
1.89701722e-01 2.76290334e-04 2.71522485e-04
1.90059098e-01 4.11914777e-04 2.70159206e-04
1.90416471e-01 7.93046572e-05 2.70441449e-04
1.90773840e-01 2.17147237e-04 2.65629091e-04
1.91131207e-01 -6.67209565e-04 2.68012482e-04
1.91488570e-01 -2.60904882e-04 2.71771051e-04
1.91845930e-01 5.89328848e-06 2.71539317e-04
1.92203287e-01 -2.25712559e-05 2.68400998e-04
1.92560641e-01 1.37045823e-04 2.73788654e-04
1.92917992e-01 5.13994520e-04 2.70124894e-04
1.93275340e-01 -3.49962333e-04 2.65926133e-04
1.93632684e-01 3.32917622e-04 2.71192916e-04
1.93990025e-01 6.20392347e-05 2.68023214e-04
1.94347363e-01 1.17371828e-04 2.71909262e-04
1.94704698e-01 -1.73292245e-04 2.75152527e-04
1.95062030e-01 7.86536138e-04 2.67388229e-04
1.95419358e-01 -1.70760691e-04 2.70302145e-04
1.95776684e-01 3.38910816e-04 2.76793590e-04
1.96134006e-01 -1.52740801e-05 2.69640265e-04
1.96491324e-01 2.61570600e-04 2.77758034e-04
1.96848640e-01 3.14370609e-04 2.64704129e-04
1.97205953e-01 1.65287018e-04 2.72804795e-04
1.97563262e-01 1.93209118e-04 2.71736083e-04
1.97920568e-01 2.17591437e-04 2.64630487e-04
1.98277870e-01 -1.48656105e-04 2.68687452e-04
1.98635170e-01 2.22468817e-04 2.75640723e-04
1.98992466e-01 3.95979879e-04 2.70025614e-04
1.99349759e-01 3.88484631e-04 2.73461807e-04
1.99707049e-01 3.95262720e-04 2.75082754e-04
2.00064335e-01 2.08970332e-04 2.68165650e-04
2.00421618e-01 4.31296213e-05 2.67525060e-04
2.00778898e-01 5.71842753e-04 2.67124814e-04
2.01136174e-01 -2.81162693e-04 2.63898578e-04
2.01493448e-01 6.56554717e-04 2.65322958e-04
2.01850718e-01 -6.41352557e-05 2.65846484e-04
2.02207984e-01 -2.17822033e-04 2.66230486e-04
2.02565248e-01 1.97173032e-04 2.61881688e-04
2.02922508e-01 -4.80306765e-05 2.58979201e-04
2.03279764e-01 1.87832721e-04 2.61910134e-04
2.03637018e-01 3.16005003e-04 2.61467320e-04
2.03994268e-01 -2.41509429e-04 2.64129482e-04
2.04351514e-01 -9.47611030e-07 2.58848706e-04
2.04708758e-01 2.60766288e-04 2.60195769e-04
2.05065998e-01 -6.09556199e-04 2.56764441e-04
2.05423234e-01 -2.34315454e-04 2.61623104e-04
2.05780467e-01 -2.20037621e-04 2.60784159e-04
2.06137697e-01 1.39723090e-04 2.56402625e-04
2.06494924e-01 1.68410664e-04 2.59229908e-04
2.06852147e-01 -3.31612270e-05 2.61584986e-04
2.07209367e-01 3.33972713e-04 2.54785476e-04
2.07566583e-01 2.04332251e-04 2.52426482e-04
2.07923796e-01 -1.71496504e-04 2.56016470e-04
2.08281005e-01 2.81990508e-04 2.56452615e-04
2.08638211e-01 -8.90738718e-06 2.53943686e-04
2.08995414e-01 6.80548066e-05 2.56711347e-04
2.09352613e-01 4.61835426e-05 2.50012208e-04
2.09709809e-01 1.73207603e-05 2.50946943e-04
2.10067002e-01 4.55287209e-04 2.51983918e-04
2.10424191e-01 1.34546321e-04 2.51744722e-04
2.10781376e-01 9.25980701e-05 2.54391464e-04
2.11138558e-01 -1.69867506e-05 2.54041521e-04
2.11495737e-01 -2.18748354e-04 2.51655356e-04
2.11852912e-01 1.72704336e-04 2.49889261e-04
2.12210084e-01 2.57837074e-04 2.50076032e-04
2.12567252e-01 2.59623743e-04 2.52767872e-04
2.12924416e-01 2.06555778e-04 2.51945216e-04
2.13281578e-01 5.64839292e-04 2.52662879e-04
2.13638735e-01 -1.73514254e-04 2.49472595e-04
2.13995890e-01 -1.89840840e-04 2.47369307e-04
2.14353040e-01 -9.97914107e-05 2.48091516e-04
2.14710188e-01 -1.04787971e-04 2.47796666e-04
2.15067331e-01 1.13380370e-04 2.48567193e-04
2.15424471e-01 -1.28642993e-04 2.43955304e-04
2.15781608e-01 1.77461930e-04 2.45373626e-04
2.16138741e-01 -2.76507636e-05 2.45259033e-04
2.16495871e-01 2.02246360e-04 2.48748397e-04
2.16852997e-01 5.38535736e-04 2.45390833e-04
2.17210119e-01 -2.54203604e-04 2.45971399e-04
2.17567238e-01 -3.05784879e-05 2.47099533e-04
2.17924354e-01 -3.28047863e-04 2.45092424e-04
2.18281465e-01 -1.45531219e-04 2.44670477e-04
2.18638574e-01 2.95406471e-04 2.46430305e-04
2.18995678e-01 3.07355039e-04 2.44186224e-04
2.19352779e-01 -3.01310267e-04 2.45485961e-04
2.19709877e-01 4.23233218e-04 2.44922018e-04
2.20066971e-01 5.41729224e-04 2.43932483e-04
2.20424061e-01 8.02657391e-05 2.38372225e-04
2.20781147e-01 3.56945860e-04 2.43977123e-04
2.21138230e-01 1.83057051e-04 2.41406094e-04
2.21495310e-01 1.74622614e-04 2.46421649e-04
2.21852386e-01 2.00736313e-04 2.38613075e-04
2.22209458e-01 -1.84986622e-04 2.40739754e-04
2.22566526e-01 2.57949554e-04 2.40702309e-04
2.22923591e-01 5.75544107e-04 2.43358416e-04
2.23280652e-01 -4.81435389e-05 2.40742158e-04
2.23637710e-01 -6.21640298e-05 2.38873645e-04
2.23994764e-01 -1.92185836e-04 2.39089449e-04
2.24351814e-01 6.99825476e-05 2.34589933e-04
2.24708861e-01 -6.41145428e-05 2.35567036e-04
2.25065904e-01 -4.36275723e-04 2.37140837e-04
2.25422943e-01 -5.15325185e-04 2.39913826e-04
2.25779978e-01 1.72452429e-04 2.39733555e-04
2.26137010e-01 3.07187399e-04 2.38520674e-04
2.26494038e-01 3.71123004e-04 2.38122167e-04
2.26851063e-01 -1.37849528e-04 2.38552085e-04
2.27208083e-01 -1.26512858e-04 2.36261379e-04
2.27565100e-01 1.78369917e-04 2.37229573e-04
2.27922114e-01 1.92343382e-04 2.36690914e-04
2.28279123e-01 4.45853015e-05 2.34677709e-04
2.28636129e-01 -2.46457506e-05 2.33363213e-04
2.28993131e-01 2.59894779e-04 2.40923377e-04
2.29350129e-01 5.05812099e-04 2.35175978e-04
2.29707124e-01 3.85232838e-04 2.30391008e-04
2.30064115e-01 1.82641450e-04 2.34868810e-04
2.30421102e-01 3.17089091e-04 2.35571883e-04
2.30778085e-01 3.48920811e-04 2.35489914e-04
2.31135064e-01 2.42975912e-04 2.35526114e-04
2.31492040e-01 1.54729007e-04 2.29999306e-04
2.31849012e-01 -1.63995873e-05 2.30849723e-04
2.32205980e-01 1.94066429e-04 2.30988838e-04
2.32562944e-01 4.33176108e-05 2.31381703e-04
2.32919905e-01 -1.27290465e-04 2.31473784e-04
2.33276862e-01 2.06546285e-04 2.31062158e-04
2.33633814e-01 3.12368659e-04 2.37039980e-04
2.33990763e-01 7.49415295e-05 2.28550072e-04
2.34347709e-01 1.29413599e-04 2.32841132e-04
2.34704650e-01 1.47798667e-04 2.26770230e-04
2.35061588e-01 2.59866810e-04 2.28409719e-04
2.35418521e-01 7.70406764e-04 2.29173644e-04
2.35775451e-01 5.27778456e-04 2.27438835e-04
2.36132377e-01 6.23631200e-04 2.31122008e-04
2.36489299e-01 1.15028525e-05 2.21368751e-04
2.36846218e-01 1.47251867e-05 2.27007082e-04
2.37203132e-01 3.01037826e-04 2.29617925e-04
2.37560042e-01 -1.45531161e-04 2.21457982e-04
2.37916949e-01 -2.88534249e-04 2.27366968e-04
2.38273852e-01 -7.10058909e-05 2.21357133e-04
2.38630751e-01 5.23083182e-05 2.26805442e-04
2.38987645e-01 1.43240424e-05 2.23418279e-04
2.39344537e-01 -1.09158380e-04 2.24994200e-04
2.39701424e-01 6.47860230e-05 2.25748425e-04
2.40058307e-01 3.98587094e-04 2.21075339e-04
2.40415186e-01 4.65461994e-04 2.23442007e-04
2.40772061e-01 1.77751209e-04 2.25500544e-04
2.41128933e-01 1.41415809e-04 2.26212442e-04
2.41485800e-01 2.09707382e-04 2.23577580e-04
2.41842664e-01 -7.76573585e-05 2.22088657e-04
2.42199523e-01 8.70576908e-05 2.19706465e-04
2.42556379e-01 -1.08552537e-04 2.22164268e-04
2.42913230e-01 -1.55091413e-04 2.22439010e-04
2.43270078e-01 -2.62629764e-04 2.19869231e-04
2.43626922e-01 3.11443929e-05 2.18673599e-04
2.43983761e-01 1.46228952e-04 2.19644163e-04
2.44340597e-01 4.46016930e-05 2.17848037e-04
2.44697429e-01 2.64366821e-04 2.21032726e-04
2.45054256e-01 2.28647485e-05 2.22201817e-04
2.45411080e-01 3.64567006e-04 2.19728369e-04
2.45767900e-01 3.09942927e-04 2.18949688e-04
2.46124715e-01 1.58285449e-04 2.19955350e-04
2.46481527e-01 3.61486756e-04 2.20817928e-04
2.46838334e-01 -3.93260086e-04 2.14492242e-04
2.47195138e-01 -1.71059436e-04 2.15259978e-04
2.47551938e-01 -4.78942927e-04 2.11651066e-04
2.47908733e-01 -7.53776802e-05 2.14774381e-04
2.48265524e-01 3.36562983e-04 2.17509258e-04
2.48622312e-01 1.55382990e-04 2.14951141e-04
2.48979095e-01 -2.45415307e-04 2.16864564e-04
2.49335874e-01 -3.83568554e-05 2.15318965e-04
2.49692649e-01 -3.11381385e-04 2.14057126e-04
2.50049420e-01 -1.55379487e-04 2.15536906e-04
2.50406187e-01 1.11482056e-04 2.13919329e-04
2.50762950e-01 -1.26581195e-05 2.14841919e-04
2.51119709e-01 4.55198015e-04 2.14735550e-04
2.51476464e-01 -1.05116052e-04 2.16538647e-04
2.51833214e-01 -2.44170494e-04 2.14843733e-04
2.52189961e-01 -1.18040271e-04 2.14409948e-04
2.52546703e-01 1.16537565e-04 2.15368413e-04
2.52903441e-01 1.88052212e-06 2.10360760e-04
2.53260175e-01 7.96217823e-05 2.11987132e-04
2.53616905e-01 3.80585508e-05 2.11558431e-04
2.53973631e-01 2.95767161e-04 2.13529488e-04
2.54330352e-01 2.87196493e-04 2.10325915e-04
2.54687070e-01 -2.23872540e-05 2.13097281e-04
2.55043783e-01 -9.93649528e-05 2.11382028e-04
2.55400492e-01 2.40391262e-04 2.11009171e-04
2.55757197e-01 -6.07932058e-05 2.09063357e-04
2.56113898e-01 1.79507322e-04 2.14677745e-04
2.56470595e-01 -1.14855460e-04 2.16159932e-04
2.56827287e-01 -1.64018550e-04 2.12458551e-04
2.57183975e-01 5.30982082e-04 2.13621176e-04
2.57540659e-01 4.59289506e-04 2.12984510e-04
2.57897339e-01 6.18276489e-05 2.15288540e-04
2.58254014e-01 1.45163226e-05 2.16062607e-04
2.58610686e-01 -1.67792672e-04 2.13526106e-04
2.58967353e-01 1.44827490e-04 2.15747877e-04
2.59324016e-01 2.11961441e-04 2.17176856e-04
2.59680674e-01 1.54279019e-04 2.14926781e-04
2.60037329e-01 -1.25488746e-05 2.15786817e-04
2.60393979e-01 -3.63730818e-05 2.13772016e-04
2.60750625e-01 1.78823405e-04 2.15799293e-04
2.61107266e-01 1.96939084e-04 2.16181767e-04
2.61463904e-01 -6.95628464e-05 2.17407187e-04
2.61820537e-01 1.05626055e-04 2.15298608e-04
2.62177166e-01 3.12493591e-05 2.14201726e-04
2.62533790e-01 -1.61490979e-04 2.15351848e-04
2.62890410e-01 2.11341354e-04 2.14494674e-04
2.63247026e-01 9.12563052e-05 2.14369664e-04
2.63603638e-01 1.71129591e-04 2.14429754e-04
2.63960245e-01 -1.95656019e-05 2.12562106e-04
2.64316848e-01 2.90040852e-04 2.14071308e-04
2.64673447e-01 1.56156114e-04 2.12086953e-04
2.65030042e-01 6.01430144e-04 2.11784341e-04
2.65386632e-01 3.36462404e-04 2.13576659e-04
2.65743217e-01 3.54981007e-04 2.12010907e-04
2.66099799e-01 8.56017874e-05 2.08833461e-04
2.66456376e-01 -9.21729841e-05 2.12725708e-04
2.66812948e-01 -1.40129893e-04 2.14450781e-04
2.67169517e-01 -2.94128972e-05 2.14962089e-04
2.67526081e-01 -1.53549346e-04 2.14467896e-04
2.67882640e-01 -1.76220906e-04 2.19784088e-04
2.68239195e-01 1.84256816e-04 2.13935414e-04
2.68595746e-01 2.27111665e-04 2.14303659e-04
2.68952293e-01 2.31245966e-04 2.19134777e-04
2.69308835e-01 2.55099143e-04 2.17991010e-04
2.69665372e-01 -3.08451058e-05 2.19915245e-04
2.70021906e-01 4.45402637e-05 2.23697073e-04
2.70378435e-01 2.04779471e-04 2.19594040e-04
2.70734959e-01 4.03707920e-04 2.22827689e-04
2.71091479e-01 -5.15929194e-05 2.21578200e-04
2.71447995e-01 -7.49292217e-05 2.25016692e-04
2.71804506e-01 -1.12162044e-04 2.20067045e-04
2.72161012e-01 -3.08248057e-04 2.22072447e-04
2.72517515e-01 3.76200460e-04 2.22370748e-04
2.72874012e-01 2.31680101e-04 2.28151916e-04
