1.54026655e-02 -3.31232816e-04 1.71473792e-03
1.57608633e-02 9.96561250e-04 1.63903860e-03
1.61190608e-02 -3.29152129e-04 1.49292795e-03
1.64772580e-02 -1.60776798e-03 1.44587555e-03
1.68354550e-02 -3.89935972e-04 1.46955369e-03
1.71936517e-02 2.19111815e-03 1.37404163e-03
1.75518481e-02 8.33986622e-04 1.38639188e-03
1.79100442e-02 8.54144149e-04 1.34292251e-03
1.82682400e-02 3.21173329e-04 1.32605799e-03
1.86264355e-02 -1.82971791e-04 1.20222890e-03
1.89846308e-02 2.24829521e-03 1.21084983e-03
1.93428257e-02 2.09671130e-03 1.17836138e-03
1.97010202e-02 3.96854093e-04 1.06472350e-03
2.00592145e-02 1.11657949e-03 1.10307747e-03
2.04174084e-02 1.19952535e-03 9.97098588e-04
2.07756020e-02 2.21808351e-03 1.11575904e-03
2.11337953e-02 1.67043492e-03 9.70694652e-04
2.14919882e-02 -8.13330461e-04 9.96602622e-04
2.18501808e-02 2.69521670e-03 1.00410896e-03
2.22083729e-02 1.95353456e-03 9.76431711e-04
2.25665648e-02 3.17966072e-03 9.62360624e-04
2.29247562e-02 2.23242389e-03 1.00452157e-03
2.32829473e-02 -2.31313228e-04 9.23819045e-04
2.36411380e-02 8.58815265e-04 1.01218880e-03
2.39993283e-02 4.39692282e-04 9.48147482e-04
2.43575182e-02 7.83556956e-04 9.44697617e-04
2.47157077e-02 1.57050059e-03 9.11399666e-04
2.50738968e-02 1.58133931e-03 8.20754622e-04
2.54320855e-02 2.51907543e-03 9.07228602e-04
2.57902738e-02 2.74089646e-03 8.80709444e-04
2.61484617e-02 1.41621789e-03 8.61101744e-04
2.65066491e-02 4.21641457e-03 8.47689091e-04
2.68648361e-02 1.22430032e-03 8.39840915e-04
2.72230226e-02 2.57274213e-03 8.05587456e-04
2.75812087e-02 2.40734609e-03 8.60585994e-04
2.79393943e-02 3.01033234e-03 7.97404888e-04
2.82975795e-02 1.51984108e-03 8.13027824e-04
2.86557642e-02 3.62809523e-03 8.37212218e-04
2.90139485e-02 2.37194556e-03 8.11946846e-04
2.93721323e-02 1.28916127e-03 8.01200512e-04
2.97303155e-02 3.33805147e-03 8.15407159e-04
3.00884983e-02 2.29265486e-03 8.35823457e-04
3.04466806e-02 2.95309334e-03 8.14576292e-04
3.08048624e-02 3.72828750e-03 8.39135237e-04
3.11630437e-02 2.80289976e-03 8.37985256e-04
3.15212245e-02 2.67976024e-03 8.36402098e-04
3.18794048e-02 2.52625780e-03 7.91488960e-04
3.22375845e-02 3.49241027e-03 8.30904868e-04
3.25957637e-02 2.65404838e-03 8.65277134e-04
3.29539424e-02 2.95322335e-03 7.80208090e-04
3.33121205e-02 2.28909271e-03 7.91281719e-04
3.36702981e-02 2.13296461e-03 8.06905833e-04
3.40284751e-02 4.67707755e-04 7.77132954e-04
3.43866516e-02 1.13925043e-03 7.81331788e-04
3.47448275e-02 1.71061216e-03 7.32122735e-04
3.51030028e-02 2.12337961e-03 7.33269937e-04
3.54611775e-02 1.62458732e-03 7.35043953e-04
3.58193517e-02 3.13281700e-03 7.56618376e-04
3.61775253e-02 3.24720264e-03 7.15646949e-04
3.65356983e-02 5.67320020e-04 7.02085858e-04
3.68938706e-02 2.09051363e-03 6.98382142e-04
3.72520424e-02 2.66561293e-03 7.22556132e-04
3.76102136e-02 2.45245828e-03 7.15327323e-04
3.79683841e-02 2.26683109e-03 7.18765073e-04
3.83265540e-02 2.23720226e-03 6.95672840e-04
3.86847233e-02 2.44703915e-03 7.07209978e-04
3.90428920e-02 3.07741568e-03 7.14586999e-04
3.94010600e-02 1.27112438e-03 6.60957695e-04
3.97592273e-02 2.15258042e-03 6.93364240e-04
4.01173941e-02 1.90986580e-03 6.80324627e-04
4.04755601e-02 1.93714660e-03 6.50785884e-04
4.08337255e-02 1.27385219e-03 6.78078824e-04
4.11918902e-02 2.82152096e-03 6.28086106e-04
4.15500542e-02 2.41846845e-03 6.52621486e-04
4.19082176e-02 1.58167881e-03 6.76979326e-04
4.22663802e-02 1.81901330e-03 6.83897807e-04
4.26245422e-02 3.07338684e-03 7.03761591e-04
4.29827034e-02 1.02281416e-03 6.43774926e-04
4.33408640e-02 2.23625493e-03 6.62515340e-04
4.36990238e-02 1.11167638e-03 6.63900878e-04
4.40571830e-02 2.19069609e-03 6.57837141e-04
4.44153414e-02 1.41183150e-03 6.50060811e-04
4.47734990e-02 1.74716259e-03 6.83971621e-04
4.51316560e-02 9.17182272e-04 6.49786415e-04
4.54898122e-02 2.42979793e-03 6.81311862e-04
4.58479676e-02 2.97050823e-03 6.64131134e-04
4.62061223e-02 1.65555296e-03 6.56909334e-04
4.65642762e-02 1.98754089e-03 6.50091363e-04
4.69224294e-02 2.52080072e-03 6.54121914e-04
4.72805818e-02 1.17727587e-03 6.59599943e-04
4.76387334e-02 1.26120754e-03 6.38492953e-04
4.79968842e-02 1.18626452e-03 6.38088106e-04
4.83550342e-02 2.35074070e-03 6.58712607e-04
4.87131835e-02 1.65974810e-03 6.38788953e-04
4.90713319e-02 1.43648311e-03 6.38766488e-04
4.94294795e-02 1.61304948e-03 6.33829480e-04
4.97876264e-02 3.35671639e-03 6.32826902e-04
5.01457724e-02 2.58913027e-03 6.08690818e-04
5.05039175e-02 1.49248550e-03 6.16574430e-04
5.08620619e-02 5.61972722e-04 5.83525512e-04
5.12202054e-02 1.41588397e-03 5.94476866e-04
5.15783481e-02 1.83951311e-03 6.11219967e-04
5.19364899e-02 2.44073763e-03 5.88250006e-04
5.22946308e-02 1.55762821e-03 5.91996122e-04
5.26527709e-02 2.26554360e-03 5.87805498e-04
5.30109102e-02 2.55168244e-03 5.91303820e-04
5.33690485e-02 1.85819233e-03 5.82972244e-04
5.37271860e-02 1.40391083e-03 5.65732932e-04
5.40853226e-02 1.69229517e-03 5.77311221e-04
5.44434583e-02 2.05644749e-03 5.70147552e-04
5.48015932e-02 1.38628049e-03 5.68802146e-04
5.51597271e-02 3.26635230e-03 5.94858627e-04
5.55178601e-02 1.04246484e-03 5.78410951e-04
5.58759922e-02 1.43331702e-03 5.65245407e-04
5.62341234e-02 1.32776084e-03 5.51868483e-04
5.65922536e-02 6.39360932e-04 5.53010432e-04
5.69503829e-02 1.68131653e-03 5.39585082e-04
5.73085113e-02 2.17137288e-03 5.53823166e-04
5.76666388e-02 2.28648166e-03 5.48034116e-04
5.80247653e-02 1.96163784e-03 5.50228897e-04
5.83828908e-02 2.33329122e-03 5.56217911e-04
5.87410154e-02 1.42145131e-03 5.39133937e-04
5.90991390e-02 2.88923899e-03 5.53792488e-04
5.94572616e-02 4.13619694e-04 5.44728013e-04
5.98153833e-02 1.08252572e-03 5.32002228e-04
6.01735040e-02 1.72092797e-03 5.47622097e-04
6.05316237e-02 3.08767531e-04 5.27453209e-04
6.08897424e-02 1.91753047e-03 5.50105939e-04
6.12478600e-02 1.59879440e-03 5.25099348e-04
6.16059767e-02 9.68653405e-04 5.07261679e-04
6.19640924e-02 1.48694395e-03 5.26191694e-04
6.23222071e-02 1.01671127e-03 5.36585056e-04
6.26803207e-02 1.42346844e-03 5.14489562e-04
6.30384333e-02 1.20754604e-03 5.15157337e-04
6.33965448e-02 1.47015717e-03 5.21264425e-04
6.37546554e-02 1.06113557e-03 5.15055452e-04
6.41127648e-02 8.23608193e-04 5.01489738e-04
6.44708732e-02 1.29277098e-03 5.31224723e-04
6.48289806e-02 9.15900297e-04 4.94452929e-04
6.51870869e-02 2.07479532e-03 4.89950472e-04
6.55451921e-02 1.55571956e-03 5.15896332e-04
6.59032962e-02 1.24306595e-03 5.17227590e-04
6.62613993e-02 1.03599711e-03 5.09889130e-04
6.66195012e-02 8.86148687e-04 5.16096806e-04
6.69776021e-02 2.29354227e-04 4.90081384e-04
6.73357019e-02 1.27033219e-03 4.84255455e-04
6.76938005e-02 1.34212896e-03 4.96247765e-04
6.80518981e-02 1.38959532e-03 4.84276589e-04
6.84099945e-02 1.27342591e-03 5.08806459e-04
6.87680898e-02 1.30002277e-03 4.94369736e-04
6.91261840e-02 6.86344862e-04 4.67935331e-04
6.94842770e-02 5.87668172e-04 4.78225254e-04
6.98423689e-02 1.21755013e-03 4.68096371e-04
7.02004596e-02 1.57406576e-03 4.89400062e-04
7.05585492e-02 1.55725314e-03 4.89554346e-04
7.09166377e-02 2.31684283e-03 4.92043077e-04
7.12747249e-02 9.73654405e-04 4.82063177e-04
7.16328110e-02 1.42186500e-03 4.84786668e-04
7.19908959e-02 1.64986571e-04 4.73456802e-04
7.23489796e-02 1.20491151e-03 4.61946355e-04
7.27070622e-02 5.51662188e-04 4.63875517e-04
7.30651435e-02 1.22869088e-03 4.64982349e-04
7.34232237e-02 1.13293476e-03 4.85336200e-04
7.37813026e-02 5.23738359e-05 4.53440160e-04
7.41393803e-02 9.18747174e-04 4.72179953e-04
7.44974568e-02 6.75986724e-04 4.77117381e-04
7.48555321e-02 1.14183686e-03 4.52428221e-04
7.52136061e-02 6.18341345e-04 4.54049448e-04
7.55716789e-02 6.79215958e-04 4.63796515e-04
7.59297505e-02 6.24853023e-04 4.61824834e-04
7.62878208e-02 7.06552278e-04 4.60324852e-04
7.66458899e-02 9.18400578e-04 4.57664164e-04
7.70039577e-02 3.91524103e-04 4.55125447e-04
7.73620242e-02 8.41132471e-04 4.47476291e-04
7.77200895e-02 1.01801721e-03 4.42612121e-04
7.80781535e-02 1.65306999e-03 4.60325131e-04
7.84362162e-02 1.17993300e-03 4.46694894e-04
7.87942776e-02 5.20888066e-04 4.54373141e-04
7.91523377e-02 1.07865189e-03 4.60794137e-04
7.95103965e-02 -5.72552776e-04 4.36050130e-04
7.98684540e-02 5.94617370e-04 4.33683328e-04
8.02265102e-02 5.13748772e-04 4.45282525e-04
8.05845651e-02 4.06885250e-04 4.46153724e-04
8.09426186e-02 1.86336589e-04 4.38244872e-04
8.13006709e-02 1.12048039e-03 4.53776700e-04
8.16587217e-02 7.16575425e-04 4.46187695e-04
8.20167713e-02 7.82394454e-04 4.43597721e-04
8.23748195e-02 5.15960192e-04 4.39903032e-04
8.27328663e-02 -3.02005655e-04 4.23492250e-04
8.30909118e-02 1.44384146e-03 4.45830795e-04
8.34489559e-02 3.16380137e-04 4.42909119e-04
8.38069986e-02 5.33589257e-04 4.33653280e-04
8.41650400e-02 8.18252247e-05 4.41803047e-04
8.45230800e-02 6.00921515e-04 4.25994527e-04
8.48811185e-02 5.98351645e-04 4.44456230e-04
8.52391557e-02 4.52521979e-05 4.46673077e-04
8.55971915e-02 6.99834068e-04 4.47468877e-04
8.59552259e-02 5.45425567e-04 4.36297956e-04
8.63132589e-02 4.99174235e-04 4.43993241e-04
8.66712904e-02 8.68639311e-04 4.31943387e-04
8.70293205e-02 3.27910197e-04 4.42720153e-04
8.73873492e-02 4.98225872e-04 4.53422022e-04
8.77453765e-02 9.14987987e-04 4.35873993e-04
8.81034023e-02 1.08768563e-03 4.16753916e-04
8.84614267e-02 1.02855813e-03 4.21125488e-04
8.88194496e-02 4.68465937e-04 4.37088038e-04
8.91774710e-02 1.28465755e-03 4.30206468e-04
8.95354910e-02 1.23618784e-03 4.29345129e-04
8.98935095e-02 8.76201413e-04 4.19668914e-04
9.02515266e-02 7.59378680e-04 4.27421491e-04
9.06095421e-02 5.31028025e-04 4.36108567e-04
9.09675562e-02 1.26756302e-04 4.29557440e-04
9.13255687e-02 4.02132857e-04 4.36191702e-04
9.16835798e-02 9.18495697e-04 4.33997499e-04
9.20415894e-02 5.58604046e-04 4.34946661e-04
9.23995974e-02 -3.93922425e-05 4.22510684e-04
9.27576039e-02 8.15337826e-04 4.20933033e-04
9.31156089e-02 9.59678360e-05 4.24581047e-04
9.34736124e-02 4.33251707e-04 4.27531824e-04
9.38316143e-02 3.41566206e-04 4.10024013e-04
9.41896147e-02 8.04587590e-04 4.16921503e-04
9.45476136e-02 3.74004713e-04 4.15662112e-04
9.49056108e-02 6.39179336e-04 4.13793270e-04
9.52636066e-02 4.18898211e-04 4.08021781e-04
9.56216007e-02 8.26542819e-04 4.00804877e-04
9.59795933e-02 4.57983539e-04 4.11681754e-04
9.63375843e-02 2.05547697e-04 4.02831192e-04
9.66955738e-02 6.90310638e-04 4.04079101e-04
9.70535616e-02 1.99134430e-04 4.04508537e-04
9.74115478e-02 6.05406033e-04 4.02936693e-04
9.77695325e-02 5.94987763e-04 4.09509074e-04
9.81275155e-02 3.94434181e-05 4.04454058e-04
9.84854969e-02 2.72821949e-04 4.12944392e-04
9.88434768e-02 4.43064862e-04 4.19705680e-04
9.92014549e-02 5.50011683e-04 4.11358252e-04
9.95594315e-02 9.16634591e-04 4.08467341e-04
9.99174064e-02 1.54702311e-04 3.97694848e-04
1.00275380e-01 3.39965340e-04 3.96575159e-04
1.00633351e-01 7.35091699e-04 3.99393283e-04
1.00991321e-01 8.37007538e-04 4.01800065e-04
1.01349290e-01 3.26086062e-05 3.90521839e-04
1.01707256e-01 2.60961084e-04 3.92519106e-04
1.02065221e-01 3.97623761e-04 3.87693706e-04
1.02423184e-01 -3.06395677e-04 3.89968968e-04
1.02781146e-01 5.16195113e-04 3.83236055e-04
1.03139106e-01 7.57556340e-04 3.92514268e-04
1.03497064e-01 5.77788441e-04 3.91456680e-04
1.03855021e-01 3.40157184e-04 3.96718965e-04
1.04212976e-01 -3.79363374e-04 3.81452382e-04
1.04570929e-01 1.70822111e-04 3.95739374e-04
1.04928880e-01 -8.13298274e-06 4.02233604e-04
1.05286830e-01 2.84352133e-04 3.88341450e-04
1.05644778e-01 2.89133792e-04 4.04156303e-04
1.06002724e-01 5.00369922e-05 3.97164441e-04
1.06360668e-01 1.57080778e-04 3.92514781e-04
1.06718611e-01 -3.24491063e-04 4.01707447e-04
1.07076552e-01 1.81236483e-04 4.06722184e-04
1.07434491e-01 3.24510697e-04 3.99696283e-04
1.07792429e-01 9.34724556e-05 3.91772137e-04
1.08150364e-01 -1.44658688e-04 4.02704891e-04
1.08508298e-01 2.80747274e-04 3.91692478e-04
1.08866230e-01 3.32390799e-04 3.93625859e-04
1.09224160e-01 2.82124419e-06 3.99892833e-04
1.09582089e-01 1.17546118e-03 3.96959244e-04
1.09940016e-01 8.85081615e-05 4.00075469e-04
1.10297941e-01 2.78200627e-04 3.93334195e-04
1.10655864e-01 8.20978085e-04 3.83361851e-04
1.11013785e-01 -2.06707884e-04 3.85764028e-04
1.11371704e-01 -2.23986476e-04 3.83054143e-04
1.11729622e-01 2.68328878e-04 3.92587854e-04
1.12087538e-01 -1.29710792e-04 3.81847131e-04
1.12445452e-01 7.59420917e-04 3.83601241e-04
1.12803364e-01 -5.00741344e-05 3.87321898e-04
1.13161274e-01 3.12797104e-04 3.78894014e-04
1.13519182e-01 9.38846779e-04 3.80362078e-04
1.13877089e-01 3.12213688e-05 3.82531863e-04
1.14234994e-01 6.19923964e-04 3.70898122e-04
1.14592896e-01 -1.90999459e-04 3.69684806e-04
1.14950797e-01 -5.66510652e-04 3.78149563e-04
1.15308696e-01 -1.89808534e-04 3.70348384e-04
1.15666593e-01 4.90209020e-04 3.71838397e-04
1.16024488e-01 6.21651884e-04 3.74594096e-04
1.16382382e-01 -8.89732602e-05 3.68472638e-04
1.16740273e-01 7.95681101e-06 3.62612265e-04
1.17098163e-01 2.05590926e-04 3.68478854e-04
1.17456050e-01 6.60958722e-04 3.67007582e-04
1.17813936e-01 -4.83025842e-04 3.66267197e-04
1.18171819e-01 6.37353297e-04 3.88456214e-04
1.18529701e-01 -4.33417182e-04 3.74903184e-04
1.18887581e-01 6.77108810e-05 3.64120782e-04
1.19245459e-01 -1.88310029e-04 3.74338939e-04
1.19603335e-01 2.99771294e-04 3.78800858e-04
1.19961208e-01 3.02664134e-04 3.70293960e-04
1.20319080e-01 1.82488960e-04 3.77191989e-04
1.20676950e-01 3.24103365e-04 3.75085450e-04
1.21034818e-01 2.20975460e-04 3.75068858e-04
1.21392684e-01 -7.02416047e-05 3.80334476e-04
1.21750548e-01 3.39503845e-04 3.69171769e-04
1.22108410e-01 6.44765090e-04 3.82577192e-04
1.22466270e-01 9.80654056e-05 3.87908310e-04
1.22824128e-01 -2.56928012e-04 3.74336059e-04
1.23181984e-01 6.21008231e-04 3.79758270e-04
1.23539838e-01 -2.86524509e-04 3.74425481e-04
1.23897690e-01 6.39297746e-04 3.67629444e-04
1.24255540e-01 6.85575550e-05 3.68981636e-04
1.24613388e-01 -3.42460411e-04 3.65486528e-04
1.24971233e-01 4.84735771e-04 3.58442584e-04
1.25329077e-01 -6.36806354e-05 3.59102403e-04
1.25686919e-01 3.15715040e-04 3.59986903e-04
1.26044758e-01 1.79371273e-04 3.56177108e-04
1.26402596e-01 5.32384329e-05 3.68690964e-04
1.26760431e-01 -2.40566608e-04 3.53925184e-04
1.27118265e-01 8.01345876e-05 3.59638425e-04
1.27476096e-01 5.67954174e-04 3.49848842e-04
1.27833925e-01 8.68720919e-04 3.55591601e-04
1.28191752e-01 2.96867596e-04 3.60437544e-04
1.28549577e-01 -2.99941638e-04 3.55043561e-04
1.28907400e-01 -3.36241707e-04 3.51156504e-04
1.29265221e-01 8.40865451e-05 3.49602201e-04
1.29623040e-01 4.29887241e-04 3.53843008e-04
1.29980856e-01 -8.04961562e-05 3.42022397e-04
1.30338670e-01 6.00746367e-04 3.51434446e-04
1.30696483e-01 2.80658310e-04 3.53530230e-04
1.31054293e-01 3.16496259e-04 3.43623663e-04
1.31412101e-01 -6.25885353e-05 3.47745581e-04
1.31769906e-01 4.52243101e-04 3.48315761e-04
1.32127710e-01 4.11730768e-04 3.42193077e-04
1.32485511e-01 8.19188721e-05 3.51049524e-04
1.32843311e-01 7.42176816e-04 3.46037560e-04
1.33201108e-01 4.86351400e-04 3.46202782e-04
1.33558903e-01 1.68930077e-04 3.48741120e-04
1.33916695e-01 3.11712739e-04 3.50817635e-04
1.34274486e-01 -9.19586776e-05 3.41848361e-04
1.34632274e-01 6.85030558e-04 3.41221797e-04
1.34990060e-01 -4.47186143e-04 3.40402132e-04
1.35347844e-01 6.74414424e-04 3.45813551e-04
1.35705626e-01 1.88989290e-04 3.28279525e-04
1.36063405e-01 6.17096080e-04 3.34026040e-04
1.36421182e-01 -1.58592421e-04 3.34514653e-04
1.36778957e-01 2.46291303e-04 3.31541048e-04
1.37136730e-01 2.48351698e-04 3.37090077e-04
1.37494500e-01 -3.29956437e-04 3.30150679e-04
1.37852269e-01 -7.28206123e-05 3.33518437e-04
1.38210034e-01 -9.81958308e-05 3.30854309e-04
1.38567798e-01 -3.73544311e-04 3.30962422e-04
1.38925559e-01 1.56346581e-04 3.37265435e-04
1.39283319e-01 8.56139263e-04 3.39591955e-04
1.39641075e-01 2.59737314e-04 3.31849947e-04
1.39998830e-01 2.88247845e-04 3.34565892e-04
1.40356582e-01 1.04526461e-04 3.28849533e-04
1.40714332e-01 3.44630409e-05 3.32335345e-04
1.41072080e-01 6.22447197e-04 3.23591301e-04
1.41429825e-01 -2.85842192e-05 3.19510814e-04
1.41787568e-01 7.25531847e-04 3.33699307e-04
1.42145308e-01 -1.83419222e-05 3.28875000e-04
1.42503047e-01 4.81878442e-04 3.23052197e-04
1.42860783e-01 -1.11392533e-05 3.36817565e-04
1.43218516e-01 2.94842581e-04 3.35033866e-04
1.43576247e-01 -3.90419397e-04 3.19334212e-04
1.43933976e-01 -1.93630233e-04 3.20165938e-04
1.44291703e-01 3.78494120e-04 3.24713143e-04
1.44649427e-01 5.69733918e-04 3.30285169e-04
1.45007149e-01 -2.62115008e-04 3.13096330e-04
1.45364868e-01 1.97066674e-06 3.17993064e-04
1.45722585e-01 3.11436035e-04 3.20949742e-04
1.46080300e-01 3.27188753e-04 3.23369078e-04
1.46438012e-01 1.87753884e-04 3.18462053e-04
1.46795722e-01 3.41185943e-04 3.20550270e-04
1.47153429e-01 -5.85500420e-04 3.17752435e-04
1.47511134e-01 2.72846830e-05 3.17640599e-04
1.47868837e-01 -5.92594659e-05 3.12933083e-04
1.48226537e-01 3.98556900e-04 3.16263706e-04
1.48584235e-01 -1.85378816e-04 3.17790404e-04
1.48941930e-01 -7.08448246e-05 3.14202879e-04
1.49299623e-01 5.29387636e-04 3.13917292e-04
1.49657313e-01 -5.50112523e-05 3.14968010e-04
1.50015001e-01 -3.87364191e-05 3.20445663e-04
1.50372687e-01 6.93408954e-05 3.07955824e-04
1.50730370e-01 9.50798539e-05 3.12674497e-04
1.51088050e-01 7.87251234e-04 3.12611997e-04
1.51445728e-01 -3.37611079e-04 3.13596162e-04
1.51803404e-01 -3.43685689e-04 2.99146783e-04
1.52161077e-01 4.10214641e-04 3.17372436e-04
1.52518747e-01 -1.74801772e-04 3.09987360e-04
1.52876416e-01 3.64503219e-04 3.13742225e-04
1.53234081e-01 7.59762708e-05 3.15892034e-04
1.53591744e-01 -1.32420585e-04 3.11347231e-04
1.53949405e-01 6.45410690e-05 3.06378110e-04
1.54307063e-01 4.49896551e-04 3.12650327e-04
1.54664718e-01 -1.26376525e-04 3.10633358e-04
1.55022371e-01 4.62194678e-04 3.06620184e-04
1.55380021e-01 -2.83671518e-04 3.15940899e-04
1.55737669e-01 3.28767799e-04 3.16501590e-04
1.56095314e-01 -2.16191136e-04 2.98547609e-04
1.56452957e-01 -5.72324134e-04 3.05855971e-04
1.56810597e-01 3.41738039e-05 3.06676051e-04
1.57168235e-01 -1.52663171e-04 3.08959554e-04
1.57525870e-01 -2.32764174e-04 3.07888727e-04
1.57883502e-01 4.49817825e-04 3.02781158e-04
1.58241132e-01 3.93814237e-04 3.05950932e-04
1.58598759e-01 4.50931289e-05 2.96481516e-04
1.58956384e-01 -2.32039657e-04 2.98601501e-04
1.59314006e-01 -5.56693462e-04 2.91084744e-04
1.59671625e-01 -1.31530898e-04 3.06985825e-04
1.60029242e-01 -2.00116974e-04 2.96264091e-04
1.60386856e-01 1.01560137e-04 3.05315525e-04
1.60744468e-01 8.10981041e-04 3.02907155e-04
1.61102076e-01 4.29378700e-04 2.95887929e-04
1.61459683e-01 3.45751182e-04 3.00482612e-04
1.61817286e-01 9.79103381e-05 3.03481455e-04
1.62174887e-01 -1.38204356e-04 2.99042925e-04
1.62532485e-01 4.30773890e-04 2.97058896e-04
1.62890081e-01 2.96533611e-05 2.95236340e-04
1.63247674e-01 5.09850138e-05 2.89076152e-04
1.63605264e-01 3.40830772e-04 2.98894075e-04
1.63962852e-01 2.95978518e-04 2.99742947e-04
1.64320437e-01 -2.52637913e-04 2.96255750e-04
1.64678019e-01 7.24410307e-05 2.97308809e-04
1.65035598e-01 1.66842713e-05 2.93056249e-04
1.65393175e-01 1.30046953e-04 2.98190128e-04
1.65750749e-01 3.38400803e-04 2.95200195e-04
1.66108320e-01 -2.23553191e-04 2.96053317e-04
1.66465889e-01 3.34677165e-05 2.95674340e-04
1.66823455e-01 4.59577252e-04 2.95834695e-04
1.67181018e-01 2.70203469e-04 2.95972866e-04
1.67538578e-01 -6.65646269e-04 2.89351351e-04
1.67896136e-01 2.78152103e-04 2.89088079e-04
1.68253691e-01 -1.36801617e-04 2.91300272e-04
1.68611243e-01 1.17713961e-04 2.88543661e-04
1.68968792e-01 5.46165541e-06 2.91954615e-04
1.69326339e-01 -1.78714078e-04 2.86186536e-04
1.69683883e-01 1.41300392e-04 2.88779788e-04
1.70041424e-01 4.07513424e-04 2.88201607e-04
1.70398962e-01 1.56639945e-04 2.91215608e-04
1.70756497e-01 5.36996422e-05 2.86028400e-04
1.71114030e-01 3.94951115e-04 2.92405029e-04
1.71471560e-01 1.12048599e-04 2.88341260e-04
1.71829087e-01 1.07236015e-04 2.91168995e-04
1.72186611e-01 3.72885663e-04 2.86641528e-04
1.72544132e-01 2.88197707e-05 2.86254708e-04
1.72901651e-01 -1.17722958e-04 2.86314922e-04
1.73259167e-01 4.86779334e-04 2.85795471e-04
1.73616679e-01 3.67390723e-04 2.83319280e-04
1.73974189e-01 5.31695780e-04 2.84207334e-04
1.74331697e-01 -2.85038238e-04 2.82665941e-04
1.74689201e-01 2.63216006e-05 2.81018419e-04
1.75046702e-01 1.63302856e-04 2.76415680e-04
1.75404201e-01 3.19665660e-04 2.81528814e-04
1.75761697e-01 9.53886734e-05 2.80222544e-04
1.76119189e-01 3.04148864e-04 2.82153982e-04
1.76476679e-01 4.03842594e-05 2.79529938e-04
1.76834166e-01 -5.31896696e-05 2.81738276e-04
1.77191650e-01 2.26224668e-04 2.83266361e-04
1.77549132e-01 -2.49866695e-04 2.79031701e-04
1.77906610e-01 2.38334225e-04 2.82295055e-04
1.78264085e-01 3.79917689e-04 2.83031998e-04
1.78621558e-01 1.90868996e-04 2.77502284e-04
1.78979027e-01 9.35436208e-05 2.84133215e-04
1.79336494e-01 -2.05773686e-04 2.80171379e-04
1.79693958e-01 -3.69086209e-04 2.73124758e-04
1.80051418e-01 7.87202724e-05 2.79348814e-04
1.80408876e-01 -4.54982285e-04 2.77337764e-04
1.80766331e-01 1.68355955e-04 2.78772762e-04
1.81123783e-01 -1.43740051e-04 2.78521750e-04
1.81481232e-01 2.11058830e-05 2.86881661e-04
1.81838677e-01 -7.01855879e-05 2.91785038e-04
1.82196120e-01 9.83282580e-06 2.80009417e-04
1.82553560e-01 -3.24876844e-04 2.79833453e-04
1.82910997e-01 -5.03051650e-04 2.78474011e-04
1.83268431e-01 1.64863812e-04 2.81296210e-04
1.83625862e-01 2.44466193e-04 2.83754622e-04
1.83983290e-01 4.19929608e-04 2.87220527e-04
1.84340715e-01 -2.25055199e-04 2.81292649e-04
1.84698137e-01 2.17439075e-04 2.79205477e-04
1.85055556e-01 1.12665304e-04 2.85222603e-04
1.85412971e-01 7.04099842e-04 2.84281302e-04
1.85770384e-01 7.31308137e-05 2.87804332e-04
1.86127794e-01 9.79358863e-05 2.80544120e-04
1.86485200e-01 -3.34311803e-04 2.77978199e-04
1.86842604e-01 -5.86707165e-05 2.76547377e-04
1.87200005e-01 -5.09459350e-04 2.77367695e-04
1.87557402e-01 -8.48801564e-06 2.81941102e-04
1.87914797e-01 1.72107084e-04 2.74843768e-04
1.88272188e-01 -2.60580383e-04 2.73776759e-04
1.88629576e-01 -3.50650726e-04 2.76454802e-04
1.88986961e-01 5.37708038e-04 2.62411929e-04
1.89344343e-01 2.25226721e-04 2.76146818e-04
1.89701722e-01 6.42285037e-04 2.71432063e-04
1.90059098e-01 1.20238036e-06 2.74455919e-04
1.90416471e-01 -2.96957115e-04 2.73556991e-04
1.90773840e-01 -2.34293566e-04 2.73493730e-04
1.91131207e-01 -9.58633944e-05 2.67149731e-04
1.91488570e-01 1.93445155e-04 2.71596791e-04
1.91845930e-01 2.87516312e-04 2.71868007e-04
1.92203287e-01 4.08168898e-05 2.71437451e-04
1.92560641e-01 -2.56288877e-04 2.66273328e-04
1.92917992e-01 -5.36920867e-05 2.69458796e-04
1.93275340e-01 -2.71778613e-04 2.72098813e-04
1.93632684e-01 1.66599046e-04 2.67230585e-04
1.93990025e-01 -1.80589660e-04 2.73517175e-04
1.94347363e-01 -1.56226510e-04 2.65733151e-04
1.94704698e-01 2.54601871e-04 2.72464529e-04
1.95062030e-01 4.81066169e-05 2.73361261e-04
1.95419358e-01 3.52387341e-04 2.68277021e-04
1.95776684e-01 -1.66966137e-04 2.67139332e-04
1.96134006e-01 8.49482068e-05 2.70801569e-04
1.96491324e-01 -3.90921103e-04 2.67512716e-04
1.96848640e-01 -3.14264975e-04 2.65220441e-04
1.97205953e-01 3.58337067e-05 2.72537448e-04
1.97563262e-01 2.37328602e-04 2.69046426e-04
1.97920568e-01 -3.31638741e-05 2.71453545e-04
1.98277870e-01 -1.61823370e-04 2.67379209e-04
1.98635170e-01 2.84086000e-05 2.73175219e-04
1.98992466e-01 -1.24022253e-04 2.76267758e-04
1.99349759e-01 -1.25802346e-04 2.78560538e-04
1.99707049e-01 -1.42988070e-04 2.69287948e-04
2.00064335e-01 2.21247023e-05 2.69409252e-04
2.00421618e-01 -1.14121948e-04 2.66859336e-04
2.00778898e-01 -1.99599659e-04 2.69831353e-04
2.01136174e-01 -8.17723829e-05 2.70117638e-04
2.01493448e-01 -4.35885956e-04 2.70113627e-04
2.01850718e-01 -8.43808048e-05 2.65656446e-04
2.02207984e-01 -1.22942383e-04 2.63761161e-04
2.02565248e-01 -3.21306072e-04 2.62197395e-04
2.02922508e-01 -6.44308384e-07 2.64181152e-04
2.03279764e-01 3.15348826e-04 2.63162492e-04
2.03637018e-01 -2.85365185e-04 2.58883360e-04
2.03994268e-01 -2.66898120e-04 2.62374678e-04
2.04351514e-01 1.39841176e-04 2.63709160e-04
2.04708758e-01 -4.30871695e-04 2.54625609e-04
2.05065998e-01 -1.15949299e-04 2.58279878e-04
2.05423234e-01 -3.37879487e-04 2.61594119e-04
2.05780467e-01 -8.03153756e-05 2.62186102e-04
2.06137697e-01 2.19023218e-04 2.55161372e-04
2.06494924e-01 2.87895436e-04 2.58336072e-04
2.06852147e-01 4.29398370e-04 2.59204028e-04
2.07209367e-01 2.71711299e-04 2.56094482e-04
2.07566583e-01 -2.67755581e-04 2.57076053e-04
2.07923796e-01 1.27807128e-04 2.52689277e-04
2.08281005e-01 8.58002725e-06 2.54905188e-04
2.08638211e-01 -4.10580439e-04 2.58054957e-04
2.08995414e-01 -2.65930930e-04 2.54382011e-04
2.09352613e-01 -6.36622024e-04 2.53637674e-04
2.09709809e-01 -8.10869538e-05 2.53779530e-04
2.10067002e-01 5.66258433e-05 2.51738488e-04
2.10424191e-01 -1.39637458e-04 2.58106796e-04
2.10781376e-01 2.45346223e-04 2.52380208e-04
2.11138558e-01 -3.16639424e-05 2.51225650e-04
2.11495737e-01 4.00782347e-05 2.46983537e-04
2.11852912e-01 1.09707404e-04 2.51549930e-04
2.12210084e-01 1.85343145e-04 2.49994803e-04
2.12567252e-01 4.92286774e-05 2.50661597e-04
2.12924416e-01 3.41770583e-04 2.50147480e-04
2.13281578e-01 7.89329856e-05 2.48272313e-04
2.13638735e-01 3.09875331e-04 2.45480067e-04
2.13995890e-01 1.79770137e-04 2.50404164e-04
2.14353040e-01 -2.53886985e-04 2.45577120e-04
2.14710188e-01 -3.20672347e-04 2.44075508e-04
2.15067331e-01 -1.26788951e-05 2.47363562e-04
2.15424471e-01 -1.26013405e-04 2.46214602e-04
2.15781608e-01 -5.36094540e-04 2.45908897e-04
2.16138741e-01 -1.13794969e-04 2.48917877e-04
2.16495871e-01 1.54359409e-04 2.49548569e-04
2.16852997e-01 -1.22657898e-04 2.44554993e-04
2.17210119e-01 5.82448486e-04 2.44681559e-04
2.17567238e-01 1.52804164e-04 2.46774102e-04
2.17924354e-01 4.84146820e-05 2.42104091e-04
2.18281465e-01 2.07155674e-04 2.44387360e-04
2.18638574e-01 4.59863809e-04 2.43606880e-04
2.18995678e-01 -1.51485940e-04 2.44109496e-04
2.19352779e-01 -9.68020857e-05 2.43221571e-04
2.19709877e-01 -2.68537421e-04 2.46167041e-04
2.20066971e-01 3.90510122e-04 2.47898732e-04
2.20424061e-01 -3.22780538e-04 2.45068819e-04
2.20781147e-01 1.03676163e-04 2.41271821e-04
2.21138230e-01 4.28689455e-04 2.37316355e-04
2.21495310e-01 3.20529163e-04 2.40175942e-04
2.21852386e-01 3.42844282e-04 2.36534725e-04
2.22209458e-01 2.54923000e-04 2.41164505e-04
2.22566526e-01 3.08811135e-04 2.43254592e-04
2.22923591e-01 2.07053668e-04 2.38401686e-04
2.23280652e-01 6.78477486e-05 2.31496445e-04
2.23637710e-01 -3.14571651e-04 2.37521198e-04
2.23994764e-01 1.65020408e-05 2.38962011e-04
2.24351814e-01 1.23049648e-04 2.41932471e-04
2.24708861e-01 -9.87335773e-05 2.38663401e-04
2.25065904e-01 -1.80039264e-04 2.36650733e-04
2.25422943e-01 1.14596770e-04 2.38381289e-04
2.25779978e-01 1.17163424e-05 2.33887876e-04
2.26137010e-01 2.50418686e-04 2.38125145e-04
2.26494038e-01 2.72994679e-04 2.35857222e-04
2.26851063e-01 -1.75558530e-04 2.35974390e-04
2.27208083e-01 3.42680535e-05 2.36983413e-04
2.27565100e-01 -7.81987138e-05 2.37177660e-04
2.27922114e-01 -4.46494144e-04 2.34068618e-04
2.28279123e-01 3.23224017e-04 2.33004948e-04
2.28636129e-01 4.98507436e-04 2.35320410e-04
2.28993131e-01 6.40641811e-04 2.35929948e-04
2.29350129e-01 -4.41843459e-05 2.31277041e-04
2.29707124e-01 -1.36292390e-04 2.31882870e-04
2.30064115e-01 -3.46174915e-04 2.33337732e-04
2.30421102e-01 1.20633687e-04 2.34678181e-04
2.30778085e-01 1.20609473e-04 2.32203323e-04
2.31135064e-01 2.86738221e-04 2.32572404e-04
2.31492040e-01 -3.71001414e-04 2.35062576e-04
2.31849012e-01 -3.02187548e-04 2.32139122e-04
2.32205980e-01 -9.52509289e-05 2.32418761e-04
2.32562944e-01 2.91217802e-04 2.32456242e-04
2.32919905e-01 4.34104758e-04 2.35236219e-04
2.33276862e-01 -2.53410939e-04 2.35569549e-04
2.33633814e-01 1.14691219e-04 2.34134055e-04
2.33990763e-01 2.33785223e-04 2.32574000e-04
2.34347709e-01 3.37669948e-04 2.27945529e-04
2.34704650e-01 6.22885041e-05 2.30032733e-04
2.35061588e-01 2.90904400e-04 2.25398808e-04
2.35418521e-01 1.86906464e-05 2.25870039e-04
2.35775451e-01 -1.31722780e-04 2.28759212e-04
2.36132377e-01 -1.29704058e-05 2.25450383e-04
2.36489299e-01 -1.66461920e-04 2.29172113e-04
2.36846218e-01 3.42200988e-04 2.31917423e-04
2.37203132e-01 1.61185995e-05 2.29598054e-04
2.37560042e-01 5.98106780e-05 2.24827858e-04
2.37916949e-01 -2.83168006e-07 2.32556144e-04
2.38273852e-01 1.98644007e-04 2.22538621e-04
2.38630751e-01 1.44801753e-04 2.24435543e-04
2.38987645e-01 -3.70612220e-04 2.24030291e-04
2.39344537e-01 4.19752465e-06 2.22783480e-04
2.39701424e-01 9.11957416e-05 2.20729072e-04
2.40058307e-01 -1.63557633e-04 2.21108581e-04
2.40415186e-01 1.00799586e-04 2.24253734e-04
2.40772061e-01 1.70228101e-04 2.23984386e-04
2.41128933e-01 -3.36273009e-05 2.29419253e-04
2.41485800e-01 3.62188516e-04 2.21542155e-04
2.41842664e-01 2.16590411e-05 2.23809321e-04
2.42199523e-01 -9.09530222e-05 2.21232806e-04
2.42556379e-01 9.94657483e-05 2.26343082e-04
2.42913230e-01 4.30827433e-04 2.23918217e-04
2.43270078e-01 -6.34700546e-05 2.23193021e-04
2.43626922e-01 1.33141189e-04 2.21849818e-04
2.43983761e-01 -2.05749394e-05 2.18136698e-04
2.44340597e-01 -3.01287696e-04 2.19566278e-04
2.44697429e-01 -7.46476771e-05 2.19391703e-04
2.45054256e-01 3.67213461e-05 2.18810314e-04
2.45411080e-01 8.14570834e-05 2.17151424e-04
2.45767900e-01 1.86906924e-04 2.16583248e-04
2.46124715e-01 9.00125112e-05 2.22324252e-04
2.46481527e-01 -1.59167874e-04 2.17538229e-04
2.46838334e-01 -8.92062258e-05 2.19167676e-04
2.47195138e-01 6.69461847e-05 2.20935601e-04
2.47551938e-01 9.07997801e-05 2.18795951e-04
2.47908733e-01 3.62269904e-05 2.16815066e-04
2.48265524e-01 2.15735269e-04 2.23417519e-04
2.48622312e-01 8.28982954e-05 2.23787187e-04
2.48979095e-01 -3.69043124e-04 2.16421487e-04
2.49335874e-01 -2.52199818e-04 2.18997340e-04
2.49692649e-01 3.00059318e-04 2.16206459e-04
2.50049420e-01 7.74084862e-05 2.12387105e-04
2.50406187e-01 -7.22949784e-05 2.20046192e-04
2.50762950e-01 -9.21026168e-05 2.13227625e-04
2.51119709e-01 -2.28810669e-04 2.15350666e-04
2.51476464e-01 5.01386432e-05 2.13820828e-04
2.51833214e-01 1.30006039e-04 2.16057544e-04
2.52189961e-01 -4.10761982e-05 2.12611574e-04
2.52546703e-01 -6.49641532e-05 2.15890228e-04
2.52903441e-01 -1.88930086e-05 2.13064439e-04
2.53260175e-01 1.13479736e-04 2.13297383e-04
2.53616905e-01 5.93204761e-05 2.11381717e-04
2.53973631e-01 -1.47498963e-05 2.11317950e-04
2.54330352e-01 -8.73400594e-05 2.12308732e-04
2.54687070e-01 1.14033328e-04 2.11249448e-04
2.55043783e-01 4.46374871e-05 2.08851485e-04
2.55400492e-01 1.05694681e-04 2.10235492e-04
2.55757197e-01 -1.97024439e-04 2.08207212e-04
2.56113898e-01 1.84667504e-04 2.10705205e-04
2.56470595e-01 1.57440177e-04 2.14323824e-04
2.56827287e-01 2.46454143e-04 2.09999845e-04
2.57183975e-01 -1.16905742e-04 2.12709932e-04
2.57540659e-01 5.78042067e-05 2.14794366e-04
2.57897339e-01 -3.52649198e-04 2.17903866e-04
2.58254014e-01 2.30110491e-04 2.17353334e-04
2.58610686e-01 -2.04241054e-04 2.11704522e-04
2.58967353e-01 -1.59740990e-04 2.15464407e-04
2.59324016e-01 3.79334924e-04 2.16242382e-04
2.59680674e-01 -2.11197258e-05 2.16733638e-04
2.60037329e-01 -1.91062319e-05 2.14377856e-04
2.60393979e-01 -3.76315473e-05 2.13135818e-04
2.60750625e-01 4.42995658e-05 2.13714821e-04
2.61107266e-01 5.38621599e-05 2.13269158e-04
2.61463904e-01 -8.13290010e-05 2.13330855e-04
2.61820537e-01 -2.30404556e-04 2.15409693e-04
2.62177166e-01 2.24444918e-04 2.11953272e-04
2.62533790e-01 1.93318609e-04 2.18238888e-04
2.62890410e-01 -4.40926176e-04 2.12980718e-04
2.63247026e-01 -1.86307982e-04 2.16518497e-04
2.63603638e-01 2.52808378e-04 2.15791893e-04
2.63960245e-01 1.94834009e-04 2.12092103e-04
2.64316848e-01 -1.48657942e-04 2.14479482e-04
2.64673447e-01 -1.44239972e-04 2.14591408e-04
2.65030042e-01 -2.85767706e-04 2.10261259e-04
2.65386632e-01 9.52921154e-06 2.10869900e-04
2.65743217e-01 -1.53409445e-04 2.10863947e-04
2.66099799e-01 2.56582907e-05 2.14078891e-04
2.66456376e-01 -2.57778406e-04 2.13290922e-04
2.66812948e-01 -2.81308087e-04 2.14586790e-04
2.67169517e-01 -2.94608457e-04 2.13741511e-04
2.67526081e-01 1.27833641e-05 2.17736929e-04
2.67882640e-01 3.90822488e-05 2.16037452e-04
2.68239195e-01 -1.40486007e-04 2.15831038e-04
2.68595746e-01 3.09739169e-04 2.13810974e-04
2.68952293e-01 -2.92048936e-04 2.14345109e-04
2.69308835e-01 1.38773841e-04 2.22158635e-04
2.69665372e-01 -7.67220934e-05 2.18835495e-04
2.70021906e-01 -2.54090162e-04 2.24286555e-04
2.70378435e-01 2.23634041e-04 2.19736551e-04
2.70734959e-01 1.06973560e-04 2.22285486e-04
2.71091479e-01 -1.10333062e-04 2.23259230e-04
2.71447995e-01 -7.10326997e-05 2.22968494e-04
2.71804506e-01 1.01933545e-04 2.18433567e-04
2.72161012e-01 -2.24611255e-04 2.25431604e-04
2.72517515e-01 -1.10639942e-04 2.26154974e-04
2.72874012e-01 4.69724984e-04 2.31502465e-04
