1.54026655e-02 6.71581162e-04 1.77132950e-03
1.57608633e-02 2.31743787e-03 1.58520843e-03
1.61190608e-02 5.67117342e-03 1.55091497e-03
1.64772580e-02 3.40439910e-04 1.44666904e-03
1.68354550e-02 1.81658553e-03 1.41902379e-03
1.71936517e-02 3.01412818e-03 1.43020818e-03
1.75518481e-02 3.72293765e-03 1.30341557e-03
1.79100442e-02 2.37771660e-03 1.32041535e-03
1.82682400e-02 5.11810198e-05 1.27675574e-03
1.86264355e-02 3.61781688e-03 1.23608886e-03
1.89846308e-02 4.66123537e-03 1.28860021e-03
1.93428257e-02 4.25993831e-03 1.11862263e-03
1.97010202e-02 3.54626285e-03 1.09921060e-03
2.00592145e-02 4.39541057e-03 1.10735224e-03
2.04174084e-02 3.71244455e-03 1.03586491e-03
2.07756020e-02 4.15107606e-03 1.08517336e-03
2.11337953e-02 5.58808977e-03 1.14325241e-03
2.14919882e-02 4.43914659e-03 1.09812650e-03
2.18501808e-02 4.76504949e-03 1.08426807e-03
2.22083729e-02 4.91885229e-03 1.00114072e-03
2.25665648e-02 4.66823405e-03 1.00947161e-03
2.29247562e-02 4.20157093e-03 9.74104430e-04
2.32829473e-02 3.33252067e-03 9.77488775e-04
2.36411380e-02 4.87878375e-03 1.02436876e-03
2.39993283e-02 3.85822007e-03 9.35873075e-04
2.43575182e-02 2.60597692e-03 9.32795383e-04
2.47157077e-02 3.41611642e-03 8.95680432e-04
2.50738968e-02 5.35241822e-03 9.26289338e-04
2.54320855e-02 4.63609714e-03 9.42229296e-04
2.57902738e-02 4.50096468e-03 8.64582811e-04
2.61484617e-02 2.56467394e-03 8.50744503e-04
2.65066491e-02 5.59196236e-03 8.85531847e-04
2.68648361e-02 3.85244067e-03 8.61691438e-04
2.72230226e-02 2.35801428e-03 8.43708954e-04
2.75812087e-02 4.20504921e-03 8.52365831e-04
2.79393943e-02 4.82788262e-03 8.07610115e-04
2.82975795e-02 4.67045656e-03 8.19686848e-04
2.86557642e-02 4.00211849e-03 8.59290565e-04
2.90139485e-02 6.08607442e-03 7.91438830e-04
2.93721323e-02 3.60457611e-03 8.25147025e-04
2.97303155e-02 4.27869876e-03 8.00264804e-04
3.00884983e-02 5.17170009e-03 8.11081466e-04
3.04466806e-02 3.86013903e-03 8.39996044e-04
3.08048624e-02 4.06650240e-03 8.72306362e-04
3.11630437e-02 4.89230020e-03 8.66156850e-04
3.15212245e-02 3.90129621e-03 8.36441488e-04
3.18794048e-02 3.33638494e-03 8.05382445e-04
3.22375845e-02 4.54850529e-03 8.30244618e-04
3.25957637e-02 5.02098931e-03 8.36358211e-04
3.29539424e-02 4.64475621e-03 8.34911141e-04
3.33121205e-02 3.38388118e-03 7.52067813e-04
3.36702981e-02 3.38598449e-03 8.27502352e-04
3.40284751e-02 3.86567290e-03 7.79516261e-04
3.43866516e-02 3.78165136e-03 7.88550320e-04
3.47448275e-02 4.40595134e-03 7.65109520e-04
3.51030028e-02 3.76997259e-03 7.64316019e-04
3.54611775e-02 5.99204721e-03 7.65551873e-04
3.58193517e-02 5.39111433e-03 7.72341229e-04
3.61775253e-02 3.88376039e-03 7.48594710e-04
3.65356983e-02 6.07550697e-03 6.96801912e-04
3.68938706e-02 4.83778087e-03 7.67962888e-04
3.72520424e-02 3.36318602e-03 6.99338549e-04
3.76102136e-02 4.23777311e-03 7.12495201e-04
3.79683841e-02 3.20675016e-03 7.40966445e-04
3.83265540e-02 4.14600439e-03 7.25879978e-04
3.86847233e-02 5.32650425e-03 6.99639806e-04
3.90428920e-02 5.00798541e-03 7.27700032e-04
3.94010600e-02 5.86502671e-03 7.05109987e-04
3.97592273e-02 3.66284777e-03 7.00577487e-04
4.01173941e-02 4.64754026e-03 7.17573770e-04
4.04755601e-02 4.06496614e-03 6.82689038e-04
4.08337255e-02 4.19042019e-03 6.77140055e-04
4.11918902e-02 2.82664942e-03 6.57735437e-04
4.15500542e-02 2.79060890e-03 6.64847584e-04
4.19082176e-02 4.27680160e-03 6.71560849e-04
4.22663802e-02 4.27482465e-03 6.63826735e-04
4.26245422e-02 4.70523122e-03 6.95097608e-04
4.29827034e-02 3.17085993e-03 6.76922937e-04
4.33408640e-02 3.37757422e-03 6.66160724e-04
4.36990238e-02 4.10834903e-03 6.59536612e-04
4.40571830e-02 3.48263187e-03 6.64196191e-04
4.44153414e-02 3.64252356e-03 6.49786473e-04
4.47734990e-02 3.31007320e-03 6.61829371e-04
4.51316560e-02 5.14717975e-03 6.68354113e-04
4.54898122e-02 3.89033877e-03 6.65241756e-04
4.58479676e-02 3.56882997e-03 6.51357486e-04
4.62061223e-02 5.79338283e-03 6.77088325e-04
4.65642762e-02 3.52955035e-03 6.47282877e-04
4.69224294e-02 3.05042414e-03 6.52605504e-04
4.72805818e-02 3.71408181e-03 6.60037102e-04
4.76387334e-02 3.56565538e-03 6.68763467e-04
4.79968842e-02 3.18459629e-03 6.80782677e-04
4.83550342e-02 3.91139153e-03 6.48937936e-04
4.87131835e-02 4.29757039e-03 6.07016616e-04
4.90713319e-02 4.07014646e-03 6.47863065e-04
4.94294795e-02 5.82351998e-03 6.34407395e-04
4.97876264e-02 4.31840309e-03 6.31306042e-04
5.01457724e-02 3.59868824e-03 6.40515580e-04
5.05039175e-02 4.23374101e-03 5.99167408e-04
5.08620619e-02 2.91162190e-03 6.00354597e-04
5.12202054e-02 4.65238502e-03 6.03880553e-04
5.15783481e-02 3.94202566e-03 5.97127976e-04
5.19364899e-02 3.66813560e-03 5.78008263e-04
5.22946308e-02 3.61606861e-03 5.75712825e-04
5.26527709e-02 3.77419603e-03 5.88987516e-04
5.30109102e-02 3.38722744e-03 5.78238188e-04
5.33690485e-02 3.31433710e-03 5.55584760e-04
5.37271860e-02 3.47317698e-03 5.84392057e-04
5.40853226e-02 3.31605174e-03 5.73810535e-04
5.44434583e-02 3.17613356e-03 5.68674717e-04
5.48015932e-02 3.21002189e-03 5.77963019e-04
5.51597271e-02 2.39096966e-03 5.53880256e-04
5.55178601e-02 4.34192605e-03 5.60545616e-04
5.58759922e-02 2.71025218e-03 5.65614486e-04
5.62341234e-02 2.75751879e-03 5.77387831e-04
5.65922536e-02 2.88927184e-03 5.80434355e-04
5.69503829e-02 2.47629955e-03 5.46764647e-04
5.73085113e-02 3.33919094e-03 5.45150882e-04
5.76666388e-02 3.28752002e-03 5.47247667e-04
5.80247653e-02 3.13051598e-03 5.54026794e-04
5.83828908e-02 3.32863164e-03 5.61080651e-04
5.87410154e-02 2.64727343e-03 5.55018024e-04
5.90991390e-02 4.15337620e-03 5.63074525e-04
5.94572616e-02 3.60908110e-03 5.40236725e-04
5.98153833e-02 2.73888925e-03 5.59900009e-04
6.01735040e-02 3.33979403e-03 5.44822009e-04
6.05316237e-02 3.01201403e-03 5.69765630e-04
6.08897424e-02 2.56290015e-03 5.15740500e-04
6.12478600e-02 2.99067493e-03 5.45843559e-04
6.16059767e-02 2.41724934e-03 5.34484180e-04
6.19640924e-02 2.41121305e-03 5.34162461e-04
6.23222071e-02 2.63503180e-03 5.38010618e-04
6.26803207e-02 2.61707087e-03 5.28314010e-04
6.30384333e-02 3.41832107e-03 5.25714355e-04
6.33965448e-02 2.24334505e-03 5.09100248e-04
6.37546554e-02 2.71366143e-03 5.15524232e-04
6.41127648e-02 2.84337372e-03 5.27809119e-04
6.44708732e-02 3.35203315e-03 5.16156558e-04
6.48289806e-02 2.00518250e-03 5.09541380e-04
6.51870869e-02 2.17648197e-03 5.06265656e-04
6.55451921e-02 2.65052153e-03 5.12171348e-04
6.59032962e-02 2.98415376e-03 5.07488801e-04
6.62613993e-02 3.20858310e-03 5.20976913e-04
6.66195012e-02 3.19769977e-03 5.33189997e-04
6.69776021e-02 2.23574835e-03 5.06726870e-04
6.73357019e-02 2.62328714e-03 5.02694659e-04
6.76938005e-02 3.19687897e-03 4.87904823e-04
6.80518981e-02 3.03054503e-03 4.77926288e-04
6.84099945e-02 2.48728928e-03 4.80802706e-04
6.87680898e-02 2.67564891e-03 4.93283011e-04
6.91261840e-02 2.86302566e-03 4.81238201e-04
6.94842770e-02 2.31960448e-03 4.77472391e-04
6.98423689e-02 2.14836771e-03 4.79536628e-04
7.02004596e-02 2.06117728e-03 4.75543337e-04
7.05585492e-02 2.89658168e-03 4.80550186e-04
7.09166377e-02 2.13190467e-03 4.78058091e-04
7.12747249e-02 1.18481789e-03 4.75386475e-04
7.16328110e-02 2.17219425e-03 4.75700515e-04
7.19908959e-02 2.81572311e-03 4.80217243e-04
7.23489796e-02 2.21839968e-03 4.71438532e-04
7.27070622e-02 1.83051606e-03 4.90569442e-04
7.30651435e-02 1.82828056e-03 4.86055624e-04
7.34232237e-02 1.46352492e-03 4.67813384e-04
7.37813026e-02 7.79760474e-04 4.70388037e-04
7.41393803e-02 2.35455831e-03 4.65897400e-04
7.44974568e-02 2.24813654e-03 4.80286713e-04
7.48555321e-02 1.80648533e-03 4.58200455e-04
7.52136061e-02 1.66483401e-03 4.69403554e-04
7.55716789e-02 2.29437593e-03 4.54240593e-04
7.59297505e-02 2.30322365e-03 4.58660481e-04
7.62878208e-02 2.18718206e-03 4.60865991e-04
7.66458899e-02 2.70248962e-03 4.62838165e-04
7.70039577e-02 1.69923214e-03 4.71072767e-04
7.73620242e-02 1.76092839e-03 4.47023019e-04
7.77200895e-02 2.17178499e-03 4.39028439e-04
7.80781535e-02 1.24564012e-03 4.73476475e-04
7.84362162e-02 1.59760115e-03 4.55619177e-04
7.87942776e-02 2.30538929e-03 4.74080685e-04
7.91523377e-02 2.46853486e-03 4.55218820e-04
7.95103965e-02 2.71552389e-03 4.56995187e-04
7.98684540e-02 1.75779968e-03 4.62739324e-04
8.02265102e-02 1.20473271e-03 4.55283873e-04
8.05845651e-02 1.45979724e-03 4.64411169e-04
8.09426186e-02 1.92288302e-03 4.67208659e-04
8.13006709e-02 1.74791507e-03 4.55378278e-04
8.16587217e-02 1.50303273e-03 4.47167805e-04
8.20167713e-02 2.01796043e-03 4.44439028e-04
8.23748195e-02 1.51194282e-03 4.27935177e-04
8.27328663e-02 2.21670518e-03 4.32885881e-04
8.30909118e-02 1.86516946e-03 4.35208060e-04
8.34489559e-02 1.24834875e-03 4.37238369e-04
8.38069986e-02 7.23374192e-04 4.23512330e-04
8.41650400e-02 1.06060268e-03 4.26439435e-04
8.45230800e-02 1.44488434e-03 4.17285015e-04
8.48811185e-02 1.20308083e-03 4.29740658e-04
8.52391557e-02 1.20233789e-03 4.53557127e-04
8.55971915e-02 1.29955370e-03 4.41417451e-04
8.59552259e-02 5.08709128e-04 4.39148270e-04
8.63132589e-02 2.00597108e-03 4.25912764e-04
8.66712904e-02 1.68657434e-03 4.48099677e-04
8.70293205e-02 1.74367943e-03 4.44538746e-04
8.73873492e-02 1.15547268e-03 4.29013488e-04
8.77453765e-02 1.24051309e-03 4.33020573e-04
8.81034023e-02 1.27092555e-03 4.27697112e-04
8.84614267e-02 1.13226063e-03 4.37653459e-04
8.88194496e-02 1.25756327e-03 4.27366621e-04
8.91774710e-02 1.42383252e-03 4.30553750e-04
8.95354910e-02 1.35711980e-03 4.21050143e-04
8.98935095e-02 1.04925937e-03 4.35612498e-04
9.02515266e-02 1.47960580e-03 4.31571539e-04
9.06095421e-02 1.48217244e-03 4.40983436e-04
9.09675562e-02 1.10507835e-03 4.30340533e-04
9.13255687e-02 1.74668831e-03 4.24566077e-04
9.16835798e-02 8.60794155e-04 4.43206749e-04
9.20415894e-02 6.20482490e-04 4.40969051e-04
9.23995974e-02 1.53608392e-03 4.35063892e-04
9.27576039e-02 1.21313444e-03 4.30111496e-04
9.31156089e-02 8.72844913e-04 4.18458188e-04
9.34736124e-02 9.93838741e-04 4.09397329e-04
9.38316143e-02 8.79253124e-04 4.20041312e-04
9.41896147e-02 7.77486289e-06 4.29977282e-04
9.45476136e-02 1.23681404e-03 4.18916509e-04
9.49056108e-02 7.93040726e-04 4.24254746e-04
9.52636066e-02 1.16450131e-03 4.07009052e-04
9.56216007e-02 1.31272628e-03 4.04873478e-04
9.59795933e-02 1.67003886e-03 4.22628485e-04
9.63375843e-02 1.67990515e-03 4.09795846e-04
9.66955738e-02 7.42459703e-04 4.10506815e-04
9.70535616e-02 1.32268730e-03 4.08688377e-04
9.74115478e-02 1.50009492e-03 4.12489079e-04
9.77695325e-02 1.08543354e-03 4.07932026e-04
9.81275155e-02 7.19322948e-04 3.99688777e-04
9.84854969e-02 6.97013840e-04 4.12983173e-04
9.88434768e-02 7.09502844e-04 4.00242722e-04
9.92014549e-02 1.12643696e-03 4.09069780e-04
9.95594315e-02 2.21757074e-04 4.05792675e-04
9.99174064e-02 1.39688962e-03 3.98731625e-04
1.00275380e-01 1.84497390e-03 4.06855458e-04
1.00633351e-01 1.13286782e-03 3.98757609e-04
1.00991321e-01 8.03082508e-04 3.86688661e-04
1.01349290e-01 3.76490019e-04 3.92793941e-04
1.01707256e-01 7.82227658e-04 4.00315681e-04
1.02065221e-01 4.96634245e-04 3.97283301e-04
1.02423184e-01 2.84674736e-04 3.83801374e-04
1.02781146e-01 1.13997306e-03 3.97736201e-04
1.03139106e-01 7.18848755e-04 3.99735304e-04
1.03497064e-01 3.72918042e-04 3.83388502e-04
1.03855021e-01 2.20435442e-04 3.97827247e-04
1.04212976e-01 1.19701607e-03 3.96481170e-04
1.04570929e-01 8.61260184e-04 3.93190894e-04
1.04928880e-01 2.48706904e-04 3.87162251e-04
1.05286830e-01 2.63803145e-04 3.88028646e-04
1.05644778e-01 3.66721970e-04 4.04410257e-04
1.06002724e-01 4.32476273e-04 3.86042629e-04
1.06360668e-01 7.45804235e-04 4.01310398e-04
1.06718611e-01 1.35567569e-03 4.01171697e-04
1.07076552e-01 7.11884898e-04 4.14763553e-04
1.07434491e-01 2.58366969e-04 3.97831119e-04
1.07792429e-01 1.24702272e-03 4.10802875e-04
1.08150364e-01 5.83175712e-04 4.01243001e-04
1.08508298e-01 1.09821713e-03 4.06804675e-04
1.08866230e-01 1.86607182e-04 3.91679196e-04
1.09224160e-01 9.71716508e-04 4.04789057e-04
1.09582089e-01 6.72013907e-04 3.90186181e-04
1.09940016e-01 7.48252663e-04 4.04256618e-04
1.10297941e-01 9.81528975e-04 4.03867760e-04
1.10655864e-01 6.79337432e-04 3.98552454e-04
1.11013785e-01 4.38257148e-04 3.92759030e-04
1.11371704e-01 2.35997084e-04 3.87462161e-04
1.11729622e-01 1.36768188e-04 3.89348743e-04
1.12087538e-01 2.36245857e-05 3.82815430e-04
1.12445452e-01 5.00735109e-04 3.94117634e-04
1.12803364e-01 -2.51414382e-04 3.63842955e-04
1.13161274e-01 9.53346241e-04 3.74554954e-04
1.13519182e-01 5.46464010e-06 3.70323352e-04
1.13877089e-01 2.53094709e-04 3.75957458e-04
1.14234994e-01 5.55722555e-04 3.74536387e-04
1.14592896e-01 1.23871278e-03 3.78240001e-04
1.14950797e-01 9.23022928e-04 3.76484766e-04
1.15308696e-01 6.70925500e-04 3.76993851e-04
1.15666593e-01 8.69302796e-04 3.70623996e-04
1.16024488e-01 4.94481142e-04 3.73220447e-04
1.16382382e-01 5.96757957e-04 3.74629574e-04
1.16740273e-01 1.05250299e-03 3.67543210e-04
1.17098163e-01 1.20514639e-04 3.60289281e-04
1.17456050e-01 4.32542990e-04 3.64444970e-04
1.17813936e-01 -9.68443353e-05 3.83372318e-04
1.18171819e-01 -2.02662633e-04 3.77709499e-04
1.18529701e-01 1.06458400e-03 3.80826098e-04
1.18887581e-01 4.35148282e-04 3.77460973e-04
1.19245459e-01 5.58783166e-05 3.80220910e-04
1.19603335e-01 6.44222773e-04 3.85617175e-04
1.19961208e-01 7.24396535e-04 3.77355479e-04
1.20319080e-01 3.78488025e-05 3.59761004e-04
1.20676950e-01 2.34132789e-04 3.84752213e-04
1.21034818e-01 -2.27268597e-04 3.80187944e-04
1.21392684e-01 -4.68174750e-05 3.80109288e-04
1.21750548e-01 -1.53289373e-04 3.81301214e-04
1.22108410e-01 8.91010054e-04 3.69916623e-04
1.22466270e-01 8.01702565e-04 3.73897322e-04
1.22824128e-01 5.32020854e-04 3.76345129e-04
1.23181984e-01 -1.10958631e-05 3.82573029e-04
1.23539838e-01 3.46948871e-04 3.77210788e-04
1.23897690e-01 8.20058547e-04 3.77708584e-04
1.24255540e-01 6.11440611e-04 3.69939597e-04
1.24613388e-01 3.14053393e-04 3.54675721e-04
1.24971233e-01 7.18685704e-04 3.66636181e-04
1.25329077e-01 4.96805414e-04 3.69401210e-04
1.25686919e-01 3.66067897e-04 3.67257938e-04
1.26044758e-01 4.17117651e-04 3.56265290e-04
1.26402596e-01 5.91087371e-04 3.50443099e-04
1.26760431e-01 3.70984444e-04 3.53869723e-04
1.27118265e-01 3.55118417e-04 3.69171068e-04
1.27476096e-01 7.46749219e-04 3.70829548e-04
1.27833925e-01 4.18509377e-04 3.60780291e-04
1.28191752e-01 -1.38145920e-04 3.52930458e-04
1.28549577e-01 -7.48395177e-05 3.51908406e-04
1.28907400e-01 2.49541785e-05 3.53320367e-04
1.29265221e-01 5.51316058e-04 3.45211291e-04
1.29623040e-01 5.26744732e-04 3.50100099e-04
1.29980856e-01 3.86614128e-04 3.46491282e-04
1.30338670e-01 3.77518250e-04 3.43520047e-04
1.30696483e-01 3.32516779e-04 3.47178461e-04
1.31054293e-01 1.70341306e-04 3.44456421e-04
1.31412101e-01 6.17097277e-04 3.61795010e-04
1.31769906e-01 1.20417205e-04 3.53022241e-04
1.32127710e-01 -3.22226644e-06 3.36854416e-04
1.32485511e-01 2.40798247e-04 3.52252571e-04
1.32843311e-01 7.40558700e-05 3.55958388e-04
1.33201108e-01 -3.84239261e-05 3.44092483e-04
1.33558903e-01 -9.81637095e-05 3.47760969e-04
1.33916695e-01 8.27929178e-04 3.46964536e-04
1.34274486e-01 2.30930106e-04 3.43924737e-04
1.34632274e-01 2.92023931e-04 3.43883658e-04
1.34990060e-01 2.68425875e-04 3.37178379e-04
1.35347844e-01 -1.18729893e-04 3.34979736e-04
1.35705626e-01 1.49177732e-04 3.32983253e-04
1.36063405e-01 -4.74719462e-04 3.40310790e-04
1.36421182e-01 -9.74914723e-05 3.32544771e-04
1.36778957e-01 -1.62841581e-04 3.30504003e-04
1.37136730e-01 3.68961536e-04 3.28040844e-04
1.37494500e-01 2.53799512e-05 3.35303612e-04
1.37852269e-01 1.77082706e-05 3.30538919e-04
1.38210034e-01 7.40639006e-04 3.34726843e-04
1.38567798e-01 -7.28302574e-05 3.30032687e-04
1.38925559e-01 6.29804571e-04 3.31144302e-04
1.39283319e-01 1.41355069e-04 3.28131176e-04
1.39641075e-01 1.78514550e-04 3.34693294e-04
1.39998830e-01 2.41802169e-05 3.27837336e-04
1.40356582e-01 -2.39670650e-04 3.23050175e-04
1.40714332e-01 3.58280669e-04 3.30790816e-04
1.41072080e-01 2.29430028e-04 3.37877805e-04
1.41429825e-01 3.60660028e-04 3.19300921e-04
1.41787568e-01 1.37652473e-04 3.33577714e-04
1.42145308e-01 -2.47702211e-04 3.33927399e-04
1.42503047e-01 3.29011331e-04 3.26914005e-04
1.42860783e-01 2.80105618e-04 3.24102931e-04
1.43218516e-01 -4.23438390e-04 3.15040110e-04
1.43576247e-01 7.53625792e-05 3.27585600e-04
1.43933976e-01 6.46201016e-04 3.19501096e-04
1.44291703e-01 3.95918547e-04 3.27290564e-04
1.44649427e-01 4.18933623e-04 3.24391311e-04
1.45007149e-01 4.55510929e-04 3.18877284e-04
1.45364868e-01 -5.05800350e-05 3.18050428e-04
1.45722585e-01 2.17023749e-04 3.14162871e-04
1.46080300e-01 6.69665041e-04 3.27203571e-04
1.46438012e-01 1.78913742e-04 3.17827654e-04
1.46795722e-01 3.05218925e-04 3.13930074e-04
1.47153429e-01 -2.04811226e-05 3.19025444e-04
1.47511134e-01 -8.75655461e-05 3.20419596e-04
1.47868837e-01 2.88721987e-04 3.21926158e-04
1.48226537e-01 2.76497242e-04 3.18930065e-04
1.48584235e-01 -1.20857778e-04 3.14394671e-04
1.48941930e-01 2.78908668e-04 3.15452270e-04
1.49299623e-01 6.96484850e-04 3.13308345e-04
1.49657313e-01 -2.99796442e-05 3.17042237e-04
1.50015001e-01 2.41592606e-04 3.20744741e-04
1.50372687e-01 5.77424897e-06 3.13850457e-04
1.50730370e-01 2.41590617e-04 3.16896577e-04
1.51088050e-01 1.94311462e-04 3.15726670e-04
1.51445728e-01 3.28175114e-04 3.18442737e-04
1.51803404e-01 -8.67398153e-05 3.07859911e-04
1.52161077e-01 -1.04957650e-05 3.11792595e-04
1.52518747e-01 -2.30610861e-04 3.03679377e-04
1.52876416e-01 2.45134263e-04 3.04826865e-04
1.53234081e-01 -4.99307754e-04 3.08728046e-04
1.53591744e-01 -4.96156898e-04 3.11850887e-04
1.53949405e-01 7.96747642e-05 3.09954927e-04
1.54307063e-01 2.69708458e-04 3.15036705e-04
1.54664718e-01 2.96875357e-04 3.10528993e-04
1.55022371e-01 5.92357665e-04 3.09391626e-04
1.55380021e-01 -9.90311512e-05 3.07946755e-04
1.55737669e-01 3.99343988e-04 3.08671900e-04
1.56095314e-01 4.62001050e-04 3.10382830e-04
1.56452957e-01 5.54045115e-04 3.05755732e-04
1.56810597e-01 7.93883039e-04 3.06962449e-04
1.57168235e-01 5.00610501e-04 3.04784860e-04
1.57525870e-01 -3.90712587e-05 3.03398349e-04
1.57883502e-01 -6.00305462e-05 3.03506785e-04
1.58241132e-01 1.94287921e-04 3.05752640e-04
1.58598759e-01 5.09866436e-04 2.98949016e-04
1.58956384e-01 4.56259552e-05 3.02216342e-04
1.59314006e-01 2.42302127e-04 2.99850244e-04
1.59671625e-01 9.39461835e-05 2.94926400e-04
1.60029242e-01 -1.81261562e-04 2.98962418e-04
1.60386856e-01 3.77865566e-04 3.09293624e-04
1.60744468e-01 -1.70274504e-04 3.00685088e-04
1.61102076e-01 -1.37692649e-05 3.02401801e-04
1.61459683e-01 2.77795475e-04 3.02950575e-04
1.61817286e-01 5.19939025e-04 3.08417350e-04
1.62174887e-01 -4.93317092e-04 2.96999018e-04
1.62532485e-01 5.80582839e-04 3.00753889e-04
1.62890081e-01 3.23446074e-04 2.94219383e-04
1.63247674e-01 5.72739143e-04 2.92754125e-04
1.63605264e-01 -3.54923153e-05 2.97194969e-04
1.63962852e-01 -2.13164358e-05 2.93516522e-04
1.64320437e-01 -3.45386540e-04 2.96566091e-04
1.64678019e-01 1.31437355e-05 2.99231352e-04
1.65035598e-01 3.91855436e-04 2.94056588e-04
1.65393175e-01 1.82981140e-04 2.91300693e-04
1.65750749e-01 1.16735063e-04 2.96464712e-04
1.66108320e-01 4.57861350e-05 2.87688389e-04
1.66465889e-01 -5.52830128e-04 2.85681040e-04
1.66823455e-01 2.41012599e-04 2.96357095e-04
1.67181018e-01 2.35221305e-04 2.95497158e-04
1.67538578e-01 2.49354608e-04 2.96734492e-04
1.67896136e-01 -1.32696417e-04 2.88845575e-04
1.68253691e-01 -1.85237279e-04 2.94047066e-04
1.68611243e-01 2.35744589e-04 2.96042078e-04
1.68968792e-01 2.73539231e-04 2.85872107e-04
1.69326339e-01 5.34600233e-04 2.85558642e-04
1.69683883e-01 -5.45364746e-05 2.89929274e-04
1.70041424e-01 -1.35804360e-04 2.82864250e-04
1.70398962e-01 -2.92761631e-05 2.89401376e-04
1.70756497e-01 2.39591261e-04 2.89438204e-04
1.71114030e-01 -1.76603874e-04 2.88905036e-04
1.71471560e-01 -2.25099265e-04 2.88124415e-04
1.71829087e-01 5.16751840e-05 2.91600939e-04
1.72186611e-01 -2.49857301e-04 2.87664777e-04
1.72544132e-01 -1.83185858e-04 2.85644457e-04
1.72901651e-01 -9.66502586e-06 2.83467084e-04
1.73259167e-01 -5.34828772e-06 2.80175819e-04
1.73616679e-01 4.40547346e-05 2.83758122e-04
1.73974189e-01 -2.81927696e-04 2.82855141e-04
1.74331697e-01 -2.43661449e-04 2.89444602e-04
1.74689201e-01 8.54399818e-05 2.80977507e-04
1.75046702e-01 1.18966441e-04 2.81161976e-04
1.75404201e-01 -5.37700544e-05 2.85838555e-04
1.75761697e-01 -2.28816775e-05 2.74217997e-04
1.76119189e-01 1.17815701e-04 2.79504352e-04
1.76476679e-01 -5.02869741e-06 2.85192620e-04
1.76834166e-01 -5.77553898e-04 2.79273986e-04
1.77191650e-01 4.71723886e-04 2.82066397e-04
1.77549132e-01 2.86550040e-04 2.78274512e-04
1.77906610e-01 -3.58462379e-05 2.83496884e-04
1.78264085e-01 2.17727472e-04 2.82017315e-04
1.78621558e-01 -1.29180182e-04 2.81021431e-04
1.78979027e-01 3.72652833e-04 2.81853769e-04
1.79336494e-01 -1.95534184e-04 2.78315199e-04
1.79693958e-01 1.04681958e-04 2.77867809e-04
1.80051418e-01 1.03714684e-04 2.80095305e-04
1.80408876e-01 -4.70313535e-05 2.78606688e-04
1.80766331e-01 1.15513627e-04 2.81174376e-04
1.81123783e-01 -3.30090178e-04 2.79620170e-04
1.81481232e-01 -3.80343009e-04 2.79584459e-04
1.81838677e-01 1.37333460e-04 2.90187731e-04
1.82196120e-01 6.49820979e-05 2.85768771e-04
1.82553560e-01 2.40148311e-04 2.84888155e-04
1.82910997e-01 -4.24983366e-04 2.79268524e-04
1.83268431e-01 -1.44989020e-04 2.84294310e-04
1.83625862e-01 -1.80607302e-04 2.77593682e-04
1.83983290e-01 -1.80446322e-04 2.76881051e-04
1.84340715e-01 -3.32182540e-04 2.82880296e-04
1.84698137e-01 3.17783188e-04 2.91718804e-04
1.85055556e-01 -3.00409452e-04 2.86034990e-04
1.85412971e-01 2.54488738e-04 2.85432540e-04
1.85770384e-01 2.86572022e-05 2.77036878e-04
1.86127794e-01 4.10907968e-04 2.86029255e-04
1.86485200e-01 -2.58466642e-04 2.80126252e-04
1.86842604e-01 5.07758404e-04 2.76993443e-04
1.87200005e-01 4.50273207e-04 2.83479812e-04
1.87557402e-01 6.50245710e-05 2.76297598e-04
1.87914797e-01 -2.16574952e-04 2.71278388e-04
1.88272188e-01 2.75926199e-04 2.72134586e-04
1.88629576e-01 -2.75149107e-04 2.70154165e-04
1.88986961e-01 -1.07282610e-04 2.73815205e-04
1.89344343e-01 -1.60675028e-04 2.70530954e-04
1.89701722e-01 6.63453537e-05 2.77662120e-04
1.90059098e-01 4.82927777e-05 2.72709917e-04
1.90416471e-01 -2.54684426e-05 2.77251955e-04
1.90773840e-01 -2.55334669e-04 2.73711534e-04
1.91131207e-01 -3.87980407e-04 2.65854721e-04
1.91488570e-01 -1.16242361e-04 2.71730241e-04
1.91845930e-01 -3.53663264e-04 2.73343829e-04
1.92203287e-01 -5.72674271e-04 2.68898613e-04
1.92560641e-01 -3.20633865e-04 2.68253424e-04
1.92917992e-01 3.36284430e-04 2.79507130e-04
1.93275340e-01 2.10190356e-04 2.70119131e-04
1.93632684e-01 -1.97221940e-05 2.69892272e-04
1.93990025e-01 1.17845321e-04 2.66241385e-04
1.94347363e-01 2.78453991e-04 2.70331062e-04
1.94704698e-01 -7.43735126e-05 2.68613252e-04
1.95062030e-01 2.26108572e-04 2.68605601e-04
1.95419358e-01 -4.34126319e-04 2.68686887e-04
1.95776684e-01 -3.11242010e-04 2.68938081e-04
1.96134006e-01 -6.39508782e-05 2.74203410e-04
1.96491324e-01 6.83392538e-04 2.74057304e-04
1.96848640e-01 1.30445596e-04 2.72856387e-04
1.97205953e-01 -3.50748086e-04 2.76995500e-04
1.97563262e-01 -2.86496354e-04 2.74225713e-04
1.97920568e-01 1.73122179e-04 2.77933455e-04
1.98277870e-01 -5.20746972e-05 2.73576771e-04
1.98635170e-01 -3.88944900e-04 2.71195960e-04
1.98992466e-01 -2.00296397e-04 2.77359528e-04
1.99349759e-01 -2.49649346e-04 2.70464112e-04
1.99707049e-01 -2.97035247e-04 2.71446961e-04
2.00064335e-01 3.79129551e-04 2.74074019e-04
2.00421618e-01 -1.89825802e-04 2.74326544e-04
2.00778898e-01 -6.83890093e-05 2.58662847e-04
2.01136174e-01 1.01797918e-04 2.62239248e-04
2.01493448e-01 7.59060231e-05 2.58894902e-04
2.01850718e-01 -7.61335339e-05 2.62699423e-04
2.02207984e-01 -6.40848083e-05 2.63375590e-04
2.02565248e-01 6.43369228e-04 2.65711196e-04
2.02922508e-01 -9.06490666e-07 2.62826909e-04
2.03279764e-01 -2.27613564e-04 2.59519776e-04
2.03637018e-01 4.73775393e-06 2.61122228e-04
2.03994268e-01 -1.38881121e-04 2.62721442e-04
2.04351514e-01 -7.79318061e-04 2.56956122e-04
2.04708758e-01 4.59154703e-05 2.60095797e-04
2.05065998e-01 -4.10822985e-04 2.53174543e-04
2.05423234e-01 7.81766100e-05 2.56740681e-04
2.05780467e-01 -2.02188616e-04 2.57389963e-04
2.06137697e-01 1.37169753e-04 2.57529366e-04
2.06494924e-01 -1.95684005e-04 2.57157039e-04
2.06852147e-01 5.80183675e-05 2.52215945e-04
2.07209367e-01 1.63126951e-04 2.54779562e-04
2.07566583e-01 5.77664441e-04 2.56566309e-04
2.07923796e-01 4.71014445e-04 2.51681140e-04
2.08281005e-01 -2.64902534e-04 2.59592085e-04
2.08638211e-01 2.39133310e-04 2.54469291e-04
2.08995414e-01 -2.88609616e-04 2.52984530e-04
2.09352613e-01 6.42833100e-05 2.56339689e-04
2.09709809e-01 -1.35958008e-04 2.60322305e-04
2.10067002e-01 4.29206899e-05 2.56745202e-04
2.10424191e-01 2.06856835e-04 2.56102731e-04
2.10781376e-01 -3.63979769e-04 2.52076250e-04
2.11138558e-01 -1.18369835e-04 2.56926760e-04
2.11495737e-01 1.68073055e-04 2.49781508e-04
2.11852912e-01 -1.79346184e-04 2.51891807e-04
2.12210084e-01 -1.90619076e-04 2.46002297e-04
2.12567252e-01 -2.04148290e-04 2.47473305e-04
2.12924416e-01 3.11668568e-04 2.51413386e-04
2.13281578e-01 -4.17432080e-05 2.53441975e-04
2.13638735e-01 -2.30463395e-04 2.46527694e-04
2.13995890e-01 -1.18624314e-04 2.45432680e-04
2.14353040e-01 -1.72873354e-04 2.49166722e-04
2.14710188e-01 1.22422277e-04 2.45275274e-04
2.15067331e-01 1.36880999e-04 2.43124752e-04
2.15424471e-01 -6.81154656e-04 2.43084649e-04
2.15781608e-01 -2.64433762e-04 2.45551017e-04
2.16138741e-01 5.76058320e-05 2.41556993e-04
2.16495871e-01 3.00690672e-05 2.48883896e-04
2.16852997e-01 4.84226271e-05 2.43604665e-04
2.17210119e-01 -3.85234415e-04 2.46870796e-04
2.17567238e-01 -1.21404502e-04 2.42831363e-04
2.17924354e-01 4.35367086e-04 2.48570083e-04
2.18281465e-01 -6.34731837e-05 2.42094356e-04
2.18638574e-01 1.78123123e-04 2.43809808e-04
2.18995678e-01 -3.96845588e-05 2.46622318e-04
2.19352779e-01 -7.26403014e-05 2.38141549e-04
2.19709877e-01 -2.49153727e-04 2.41589624e-04
2.20066971e-01 1.96945007e-04 2.37853080e-04
2.20424061e-01 9.68108503e-05 2.38211927e-04
2.20781147e-01 -8.48869539e-05 2.37582345e-04
2.21138230e-01 9.15698691e-05 2.39108838e-04
2.21495310e-01 3.05666399e-04 2.40282986e-04
2.21852386e-01 -4.26352603e-05 2.44271292e-04
2.22209458e-01 -7.97882577e-05 2.40958715e-04
2.22566526e-01 3.34229148e-05 2.44181738e-04
2.22923591e-01 5.63797340e-04 2.42543099e-04
2.23280652e-01 2.46974523e-05 2.38980575e-04
2.23637710e-01 -2.94823206e-04 2.36223830e-04
2.23994764e-01 1.95143734e-04 2.32096548e-04
2.24351814e-01 1.55724732e-04 2.33927719e-04
2.24708861e-01 -2.86878303e-05 2.36509449e-04
2.25065904e-01 -1.72144314e-04 2.36345852e-04
2.25422943e-01 2.87094441e-04 2.39882330e-04
2.25779978e-01 2.75412046e-04 2.42252706e-04
2.26137010e-01 3.16741308e-04 2.40377320e-04
2.26494038e-01 3.49068006e-04 2.38817319e-04
2.26851063e-01 2.17972779e-04 2.39292277e-04
2.27208083e-01 -1.23804304e-04 2.36885208e-04
2.27565100e-01 4.04099166e-04 2.40370570e-04
2.27922114e-01 2.06510651e-04 2.33239548e-04
2.28279123e-01 -1.38810032e-04 2.37811690e-04
2.28636129e-01 1.44810907e-04 2.40494246e-04
2.28993131e-01 2.69080812e-04 2.35771397e-04
2.29350129e-01 2.04334059e-04 2.30028880e-04
2.29707124e-01 -1.15110622e-04 2.35396559e-04
2.30064115e-01 -7.48396410e-05 2.31572639e-04
2.30421102e-01 -1.99458545e-04 2.34240182e-04
2.30778085e-01 -4.02679872e-04 2.30249627e-04
2.31135064e-01 3.29515988e-05 2.36708586e-04
2.31492040e-01 8.12988704e-05 2.29037052e-04
2.31849012e-01 1.17299621e-04 2.30981034e-04
2.32205980e-01 1.55048240e-04 2.34025737e-04
2.32562944e-01 -7.87131043e-05 2.32521014e-04
2.32919905e-01 5.07229516e-05 2.30862689e-04
2.33276862e-01 -2.75613749e-04 2.32345374e-04
2.33633814e-01 8.55900549e-05 2.26943342e-04
2.33990763e-01 -8.70961518e-05 2.29564701e-04
2.34347709e-01 2.01329856e-04 2.28579475e-04
2.34704650e-01 -1.12734900e-04 2.27277867e-04
2.35061588e-01 -9.89914520e-05 2.27548086e-04
2.35418521e-01 9.95913414e-05 2.31369015e-04
2.35775451e-01 1.14153322e-04 2.30633096e-04
2.36132377e-01 -4.17517815e-05 2.27213754e-04
2.36489299e-01 1.60328670e-04 2.25661770e-04
2.36846218e-01 2.09938080e-04 2.25133241e-04
2.37203132e-01 4.28871377e-05 2.27807078e-04
2.37560042e-01 1.24568842e-04 2.28367395e-04
2.37916949e-01 -1.89176518e-04 2.27211184e-04
2.38273852e-01 -2.15172119e-05 2.25080404e-04
2.38630751e-01 -3.17395888e-04 2.19312427e-04
2.38987645e-01 -7.41259193e-05 2.22749474e-04
2.39344537e-01 -3.08221497e-05 2.23118434e-04
2.39701424e-01 3.87009147e-05 2.22634403e-04
2.40058307e-01 -4.23750846e-05 2.23177957e-04
2.40415186e-01 2.77594019e-04 2.24265290e-04
2.40772061e-01 -1.88985311e-05 2.22000812e-04
2.41128933e-01 -1.53940670e-04 2.19214969e-04
2.41485800e-01 8.90291967e-05 2.20956694e-04
2.41842664e-01 -7.84043345e-05 2.25106019e-04
2.42199523e-01 -1.07136722e-04 2.21171433e-04
2.42556379e-01 -1.68007137e-05 2.24468976e-04
2.42913230e-01 8.30803169e-06 2.25506419e-04
2.43270078e-01 -1.97398862e-04 2.19267890e-04
2.43626922e-01 -1.28743448e-04 2.20540425e-04
2.43983761e-01 -2.17314748e-04 2.18633629e-04
2.44340597e-01 1.13830600e-05 2.20126633e-04
2.44697429e-01 -1.30303077e-04 2.18791578e-04
2.45054256e-01 1.47365458e-04 2.17078392e-04
2.45411080e-01 1.76326468e-04 2.19903163e-04
2.45767900e-01 -2.85842388e-06 2.18589290e-04
2.46124715e-01 -1.98161639e-04 2.19725007e-04
2.46481527e-01 -5.92064151e-06 2.20364812e-04
2.46838334e-01 -1.98047343e-04 2.17232758e-04
2.47195138e-01 -6.90979239e-05 2.17338700e-04
2.47551938e-01 -2.34588399e-04 2.16612151e-04
2.47908733e-01 -2.82096032e-05 2.16445813e-04
2.48265524e-01 -1.58897331e-06 2.18762227e-04
2.48622312e-01 8.68075050e-05 2.19695947e-04
2.48979095e-01 -2.92622128e-04 2.15381295e-04
2.49335874e-01 2.04482234e-04 2.18121262e-04
2.49692649e-01 -3.00687072e-04 2.17395920e-04
2.50049420e-01 5.37111995e-04 2.16904335e-04
2.50406187e-01 7.85668419e-06 2.16190063e-04
2.50762950e-01 -2.30134947e-04 2.16195899e-04
2.51119709e-01 1.08043200e-04 2.15671504e-04
2.51476464e-01 -9.58665420e-05 2.17273184e-04
2.51833214e-01 -1.81105787e-04 2.17485166e-04
2.52189961e-01 -2.57392785e-04 2.15901554e-04
2.52546703e-01 -1.05559209e-04 2.16774851e-04
2.52903441e-01 9.56833412e-06 2.14378741e-04
2.53260175e-01 1.21400118e-04 2.15846674e-04
2.53616905e-01 -3.85266313e-04 2.10106711e-04
2.53973631e-01 -4.76990399e-06 2.10657937e-04
2.54330352e-01 2.20653161e-05 2.10346308e-04
2.54687070e-01 1.00825090e-05 2.13779270e-04
2.55043783e-01 -1.22259529e-04 2.09783823e-04
2.55400492e-01 4.96944201e-04 2.12290284e-04
2.55757197e-01 -2.52451088e-04 2.09744255e-04
2.56113898e-01 3.34242567e-04 2.11488263e-04
2.56470595e-01 4.73982938e-04 2.10743222e-04
2.56827287e-01 1.12922559e-04 2.15218718e-04
2.57183975e-01 1.60607681e-04 2.16624049e-04
2.57540659e-01 -1.35296762e-04 2.15879900e-04
2.57897339e-01 9.23346128e-05 2.14931821e-04
2.58254014e-01 -2.25811742e-04 2.11702268e-04
2.58610686e-01 2.49596864e-04 2.13652293e-04
2.58967353e-01 5.11042778e-05 2.14631962e-04
2.59324016e-01 -4.74418259e-05 2.19638200e-04
2.59680674e-01 9.57880437e-05 2.13536373e-04
2.60037329e-01 -2.85594606e-04 2.14272705e-04
2.60393979e-01 -7.22710475e-05 2.16327150e-04
2.60750625e-01 -5.44640062e-06 2.13137663e-04
2.61107266e-01 3.18733342e-04 2.19868094e-04
2.61463904e-01 -2.85152756e-04 2.18009463e-04
2.61820537e-01 -5.79319175e-05 2.19825822e-04
2.62177166e-01 -1.42085721e-05 2.18760748e-04
2.62533790e-01 9.02354388e-05 2.16926417e-04
2.62890410e-01 -6.62027330e-05 2.13225572e-04
2.63247026e-01 1.40632036e-04 2.12903363e-04
2.63603638e-01 2.48881597e-05 2.18268775e-04
2.63960245e-01 -3.68810813e-04 2.15671720e-04
2.64316848e-01 -1.70178544e-04 2.11437158e-04
2.64673447e-01 9.26467054e-05 2.18904595e-04
2.65030042e-01 1.23897987e-04 2.12577661e-04
2.65386632e-01 1.71694997e-04 2.11183764e-04
2.65743217e-01 3.32294217e-04 2.15501540e-04
2.66099799e-01 1.51170336e-04 2.13270963e-04
2.66456376e-01 -3.89210006e-05 2.12155047e-04
2.66812948e-01 5.58019604e-05 2.15153841e-04
2.67169517e-01 -8.33427061e-05 2.15649359e-04
2.67526081e-01 -3.66883499e-05 2.15330700e-04
2.67882640e-01 -6.65576091e-05 2.21344449e-04
2.68239195e-01 3.42458260e-05 2.22421736e-04
2.68595746e-01 1.07160162e-04 2.18600386e-04
2.68952293e-01 2.66948124e-04 2.19966883e-04
2.69308835e-01 -1.34973668e-04 2.19471877e-04
2.69665372e-01 7.16927729e-05 2.22910729e-04
2.70021906e-01 4.11659556e-05 2.21039631e-04
2.70378435e-01 -3.82662928e-04 2.19808817e-04
2.70734959e-01 3.39338184e-05 2.21373910e-04
2.71091479e-01 2.64453530e-04 2.23749406e-04
2.71447995e-01 4.95738288e-05 2.21274971e-04
2.71804506e-01 4.86450745e-05 2.23629042e-04
2.72161012e-01 2.01516511e-04 2.24124478e-04
2.72517515e-01 2.00108700e-05 2.24205117e-04
2.72874012e-01 -1.48708345e-04 2.25673072e-04
