1.54026655e-02 -3.55223894e-03 1.60210112e-03
1.57608633e-02 -3.50159363e-03 1.57038678e-03
1.61190608e-02 -1.49348631e-03 1.41187254e-03
1.64772580e-02 -4.45469496e-04 1.51824254e-03
1.68354550e-02 -1.39833698e-04 1.35773606e-03
1.71936517e-02 1.08912054e-03 1.38483325e-03
1.75518481e-02 -4.10834741e-04 1.24472251e-03
1.79100442e-02 6.35102043e-04 1.29982508e-03
1.82682400e-02 -1.96544750e-03 1.20519067e-03
1.86264355e-02 -6.23052893e-04 1.22816985e-03
1.89846308e-02 1.64123307e-03 1.12727153e-03
1.93428257e-02 1.53020882e-03 1.04941571e-03
1.97010202e-02 1.04723001e-03 1.14107598e-03
2.00592145e-02 -1.32245658e-04 1.05350984e-03
2.04174084e-02 3.95822579e-04 1.08084367e-03
2.07756020e-02 5.45218103e-04 1.00837903e-03
2.11337953e-02 -3.25097799e-04 1.00301607e-03
2.14919882e-02 -1.46544618e-03 9.95848877e-04
2.18501808e-02 5.19823398e-04 1.04728661e-03
2.22083729e-02 9.03721015e-04 1.08061259e-03
2.25665648e-02 5.32939163e-05 9.99025446e-04
2.29247562e-02 7.87293127e-04 9.47886923e-04
2.32829473e-02 9.06648222e-04 9.62372596e-04
2.36411380e-02 9.29727780e-04 9.71128774e-04
2.39993283e-02 2.55060801e-04 9.47281914e-04
2.43575182e-02 7.51210037e-04 9.21505770e-04
2.47157077e-02 1.20347700e-03 9.13494497e-04
2.50738968e-02 1.96577121e-03 8.41070167e-04
2.54320855e-02 2.17669110e-03 8.56091432e-04
2.57902738e-02 9.82548978e-04 8.17872967e-04
2.61484617e-02 6.71382800e-04 8.48889676e-04
2.65066491e-02 1.79286905e-04 8.37457795e-04
2.68648361e-02 2.69356674e-03 8.73687497e-04
2.72230226e-02 4.21963693e-04 8.13276226e-04
2.75812087e-02 3.27728966e-04 8.14209632e-04
2.79393943e-02 1.51073248e-03 7.82308297e-04
2.82975795e-02 9.90987355e-04 8.03201327e-04
2.86557642e-02 1.57463404e-03 8.43035379e-04
2.90139485e-02 1.89879391e-03 8.04404226e-04
2.93721323e-02 2.14261423e-03 8.16393828e-04
2.97303155e-02 1.58688648e-03 7.91309483e-04
3.00884983e-02 2.66033950e-03 8.21042225e-04
3.04466806e-02 1.11625766e-03 8.59192897e-04
3.08048624e-02 8.12350058e-04 8.24043749e-04
3.11630437e-02 1.91033770e-03 8.49140584e-04
3.15212245e-02 2.22893716e-04 8.24647575e-04
3.18794048e-02 2.08759443e-03 8.21649920e-04
3.22375845e-02 1.20308398e-03 8.03325343e-04
3.25957637e-02 1.37399979e-03 7.78630645e-04
3.29539424e-02 3.58705399e-04 8.43212024e-04
3.33121205e-02 3.33607708e-04 7.86236483e-04
3.36702981e-02 2.19406090e-03 7.99367349e-04
3.40284751e-02 1.76651800e-03 7.68534189e-04
3.43866516e-02 4.01287699e-04 7.73985513e-04
3.47448275e-02 1.62425350e-03 7.68903569e-04
3.51030028e-02 1.91749491e-03 7.72343217e-04
3.54611775e-02 4.55611326e-04 7.75195441e-04
3.58193517e-02 7.24430643e-04 7.66892619e-04
3.61775253e-02 1.97120577e-03 7.47743686e-04
3.65356983e-02 1.13125521e-03 7.02316394e-04
3.68938706e-02 2.47517956e-03 7.40776997e-04
3.72520424e-02 8.70599486e-04 7.01956560e-04
3.76102136e-02 1.04175661e-03 6.96327194e-04
3.79683841e-02 8.93051980e-04 7.10874262e-04
3.83265540e-02 4.34045721e-04 6.94340996e-04
3.86847233e-02 9.91822011e-04 7.05781593e-04
3.90428920e-02 2.45685099e-03 7.06325679e-04
3.94010600e-02 1.62428202e-03 6.37653328e-04
3.97592273e-02 1.18131291e-03 6.95267516e-04
4.01173941e-02 2.01396291e-03 6.81174645e-04
4.04755601e-02 1.47858308e-03 6.93140819e-04
4.08337255e-02 5.21460301e-04 6.61343811e-04
4.11918902e-02 2.08171634e-03 6.76657154e-04
4.15500542e-02 2.48252263e-03 6.45377489e-04
4.19082176e-02 1.24575270e-03 6.62648531e-04
4.22663802e-02 1.79549970e-03 6.47020537e-04
4.26245422e-02 2.38203290e-03 6.58529644e-04
4.29827034e-02 1.79129882e-03 6.86589568e-04
4.33408640e-02 1.89605762e-03 6.64541378e-04
4.36990238e-02 1.05605596e-03 6.62880829e-04
4.40571830e-02 7.17957688e-04 6.69782384e-04
4.44153414e-02 1.67280894e-03 6.67795237e-04
4.47734990e-02 6.25564520e-04 6.49180678e-04
4.51316560e-02 1.47722249e-03 6.79531651e-04
4.54898122e-02 2.18859151e-03 6.29447261e-04
4.58479676e-02 7.46896062e-04 6.52387702e-04
4.62061223e-02 4.65181169e-04 6.44544406e-04
4.65642762e-02 3.57426614e-04 6.15463748e-04
4.69224294e-02 1.68589119e-04 6.33814280e-04
4.72805818e-02 8.68065754e-04 6.52710533e-04
4.76387334e-02 1.44497328e-03 6.38001857e-04
4.79968842e-02 1.73703042e-03 6.63485809e-04
4.83550342e-02 1.44671922e-03 6.49883847e-04
4.87131835e-02 8.80212338e-04 6.10830188e-04
4.90713319e-02 4.82655502e-04 6.32531196e-04
4.94294795e-02 3.96308859e-04 6.11802144e-04
4.97876264e-02 1.96401599e-03 6.05975046e-04
5.01457724e-02 7.44386505e-04 5.88487108e-04
5.05039175e-02 1.08410386e-03 5.88052372e-04
5.08620619e-02 1.55254437e-03 5.88436962e-04
5.12202054e-02 3.17958350e-04 5.79588514e-04
5.15783481e-02 2.64341217e-03 5.79181974e-04
5.19364899e-02 7.08156309e-04 5.69420559e-04
5.22946308e-02 1.10991364e-03 5.66426907e-04
5.26527709e-02 1.93643554e-03 5.70762034e-04
5.30109102e-02 1.28409896e-03 5.79902720e-04
5.33690485e-02 1.67427148e-04 5.81419498e-04
5.37271860e-02 1.30600694e-03 5.79443264e-04
5.40853226e-02 7.67876842e-04 5.65853065e-04
5.44434583e-02 7.28309887e-04 5.68362564e-04
5.48015932e-02 3.07888139e-04 5.44642518e-04
5.51597271e-02 -6.53660851e-04 5.45243383e-04
5.55178601e-02 5.11093279e-04 5.63372243e-04
5.58759922e-02 9.96978588e-04 5.75225862e-04
5.62341234e-02 9.72977460e-04 5.71588170e-04
5.65922536e-02 3.18097238e-04 5.37988168e-04
5.69503829e-02 5.07920123e-04 5.58970330e-04
5.73085113e-02 1.56630664e-03 5.46558860e-04
5.76666388e-02 6.51661814e-04 5.38553795e-04
5.80247653e-02 6.51523507e-04 5.43507394e-04
5.83828908e-02 9.87858726e-04 5.38216284e-04
5.87410154e-02 9.22207281e-04 5.32808072e-04
5.90991390e-02 4.08302203e-04 5.27741118e-04
5.94572616e-02 5.69799449e-04 5.36159559e-04
5.98153833e-02 -4.33475896e-05 5.36237624e-04
6.01735040e-02 1.54883068e-04 5.29417422e-04
6.05316237e-02 1.04647276e-03 5.25890846e-04
6.08897424e-02 1.08280933e-04 5.33062487e-04
6.12478600e-02 1.01013923e-03 5.32308961e-04
6.16059767e-02 7.29895494e-04 5.20004358e-04
6.19640924e-02 1.15194875e-05 5.33633053e-04
6.23222071e-02 1.56656324e-03 5.40478561e-04
6.26803207e-02 1.49733527e-03 5.13920885e-04
6.30384333e-02 9.11457310e-04 5.08086449e-04
6.33965448e-02 1.22351243e-03 5.08727042e-04
6.37546554e-02 1.09610911e-03 5.19187337e-04
6.41127648e-02 1.02210929e-03 5.19456569e-04
6.44708732e-02 3.29867313e-04 5.12490526e-04
6.48289806e-02 9.04590749e-05 5.03386257e-04
6.51870869e-02 6.75652869e-06 4.73062197e-04
6.55451921e-02 2.89042095e-05 4.81218699e-04
6.59032962e-02 7.85291591e-04 5.13260010e-04
6.62613993e-02 1.11873999e-03 4.85298846e-04
6.66195012e-02 1.06802867e-03 4.95530849e-04
6.69776021e-02 1.55770048e-03 5.02407927e-04
6.73357019e-02 2.93453851e-04 4.91381421e-04
6.76938005e-02 6.77911116e-04 5.00302982e-04
6.80518981e-02 5.93184397e-04 4.78770966e-04
6.84099945e-02 5.35271592e-04 4.81925461e-04
6.87680898e-02 -1.55583076e-04 4.83419238e-04
6.91261840e-02 7.41431166e-06 4.58285505e-04
6.94842770e-02 6.41211084e-04 4.68645252e-04
6.98423689e-02 6.45756022e-04 4.76194667e-04
7.02004596e-02 1.69924326e-04 4.63970455e-04
7.05585492e-02 9.40339086e-05 4.76743082e-04
7.09166377e-02 9.79695076e-04 4.73790264e-04
7.12747249e-02 6.05892449e-04 4.64457073e-04
7.16328110e-02 4.93289189e-04 4.82633498e-04
7.19908959e-02 1.62185567e-03 4.71062758e-04
7.23489796e-02 6.54963102e-04 4.79178584e-04
7.27070622e-02 7.03815148e-04 4.85564394e-04
7.30651435e-02 1.02992370e-03 4.66552394e-04
7.34232237e-02 1.15395942e-03 4.65389538e-04
7.37813026e-02 5.03265579e-04 4.66545516e-04
7.41393803e-02 1.09358109e-03 4.61065939e-04
7.44974568e-02 1.58064001e-03 4.63929700e-04
7.48555321e-02 1.27854064e-03 4.58224198e-04
7.52136061e-02 1.25482443e-04 4.68905105e-04
7.55716789e-02 6.46585587e-04 4.63920192e-04
7.59297505e-02 6.60392567e-04 4.67229444e-04
7.62878208e-02 5.35258019e-05 4.68801218e-04
7.66458899e-02 1.44440541e-03 4.71235070e-04
7.70039577e-02 6.03781981e-04 4.47736717e-04
7.73620242e-02 1.17382058e-03 4.53949979e-04
7.77200895e-02 3.69617666e-04 4.40550917e-04
7.80781535e-02 -9.24369706e-05 4.52752606e-04
7.84362162e-02 4.21086206e-04 4.42821943e-04
7.87942776e-02 5.66815551e-05 4.52978797e-04
7.91523377e-02 3.20753225e-04 4.41914046e-04
7.95103965e-02 3.50386665e-04 4.42852151e-04
7.98684540e-02 4.31725952e-04 4.49410355e-04
8.02265102e-02 6.62980344e-04 4.52894026e-04
8.05845651e-02 1.03832131e-03 4.45446692e-04
8.09426186e-02 -2.81396710e-04 4.51432098e-04
8.13006709e-02 6.00198630e-04 4.40237884e-04
8.16587217e-02 1.06650237e-03 4.50080254e-04
8.20167713e-02 6.19346572e-04 4.52414714e-04
8.23748195e-02 2.92547371e-04 4.45040535e-04
8.27328663e-02 7.71834899e-04 4.39363115e-04
8.30909118e-02 2.14670759e-04 4.24174415e-04
8.34489559e-02 2.86717409e-04 4.41712428e-04
8.38069986e-02 -2.21290742e-04 4.41493585e-04
8.41650400e-02 6.76887302e-05 4.35330192e-04
8.45230800e-02 -6.12529527e-04 4.32007775e-04
8.48811185e-02 -1.60696738e-05 4.36209351e-04
8.52391557e-02 4.13590921e-04 4.42999823e-04
8.55971915e-02 -2.17333682e-04 4.42936062e-04
8.59552259e-02 5.44721673e-04 4.38327245e-04
8.63132589e-02 2.85282837e-04 4.34827484e-04
8.66712904e-02 8.66369602e-05 4.41378563e-04
8.70293205e-02 6.72767511e-05 4.34150912e-04
8.73873492e-02 8.48275050e-06 4.30253347e-04
8.77453765e-02 -3.10773052e-04 4.20250318e-04
8.81034023e-02 2.00788527e-04 4.17871019e-04
8.84614267e-02 -1.39514639e-04 4.11637604e-04
8.88194496e-02 5.52624088e-04 4.23872148e-04
8.91774710e-02 -5.59886801e-04 4.22147536e-04
8.95354910e-02 5.27764832e-04 4.32332586e-04
8.98935095e-02 1.29792337e-04 4.17581174e-04
9.02515266e-02 5.07993334e-04 4.31790187e-04
9.06095421e-02 2.75412527e-04 4.21590706e-04
9.09675562e-02 -1.08223988e-04 4.27265640e-04
9.13255687e-02 -1.70713857e-04 4.34572623e-04
9.16835798e-02 5.26538953e-04 4.30538834e-04
9.20415894e-02 5.53716355e-04 4.13351239e-04
9.23995974e-02 4.66363731e-04 4.29632829e-04
9.27576039e-02 -6.30654692e-04 4.13495040e-04
9.31156089e-02 3.50852799e-04 4.19867788e-04
9.34736124e-02 -3.44790909e-04 4.14469220e-04
9.38316143e-02 2.04858067e-04 4.17201820e-04
9.41896147e-02 7.68828221e-04 4.19896159e-04
9.45476136e-02 -6.01752067e-05 4.18777696e-04
9.49056108e-02 -1.26519084e-04 4.08806605e-04
9.52636066e-02 -2.74155663e-04 4.07117399e-04
9.56216007e-02 -2.86537344e-04 4.15416609e-04
9.59795933e-02 2.10568876e-04 4.11421857e-04
9.63375843e-02 -5.03293065e-04 4.10288841e-04
9.66955738e-02 7.46605444e-04 3.93298166e-04
9.70535616e-02 5.98562302e-04 4.07168090e-04
9.74115478e-02 4.45893216e-04 4.02507465e-04
9.77695325e-02 1.05363588e-04 4.07535903e-04
9.81275155e-02 7.15399968e-04 4.09280275e-04
9.84854969e-02 9.09960478e-05 4.07685626e-04
9.88434768e-02 2.50504418e-04 3.96035083e-04
9.92014549e-02 2.68195807e-04 3.98552419e-04
9.95594315e-02 1.91178872e-04 3.91671690e-04
9.99174064e-02 9.17462632e-04 3.95908934e-04
1.00275380e-01 -3.41806895e-04 4.04137534e-04
1.00633351e-01 4.26507222e-04 3.96461170e-04
1.00991321e-01 2.95567871e-04 3.97208160e-04
1.01349290e-01 5.42811263e-04 3.99437191e-04
1.01707256e-01 3.19743192e-04 3.93360322e-04
1.02065221e-01 -1.34745401e-04 3.89272583e-04
1.02423184e-01 -4.95971677e-04 3.82739324e-04
1.02781146e-01 2.08252582e-04 3.99189181e-04
1.03139106e-01 -4.05049931e-04 3.88142470e-04
1.03497064e-01 7.85855029e-05 3.91305052e-04
1.03855021e-01 -3.55019492e-04 3.94165767e-04
1.04212976e-01 -4.21631932e-04 3.79624400e-04
1.04570929e-01 -4.48859486e-04 3.88538762e-04
1.04928880e-01 -4.69306652e-04 3.88041485e-04
1.05286830e-01 -1.92155125e-04 4.06492202e-04
1.05644778e-01 3.52205379e-04 4.03269629e-04
1.06002724e-01 -9.14135474e-04 3.90260149e-04
1.06360668e-01 -4.94930746e-04 3.92717949e-04
1.06718611e-01 7.62735393e-04 3.98733796e-04
1.07076552e-01 -8.88915822e-05 3.97612254e-04
1.07434491e-01 7.00774818e-04 4.01433187e-04
1.07792429e-01 2.98215185e-04 4.00036978e-04
1.08150364e-01 -2.69582102e-05 4.12431855e-04
1.08508298e-01 2.53908749e-04 3.90394822e-04
1.08866230e-01 7.18762382e-04 3.90434263e-04
1.09224160e-01 1.75090769e-04 4.08431088e-04
1.09582089e-01 1.82937931e-04 3.94289315e-04
1.09940016e-01 4.11133344e-04 3.96474182e-04
1.10297941e-01 -1.30166420e-04 3.85785659e-04
1.10655864e-01 -2.02559283e-04 3.93618738e-04
1.11013785e-01 4.03551978e-04 3.82136301e-04
1.11371704e-01 1.38712237e-04 3.82805010e-04
1.11729622e-01 -2.64072074e-04 3.81589456e-04
1.12087538e-01 -1.49327813e-04 3.85880941e-04
1.12445452e-01 5.13664022e-04 3.80995731e-04
1.12803364e-01 -1.11424310e-04 3.66944419e-04
1.13161274e-01 4.82953856e-04 3.83961506e-04
1.13519182e-01 3.58250797e-04 3.79230439e-04
1.13877089e-01 -2.47726556e-04 3.73867359e-04
1.14234994e-01 3.64940221e-05 3.75592309e-04
1.14592896e-01 6.95001813e-04 3.67361610e-04
1.14950797e-01 1.25393401e-04 3.68080525e-04
1.15308696e-01 -7.92286919e-05 3.78109278e-04
1.15666593e-01 -1.37726307e-04 3.78553108e-04
1.16024488e-01 2.90565801e-04 3.72239484e-04
1.16382382e-01 4.30109790e-04 3.70820377e-04
1.16740273e-01 -5.18867908e-06 3.71358893e-04
1.17098163e-01 6.66031447e-04 3.71718356e-04
1.17456050e-01 -1.01392800e-04 3.68785139e-04
1.17813936e-01 6.23342243e-04 3.81015287e-04
1.18171819e-01 2.63062563e-04 3.74888388e-04
1.18529701e-01 -3.09035550e-06 3.71528677e-04
1.18887581e-01 2.91816713e-04 3.75644283e-04
1.19245459e-01 8.79767543e-04 3.72353550e-04
1.19603335e-01 1.79126942e-04 3.71452443e-04
1.19961208e-01 -4.61182561e-05 3.67617194e-04
1.20319080e-01 -1.00678874e-04 3.77078958e-04
1.20676950e-01 1.21392191e-04 3.80194041e-04
1.21034818e-01 -8.88927287e-05 3.72920918e-04
1.21392684e-01 1.04969937e-03 3.75895995e-04
1.21750548e-01 -4.89555211e-04 3.81320379e-04
1.22108410e-01 2.34109500e-04 3.73548890e-04
1.22466270e-01 2.57659824e-04 3.72030954e-04
1.22824128e-01 -1.04226274e-04 3.73385430e-04
1.23181984e-01 1.03169728e-03 3.70823191e-04
1.23539838e-01 -2.34909789e-04 3.76387058e-04
1.23897690e-01 5.57749135e-04 3.74798138e-04
1.24255540e-01 2.71459327e-04 3.69212757e-04
1.24613388e-01 5.04526808e-04 3.67897320e-04
1.24971233e-01 4.11697012e-04 3.65991981e-04
1.25329077e-01 -2.27112116e-04 3.71432661e-04
1.25686919e-01 1.36387732e-04 3.67716792e-04
1.26044758e-01 4.27813701e-04 3.59223055e-04
1.26402596e-01 3.51619391e-05 3.64156782e-04
1.26760431e-01 -1.28754174e-03 3.49795195e-04
1.27118265e-01 -3.77050888e-04 3.66372072e-04
1.27476096e-01 -4.76612325e-05 3.56633395e-04
1.27833925e-01 -4.29003878e-04 3.65856138e-04
1.28191752e-01 2.21541415e-04 3.64251442e-04
1.28549577e-01 1.77693805e-04 3.50315886e-04
1.28907400e-01 -1.24958039e-05 3.54905996e-04
1.29265221e-01 2.58824673e-04 3.47395660e-04
1.29623040e-01 2.77040288e-04 3.50409670e-04
1.29980856e-01 2.23997729e-04 3.53519320e-04
1.30338670e-01 -8.26611869e-05 3.57141702e-04
1.30696483e-01 -2.28128362e-04 3.49959597e-04
1.31054293e-01 4.06750311e-04 3.48357566e-04
1.31412101e-01 3.02034097e-04 3.47279084e-04
1.31769906e-01 4.54019365e-04 3.43981678e-04
1.32127710e-01 4.13153504e-05 3.35895560e-04
1.32485511e-01 4.84673372e-04 3.53165800e-04
1.32843311e-01 4.99892012e-05 3.48059495e-04
1.33201108e-01 -1.73587503e-04 3.41002509e-04
1.33558903e-01 9.75493858e-06 3.47703245e-04
1.33916695e-01 9.67357266e-05 3.45615311e-04
1.34274486e-01 -1.69822860e-04 3.39415371e-04
1.34632274e-01 -1.44913479e-04 3.35986006e-04
1.34990060e-01 -1.67260720e-04 3.39865757e-04
1.35347844e-01 -1.64582745e-05 3.39927569e-04
1.35705626e-01 3.78734360e-06 3.40823102e-04
1.36063405e-01 4.34009781e-04 3.40113917e-04
1.36421182e-01 8.14995954e-04 3.37563495e-04
1.36778957e-01 -1.36852064e-04 3.32248557e-04
1.37136730e-01 1.79308005e-05 3.32016873e-04
1.37494500e-01 -1.88333802e-04 3.31336367e-04
1.37852269e-01 9.69641586e-05 3.21567088e-04
1.38210034e-01 2.91087169e-05 3.36694305e-04
1.38567798e-01 -2.46060387e-05 3.33138530e-04
1.38925559e-01 2.13205867e-04 3.29115241e-04
1.39283319e-01 -3.86829013e-04 3.29247436e-04
1.39641075e-01 1.99495146e-04 3.35702694e-04
1.39998830e-01 -4.46970994e-04 3.27549028e-04
1.40356582e-01 -9.95380646e-05 3.22576660e-04
1.40714332e-01 -6.22577296e-04 3.23277516e-04
1.41072080e-01 -1.45595772e-04 3.38471969e-04
1.41429825e-01 1.77894855e-04 3.31023124e-04
1.41787568e-01 1.98467981e-04 3.31244695e-04
1.42145308e-01 -4.49987468e-04 3.28289252e-04
1.42503047e-01 3.13633289e-04 3.23951051e-04
1.42860783e-01 -9.29651407e-04 3.23545655e-04
1.43218516e-01 -3.30847125e-06 3.34684152e-04
1.43576247e-01 -2.24613849e-04 3.25205952e-04
1.43933976e-01 1.51220415e-04 3.28124367e-04
1.44291703e-01 1.87529676e-04 3.28993702e-04
1.44649427e-01 1.60117668e-04 3.18874817e-04
1.45007149e-01 -4.25036142e-05 3.18826194e-04
1.45364868e-01 -3.87992622e-04 3.24091638e-04
1.45722585e-01 6.44432816e-04 3.28497772e-04
1.46080300e-01 -1.18905965e-04 3.16218452e-04
1.46438012e-01 2.32165374e-04 3.16940334e-04
1.46795722e-01 1.61208760e-04 3.17289385e-04
1.47153429e-01 3.61041642e-04 3.13836399e-04
1.47511134e-01 3.05619111e-04 3.11487787e-04
1.47868837e-01 3.70784843e-04 3.17016002e-04
1.48226537e-01 -2.62999313e-04 3.17733037e-04
1.48584235e-01 -4.25135093e-04 3.21526730e-04
1.48941930e-01 2.94074300e-04 3.13149960e-04
1.49299623e-01 -1.10002765e-04 3.15251653e-04
1.49657313e-01 1.13339727e-04 3.17489275e-04
1.50015001e-01 1.89278504e-04 3.16891419e-04
1.50372687e-01 -3.16033657e-04 3.11536051e-04
1.50730370e-01 5.21321953e-04 3.12068894e-04
1.51088050e-01 -4.88092027e-04 3.06582417e-04
1.51445728e-01 -2.59384823e-04 3.15968734e-04
1.51803404e-01 -3.55104995e-04 3.06618663e-04
1.52161077e-01 -4.63822112e-05 3.14810852e-04
1.52518747e-01 -5.25570962e-05 3.16877031e-04
1.52876416e-01 -2.61872139e-05 3.07409063e-04
1.53234081e-01 -1.51704541e-04 3.09418940e-04
1.53591744e-01 1.00602667e-04 3.09317898e-04
1.53949405e-01 1.54541625e-04 3.09224131e-04
1.54307063e-01 1.96671026e-04 3.07369986e-04
1.54664718e-01 1.48672433e-04 3.07187670e-04
1.55022371e-01 -1.96640250e-04 3.08332239e-04
1.55380021e-01 -6.96901655e-05 3.11833568e-04
1.55737669e-01 -1.96451889e-04 3.10099197e-04
1.56095314e-01 2.12494440e-05 3.06608990e-04
1.56452957e-01 -1.06584209e-04 3.05054276e-04
1.56810597e-01 -7.56584832e-05 3.09590994e-04
1.57168235e-01 1.81614107e-04 3.12199241e-04
1.57525870e-01 -2.86988393e-04 3.01258675e-04
1.57883502e-01 1.00895513e-04 3.01287629e-04
1.58241132e-01 -1.48675915e-04 2.97382171e-04
1.58598759e-01 4.21810586e-04 3.05653610e-04
1.58956384e-01 -1.05897805e-04 2.97377097e-04
1.59314006e-01 -3.90374371e-05 3.04468068e-04
1.59671625e-01 9.75454448e-06 2.96502363e-04
1.60029242e-01 -2.63708304e-04 2.97108630e-04
1.60386856e-01 -2.86763025e-04 3.00021182e-04
1.60744468e-01 1.35026715e-04 3.06439164e-04
1.61102076e-01 3.01076303e-04 2.95195057e-04
1.61459683e-01 -5.02408723e-04 2.94826124e-04
1.61817286e-01 2.43396553e-04 3.07418046e-04
1.62174887e-01 -2.30077476e-04 2.93810370e-04
1.62532485e-01 -2.92628004e-04 2.95968509e-04
1.62890081e-01 -1.37361163e-04 2.97725466e-04
1.63247674e-01 2.01757139e-04 2.91890156e-04
1.63605264e-01 -4.31104043e-04 2.94026232e-04
1.63962852e-01 -1.53777495e-04 3.01541042e-04
1.64320437e-01 -8.09977543e-04 2.86680634e-04
1.64678019e-01 -1.70030786e-04 2.87666028e-04
1.65035598e-01 -2.40447837e-04 2.92354939e-04
1.65393175e-01 -3.72811485e-04 2.96040965e-04
1.65750749e-01 3.17228250e-04 2.96145568e-04
1.66108320e-01 -4.33750935e-04 2.94277797e-04
1.66465889e-01 -1.80717174e-04 2.95836348e-04
1.66823455e-01 -1.70436335e-05 2.95659331e-04
1.67181018e-01 2.03300008e-04 2.96807441e-04
1.67538578e-01 -2.09119038e-04 2.93454601e-04
1.67896136e-01 4.87299209e-04 2.87126631e-04
1.68253691e-01 -5.40895219e-05 2.89342718e-04
1.68611243e-01 5.06297176e-04 2.92917368e-04
1.68968792e-01 -9.00182251e-05 2.85981711e-04
1.69326339e-01 -2.01123516e-04 2.83534790e-04
1.69683883e-01 2.09275283e-04 2.83110940e-04
1.70041424e-01 -1.01235686e-04 2.83388092e-04
1.70398962e-01 -4.35407619e-04 2.85203310e-04
1.70756497e-01 -2.96711344e-05 2.84176384e-04
1.71114030e-01 -1.72537253e-04 2.85916155e-04
1.71471560e-01 2.75062040e-04 2.87963748e-04
1.71829087e-01 -2.32483722e-04 2.85434763e-04
1.72186611e-01 -5.88708772e-04 2.81385491e-04
1.72544132e-01 -2.78847637e-04 2.82161707e-04
1.72901651e-01 1.30137026e-04 2.84698051e-04
1.73259167e-01 4.30656176e-04 2.90726192e-04
1.73616679e-01 1.47838818e-04 2.83323182e-04
1.73974189e-01 -4.54350434e-04 2.84744821e-04
1.74331697e-01 -1.19581571e-04 2.83724134e-04
1.74689201e-01 -1.01185373e-04 2.81578733e-04
1.75046702e-01 4.38113553e-04 2.82832757e-04
1.75404201e-01 -1.65566403e-04 2.81255665e-04
1.75761697e-01 4.45413297e-05 2.82337678e-04
1.76119189e-01 -8.59369584e-05 2.71722250e-04
1.76476679e-01 -9.89745336e-05 2.83482632e-04
1.76834166e-01 -2.15011993e-04 2.83810186e-04
1.77191650e-01 2.47836043e-04 2.80928776e-04
1.77549132e-01 -1.73898190e-04 2.81967025e-04
1.77906610e-01 5.35412113e-04 2.87751098e-04
1.78264085e-01 -5.22142025e-05 2.82318000e-04
1.78621558e-01 -1.95477282e-05 2.80171438e-04
1.78979027e-01 3.06228783e-04 2.78636272e-04
1.79336494e-01 8.49318349e-05 2.72039965e-04
1.79693958e-01 4.08167052e-04 2.75902363e-04
1.80051418e-01 1.82837709e-04 2.81763672e-04
1.80408876e-01 -8.74471693e-05 2.75207589e-04
1.80766331e-01 -3.65727000e-05 2.77858489e-04
1.81123783e-01 -2.64892937e-06 2.82397393e-04
1.81481232e-01 2.24616976e-04 2.83843830e-04
1.81838677e-01 9.46073970e-05 2.80415650e-04
1.82196120e-01 -1.02581680e-04 2.78728694e-04
1.82553560e-01 -3.42055341e-04 2.83264057e-04
1.82910997e-01 -1.86724134e-05 2.84269382e-04
1.83268431e-01 -8.73458050e-05 2.86293361e-04
1.83625862e-01 1.87399663e-04 2.86443812e-04
1.83983290e-01 -6.36733087e-04 2.84409293e-04
1.84340715e-01 -9.52216731e-05 2.83447027e-04
1.84698137e-01 3.00635036e-04 2.87986849e-04
1.85055556e-01 -2.30288413e-04 2.73915603e-04
1.85412971e-01 -4.02653813e-04 2.78869740e-04
1.85770384e-01 -4.16339265e-04 2.77948643e-04
1.86127794e-01 -1.31209214e-04 2.81605985e-04
1.86485200e-01 -7.66370618e-05 2.81336377e-04
1.86842604e-01 8.71361901e-05 2.85586844e-04
1.87200005e-01 5.42597083e-05 2.80811983e-04
1.87557402e-01 7.14666130e-04 2.76568507e-04
1.87914797e-01 1.38319352e-04 2.81721375e-04
1.88272188e-01 4.10319043e-05 2.74185583e-04
1.88629576e-01 1.36474705e-04 2.74428062e-04
1.88986961e-01 1.69859152e-04 2.81214408e-04
1.89344343e-01 -1.37274493e-04 2.80826956e-04
1.89701722e-01 -5.54562701e-05 2.74623984e-04
1.90059098e-01 -4.48775537e-04 2.76618020e-04
1.90416471e-01 -1.33366490e-04 2.71827395e-04
1.90773840e-01 -4.57882442e-04 2.70824503e-04
1.91131207e-01 8.67669433e-05 2.75209098e-04
1.91488570e-01 -1.14516413e-04 2.69837675e-04
1.91845930e-01 1.22648890e-04 2.69327597e-04
1.92203287e-01 -2.83759556e-04 2.72513329e-04
1.92560641e-01 1.19288936e-04 2.73280874e-04
1.92917992e-01 -2.87060595e-07 2.72849017e-04
1.93275340e-01 -3.22857681e-04 2.70580245e-04
1.93632684e-01 -3.58114229e-04 2.69716415e-04
1.93990025e-01 -6.53798514e-05 2.66677079e-04
1.94347363e-01 -2.10790674e-04 2.71244191e-04
1.94704698e-01 5.64838717e-04 2.73593949e-04
1.95062030e-01 -3.24287750e-04 2.66412658e-04
1.95419358e-01 7.68882090e-05 2.75336906e-04
1.95776684e-01 9.26424524e-05 2.70915408e-04
1.96134006e-01 1.39393194e-04 2.67616380e-04
1.96491324e-01 2.82914428e-04 2.67963657e-04
1.96848640e-01 1.05313840e-04 2.71463395e-04
1.97205953e-01 1.04256963e-04 2.71417142e-04
1.97563262e-01 1.68244230e-04 2.70723084e-04
1.97920568e-01 -4.24328208e-04 2.81137727e-04
1.98277870e-01 -4.86333048e-04 2.72521275e-04
1.98635170e-01 1.46985786e-04 2.76551927e-04
1.98992466e-01 -2.26959196e-04 2.75436096e-04
1.99349759e-01 -7.16165269e-05 2.70545119e-04
1.99707049e-01 -2.28805656e-04 2.67978428e-04
2.00064335e-01 1.97852897e-04 2.75739438e-04
2.00421618e-01 3.78553415e-05 2.74065176e-04
2.00778898e-01 -9.57250666e-05 2.68966786e-04
2.01136174e-01 -9.63480163e-05 2.67653919e-04
2.01493448e-01 -2.33306895e-04 2.61297505e-04
2.01850718e-01 2.08347876e-04 2.64077735e-04
2.02207984e-01 -1.67750932e-04 2.59130606e-04
2.02565248e-01 -7.82515988e-05 2.59634482e-04
2.02922508e-01 4.92274469e-05 2.60179935e-04
2.03279764e-01 -9.58790043e-05 2.62145401e-04
2.03637018e-01 -3.66686832e-05 2.61054116e-04
2.03994268e-01 -1.88212080e-04 2.59335035e-04
2.04351514e-01 -8.26846786e-05 2.58536796e-04
2.04708758e-01 -1.58681279e-04 2.56980515e-04
2.05065998e-01 -4.16009173e-04 2.58756166e-04
2.05423234e-01 -3.56695502e-04 2.55967981e-04
2.05780467e-01 -1.04574402e-04 2.61595062e-04
2.06137697e-01 1.43549049e-04 2.53008307e-04
2.06494924e-01 2.06898891e-04 2.56104035e-04
2.06852147e-01 2.18269930e-04 2.55340177e-04
2.07209367e-01 2.32818670e-04 2.59722072e-04
2.07566583e-01 -1.55250907e-04 2.56713621e-04
2.07923796e-01 -2.05050014e-04 2.55846768e-04
2.08281005e-01 4.03209412e-04 2.56732073e-04
2.08638211e-01 1.94815914e-04 2.59021745e-04
2.08995414e-01 -7.98750516e-05 2.55979790e-04
2.09352613e-01 -9.37448548e-05 2.56580485e-04
2.09709809e-01 -3.94678083e-04 2.48200708e-04
2.10067002e-01 2.93689563e-04 2.57022444e-04
2.10424191e-01 -2.87639463e-04 2.52035935e-04
2.10781376e-01 -8.95491499e-06 2.49522724e-04
2.11138558e-01 -3.65793912e-04 2.51901817e-04
2.11495737e-01 2.11960171e-04 2.50428736e-04
2.11852912e-01 1.00709404e-04 2.53569339e-04
2.12210084e-01 3.86573451e-04 2.46798791e-04
2.12567252e-01 -3.79763202e-05 2.44997290e-04
2.12924416e-01 -2.61041278e-04 2.43032132e-04
2.13281578e-01 4.35140774e-05 2.44737133e-04
2.13638735e-01 -8.32756941e-05 2.46253494e-04
2.13995890e-01 -3.81259964e-04 2.44841315e-04
2.14353040e-01 -3.78609237e-04 2.46603494e-04
2.14710188e-01 1.20463523e-05 2.46443414e-04
2.15067331e-01 -2.19106316e-05 2.46449205e-04
2.15424471e-01 -6.03130629e-06 2.50569742e-04
2.15781608e-01 -3.45079504e-04 2.44336238e-04
2.16138741e-01 -3.28778733e-04 2.43777329e-04
2.16495871e-01 6.51717238e-05 2.48469236e-04
2.16852997e-01 -1.46481336e-04 2.45812578e-04
2.17210119e-01 -2.11360220e-04 2.47876744e-04
2.17567238e-01 3.36418227e-04 2.44082237e-04
2.17924354e-01 5.08460260e-04 2.43649182e-04
2.18281465e-01 -9.09159152e-05 2.44248726e-04
2.18638574e-01 -2.69414476e-04 2.41640719e-04
2.18995678e-01 -1.46993224e-05 2.40809868e-04
2.19352779e-01 -2.68882698e-04 2.45195394e-04
2.19709877e-01 -1.19670744e-04 2.43984422e-04
2.20066971e-01 -1.10244900e-04 2.39309510e-04
2.20424061e-01 1.33553665e-04 2.42849285e-04
2.20781147e-01 3.30852663e-05 2.38016297e-04
2.21138230e-01 -2.72777053e-05 2.39961473e-04
2.21495310e-01 2.09159883e-04 2.36385227e-04
2.21852386e-01 3.22450548e-04 2.44575191e-04
2.22209458e-01 -3.10404585e-04 2.40459048e-04
2.22566526e-01 -3.84793653e-04 2.40140074e-04
2.22923591e-01 4.99002318e-05 2.39566961e-04
2.23280652e-01 2.60953313e-04 2.37486491e-04
2.23637710e-01 -5.34475041e-04 2.33968788e-04
2.23994764e-01 -1.76703505e-04 2.41099420e-04
2.24351814e-01 -2.41555241e-04 2.37803260e-04
2.24708861e-01 -3.47414300e-04 2.40490602e-04
2.25065904e-01 -4.61961896e-04 2.42878331e-04
2.25422943e-01 2.27026526e-05 2.37954816e-04
2.25779978e-01 -1.62752452e-04 2.38147731e-04
2.26137010e-01 -1.06562593e-04 2.36722932e-04
2.26494038e-01 1.37500330e-04 2.36238536e-04
2.26851063e-01 -1.15995194e-04 2.38668004e-04
2.27208083e-01 2.12529925e-04 2.28671490e-04
2.27565100e-01 3.19791701e-04 2.39686249e-04
2.27922114e-01 -4.15993836e-04 2.31232445e-04
2.28279123e-01 -6.28848559e-05 2.32045638e-04
2.28636129e-01 1.87704471e-04 2.31785038e-04
2.28993131e-01 2.32293260e-04 2.33044823e-04
2.29350129e-01 3.29925663e-05 2.34373437e-04
2.29707124e-01 1.11546575e-04 2.34156254e-04
2.30064115e-01 -2.26534458e-04 2.33839317e-04
2.30421102e-01 1.18947536e-04 2.35855585e-04
2.30778085e-01 2.83489402e-04 2.31785262e-04
2.31135064e-01 2.65503168e-04 2.35772496e-04
2.31492040e-01 6.09598388e-05 2.31421104e-04
2.31849012e-01 -3.16237763e-04 2.29147820e-04
2.32205980e-01 4.73443651e-05 2.28386371e-04
2.32562944e-01 3.80536953e-04 2.30726343e-04
2.32919905e-01 -3.39330935e-04 2.31949328e-04
2.33276862e-01 -9.73874785e-05 2.29759890e-04
2.33633814e-01 2.69716610e-05 2.25864397e-04
2.33990763e-01 -2.06690677e-04 2.33029034e-04
2.34347709e-01 3.56383802e-05 2.29568060e-04
2.34704650e-01 2.17864997e-04 2.32088769e-04
2.35061588e-01 -1.99342105e-04 2.27121030e-04
2.35418521e-01 -1.25331222e-04 2.27136627e-04
2.35775451e-01 -1.40069772e-06 2.24611972e-04
2.36132377e-01 -2.33284502e-04 2.26618758e-04
2.36489299e-01 -2.94103163e-04 2.24617358e-04
2.36846218e-01 -1.29077311e-04 2.29255542e-04
2.37203132e-01 2.04846391e-04 2.25104541e-04
2.37560042e-01 -3.30384506e-04 2.26035218e-04
2.37916949e-01 -1.57255299e-04 2.26296342e-04
2.38273852e-01 1.68948483e-04 2.26668567e-04
2.38630751e-01 3.11674921e-04 2.27485226e-04
2.38987645e-01 -8.52061471e-06 2.22853031e-04
2.39344537e-01 -1.76633479e-04 2.21253928e-04
2.39701424e-01 8.89802694e-05 2.26367617e-04
2.40058307e-01 1.85617974e-04 2.24691931e-04
2.40415186e-01 2.93910763e-04 2.23543093e-04
2.40772061e-01 4.95359415e-05 2.23582807e-04
2.41128933e-01 -3.22799118e-05 2.22142911e-04
2.41485800e-01 -4.38440736e-04 2.24853583e-04
2.41842664e-01 -3.45960178e-04 2.22043317e-04
2.42199523e-01 -1.54846104e-04 2.20715956e-04
2.42556379e-01 1.32145524e-04 2.24575518e-04
2.42913230e-01 -2.20307982e-05 2.22267548e-04
2.43270078e-01 3.35140735e-04 2.23435137e-04
2.43626922e-01 1.69950332e-04 2.21693945e-04
2.43983761e-01 -4.42843984e-05 2.21406491e-04
2.44340597e-01 -7.93373966e-06 2.21538983e-04
2.44697429e-01 -3.51522714e-04 2.19085353e-04
2.45054256e-01 -1.10532730e-04 2.17452417e-04
2.45411080e-01 -2.44273586e-04 2.17589265e-04
2.45767900e-01 -2.94006988e-04 2.14313679e-04
2.46124715e-01 -3.30414647e-04 2.17640881e-04
2.46481527e-01 3.18549978e-04 2.20236209e-04
2.46838334e-01 -4.45982060e-04 2.18422448e-04
2.47195138e-01 -4.64922724e-04 2.18967398e-04
2.47551938e-01 4.20791711e-05 2.16960982e-04
2.47908733e-01 -6.93763988e-05 2.16352253e-04
2.48265524e-01 -1.43221570e-04 2.13601246e-04
2.48622312e-01 -1.39185359e-05 2.16122611e-04
2.48979095e-01 -8.52952813e-05 2.13536115e-04
2.49335874e-01 4.09121377e-05 2.18930409e-04
2.49692649e-01 -3.04890592e-04 2.16479920e-04
2.50049420e-01 -4.10828653e-04 2.17560002e-04
2.50406187e-01 -4.12890747e-05 2.14907803e-04
2.50762950e-01 -8.60572913e-05 2.19641515e-04
2.51119709e-01 -3.56624489e-04 2.14591934e-04
2.51476464e-01 7.58398281e-05 2.14718288e-04
2.51833214e-01 -2.58895100e-04 2.14306900e-04
2.52189961e-01 4.49047475e-05 2.14531203e-04
2.52546703e-01 -2.25817745e-04 2.13859495e-04
2.52903441e-01 -1.88027021e-04 2.11843296e-04
2.53260175e-01 -4.57362040e-05 2.13970797e-04
2.53616905e-01 -2.41900068e-05 2.11166910e-04
2.53973631e-01 -1.45595099e-04 2.11764725e-04
2.54330352e-01 -8.46927475e-05 2.11378344e-04
2.54687070e-01 -1.81922640e-04 2.05769533e-04
2.55043783e-01 -2.09261350e-04 2.11330370e-04
2.55400492e-01 6.43170353e-05 2.10143663e-04
2.55757197e-01 5.53800857e-05 2.10000102e-04
2.56113898e-01 3.33073061e-04 2.14373538e-04
2.56470595e-01 4.94351436e-05 2.14661650e-04
2.56827287e-01 -1.39430698e-04 2.16748449e-04
2.57183975e-01 -6.00650946e-05 2.18283935e-04
2.57540659e-01 -2.04785935e-04 2.12590221e-04
2.57897339e-01 -2.06600303e-05 2.11560408e-04
2.58254014e-01 6.16462852e-05 2.20827263e-04
2.58610686e-01 6.51543695e-05 2.18570506e-04
2.58967353e-01 -1.01084511e-04 2.10768156e-04
2.59324016e-01 -3.31807437e-05 2.17027072e-04
2.59680674e-01 -1.34273254e-04 2.13728358e-04
2.60037329e-01 9.10480286e-06 2.16427728e-04
2.60393979e-01 -9.00271816e-05 2.16530923e-04
2.60750625e-01 -1.86476012e-04 2.15563054e-04
2.61107266e-01 -1.90789050e-04 2.14848109e-04
2.61463904e-01 4.57739377e-05 2.19588168e-04
2.61820537e-01 1.14766335e-05 2.17382927e-04
2.62177166e-01 -1.34952570e-04 2.14827842e-04
2.62533790e-01 -1.49683365e-04 2.15734353e-04
2.62890410e-01 3.57528062e-04 2.14707950e-04
2.63247026e-01 -2.11514927e-04 2.14882202e-04
2.63603638e-01 -1.68872567e-04 2.13206060e-04
2.63960245e-01 -1.44322224e-04 2.11284683e-04
2.64316848e-01 -4.03758184e-06 2.13462265e-04
2.64673447e-01 1.00806798e-04 2.16981459e-04
2.65030042e-01 1.29816878e-04 2.13360874e-04
2.65386632e-01 -1.99118278e-05 2.15480694e-04
2.65743217e-01 1.49937900e-04 2.11473870e-04
2.66099799e-01 -1.87677695e-05 2.11991919e-04
2.66456376e-01 -1.10339329e-04 2.13044382e-04
2.66812948e-01 1.41418811e-04 2.15274570e-04
2.67169517e-01 4.58381450e-04 2.14194937e-04
2.67526081e-01 -4.10886333e-05 2.14081983e-04
2.67882640e-01 -2.51289461e-04 2.16007961e-04
2.68239195e-01 -2.48822992e-04 2.17563884e-04
2.68595746e-01 3.27583515e-05 2.17545544e-04
2.68952293e-01 -1.69300946e-04 2.17361166e-04
2.69308835e-01 -2.03820677e-04 2.16072839e-04
2.69665372e-01 1.86389739e-05 2.18263628e-04
2.70021906e-01 -1.45999252e-04 2.17265614e-04
2.70378435e-01 -2.10785408e-04 2.20770150e-04
2.70734959e-01 1.80666061e-05 2.28161648e-04
2.71091479e-01 -1.29982555e-04 2.22584213e-04
2.71447995e-01 1.06046978e-04 2.25534948e-04
2.71804506e-01 2.22226287e-04 2.19220056e-04
2.72161012e-01 -3.09877651e-04 2.19420020e-04
2.72517515e-01 -3.65767834e-05 2.26582732e-04
2.72874012e-01 -3.95724323e-04 2.20244698e-04
