1.54026655e-02 1.44378271e-03 1.76158996e-03
1.57608633e-02 3.09875585e-03 1.64332675e-03
1.61190608e-02 2.77610847e-04 1.50871206e-03
1.64772580e-02 3.08265062e-03 1.42791131e-03
1.68354550e-02 1.41838261e-03 1.49253704e-03
1.71936517e-02 1.18683748e-03 1.38234382e-03
1.75518481e-02 1.12887209e-03 1.29207445e-03
1.79100442e-02 2.64341878e-03 1.30554691e-03
1.82682400e-02 2.14204344e-03 1.20818411e-03
1.86264355e-02 1.87839705e-03 1.22623063e-03
1.89846308e-02 1.16909358e-03 1.13244476e-03
1.93428257e-02 4.53163044e-03 1.18521871e-03
1.97010202e-02 2.50512898e-03 1.05166037e-03
2.00592145e-02 3.04485836e-03 1.11589264e-03
2.04174084e-02 2.72207882e-03 1.09117027e-03
2.07756020e-02 2.22890762e-03 1.10936325e-03
2.11337953e-02 2.16917009e-03 1.04405163e-03
2.14919882e-02 3.40167902e-03 1.01532965e-03
2.18501808e-02 1.04364186e-03 1.07163910e-03
2.22083729e-02 1.84130990e-03 9.67505913e-04
2.25665648e-02 2.94796190e-03 1.00985900e-03
2.29247562e-02 1.98480104e-03 9.04744944e-04
2.32829473e-02 2.26032751e-03 9.69435404e-04
2.36411380e-02 4.07701862e-03 9.54723238e-04
2.39993283e-02 2.49375598e-03 9.06375672e-04
2.43575182e-02 2.57134578e-03 9.04330835e-04
2.47157077e-02 1.70150954e-03 8.78211504e-04
2.50738968e-02 5.17035565e-03 8.88226247e-04
2.54320855e-02 2.63902440e-03 9.19258837e-04
2.57902738e-02 2.80289763e-03 8.86534496e-04
2.61484617e-02 1.96185395e-03 8.64415203e-04
2.65066491e-02 3.62482928e-03 8.39430604e-04
2.68648361e-02 3.34874760e-03 8.70416999e-04
2.72230226e-02 2.62523982e-03 8.33665142e-04
2.75812087e-02 4.71262711e-03 8.64633955e-04
2.79393943e-02 3.16801919e-03 8.16964320e-04
2.82975795e-02 1.54311339e-03 8.04608632e-04
2.86557642e-02 2.62803245e-03 8.67950724e-04
2.90139485e-02 2.44710198e-03 8.51261017e-04
2.93721323e-02 3.29651699e-03 8.13983781e-04
2.97303155e-02 2.83593234e-03 8.23265431e-04
3.00884983e-02 3.26369121e-03 7.86131101e-04
3.04466806e-02 4.81958101e-03 8.47528947e-04
3.08048624e-02 4.12523144e-03 8.32475413e-04
3.11630437e-02 3.94629465e-03 8.68246182e-04
3.15212245e-02 3.19759470e-03 8.15382147e-04
3.18794048e-02 2.16027054e-03 7.90351758e-04
3.22375845e-02 4.32661882e-03 8.20100374e-04
3.25957637e-02 2.55490437e-03 8.40599062e-04
3.29539424e-02 4.00855066e-03 8.25679388e-04
3.33121205e-02 3.68005921e-03 7.89444794e-04
3.36702981e-02 3.16607520e-03 7.98591803e-04
3.40284751e-02 1.93498833e-03 8.12946473e-04
3.43866516e-02 2.28513001e-03 7.81028584e-04
3.47448275e-02 2.51864768e-03 7.67908532e-04
3.51030028e-02 2.42757265e-03 7.55724322e-04
3.54611775e-02 2.73303478e-03 7.47955545e-04
3.58193517e-02 2.77897366e-03 7.15369661e-04
3.61775253e-02 3.42484426e-03 7.36845318e-04
3.65356983e-02 2.18298466e-03 7.28897275e-04
3.68938706e-02 2.30875329e-03 7.56015086e-04
3.72520424e-02 2.69250536e-03 7.37063966e-04
3.76102136e-02 2.78930081e-03 7.09948752e-04
3.79683841e-02 2.57203995e-03 7.22880911e-04
3.83265540e-02 2.05256791e-03 7.12002328e-04
3.86847233e-02 3.61587772e-03 7.12920961e-04
3.90428920e-02 2.14668007e-03 7.01356438e-04
3.94010600e-02 2.47605445e-03 7.08554637e-04
3.97592273e-02 1.98481405e-03 6.93852751e-04
4.01173941e-02 2.80566340e-03 6.78429691e-04
4.04755601e-02 3.26049460e-03 7.15927144e-04
4.08337255e-02 1.53987544e-03 6.76322067e-04
4.11918902e-02 3.01453865e-03 6.57477232e-04
4.15500542e-02 2.91950510e-03 6.70125628e-04
4.19082176e-02 2.81754779e-03 6.48460550e-04
4.22663802e-02 2.25516715e-03 6.83500048e-04
4.26245422e-02 2.44828656e-03 6.83988876e-04
4.29827034e-02 3.00820979e-03 6.87100701e-04
4.33408640e-02 3.52206654e-03 6.83863447e-04
4.36990238e-02 4.10029682e-03 6.95287734e-04
4.40571830e-02 3.17262247e-03 6.76332988e-04
4.44153414e-02 3.11193732e-03 6.62250002e-04
4.47734990e-02 3.07949817e-03 6.73324300e-04
4.51316560e-02 2.18399311e-03 6.57734687e-04
4.54898122e-02 3.33888783e-03 6.76610984e-04
4.58479676e-02 2.08054974e-03 6.73131398e-04
4.62061223e-02 3.93719385e-03 6.45102281e-04
4.65642762e-02 3.40152733e-03 6.66501223e-04
4.69224294e-02 1.82656434e-03 6.63602023e-04
4.72805818e-02 2.34768137e-03 6.71334092e-04
4.76387334e-02 2.62432386e-03 6.74187792e-04
4.79968842e-02 2.85072516e-03 6.26540881e-04
4.83550342e-02 2.93424025e-03 6.30795083e-04
4.87131835e-02 2.57586979e-03 6.61370074e-04
4.90713319e-02 1.21302633e-03 6.16432348e-04
4.94294795e-02 2.98091732e-03 6.19329477e-04
4.97876264e-02 1.95869881e-03 6.10637329e-04
5.01457724e-02 2.67497034e-03 5.97207619e-04
5.05039175e-02 1.21481614e-03 5.69767743e-04
5.08620619e-02 1.83656863e-03 5.98312289e-04
5.12202054e-02 2.18682702e-03 6.20837888e-04
5.15783481e-02 2.10980353e-03 6.07536453e-04
5.19364899e-02 1.72921722e-03 5.78621848e-04
5.22946308e-02 2.36471869e-03 5.95074789e-04
5.26527709e-02 2.80955472e-03 5.67994789e-04
5.30109102e-02 2.64597778e-03 5.71472062e-04
5.33690485e-02 2.64282891e-03 5.83648000e-04
5.37271860e-02 2.91612157e-03 5.90456197e-04
5.40853226e-02 2.05465301e-03 5.58573094e-04
5.44434583e-02 1.99799021e-03 5.84480855e-04
5.48015932e-02 1.49856672e-03 5.63573995e-04
5.51597271e-02 2.55975001e-03 5.66909020e-04
5.55178601e-02 2.77151460e-03 5.82077488e-04
5.58759922e-02 1.15372378e-03 5.51829353e-04
5.62341234e-02 1.87585677e-03 5.63898212e-04
5.65922536e-02 2.86269883e-03 5.75816101e-04
5.69503829e-02 1.34987940e-03 5.65081619e-04
5.73085113e-02 1.44717638e-03 5.58514589e-04
5.76666388e-02 2.57336512e-03 5.70003966e-04
5.80247653e-02 1.49656499e-03 5.63741484e-04
5.83828908e-02 1.25329548e-03 5.83141090e-04
5.87410154e-02 2.03938607e-03 5.51738069e-04
5.90991390e-02 2.34594843e-03 5.27739484e-04
5.94572616e-02 2.89961566e-03 5.35303785e-04
5.98153833e-02 2.34326960e-03 5.70759067e-04
6.01735040e-02 1.96949260e-03 5.54493198e-04
6.05316237e-02 1.05219251e-03 5.24013002e-04
6.08897424e-02 2.39096062e-03 5.36881963e-04
6.12478600e-02 2.03621255e-03 5.39458401e-04
6.16059767e-02 2.75713427e-03 5.25412038e-04
6.19640924e-02 2.02735038e-03 5.34600357e-04
6.23222071e-02 2.24904729e-03 5.30559871e-04
6.26803207e-02 9.84255696e-04 5.14043358e-04
6.30384333e-02 1.14626175e-03 5.12125571e-04
6.33965448e-02 2.42515508e-03 5.23131895e-04
6.37546554e-02 1.69046066e-03 5.14458644e-04
6.41127648e-02 1.37224258e-03 5.11939425e-04
6.44708732e-02 1.94103304e-03 5.17252411e-04
6.48289806e-02 1.90056091e-03 4.91468842e-04
6.51870869e-02 2.14651394e-03 4.94753264e-04
6.55451921e-02 -1.32288333e-04 5.02158844e-04
6.59032962e-02 1.81218507e-03 5.13573675e-04
6.62613993e-02 1.88264275e-03 5.07301294e-04
6.66195012e-02 2.12431393e-03 5.02572612e-04
6.69776021e-02 2.16995009e-03 4.94212915e-04
6.73357019e-02 2.27903848e-03 5.14064367e-04
6.76938005e-02 2.07279981e-03 5.11185911e-04
6.80518981e-02 1.01041360e-03 4.96289493e-04
6.84099945e-02 1.68958640e-03 4.97252674e-04
6.87680898e-02 2.26753774e-03 4.75953582e-04
6.91261840e-02 1.67274601e-03 4.94964646e-04
6.94842770e-02 1.63794749e-03 4.79634130e-04
6.98423689e-02 9.22819200e-04 4.77246667e-04
7.02004596e-02 8.88533243e-04 4.85045190e-04
7.05585492e-02 1.51699480e-03 5.07095753e-04
7.09166377e-02 1.36503159e-03 4.74176426e-04
7.12747249e-02 1.11724148e-03 4.82188013e-04
7.16328110e-02 1.83648375e-03 4.60306247e-04
7.19908959e-02 2.17270318e-03 4.85937179e-04
7.23489796e-02 1.23498180e-03 4.61261196e-04
7.27070622e-02 1.23006916e-03 4.82093514e-04
7.30651435e-02 1.25161501e-03 4.59597173e-04
7.34232237e-02 1.49826611e-04 4.71018700e-04
7.37813026e-02 1.17484141e-03 4.71949287e-04
7.41393803e-02 2.03134690e-03 4.66382671e-04
7.44974568e-02 1.23938807e-03 4.69437868e-04
7.48555321e-02 1.29470786e-03 4.64982950e-04
7.52136061e-02 1.61314399e-03 4.59253760e-04
7.55716789e-02 1.16562332e-03 4.71330702e-04
7.59297505e-02 1.45253541e-03 4.52044245e-04
7.62878208e-02 2.21425745e-03 4.89620602e-04
7.66458899e-02 1.90844078e-03 4.71494107e-04
7.70039577e-02 1.50514796e-03 4.64208133e-04
7.73620242e-02 1.51619198e-03 4.56199622e-04
7.77200895e-02 1.20651601e-03 4.49598926e-04
7.80781535e-02 1.82223419e-03 4.48732253e-04
7.84362162e-02 7.89962907e-04 4.56730497e-04
7.87942776e-02 8.93109432e-04 4.48026577e-04
7.91523377e-02 1.36823924e-03 4.57612237e-04
7.95103965e-02 1.08907933e-03 4.57834539e-04
7.98684540e-02 1.65373845e-03 4.51942269e-04
8.02265102e-02 2.03112614e-03 4.39535125e-04
8.05845651e-02 1.28571944e-03 4.37012004e-04
8.09426186e-02 1.15222150e-03 4.48514012e-04
8.13006709e-02 9.08455683e-04 4.44904391e-04
8.16587217e-02 1.35749331e-03 4.54376565e-04
8.20167713e-02 1.48351603e-03 4.62735404e-04
8.23748195e-02 5.81120131e-04 4.35609001e-04
8.27328663e-02 1.28142403e-03 4.24870247e-04
8.30909118e-02 1.06354660e-03 4.28543525e-04
8.34489559e-02 6.64196397e-04 4.08784395e-04
8.38069986e-02 9.24707812e-04 4.34582047e-04
8.41650400e-02 8.79497895e-04 4.35590200e-04
8.45230800e-02 8.79016286e-04 4.30600008e-04
8.48811185e-02 4.78469980e-04 4.26734533e-04
8.52391557e-02 4.39257292e-04 4.48108542e-04
8.55971915e-02 1.17599388e-03 4.38189795e-04
8.59552259e-02 4.18688354e-04 4.50641029e-04
8.63132589e-02 1.39582791e-03 4.43308405e-04
8.66712904e-02 1.56295712e-03 4.51075552e-04
8.70293205e-02 7.63926121e-04 4.39915639e-04
8.73873492e-02 8.93168050e-04 4.36004541e-04
8.77453765e-02 1.65607685e-03 4.39593051e-04
8.81034023e-02 1.06454940e-03 4.09870699e-04
8.84614267e-02 9.62860162e-04 4.39621242e-04
8.88194496e-02 2.71804890e-04 4.18580532e-04
8.91774710e-02 9.65404282e-04 4.33036896e-04
8.95354910e-02 9.87391732e-04 4.38654930e-04
8.98935095e-02 1.14461809e-03 4.37360133e-04
9.02515266e-02 8.21086904e-04 4.30847097e-04
9.06095421e-02 7.11809379e-04 4.16148419e-04
9.09675562e-02 1.09560215e-03 4.47471205e-04
9.13255687e-02 1.12703977e-03 4.41317382e-04
9.16835798e-02 8.60213198e-04 4.22403796e-04
9.20415894e-02 6.04386434e-04 4.10815384e-04
9.23995974e-02 1.47739413e-03 4.31612856e-04
9.27576039e-02 9.09829368e-04 4.30396195e-04
9.31156089e-02 9.73192736e-04 4.26106232e-04
9.34736124e-02 -5.83845914e-05 4.22832486e-04
9.38316143e-02 9.53336908e-04 4.18295884e-04
9.41896147e-02 5.09597398e-04 4.24735591e-04
9.45476136e-02 1.38634296e-03 4.15466974e-04
9.49056108e-02 9.38038177e-04 4.20830190e-04
9.52636066e-02 1.17800905e-03 4.24187797e-04
9.56216007e-02 -3.69401860e-05 4.04480423e-04
9.59795933e-02 7.97755462e-04 4.16876192e-04
9.63375843e-02 3.43435896e-04 4.15457032e-04
9.66955738e-02 8.27966185e-04 3.93073555e-04
9.70535616e-02 4.77895487e-04 3.99261250e-04
9.74115478e-02 1.03919793e-03 4.02394605e-04
9.77695325e-02 7.08127146e-04 4.07300575e-04
9.81275155e-02 7.58379149e-04 4.14732507e-04
9.84854969e-02 5.67544236e-04 4.11905227e-04
9.88434768e-02 3.46844674e-04 4.06866792e-04
9.92014549e-02 7.64169756e-04 3.97190790e-04
9.95594315e-02 6.90262567e-04 4.03548815e-04
9.99174064e-02 1.09367032e-03 3.93943549e-04
1.00275380e-01 8.55531431e-04 4.02268879e-04
1.00633351e-01 9.26800212e-04 3.98068408e-04
1.00991321e-01 2.87947745e-04 3.94055731e-04
1.01349290e-01 1.14456561e-03 4.03308110e-04
1.01707256e-01 -1.24025283e-04 3.95906437e-04
1.02065221e-01 2.57044101e-04 3.92998213e-04
1.02423184e-01 1.14647170e-04 3.93010700e-04
1.02781146e-01 2.04776621e-04 3.99560451e-04
1.03139106e-01 9.54225576e-04 3.98152365e-04
1.03497064e-01 7.60112627e-04 3.85304929e-04
1.03855021e-01 2.10267446e-04 3.88700175e-04
1.04212976e-01 4.63633934e-05 3.89542610e-04
1.04570929e-01 7.00940196e-04 3.91352272e-04
1.04928880e-01 -1.34326536e-05 3.79560709e-04
1.05286830e-01 5.68601866e-04 3.87766591e-04
1.05644778e-01 8.54362205e-04 3.93702407e-04
1.06002724e-01 -1.90017560e-05 3.90001725e-04
1.06360668e-01 -1.17140793e-05 3.87401229e-04
1.06718611e-01 3.22385361e-04 3.98208481e-04
1.07076552e-01 6.16373428e-04 4.15405752e-04
1.07434491e-01 5.54355738e-04 3.98539588e-04
1.07792429e-01 1.82821751e-04 3.89625862e-04
1.08150364e-01 -1.17147096e-04 3.91116783e-04
1.08508298e-01 1.48223896e-05 3.91591384e-04
1.08866230e-01 1.28160707e-04 4.04364019e-04
1.09224160e-01 7.59927592e-04 3.97486730e-04
1.09582089e-01 7.45071532e-04 3.96820998e-04
1.09940016e-01 -3.93929856e-04 3.93094297e-04
1.10297941e-01 5.01634611e-04 3.91683102e-04
1.10655864e-01 4.38101643e-04 4.07315364e-04
1.11013785e-01 -1.72618810e-04 3.92573143e-04
1.11371704e-01 -1.97225718e-04 3.83067377e-04
1.11729622e-01 4.62338588e-04 3.83179432e-04
1.12087538e-01 -1.14843852e-04 3.76391706e-04
1.12445452e-01 1.44192899e-04 3.91101600e-04
1.12803364e-01 7.07933441e-04 3.85168966e-04
1.13161274e-01 -1.06648499e-06 3.73508742e-04
1.13519182e-01 3.69504176e-04 3.83416744e-04
1.13877089e-01 7.55255030e-04 3.74617702e-04
1.14234994e-01 4.83085302e-04 3.82496671e-04
1.14592896e-01 5.36918975e-04 3.77345720e-04
1.14950797e-01 -9.14596141e-05 3.84295362e-04
1.15308696e-01 -3.61358000e-04 3.70193847e-04
1.15666593e-01 3.74941023e-04 3.73712259e-04
1.16024488e-01 7.40989001e-04 3.68750011e-04
1.16382382e-01 9.80237740e-04 3.72716613e-04
1.16740273e-01 3.89537356e-05 3.77047712e-04
1.17098163e-01 7.33105961e-04 3.76425151e-04
1.17456050e-01 3.22830448e-04 3.76214519e-04
1.17813936e-01 3.53890651e-04 3.78712062e-04
1.18171819e-01 6.43385126e-05 3.69307610e-04
1.18529701e-01 1.18626274e-03 3.82968530e-04
1.18887581e-01 2.61009641e-04 3.74054163e-04
1.19245459e-01 5.07806660e-04 3.75337775e-04
1.19603335e-01 1.78476133e-05 3.85802735e-04
1.19961208e-01 3.57035430e-04 3.85244346e-04
1.20319080e-01 9.85123581e-04 3.70085232e-04
1.20676950e-01 2.70018549e-04 3.72989316e-04
1.21034818e-01 -5.26670030e-04 3.76452067e-04
1.21392684e-01 7.17156025e-04 3.69064512e-04
1.21750548e-01 5.49037331e-04 3.77120096e-04
1.22108410e-01 3.14794680e-04 3.84123322e-04
1.22466270e-01 -3.35321357e-04 3.75869548e-04
1.22824128e-01 -3.00577325e-04 3.82166111e-04
1.23181984e-01 4.71837995e-04 3.81880679e-04
1.23539838e-01 8.36097145e-04 3.83494935e-04
1.23897690e-01 3.69397839e-04 3.72737898e-04
1.24255540e-01 -2.53382288e-04 3.64303824e-04
1.24613388e-01 3.83728838e-04 3.67674037e-04
1.24971233e-01 8.18855863e-04 3.66269408e-04
1.25329077e-01 4.66497828e-04 3.61671811e-04
1.25686919e-01 1.53830208e-04 3.64004565e-04
1.26044758e-01 3.83832218e-04 3.65704666e-04
1.26402596e-01 1.40981787e-04 3.68458888e-04
1.26760431e-01 7.25835252e-04 3.69616788e-04
1.27118265e-01 4.33897158e-04 3.58232730e-04
1.27476096e-01 1.38124877e-05 3.59282764e-04
1.27833925e-01 -2.35505906e-04 3.66658868e-04
1.28191752e-01 1.80347883e-04 3.59105942e-04
1.28549577e-01 6.03456133e-04 3.59193624e-04
1.28907400e-01 4.26481046e-04 3.55948538e-04
1.29265221e-01 1.09685472e-03 3.58583609e-04
1.29623040e-01 3.67135149e-04 3.62261879e-04
1.29980856e-01 8.39021980e-05 3.48397327e-04
1.30338670e-01 -4.44678670e-04 3.47337169e-04
1.30696483e-01 4.65907362e-04 3.35490030e-04
1.31054293e-01 -3.26419965e-04 3.51935648e-04
1.31412101e-01 2.90678025e-05 3.50899154e-04
1.31769906e-01 -1.33325947e-05 3.52319045e-04
1.32127710e-01 5.88734794e-04 3.53853907e-04
1.32485511e-01 -2.01444243e-04 3.42113193e-04
1.32843311e-01 -3.11993686e-05 3.41647310e-04
1.33201108e-01 4.14686295e-04 3.37868542e-04
1.33558903e-01 1.46435129e-04 3.41181728e-04
1.33916695e-01 9.21789507e-05 3.42398676e-04
1.34274486e-01 8.20404993e-04 3.48852183e-04
1.34632274e-01 8.76823945e-04 3.36654740e-04
1.34990060e-01 3.01831342e-04 3.35030778e-04
1.35347844e-01 9.46398132e-05 3.28448353e-04
1.35705626e-01 1.10937776e-04 3.38088658e-04
1.36063405e-01 2.24464038e-04 3.34254141e-04
1.36421182e-01 1.61462369e-04 3.42209312e-04
1.36778957e-01 8.34632829e-04 3.37129058e-04
1.37136730e-01 1.57760843e-04 3.29896186e-04
1.37494500e-01 3.70081932e-04 3.39325469e-04
1.37852269e-01 4.61014175e-04 3.34874236e-04
1.38210034e-01 1.70245201e-04 3.40138749e-04
1.38567798e-01 -2.66446765e-05 3.34864060e-04
1.38925559e-01 -3.35732126e-04 3.30207984e-04
1.39283319e-01 1.97405044e-04 3.29648888e-04
1.39641075e-01 -7.07680913e-05 3.33327426e-04
1.39998830e-01 2.09227124e-04 3.26499590e-04
1.40356582e-01 4.60112013e-04 3.36611601e-04
1.40714332e-01 -2.27992069e-05 3.31543406e-04
1.41072080e-01 7.32451204e-04 3.32427671e-04
1.41429825e-01 -2.36085248e-04 3.35501741e-04
1.41787568e-01 -1.63150310e-04 3.25756514e-04
1.42145308e-01 5.53651703e-04 3.24490109e-04
1.42503047e-01 3.68781620e-04 3.23475997e-04
1.42860783e-01 1.01191166e-03 3.23950088e-04
1.43218516e-01 6.66503748e-05 3.20330441e-04
1.43576247e-01 -3.11263062e-04 3.21081662e-04
1.43933976e-01 -1.27446623e-04 3.30868854e-04
1.44291703e-01 7.16755624e-04 3.16857794e-04
1.44649427e-01 1.41415802e-04 3.19580674e-04
1.45007149e-01 1.07182059e-03 3.27189331e-04
1.45364868e-01 6.62476026e-04 3.12911759e-04
1.45722585e-01 6.90041245e-04 3.19564524e-04
1.46080300e-01 3.51690929e-04 3.27107689e-04
1.46438012e-01 -2.91028859e-04 3.19348440e-04
1.46795722e-01 3.87483916e-04 3.13641329e-04
1.47153429e-01 4.08154087e-04 3.16944400e-04
1.47511134e-01 2.73292508e-04 3.22214680e-04
1.47868837e-01 4.79120554e-04 3.17529077e-04
1.48226537e-01 3.71336692e-04 3.17319493e-04
1.48584235e-01 1.00114582e-04 3.17249186e-04
1.48941930e-01 5.32501008e-04 3.16853502e-04
1.49299623e-01 3.90662060e-04 3.20795637e-04
1.49657313e-01 -2.24731457e-04 3.18010751e-04
1.50015001e-01 -1.04791680e-04 3.17277452e-04
1.50372687e-01 -1.31845094e-04 3.10476008e-04
1.50730370e-01 -3.27503137e-04 3.16136039e-04
1.51088050e-01 -5.18674675e-04 3.09908635e-04
1.51445728e-01 3.78267091e-04 3.09009943e-04
1.51803404e-01 -8.62280682e-05 3.15268244e-04
1.52161077e-01 2.29658493e-04 3.09860648e-04
1.52518747e-01 2.88837979e-04 3.09023795e-04
1.52876416e-01 2.21492286e-04 3.08762024e-04
1.53234081e-01 -6.28032395e-05 3.05391639e-04
1.53591744e-01 -2.13433888e-04 3.04930384e-04
1.53949405e-01 -6.75494474e-05 3.10428017e-04
1.54307063e-01 1.50827714e-04 3.07717683e-04
1.54664718e-01 3.73097816e-04 3.00986004e-04
1.55022371e-01 4.25379414e-04 3.10349055e-04
1.55380021e-01 2.38479338e-04 3.10999516e-04
1.55737669e-01 4.33754967e-05 3.16310510e-04
1.56095314e-01 3.51318364e-04 3.13718953e-04
1.56452957e-01 -1.79710934e-04 3.14064452e-04
1.56810597e-01 4.86429723e-04 3.04612694e-04
1.57168235e-01 3.06065506e-04 3.13869789e-04
1.57525870e-01 3.80577858e-05 3.02019438e-04
1.57883502e-01 -2.94796530e-04 3.08661900e-04
1.58241132e-01 6.37430668e-04 3.00383209e-04
1.58598759e-01 2.01184468e-04 3.05328805e-04
1.58956384e-01 2.06416873e-04 3.07889487e-04
1.59314006e-01 1.28972565e-04 2.98897015e-04
1.59671625e-01 7.20871997e-06 3.01668304e-04
1.60029242e-01 -3.59647639e-04 2.98079441e-04
1.60386856e-01 1.75659660e-04 2.98098899e-04
1.60744468e-01 1.82393075e-04 2.95156247e-04
1.61102076e-01 -6.87358576e-05 2.97324503e-04
1.61459683e-01 -1.34552068e-04 2.92088775e-04
1.61817286e-01 1.53829346e-04 2.98082070e-04
1.62174887e-01 -8.57694185e-05 2.96583019e-04
1.62532485e-01 4.93451943e-04 3.02285405e-04
1.62890081e-01 -2.18371558e-04 2.99742797e-04
1.63247674e-01 4.15408584e-04 3.01289965e-04
1.63605264e-01 4.75904617e-04 2.91964975e-04
1.63962852e-01 -2.49639771e-04 2.94315375e-04
1.64320437e-01 5.46627922e-05 2.94771205e-04
1.64678019e-01 -6.48079782e-07 2.96462550e-04
1.65035598e-01 4.44857484e-04 3.01468459e-04
1.65393175e-01 1.93686879e-04 2.96561746e-04
1.65750749e-01 3.37254862e-04 2.94116155e-04
1.66108320e-01 3.29395033e-04 2.96563963e-04
1.66465889e-01 -1.88710207e-04 2.92468274e-04
1.66823455e-01 2.05170974e-04 3.02953614e-04
1.67181018e-01 3.74982767e-04 2.97742050e-04
1.67538578e-01 1.16007326e-04 2.94549485e-04
1.67896136e-01 4.20340852e-06 2.94064014e-04
1.68253691e-01 1.30248884e-05 2.88345104e-04
1.68611243e-01 -5.58733079e-04 2.86164892e-04
1.68968792e-01 -4.25806319e-04 2.92773808e-04
1.69326339e-01 8.86389472e-05 2.95289437e-04
1.69683883e-01 -2.28315464e-04 2.91113463e-04
1.70041424e-01 1.77576585e-05 2.90007024e-04
1.70398962e-01 6.96467022e-04 2.87596835e-04
1.70756497e-01 3.58077728e-04 2.86672502e-04
1.71114030e-01 2.94147143e-04 2.91173379e-04
1.71471560e-01 3.95867713e-04 2.86676669e-04
1.71829087e-01 5.99112307e-04 2.84528273e-04
1.72186611e-01 4.78628089e-04 2.90276623e-04
1.72544132e-01 -2.99854065e-04 2.88404202e-04
1.72901651e-01 1.24631529e-04 2.84572656e-04
1.73259167e-01 2.25800144e-04 2.89647728e-04
1.73616679e-01 2.81628284e-04 2.92626621e-04
1.73974189e-01 1.62307492e-05 2.90850817e-04
1.74331697e-01 6.22955235e-04 2.83014340e-04
1.74689201e-01 1.36611068e-04 2.83866200e-04
1.75046702e-01 -1.51746951e-04 2.80628893e-04
1.75404201e-01 -1.71409611e-04 2.80951371e-04
1.75761697e-01 4.90539659e-05 2.83656703e-04
1.76119189e-01 -7.70518461e-05 2.80872958e-04
1.76476679e-01 1.35138472e-05 2.80590143e-04
1.76834166e-01 2.15053874e-04 2.78761529e-04
1.77191650e-01 2.69072481e-04 2.83359656e-04
1.77549132e-01 -1.63534117e-05 2.83220093e-04
1.77906610e-01 2.72441396e-04 2.84245115e-04
1.78264085e-01 -6.01868485e-05 2.72514430e-04
1.78621558e-01 4.36366165e-04 2.76325141e-04
1.78979027e-01 2.62829184e-04 2.73557954e-04
1.79336494e-01 3.29829994e-04 2.74604400e-04
1.79693958e-01 -2.38581793e-04 2.81567240e-04
1.80051418e-01 -2.34601574e-04 2.75222415e-04
1.80408876e-01 -8.57238774e-05 2.75887538e-04
1.80766331e-01 2.86565556e-04 2.76863596e-04
1.81123783e-01 2.29898063e-04 2.84362038e-04
1.81481232e-01 2.87874272e-04 2.84893053e-04
1.81838677e-01 3.68638298e-04 2.87031148e-04
1.82196120e-01 2.47756638e-04 2.84475390e-04
1.82553560e-01 -9.89372044e-05 2.83479903e-04
1.82910997e-01 4.17966639e-04 2.84488728e-04
1.83268431e-01 1.10406161e-04 2.79512465e-04
1.83625862e-01 1.82653494e-04 2.89412522e-04
1.83983290e-01 3.87312162e-05 2.83844012e-04
1.84340715e-01 4.26072280e-04 2.87064465e-04
1.84698137e-01 -1.21044257e-04 2.90994840e-04
1.85055556e-01 -2.01061983e-04 2.84725187e-04
1.85412971e-01 -4.18989511e-04 2.84784980e-04
1.85770384e-01 4.34842699e-06 2.85277763e-04
1.86127794e-01 -5.92692795e-04 2.86803046e-04
1.86485200e-01 -1.64420878e-04 2.77681030e-04
1.86842604e-01 6.90056649e-05 2.77667744e-04
1.87200005e-01 5.07729298e-05 2.74381938e-04
1.87557402e-01 -3.40279477e-05 2.74795089e-04
1.87914797e-01 -3.05911101e-04 2.77672461e-04
1.88272188e-01 -9.46732528e-05 2.68242271e-04
1.88629576e-01 1.24158801e-04 2.74415335e-04
1.88986961e-01 -3.96169174e-04 2.70658678e-04
1.89344343e-01 3.96554432e-05 2.77030815e-04
1.89701722e-01 3.61495681e-04 2.80766676e-04
1.90059098e-01 2.86966978e-05 2.72879229e-04
1.90416471e-01 6.54735868e-04 2.79505291e-04
1.90773840e-01 1.47155021e-04 2.68416103e-04
1.91131207e-01 -3.30890738e-05 2.67424970e-04
1.91488570e-01 1.24682590e-04 2.69577908e-04
1.91845930e-01 -6.64880388e-04 2.66529371e-04
1.92203287e-01 -1.05424642e-04 2.77923462e-04
1.92560641e-01 -5.48638400e-04 2.66650910e-04
1.92917992e-01 3.88323462e-04 2.70502280e-04
1.93275340e-01 1.25697788e-04 2.70727954e-04
1.93632684e-01 -1.26973056e-04 2.69992669e-04
1.93990025e-01 -2.04473164e-04 2.70810913e-04
1.94347363e-01 1.28036392e-04 2.68759048e-04
1.94704698e-01 4.39435644e-04 2.74003041e-04
1.95062030e-01 3.63091358e-04 2.70919065e-04
1.95419358e-01 -4.72477922e-04 2.77342694e-04
1.95776684e-01 5.01828082e-04 2.79797971e-04
1.96134006e-01 2.08056688e-04 2.73843653e-04
1.96491324e-01 7.21615538e-04 2.70722345e-04
1.96848640e-01 -1.96070760e-04 2.67738486e-04
1.97205953e-01 -6.71833781e-04 2.67609847e-04
1.97563262e-01 -1.80820613e-05 2.72854046e-04
1.97920568e-01 -1.04947555e-04 2.70778241e-04
1.98277870e-01 -1.89676310e-04 2.68491422e-04
1.98635170e-01 -3.77325321e-05 2.69683345e-04
1.98992466e-01 2.91951210e-04 2.74041146e-04
1.99349759e-01 5.40818153e-05 2.70739431e-04
1.99707049e-01 -1.24130506e-04 2.69947981e-04
2.00064335e-01 -3.07020908e-04 2.63436090e-04
2.00421618e-01 2.31587093e-04 2.68228140e-04
2.00778898e-01 2.65996487e-06 2.71950947e-04
2.01136174e-01 2.37100633e-04 2.61291853e-04
2.01493448e-01 3.70110812e-04 2.61852217e-04
2.01850718e-01 1.62630826e-04 2.65352248e-04
2.02207984e-01 1.69927139e-04 2.63135088e-04
2.02565248e-01 8.06598392e-05 2.62522066e-04
2.02922508e-01 1.38951734e-04 2.55554345e-04
2.03279764e-01 2.11326744e-04 2.63184884e-04
2.03637018e-01 4.34185590e-05 2.61937361e-04
2.03994268e-01 2.81037043e-04 2.59181166e-04
2.04351514e-01 4.04587276e-04 2.59290226e-04
2.04708758e-01 1.94509910e-05 2.55448738e-04
2.05065998e-01 1.74456569e-04 2.60689410e-04
2.05423234e-01 -2.00518111e-04 2.61223836e-04
2.05780467e-01 9.24446766e-05 2.59214946e-04
2.06137697e-01 1.93345158e-04 2.60507989e-04
2.06494924e-01 -1.19244902e-04 2.56660537e-04
2.06852147e-01 4.57712038e-06 2.49830905e-04
2.07209367e-01 -6.43956329e-05 2.56898411e-04
2.07566583e-01 2.82997171e-04 2.58064256e-04
2.07923796e-01 -2.79303346e-04 2.54261765e-04
2.08281005e-01 4.53318373e-05 2.60126570e-04
2.08638211e-01 -1.92327842e-04 2.55903137e-04
2.08995414e-01 2.30397710e-04 2.56752100e-04
2.09352613e-01 -2.25047611e-05 2.54063625e-04
2.09709809e-01 -3.58803300e-04 2.55502547e-04
2.10067002e-01 2.06802629e-04 2.52124473e-04
2.10424191e-01 3.51858970e-05 2.56350405e-04
2.10781376e-01 3.98807044e-04 2.53127820e-04
2.11138558e-01 2.42380281e-04 2.55681033e-04
2.11495737e-01 8.47332003e-06 2.49570756e-04
2.11852912e-01 3.59864927e-05 2.47161759e-04
2.12210084e-01 2.81351942e-04 2.52624200e-04
2.12567252e-01 1.11239541e-04 2.51543426e-04
2.12924416e-01 3.35371550e-05 2.51260181e-04
2.13281578e-01 5.07731798e-04 2.47832183e-04
2.13638735e-01 1.07656590e-04 2.45429312e-04
2.13995890e-01 3.02634160e-04 2.51075178e-04
2.14353040e-01 -2.14960685e-04 2.48484860e-04
2.14710188e-01 3.34999043e-04 2.47901702e-04
2.15067331e-01 2.89824229e-05 2.47551543e-04
2.15424471e-01 3.06246077e-04 2.53299316e-04
2.15781608e-01 -2.08330855e-04 2.44678315e-04
2.16138741e-01 2.27695018e-04 2.49143520e-04
2.16495871e-01 -1.81877653e-04 2.46731030e-04
2.16852997e-01 4.92424022e-05 2.45049762e-04
2.17210119e-01 2.70370460e-04 2.45790199e-04
2.17567238e-01 -1.62564228e-04 2.43513620e-04
2.17924354e-01 -3.07736481e-05 2.42421743e-04
2.18281465e-01 3.39512051e-04 2.46921229e-04
2.18638574e-01 1.79634885e-04 2.42870107e-04
2.18995678e-01 2.83132572e-04 2.40882451e-04
2.19352779e-01 2.54899623e-04 2.42238400e-04
2.19709877e-01 -1.26623984e-04 2.48936307e-04
2.20066971e-01 -2.39972912e-04 2.40195451e-04
2.20424061e-01 -1.34625853e-04 2.41585081e-04
2.20781147e-01 3.53858084e-04 2.47702192e-04
2.21138230e-01 -1.24774364e-04 2.39417325e-04
2.21495310e-01 1.69024034e-04 2.35380646e-04
2.21852386e-01 -5.39061510e-05 2.41824958e-04
2.22209458e-01 -1.54941150e-04 2.42900645e-04
2.22566526e-01 1.66265709e-05 2.38570051e-04
2.22923591e-01 2.41154742e-04 2.37065394e-04
2.23280652e-01 -1.55776475e-04 2.35483434e-04
2.23637710e-01 1.12526800e-04 2.34392769e-04
2.23994764e-01 9.54866551e-05 2.38451762e-04
2.24351814e-01 3.98895420e-04 2.38916442e-04
2.24708861e-01 -3.67163690e-04 2.45957360e-04
2.25065904e-01 -9.21206243e-05 2.36922315e-04
2.25422943e-01 6.94823529e-05 2.34614015e-04
2.25779978e-01 -2.97074404e-04 2.33743760e-04
2.26137010e-01 -4.71626004e-05 2.38120987e-04
2.26494038e-01 2.38381092e-04 2.38887027e-04
2.26851063e-01 -3.02452151e-04 2.38507424e-04
2.27208083e-01 2.91178826e-04 2.36764551e-04
2.27565100e-01 -1.40836832e-04 2.31775117e-04
2.27922114e-01 -1.61178283e-05 2.35984070e-04
2.28279123e-01 2.30310092e-04 2.35694076e-04
2.28636129e-01 2.38340168e-04 2.32139597e-04
2.28993131e-01 6.58937194e-05 2.31481489e-04
2.29350129e-01 3.30543339e-05 2.37243864e-04
2.29707124e-01 3.12745526e-04 2.39655252e-04
2.30064115e-01 -1.49263886e-04 2.31922134e-04
2.30421102e-01 4.54242321e-05 2.33506163e-04
2.30778085e-01 1.00499055e-04 2.32206810e-04
2.31135064e-01 3.61688672e-04 2.33514722e-04
2.31492040e-01 3.74546286e-04 2.31499837e-04
2.31849012e-01 8.13762707e-05 2.26716190e-04
2.32205980e-01 -2.74641762e-04 2.28319943e-04
2.32562944e-01 4.08467355e-05 2.31576074e-04
2.32919905e-01 -9.33779667e-05 2.29213095e-04
2.33276862e-01 -1.70974927e-05 2.34476982e-04
2.33633814e-01 -5.35980198e-05 2.29852733e-04
2.33990763e-01 3.88629839e-04 2.26600248e-04
2.34347709e-01 5.00159707e-04 2.31519912e-04
2.34704650e-01 3.00732122e-04 2.28239321e-04
2.35061588e-01 3.49344050e-04 2.27930353e-04
2.35418521e-01 -8.82705188e-05 2.29924779e-04
2.35775451e-01 1.08665377e-04 2.27316007e-04
2.36132377e-01 -1.35991247e-04 2.29411666e-04
2.36489299e-01 1.03148289e-04 2.26048132e-04
2.36846218e-01 4.38268540e-05 2.26290039e-04
2.37203132e-01 -4.61745054e-05 2.26434540e-04
2.37560042e-01 3.61531893e-05 2.29986500e-04
2.37916949e-01 -2.02496032e-04 2.24209947e-04
2.38273852e-01 7.75017244e-05 2.27139512e-04
2.38630751e-01 9.66960795e-05 2.24243964e-04
2.38987645e-01 2.84300579e-04 2.29025893e-04
2.39344537e-01 4.71426689e-05 2.23704682e-04
2.39701424e-01 -1.30698956e-04 2.24086226e-04
2.40058307e-01 1.15244543e-04 2.20216156e-04
2.40415186e-01 -6.17158179e-05 2.27419881e-04
2.40772061e-01 -8.71348933e-05 2.25426187e-04
2.41128933e-01 -7.65097406e-05 2.25733174e-04
2.41485800e-01 1.52588150e-05 2.26172304e-04
2.41842664e-01 1.51561218e-04 2.23271807e-04
2.42199523e-01 -4.84996814e-05 2.24383086e-04
2.42556379e-01 9.74890992e-05 2.26130761e-04
2.42913230e-01 9.96366260e-05 2.20876326e-04
2.43270078e-01 -2.27714857e-04 2.21236364e-04
2.43626922e-01 3.12284095e-04 2.21983756e-04
2.43983761e-01 -3.04564943e-04 2.20527042e-04
2.44340597e-01 2.62945354e-04 2.18655514e-04
2.44697429e-01 2.74882206e-04 2.18522156e-04
2.45054256e-01 -3.82586266e-05 2.16644304e-04
2.45411080e-01 -1.29788700e-05 2.14920832e-04
2.45767900e-01 5.19899056e-04 2.16556621e-04
2.46124715e-01 3.60874285e-05 2.18568170e-04
2.46481527e-01 5.04442415e-04 2.17909735e-04
2.46838334e-01 2.37070855e-04 2.14650937e-04
2.47195138e-01 9.98807261e-06 2.19967287e-04
2.47551938e-01 -2.01050625e-04 2.15140674e-04
2.47908733e-01 -9.03899922e-05 2.17740535e-04
2.48265524e-01 2.05370073e-04 2.16959469e-04
2.48622312e-01 4.90102985e-04 2.17395894e-04
2.48979095e-01 8.05495657e-05 2.19780111e-04
2.49335874e-01 -1.44573881e-04 2.11083154e-04
2.49692649e-01 -1.63442882e-04 2.17034346e-04
2.50049420e-01 1.89709865e-04 2.18806849e-04
2.50406187e-01 -1.78054619e-04 2.13126474e-04
2.50762950e-01 4.27579380e-04 2.15397893e-04
2.51119709e-01 -3.54697936e-04 2.09960360e-04
2.51476464e-01 -2.17042662e-04 2.13138283e-04
2.51833214e-01 -4.93894420e-05 2.16191027e-04
2.52189961e-01 -4.34363548e-05 2.18958451e-04
2.52546703e-01 -7.24099186e-05 2.13427841e-04
2.52903441e-01 1.26550517e-04 2.13977662e-04
2.53260175e-01 4.29581056e-04 2.13593665e-04
2.53616905e-01 1.68369956e-04 2.14882362e-04
2.53973631e-01 8.61466889e-05 2.15609180e-04
2.54330352e-01 3.51032690e-04 2.14512257e-04
2.54687070e-01 -3.82198920e-04 2.11154335e-04
2.55043783e-01 -7.69042391e-05 2.13105225e-04
2.55400492e-01 -1.41403248e-04 2.09714151e-04
2.55757197e-01 1.75805843e-04 2.10829246e-04
2.56113898e-01 2.40250012e-04 2.12560593e-04
2.56470595e-01 2.16120097e-04 2.10591747e-04
2.56827287e-01 4.46350501e-04 2.09517894e-04
2.57183975e-01 7.77469988e-05 2.13637492e-04
2.57540659e-01 -3.27806076e-05 2.15851127e-04
2.57897339e-01 -3.68749409e-05 2.10452522e-04
2.58254014e-01 2.49615065e-04 2.15966415e-04
2.58610686e-01 1.71993726e-04 2.12968079e-04
2.58967353e-01 2.55530147e-04 2.17649529e-04
2.59324016e-01 -6.97732346e-05 2.12418287e-04
2.59680674e-01 1.05730644e-04 2.17134770e-04
2.60037329e-01 9.55768754e-05 2.14099538e-04
2.60393979e-01 2.81307257e-04 2.15293123e-04
2.60750625e-01 -4.19082664e-04 2.17597064e-04
2.61107266e-01 -3.15670828e-04 2.10303413e-04
2.61463904e-01 2.19393834e-04 2.17629113e-04
2.61820537e-01 5.51136074e-05 2.17165548e-04
2.62177166e-01 1.37444180e-04 2.14972264e-04
2.62533790e-01 2.70012699e-05 2.16113070e-04
2.62890410e-01 -4.49872019e-05 2.13279274e-04
2.63247026e-01 5.02585051e-05 2.11801215e-04
2.63603638e-01 -3.21801589e-05 2.17664276e-04
2.63960245e-01 -1.10869157e-05 2.13791042e-04
2.64316848e-01 1.82412924e-04 2.16607482e-04
2.64673447e-01 1.45211845e-04 2.13291397e-04
2.65030042e-01 -1.55676334e-04 2.10888266e-04
2.65386632e-01 -1.08289462e-04 2.16455355e-04
2.65743217e-01 -2.63251370e-04 2.13248636e-04
2.66099799e-01 2.07864673e-04 2.12733831e-04
2.66456376e-01 -1.03518709e-04 2.13048839e-04
2.66812948e-01 4.58891276e-05 2.17485267e-04
2.67169517e-01 2.87692582e-04 2.16662248e-04
2.67526081e-01 1.76622592e-04 2.16345996e-04
2.67882640e-01 -1.18703024e-04 2.22179493e-04
2.68239195e-01 -2.16472842e-05 2.15563896e-04
2.68595746e-01 1.03965166e-04 2.13616459e-04
2.68952293e-01 -7.36786770e-05 2.12462534e-04
2.69308835e-01 6.48192063e-05 2.20454006e-04
2.69665372e-01 5.42445477e-04 2.23429331e-04
2.70021906e-01 3.95082799e-04 2.20624365e-04
2.70378435e-01 3.00999507e-04 2.22557494e-04
2.70734959e-01 6.53709022e-07 2.25437644e-04
2.71091479e-01 4.76048782e-05 2.23966839e-04
2.71447995e-01 -1.02409322e-04 2.22339049e-04
2.71804506e-01 1.61425108e-04 2.22976582e-04
2.72161012e-01 -3.87938546e-04 2.22675272e-04
2.72517515e-01 -2.61929534e-04 2.23118659e-04
2.72874012e-01 2.58703715e-04 2.26667657e-04
