1.54026655e-02 1.03637639e-03 1.72027996e-03
1.57608633e-02 2.05540315e-03 1.57268070e-03
1.61190608e-02 2.15140067e-03 1.60270781e-03
1.64772580e-02 -1.03952924e-03 1.38876893e-03
1.68354550e-02 2.42403014e-04 1.34764407e-03
1.71936517e-02 3.55557324e-03 1.40906114e-03
1.75518481e-02 2.91442047e-04 1.36270032e-03
1.79100442e-02 1.06339129e-03 1.30893414e-03
1.82682400e-02 8.02179730e-05 1.33230331e-03
1.86264355e-02 2.03585358e-03 1.24524956e-03
1.89846308e-02 7.57569797e-04 1.13858016e-03
1.93428257e-02 2.38258038e-03 1.16610794e-03
1.97010202e-02 1.98418891e-03 1.16182739e-03
2.00592145e-02 1.17759638e-03 1.10405998e-03
2.04174084e-02 -5.57117181e-04 1.04922699e-03
2.07756020e-02 4.30998651e-04 1.06252999e-03
2.11337953e-02 1.76477094e-03 1.07948538e-03
2.14919882e-02 1.13544322e-03 1.08260789e-03
2.18501808e-02 2.51421808e-03 1.02267079e-03
2.22083729e-02 2.25577014e-03 9.97888057e-04
2.25665648e-02 -3.83042252e-04 9.46515742e-04
2.29247562e-02 3.74753667e-05 9.60114535e-04
2.32829473e-02 2.72136968e-04 9.45753068e-04
2.36411380e-02 1.35666046e-03 9.58729443e-04
2.39993283e-02 5.20758709e-04 9.00611848e-04
2.43575182e-02 2.79739867e-04 9.20294128e-04
2.47157077e-02 2.08770398e-03 8.70735940e-04
2.50738968e-02 -2.92834556e-04 8.83779648e-04
2.54320855e-02 7.06762515e-04 8.52846289e-04
2.57902738e-02 9.67447946e-05 8.89182861e-04
2.61484617e-02 1.45148437e-03 8.95422720e-04
2.65066491e-02 1.13984774e-03 8.29465138e-04
2.68648361e-02 1.43340760e-04 8.55876944e-04
2.72230226e-02 1.24139582e-03 8.21919906e-04
2.75812087e-02 -1.74508310e-04 8.06454631e-04
2.79393943e-02 1.46457999e-03 8.25265214e-04
2.82975795e-02 1.79206964e-03 8.00091754e-04
2.86557642e-02 2.15436120e-03 8.73314095e-04
2.90139485e-02 1.09535074e-03 8.24261802e-04
2.93721323e-02 1.53798613e-03 8.17543841e-04
2.97303155e-02 1.67114709e-03 8.39980237e-04
3.00884983e-02 1.35135190e-04 8.10083512e-04
3.04466806e-02 -4.68484767e-05 8.56393982e-04
3.08048624e-02 1.36734239e-03 8.05683933e-04
3.11630437e-02 1.48729016e-03 8.34333607e-04
3.15212245e-02 8.78461260e-04 7.90942820e-04
3.18794048e-02 1.02498859e-03 7.83700103e-04
3.22375845e-02 1.88393396e-03 7.75867536e-04
3.25957637e-02 1.37713903e-03 7.88292873e-04
3.29539424e-02 7.13918026e-04 8.03611819e-04
3.33121205e-02 7.25677577e-04 7.99249208e-04
3.36702981e-02 7.21290270e-04 8.10768838e-04
3.40284751e-02 -7.87311914e-05 7.82079151e-04
3.43866516e-02 1.01882406e-03 7.65500101e-04
3.47448275e-02 4.41065469e-04 7.70614137e-04
3.51030028e-02 1.94726820e-03 7.21104578e-04
3.54611775e-02 5.73494099e-04 6.96586101e-04
3.58193517e-02 4.35541708e-04 6.98059798e-04
3.61775253e-02 8.11570463e-04 7.20385158e-04
3.65356983e-02 1.68073309e-03 6.82376249e-04
3.68938706e-02 6.50432763e-04 7.13620308e-04
3.72520424e-02 1.17930752e-03 7.12487080e-04
3.76102136e-02 8.48358886e-04 6.88838878e-04
3.79683841e-02 1.00677101e-03 6.97058657e-04
3.83265540e-02 -4.26879190e-04 7.02188318e-04
3.86847233e-02 6.49100330e-04 7.05415880e-04
3.90428920e-02 4.81831118e-05 6.42235124e-04
3.94010600e-02 1.06222021e-03 6.77564123e-04
3.97592273e-02 9.55749160e-04 7.03523394e-04
4.01173941e-02 8.24261502e-04 6.80141338e-04
4.04755601e-02 1.36271088e-03 6.63305491e-04
4.08337255e-02 -2.56109096e-04 6.36985703e-04
4.11918902e-02 7.37354658e-04 6.63118501e-04
4.15500542e-02 1.21089663e-03 6.54449985e-04
4.19082176e-02 1.42646680e-04 6.85313936e-04
4.22663802e-02 5.15578065e-04 6.52387506e-04
4.26245422e-02 8.13494469e-04 6.70828298e-04
4.29827034e-02 1.40294026e-03 6.42861025e-04
4.33408640e-02 -4.93463053e-04 6.62363419e-04
4.36990238e-02 1.27872199e-03 6.69424512e-04
4.40571830e-02 -5.53434415e-06 6.32083583e-04
4.44153414e-02 8.72089556e-04 6.56098366e-04
4.47734990e-02 9.49438801e-04 6.68997944e-04
4.51316560e-02 -3.50269687e-04 6.64609115e-04
4.54898122e-02 1.20830825e-03 6.69816010e-04
4.58479676e-02 5.59268532e-04 6.62565699e-04
4.62061223e-02 -1.62818842e-04 6.64154571e-04
4.65642762e-02 1.85639407e-03 6.78252460e-04
4.69224294e-02 1.08643947e-03 6.29788535e-04
4.72805818e-02 2.92364847e-04 6.78410167e-04
4.76387334e-02 1.21090181e-03 6.55182543e-04
4.79968842e-02 6.11097150e-04 6.19003068e-04
4.83550342e-02 5.80587891e-04 6.48260492e-04
4.87131835e-02 2.95971825e-04 6.19331548e-04
4.90713319e-02 2.63262404e-06 6.34219825e-04
4.94294795e-02 6.71125159e-04 6.18819975e-04
4.97876264e-02 1.02523388e-03 5.96121161e-04
5.01457724e-02 -1.95778287e-04 6.34843225e-04
5.05039175e-02 4.96977079e-04 5.94197774e-04
5.08620619e-02 4.12753429e-04 6.10037926e-04
5.12202054e-02 1.05312330e-03 6.05057132e-04
5.15783481e-02 -3.75946652e-05 5.91848130e-04
5.19364899e-02 -2.51347551e-04 5.71457426e-04
5.22946308e-02 6.02651625e-04 5.77646095e-04
5.26527709e-02 7.39787767e-04 5.86555052e-04
5.30109102e-02 3.59073015e-04 5.63003916e-04
5.33690485e-02 -3.52230925e-04 5.59101643e-04
5.37271860e-02 -5.38000155e-04 5.67422462e-04
5.40853226e-02 2.37702704e-04 5.60009942e-04
5.44434583e-02 6.04198747e-04 5.65960086e-04
5.48015932e-02 6.05121482e-04 5.44890657e-04
5.51597271e-02 6.97835091e-04 5.42343415e-04
5.55178601e-02 5.32144867e-04 5.65259097e-04
5.58759922e-02 1.41097165e-03 5.75940651e-04
5.62341234e-02 1.27648133e-03 5.68154819e-04
5.65922536e-02 1.05810587e-03 5.67657290e-04
5.69503829e-02 9.72362576e-04 5.53129919e-04
5.73085113e-02 6.00344807e-05 5.67506973e-04
5.76666388e-02 2.04012368e-04 5.48738912e-04
5.80247653e-02 3.74740964e-04 5.28273227e-04
5.83828908e-02 -6.41655918e-04 5.34734304e-04
5.87410154e-02 2.18826832e-04 5.48766328e-04
5.90991390e-02 1.92778720e-04 5.22877247e-04
5.94572616e-02 6.90893737e-04 5.19789250e-04
5.98153833e-02 9.83966176e-04 5.27785532e-04
6.01735040e-02 6.39462573e-04 5.27899909e-04
6.05316237e-02 -1.81679985e-04 5.22372394e-04
6.08897424e-02 5.64847726e-04 5.35106588e-04
6.12478600e-02 -9.39223089e-05 5.23971262e-04
6.16059767e-02 1.86289423e-04 5.36766798e-04
6.19640924e-02 2.21028176e-04 5.05655401e-04
6.23222071e-02 -6.28558748e-04 5.18520298e-04
6.26803207e-02 -6.08978177e-04 5.24374935e-04
6.30384333e-02 -1.66666936e-04 5.00181004e-04
6.33965448e-02 -2.65056787e-04 4.97108953e-04
6.37546554e-02 4.69177531e-04 5.08922457e-04
6.41127648e-02 7.13954882e-04 5.15785873e-04
6.44708732e-02 -1.13176258e-04 5.00971896e-04
6.48289806e-02 2.23080392e-04 5.19156476e-04
6.51870869e-02 8.16019516e-05 5.13032605e-04
6.55451921e-02 3.30985052e-04 4.99029993e-04
6.59032962e-02 1.20577539e-03 5.01100547e-04
6.62613993e-02 5.17999451e-04 5.07296365e-04
6.66195012e-02 -1.09978041e-04 5.09260335e-04
6.69776021e-02 6.82426579e-06 4.88324828e-04
6.73357019e-02 6.23519279e-04 5.00911548e-04
6.76938005e-02 -4.14484178e-04 4.88499635e-04
6.80518981e-02 -3.75414705e-04 4.76799117e-04
6.84099945e-02 -6.39321475e-04 4.77155906e-04
6.87680898e-02 -3.65334923e-05 4.81497515e-04
6.91261840e-02 -2.78474713e-04 4.71847541e-04
6.94842770e-02 4.84441682e-04 4.61367028e-04
6.98423689e-02 -1.34364177e-04 4.64093698e-04
7.02004596e-02 -2.77471682e-04 4.51928493e-04
7.05585492e-02 -2.74310049e-04 4.67409035e-04
7.09166377e-02 2.77876106e-04 4.84185672e-04
7.12747249e-02 -3.91831671e-04 4.76497401e-04
7.16328110e-02 1.76562952e-05 4.71515709e-04
7.19908959e-02 -4.74338238e-04 4.76228240e-04
7.23489796e-02 6.10284965e-05 4.68222353e-04
7.27070622e-02 -5.12647271e-04 4.68631580e-04
7.30651435e-02 -2.87419999e-04 4.71764267e-04
7.34232237e-02 -6.61518602e-04 4.65828804e-04
7.37813026e-02 3.67287152e-05 4.77218553e-04
7.41393803e-02 -1.00929957e-04 4.56183604e-04
7.44974568e-02 3.66203880e-04 4.74957832e-04
7.48555321e-02 8.59506075e-04 4.75057928e-04
7.52136061e-02 -3.40458118e-04 4.49607851e-04
7.55716789e-02 2.09542125e-04 4.64274091e-04
7.59297505e-02 5.57498296e-04 4.69459020e-04
7.62878208e-02 2.48867697e-04 4.53556370e-04
7.66458899e-02 3.25676582e-04 4.52244688e-04
7.70039577e-02 4.18095127e-04 4.57802455e-04
7.73620242e-02 -4.38270067e-05 4.52847832e-04
7.77200895e-02 -2.96555347e-04 4.41206271e-04
7.80781535e-02 -2.06051189e-04 4.55427852e-04
7.84362162e-02 -6.55272040e-04 4.57557380e-04
7.87942776e-02 -8.32532147e-05 4.47526318e-04
7.91523377e-02 -6.67935997e-04 4.52883129e-04
7.95103965e-02 5.71267217e-04 4.29939082e-04
7.98684540e-02 3.25157535e-04 4.37062505e-04
8.02265102e-02 -6.15926393e-04 4.46853168e-04
8.05845651e-02 -2.11537741e-04 4.41818373e-04
8.09426186e-02 3.15332141e-04 4.46197119e-04
8.13006709e-02 -1.05516719e-04 4.40945158e-04
8.16587217e-02 -1.42602309e-04 4.36550098e-04
8.20167713e-02 -2.97315385e-04 4.46329996e-04
8.23748195e-02 3.41375157e-06 4.29393605e-04
8.27328663e-02 1.95678743e-04 4.30121376e-04
8.30909118e-02 2.86039408e-04 4.38802775e-04
8.34489559e-02 -7.74145227e-05 4.32507180e-04
8.38069986e-02 4.95934648e-04 4.41740509e-04
8.41650400e-02 -3.67026444e-04 4.26554419e-04
8.45230800e-02 -2.38283946e-04 4.33391508e-04
8.48811185e-02 2.33342223e-04 4.41279156e-04
8.52391557e-02 -8.10882203e-04 4.34266339e-04
8.55971915e-02 -3.75741143e-04 4.48051532e-04
8.59552259e-02 -1.27035625e-04 4.37672337e-04
8.63132589e-02 1.16909899e-04 4.37168394e-04
8.66712904e-02 1.18981277e-04 4.30977143e-04
8.70293205e-02 -3.75956366e-04 4.32374160e-04
8.73873492e-02 -5.67027423e-04 4.34877707e-04
8.77453765e-02 6.00945387e-04 4.44929117e-04
8.81034023e-02 -6.20573281e-04 4.41039828e-04
8.84614267e-02 9.38066211e-04 4.20127637e-04
8.88194496e-02 2.29045324e-04 4.30977209e-04
8.91774710e-02 -1.40427035e-03 4.40287291e-04
8.95354910e-02 -2.47817115e-04 4.12264994e-04
8.98935095e-02 5.47615815e-04 4.39411911e-04
9.02515266e-02 -3.98174899e-04 4.31470998e-04
9.06095421e-02 3.07416022e-04 4.24168939e-04
9.09675562e-02 -2.93293373e-04 4.26104363e-04
9.13255687e-02 -6.47735298e-04 4.20786315e-04
9.16835798e-02 8.33275907e-05 4.28408046e-04
9.20415894e-02 -3.09346989e-05 4.19039495e-04
9.23995974e-02 -6.55897766e-04 4.26029289e-04
9.27576039e-02 -4.48825054e-04 4.16295544e-04
9.31156089e-02 3.09353306e-04 4.14309544e-04
9.34736124e-02 -5.13013971e-05 4.18270672e-04
9.38316143e-02 1.25843329e-04 4.16486684e-04
9.41896147e-02 -2.04282027e-04 4.04769822e-04
9.45476136e-02 2.42383341e-04 4.22643506e-04
9.49056108e-02 3.48381242e-05 4.14722968e-04
9.52636066e-02 -5.68676148e-04 4.00104541e-04
9.56216007e-02 -9.49572477e-04 4.07305129e-04
9.59795933e-02 -1.23031891e-03 4.12346783e-04
9.63375843e-02 4.75809132e-04 4.16454157e-04
9.66955738e-02 1.87687707e-04 4.02678967e-04
9.70535616e-02 3.09478686e-04 4.14773692e-04
9.74115478e-02 -7.63554129e-04 3.97408346e-04
9.77695325e-02 -6.96821923e-04 4.00465951e-04
9.81275155e-02 3.03699400e-05 4.05297969e-04
9.84854969e-02 -2.59500967e-04 3.96200347e-04
9.88434768e-02 -7.53537256e-05 3.97837575e-04
9.92014549e-02 -1.06560994e-03 4.02732093e-04
9.95594315e-02 2.69201669e-04 4.09224696e-04
9.99174064e-02 -5.17321023e-04 3.92344564e-04
1.00275380e-01 2.04994346e-05 3.99025692e-04
1.00633351e-01 2.57268265e-04 3.97825849e-04
1.00991321e-01 -1.06492026e-04 3.97673657e-04
1.01349290e-01 -3.35966054e-04 3.94215185e-04
1.01707256e-01 -8.07226521e-05 3.89032388e-04
1.02065221e-01 -6.70319001e-04 3.87092242e-04
1.02423184e-01 4.84314493e-04 3.99268745e-04
1.02781146e-01 8.24832819e-05 3.87333894e-04
1.03139106e-01 -8.97145327e-04 3.94269960e-04
1.03497064e-01 -3.28241164e-04 3.89452981e-04
1.03855021e-01 1.61689337e-04 3.94328437e-04
1.04212976e-01 -5.08087153e-04 3.82913582e-04
1.04570929e-01 -5.51618729e-04 3.84355929e-04
1.04928880e-01 1.90147762e-04 3.96855683e-04
1.05286830e-01 -9.40140676e-05 3.92532668e-04
1.05644778e-01 1.65028070e-04 3.99410660e-04
1.06002724e-01 -4.18000867e-05 3.92133578e-04
1.06360668e-01 4.26302267e-04 3.96359410e-04
1.06718611e-01 8.21317944e-05 4.01635065e-04
1.07076552e-01 -9.46856697e-06 3.96124934e-04
1.07434491e-01 -2.58981007e-04 3.87712138e-04
1.07792429e-01 2.49015058e-04 3.91204207e-04
1.08150364e-01 2.76465377e-04 3.96436369e-04
1.08508298e-01 -1.87003017e-04 3.94369141e-04
1.08866230e-01 -8.70416351e-04 3.84633406e-04
1.09224160e-01 2.46863929e-04 4.08863533e-04
1.09582089e-01 -2.92223637e-04 3.98503587e-04
1.09940016e-01 -4.31810097e-04 3.89116405e-04
1.10297941e-01 -3.04954837e-04 3.98551163e-04
1.10655864e-01 6.02780958e-04 3.98874681e-04
1.11013785e-01 -1.34903511e-04 3.95325622e-04
1.11371704e-01 -4.22235742e-07 3.82622219e-04
1.11729622e-01 -5.49592197e-04 3.96793293e-04
1.12087538e-01 1.16900914e-04 3.84569336e-04
1.12445452e-01 3.01299668e-04 3.78424098e-04
1.12803364e-01 -1.52339881e-04 3.74021124e-04
1.13161274e-01 -8.15519587e-04 3.74569247e-04
1.13519182e-01 -5.01835755e-04 3.75403438e-04
1.13877089e-01 8.39779112e-05 3.76883359e-04
1.14234994e-01 -5.05678342e-05 3.78065370e-04
1.14592896e-01 -1.46923165e-04 3.69693501e-04
1.14950797e-01 -3.04631469e-04 3.80389942e-04
1.15308696e-01 1.26524832e-04 3.77061968e-04
1.15666593e-01 3.26736151e-04 3.67102832e-04
1.16024488e-01 3.70256707e-04 3.69003476e-04
1.16382382e-01 1.12349115e-04 3.69953936e-04
1.16740273e-01 -4.18532067e-04 3.77481666e-04
1.17098163e-01 -2.62797085e-04 3.62636605e-04
1.17456050e-01 -1.14534140e-04 3.71300507e-04
1.17813936e-01 6.27693154e-06 3.60253506e-04
1.18171819e-01 -3.59362600e-04 3.64149187e-04
1.18529701e-01 1.31706336e-04 3.74880579e-04
1.18887581e-01 -1.41059311e-04 3.66683676e-04
1.19245459e-01 -3.08263621e-04 3.74196091e-04
1.19603335e-01 -3.96005167e-04 3.83780388e-04
1.19961208e-01 -4.82430865e-04 3.73462267e-04
1.20319080e-01 2.96693781e-04 3.74509558e-04
1.20676950e-01 -1.50048055e-04 3.76095184e-04
1.21034818e-01 -4.57904024e-04 3.71788082e-04
1.21392684e-01 -7.29307420e-04 3.73416931e-04
1.21750548e-01 1.50941608e-04 3.78585585e-04
1.22108410e-01 -4.33837501e-04 3.71200857e-04
1.22466270e-01 -1.43060981e-04 3.76131429e-04
1.22824128e-01 -5.73329139e-05 3.67847460e-04
1.23181984e-01 9.65456928e-06 3.68368785e-04
1.23539838e-01 1.99842717e-04 3.73300223e-04
1.23897690e-01 4.95669442e-04 3.77088641e-04
1.24255540e-01 2.28499933e-04 3.75569389e-04
1.24613388e-01 2.43126989e-04 3.64871150e-04
1.24971233e-01 8.94515273e-04 3.58342606e-04
1.25329077e-01 2.32845787e-04 3.62037447e-04
1.25686919e-01 -2.03618595e-04 3.61912451e-04
1.26044758e-01 -3.22620862e-04 3.56287878e-04
1.26402596e-01 -4.52392273e-04 3.59165363e-04
1.26760431e-01 3.69677823e-04 3.56255673e-04
1.27118265e-01 -7.18354942e-04 3.52313704e-04
1.27476096e-01 -9.47024435e-05 3.56816949e-04
1.27833925e-01 -1.78471710e-04 3.54760665e-04
1.28191752e-01 6.52273556e-04 3.62143964e-04
1.28549577e-01 7.91391720e-05 3.54655108e-04
1.28907400e-01 -3.25962231e-04 3.44232482e-04
1.29265221e-01 -7.71968771e-05 3.53057184e-04
1.29623040e-01 -4.00426510e-04 3.49242703e-04
1.29980856e-01 -6.66065621e-04 3.48977495e-04
1.30338670e-01 2.28697272e-05 3.54200849e-04
1.30696483e-01 -3.96964082e-04 3.47125262e-04
1.31054293e-01 6.35181459e-05 3.52522152e-04
1.31412101e-01 -6.16129977e-04 3.46500549e-04
1.31769906e-01 -6.59102451e-04 3.42616565e-04
1.32127710e-01 -5.92178444e-05 3.45072475e-04
1.32485511e-01 4.70930941e-04 3.49210695e-04
1.32843311e-01 -5.96152607e-04 3.40679779e-04
1.33201108e-01 5.70441901e-04 3.38872675e-04
1.33558903e-01 8.09183690e-04 3.44824896e-04
1.33916695e-01 2.86448656e-04 3.42257746e-04
1.34274486e-01 2.03164546e-04 3.45087919e-04
1.34632274e-01 8.07388793e-05 3.35164331e-04
1.34990060e-01 -4.89819736e-04 3.36020002e-04
1.35347844e-01 5.69941385e-05 3.38887646e-04
1.35705626e-01 1.82867107e-04 3.42841495e-04
1.36063405e-01 6.73984772e-04 3.44515892e-04
1.36421182e-01 -3.34371525e-04 3.26837633e-04
1.36778957e-01 -6.13225801e-04 3.36917788e-04
1.37136730e-01 -3.65314007e-04 3.25728312e-04
1.37494500e-01 -2.89179308e-04 3.44816833e-04
1.37852269e-01 -1.05609159e-04 3.28004694e-04
1.38210034e-01 -1.90748516e-04 3.28313178e-04
1.38567798e-01 2.49297123e-04 3.34879705e-04
1.38925559e-01 -1.35874604e-04 3.41027775e-04
1.39283319e-01 -2.41107628e-04 3.40227345e-04
1.39641075e-01 -3.73853146e-04 3.23672123e-04
1.39998830e-01 -4.55336552e-06 3.36076023e-04
1.40356582e-01 4.58736865e-04 3.31415919e-04
1.40714332e-01 5.52019318e-04 3.29473475e-04
1.41072080e-01 2.38632274e-05 3.24731989e-04
1.41429825e-01 -2.63205919e-04 3.27313808e-04
1.41787568e-01 -6.10914119e-04 3.17509149e-04
1.42145308e-01 2.04814863e-04 3.35044517e-04
1.42503047e-01 -5.61952396e-05 3.37007496e-04
1.42860783e-01 -3.57283265e-04 3.24954868e-04
1.43218516e-01 -1.41569162e-04 3.20405341e-04
1.43576247e-01 5.01415281e-06 3.23386720e-04
1.43933976e-01 -5.53134682e-04 3.31264761e-04
1.44291703e-01 6.39197331e-05 3.27438862e-04
1.44649427e-01 1.82615481e-04 3.24493270e-04
1.45007149e-01 2.60885411e-05 3.21087755e-04
1.45364868e-01 -3.19813137e-04 3.20211858e-04
1.45722585e-01 6.71144307e-04 3.22661220e-04
1.46080300e-01 1.93865051e-04 3.21577781e-04
1.46438012e-01 -4.11079009e-04 3.17181466e-04
1.46795722e-01 -5.28321363e-05 3.24928961e-04
1.47153429e-01 3.61326849e-05 3.14295462e-04
1.47511134e-01 -5.70134308e-04 3.11487447e-04
1.47868837e-01 -4.54548351e-05 3.13823709e-04
1.48226537e-01 -1.32305980e-04 3.09053537e-04
1.48584235e-01 2.29228279e-04 3.12119786e-04
1.48941930e-01 -7.99962898e-06 3.15310833e-04
1.49299623e-01 -2.54531103e-04 3.08736180e-04
1.49657313e-01 2.35120646e-04 3.17307305e-04
1.50015001e-01 -1.64229592e-04 3.16041241e-04
1.50372687e-01 1.42939694e-04 3.14479599e-04
1.50730370e-01 -1.45440935e-05 3.18264455e-04
1.51088050e-01 1.07858683e-04 3.11981931e-04
1.51445728e-01 3.95882516e-04 3.13141294e-04
1.51803404e-01 1.40478889e-05 3.17960726e-04
1.52161077e-01 -3.70087800e-04 3.18543319e-04
1.52518747e-01 3.19344011e-04 3.10759907e-04
1.52876416e-01 2.16945527e-05 3.06807083e-04
1.53234081e-01 5.17460042e-05 3.11640560e-04
1.53591744e-01 9.66872393e-05 3.07572738e-04
1.53949405e-01 -5.22093221e-04 3.11488653e-04
1.54307063e-01 1.85030015e-05 3.09909478e-04
1.54664718e-01 -2.12058097e-04 3.08290675e-04
1.55022371e-01 -2.92296756e-04 3.11101846e-04
1.55380021e-01 -4.48093544e-05 3.10464629e-04
1.55737669e-01 -1.86709549e-04 3.04426309e-04
1.56095314e-01 -1.62455725e-04 3.10110319e-04
1.56452957e-01 -4.38126154e-04 3.09228465e-04
1.56810597e-01 -8.49682438e-05 3.08072159e-04
1.57168235e-01 4.73670018e-05 3.05527814e-04
1.57525870e-01 4.17976507e-04 3.10298108e-04
1.57883502e-01 3.44701067e-05 3.06117145e-04
1.58241132e-01 -2.62031073e-04 2.99822704e-04
1.58598759e-01 -6.01174585e-05 2.91378834e-04
1.58956384e-01 2.82716323e-04 3.01303177e-04
1.59314006e-01 -1.07589557e-05 2.96017968e-04
1.59671625e-01 -5.29775985e-05 3.03282853e-04
1.60029242e-01 2.60187444e-04 2.98202359e-04
1.60386856e-01 -7.11064081e-04 2.92505644e-04
1.60744468e-01 -3.35690378e-04 2.97255912e-04
1.61102076e-01 -9.70764217e-05 3.01039096e-04
1.61459683e-01 -1.93877484e-04 2.97317747e-04
1.61817286e-01 -4.84055321e-04 2.92650433e-04
1.62174887e-01 1.75944974e-04 2.97330235e-04
1.62532485e-01 1.74398456e-05 2.94281409e-04
1.62890081e-01 -3.09770421e-04 2.90128129e-04
1.63247674e-01 -3.33223195e-04 2.98927570e-04
1.63605264e-01 -4.33200631e-04 2.96403186e-04
1.63962852e-01 -2.80616863e-04 2.92252807e-04
1.64320437e-01 -6.69368517e-04 2.92766768e-04
1.64678019e-01 -9.52182164e-05 2.91311251e-04
1.65035598e-01 -7.45182814e-04 2.95175891e-04
1.65393175e-01 -9.81298862e-05 3.00345446e-04
1.65750749e-01 -5.01087414e-04 2.97307281e-04
1.66108320e-01 2.59356229e-04 3.03543731e-04
1.66465889e-01 -9.79501842e-05 2.91320386e-04
1.66823455e-01 3.37343222e-05 2.90338531e-04
1.67181018e-01 -8.07436152e-05 2.94415986e-04
1.67538578e-01 -6.30319631e-04 2.95291152e-04
1.67896136e-01 -8.59290135e-05 2.90248306e-04
1.68253691e-01 -2.82951404e-05 2.89275743e-04
1.68611243e-01 -4.32716102e-04 2.82739709e-04
1.68968792e-01 -6.71591150e-04 2.85746352e-04
1.69326339e-01 -1.92061567e-04 2.86876980e-04
1.69683883e-01 -4.42645494e-04 2.84290923e-04
1.70041424e-01 -2.98983838e-04 2.84065783e-04
1.70398962e-01 6.43640885e-04 2.87846015e-04
1.70756497e-01 1.95098917e-04 2.81358962e-04
1.71114030e-01 -5.39672186e-05 2.81727127e-04
1.71471560e-01 5.43014693e-04 2.85573640e-04
1.71829087e-01 -7.01341387e-05 2.88262561e-04
1.72186611e-01 -1.79437903e-04 2.85037624e-04
1.72544132e-01 3.34228132e-05 2.80384497e-04
1.72901651e-01 4.43513389e-05 2.84285360e-04
1.73259167e-01 -3.19606591e-04 2.83524867e-04
1.73616679e-01 1.84457534e-04 2.88676693e-04
1.73974189e-01 2.53123425e-05 2.83011147e-04
1.74331697e-01 -2.57387536e-04 2.81268803e-04
1.74689201e-01 1.56677606e-04 2.74751093e-04
1.75046702e-01 -4.46916135e-05 2.81989835e-04
1.75404201e-01 -9.31436435e-05 2.86820061e-04
1.75761697e-01 -6.53828513e-05 2.82991521e-04
1.76119189e-01 -1.77887102e-04 2.79755169e-04
1.76476679e-01 -4.67668129e-06 2.85022336e-04
1.76834166e-01 2.20317589e-05 2.86164114e-04
1.77191650e-01 -3.01381603e-04 2.80573274e-04
1.77549132e-01 -3.23811590e-04 2.78227794e-04
1.77906610e-01 -1.66879382e-05 2.76358808e-04
1.78264085e-01 7.05366584e-06 2.74713889e-04
1.78621558e-01 8.75622788e-06 2.71476492e-04
1.78979027e-01 -2.56838954e-05 2.79910782e-04
1.79336494e-01 -4.12322577e-04 2.82706381e-04
1.79693958e-01 -1.38398951e-04 2.79809130e-04
1.80051418e-01 1.03517174e-04 2.76240614e-04
1.80408876e-01 -1.50733513e-04 2.77702014e-04
1.80766331e-01 -3.87720282e-04 2.77487459e-04
1.81123783e-01 3.83173511e-04 2.85214034e-04
1.81481232e-01 5.61508649e-05 2.72288878e-04
1.81838677e-01 3.40828160e-04 2.80495566e-04
1.82196120e-01 -1.93366087e-04 2.76919802e-04
1.82553560e-01 9.02738925e-05 2.79200320e-04
1.82910997e-01 -2.99138441e-04 2.78963916e-04
1.83268431e-01 -1.11631044e-04 2.77170015e-04
1.83625862e-01 1.70458253e-04 2.87501313e-04
1.83983290e-01 -2.21598604e-04 2.81626350e-04
1.84340715e-01 4.72770262e-05 2.88006421e-04
1.84698137e-01 -5.06562932e-04 2.83226808e-04
1.85055556e-01 -3.32256980e-04 2.81780490e-04
1.85412971e-01 2.73436268e-04 2.84693522e-04
1.85770384e-01 -6.34088042e-04 2.85504616e-04
1.86127794e-01 5.02234975e-05 2.83391543e-04
1.86485200e-01 2.90019163e-04 2.80480170e-04
1.86842604e-01 1.23341666e-04 2.77821261e-04
1.87200005e-01 2.42944752e-04 2.79993975e-04
1.87557402e-01 4.09415758e-05 2.76573077e-04
1.87914797e-01 -9.29623032e-04 2.72381740e-04
1.88272188e-01 1.53226190e-04 2.75941119e-04
1.88629576e-01 8.83856722e-05 2.69129641e-04
1.88986961e-01 -3.41866153e-05 2.72225281e-04
1.89344343e-01 1.20786994e-05 2.72812337e-04
1.89701722e-01 -8.14275354e-07 2.71947898e-04
1.90059098e-01 1.81402231e-04 2.69981482e-04
1.90416471e-01 3.39321447e-04 2.69010980e-04
1.90773840e-01 5.43432239e-04 2.69286102e-04
1.91131207e-01 1.13923766e-04 2.71584583e-04
1.91488570e-01 4.37376767e-05 2.73226995e-04
1.91845930e-01 -6.46043681e-05 2.65317626e-04
1.92203287e-01 5.94174509e-05 2.72732136e-04
1.92560641e-01 7.03945204e-05 2.66708020e-04
1.92917992e-01 -2.79402615e-04 2.69712848e-04
1.93275340e-01 1.21370772e-04 2.69186760e-04
1.93632684e-01 1.09862040e-05 2.65138025e-04
1.93990025e-01 -5.03666803e-04 2.66735211e-04
1.94347363e-01 -9.81932980e-05 2.67335320e-04
1.94704698e-01 -9.94782969e-05 2.72470958e-04
1.95062030e-01 3.86590766e-04 2.77168743e-04
1.95419358e-01 2.46927867e-04 2.76344153e-04
1.95776684e-01 1.52182905e-05 2.69656712e-04
1.96134006e-01 -6.37256485e-04 2.68587937e-04
1.96491324e-01 -4.18627078e-04 2.68772765e-04
1.96848640e-01 2.05856672e-04 2.71954665e-04
1.97205953e-01 -2.50319933e-04 2.71533241e-04
1.97563262e-01 8.08190860e-05 2.69539624e-04
1.97920568e-01 1.71786872e-04 2.73318866e-04
1.98277870e-01 4.51853395e-05 2.74967937e-04
1.98635170e-01 2.43922105e-04 2.75064106e-04
1.98992466e-01 -7.84959294e-05 2.74330693e-04
1.99349759e-01 -5.34703729e-04 2.74740271e-04
1.99707049e-01 -1.08002756e-04 2.65817523e-04
2.00064335e-01 -1.06729137e-04 2.66881333e-04
2.00421618e-01 4.13708895e-04 2.64084140e-04
2.00778898e-01 -5.03910062e-05 2.60454953e-04
2.01136174e-01 -4.70585966e-05 2.62815461e-04
2.01493448e-01 1.00149169e-04 2.64183577e-04
2.01850718e-01 -2.67523692e-04 2.59820565e-04
2.02207984e-01 -1.52416512e-04 2.64661906e-04
2.02565248e-01 -4.76821299e-04 2.60877308e-04
2.02922508e-01 5.72319890e-04 2.62172651e-04
2.03279764e-01 -2.06276330e-04 2.65411290e-04
2.03637018e-01 -6.42845332e-04 2.57209266e-04
2.03994268e-01 -1.40614149e-04 2.62907399e-04
2.04351514e-01 -4.09459978e-05 2.63108282e-04
2.04708758e-01 -4.22186042e-04 2.55074982e-04
2.05065998e-01 -7.87025650e-05 2.60448547e-04
2.05423234e-01 -8.03490680e-05 2.57124450e-04
2.05780467e-01 4.08144839e-05 2.63606349e-04
2.06137697e-01 1.57810264e-04 2.54721048e-04
2.06494924e-01 1.37449845e-04 2.56990896e-04
2.06852147e-01 4.90508389e-05 2.58011771e-04
2.07209367e-01 2.00150241e-04 2.56296523e-04
2.07566583e-01 1.94205835e-04 2.59476391e-04
2.07923796e-01 -4.53483542e-05 2.53854387e-04
2.08281005e-01 -5.20642695e-05 2.58257580e-04
2.08638211e-01 -4.49749584e-04 2.55178568e-04
2.08995414e-01 -3.41575839e-04 2.55499675e-04
2.09352613e-01 -1.89460078e-04 2.53919452e-04
2.09709809e-01 -1.16968748e-05 2.48062034e-04
2.10067002e-01 5.27761868e-05 2.56362335e-04
2.10424191e-01 -2.94315971e-04 2.54578867e-04
2.10781376e-01 -2.90215179e-04 2.50311771e-04
2.11138558e-01 -2.42944869e-04 2.47004753e-04
2.11495737e-01 -1.53033955e-04 2.45904235e-04
2.11852912e-01 8.73799116e-06 2.47757685e-04
2.12210084e-01 -1.28026481e-04 2.51094600e-04
2.12567252e-01 3.90951455e-04 2.52658448e-04
2.12924416e-01 -9.09276363e-05 2.48318236e-04
2.13281578e-01 -5.35712279e-04 2.51137338e-04
2.13638735e-01 -1.82894680e-04 2.46181377e-04
2.13995890e-01 -3.05177224e-04 2.45222985e-04
2.14353040e-01 -3.25740910e-05 2.48418795e-04
2.14710188e-01 -5.46580981e-04 2.45249959e-04
2.15067331e-01 -3.76492398e-04 2.49510948e-04
2.15424471e-01 -5.13964129e-04 2.48447254e-04
2.15781608e-01 -8.96957333e-05 2.44542009e-04
2.16138741e-01 6.06935692e-05 2.43425900e-04
2.16495871e-01 2.00009898e-04 2.45862862e-04
2.16852997e-01 -3.57350170e-05 2.47266760e-04
2.17210119e-01 4.25735901e-05 2.48342623e-04
2.17567238e-01 -1.13911946e-05 2.43780300e-04
2.17924354e-01 -1.73103342e-05 2.41604124e-04
2.18281465e-01 1.00799922e-04 2.37683516e-04
2.18638574e-01 6.14747646e-05 2.46096001e-04
2.18995678e-01 -1.20695580e-04 2.41929833e-04
2.19352779e-01 -2.24061920e-04 2.42033062e-04
2.19709877e-01 -6.40291234e-05 2.48601663e-04
2.20066971e-01 -8.89652033e-05 2.42499965e-04
2.20424061e-01 4.22089186e-04 2.43322817e-04
2.20781147e-01 -9.45334260e-05 2.43161773e-04
2.21138230e-01 1.22073901e-04 2.32441823e-04
2.21495310e-01 -3.08339889e-04 2.43084041e-04
2.21852386e-01 -5.23339444e-05 2.36862111e-04
2.22209458e-01 -1.47970526e-04 2.47800603e-04
2.22566526e-01 -4.98206169e-04 2.39526434e-04
2.22923591e-01 4.67218341e-05 2.40995842e-04
2.23280652e-01 5.02709144e-05 2.36802285e-04
2.23637710e-01 4.57875331e-04 2.36677812e-04
2.23994764e-01 -1.74683531e-05 2.34987135e-04
2.24351814e-01 -3.29701651e-04 2.36776183e-04
2.24708861e-01 -3.27458420e-04 2.39055582e-04
2.25065904e-01 -2.45474409e-04 2.36191468e-04
2.25422943e-01 7.69923793e-05 2.41271113e-04
2.25779978e-01 -3.36637422e-04 2.37114521e-04
2.26137010e-01 5.08539511e-05 2.40089807e-04
2.26494038e-01 -2.34001189e-04 2.40364652e-04
2.26851063e-01 -9.48174694e-05 2.37149766e-04
2.27208083e-01 -4.09916897e-04 2.36404083e-04
2.27565100e-01 -1.37586860e-04 2.37161078e-04
2.27922114e-01 1.86975406e-04 2.36504306e-04
2.28279123e-01 -4.11027545e-04 2.34719578e-04
2.28636129e-01 -3.27504032e-04 2.38530009e-04
2.28993131e-01 -1.74130272e-04 2.36985487e-04
2.29350129e-01 -1.20624327e-04 2.34889106e-04
2.29707124e-01 2.81048643e-04 2.34060932e-04
2.30064115e-01 1.76140391e-04 2.31308334e-04
2.30421102e-01 -1.05563456e-04 2.31071223e-04
2.30778085e-01 1.10417981e-04 2.33331211e-04
2.31135064e-01 -1.40260558e-04 2.30099051e-04
2.31492040e-01 -5.10593687e-04 2.34735217e-04
2.31849012e-01 -1.15737919e-04 2.27538877e-04
2.32205980e-01 4.63250933e-04 2.31786356e-04
2.32562944e-01 -2.17516609e-04 2.30716057e-04
2.32919905e-01 -1.63831423e-04 2.32554023e-04
2.33276862e-01 -7.39674754e-05 2.33264054e-04
2.33633814e-01 -2.42492770e-04 2.27833372e-04
2.33990763e-01 -4.13711851e-04 2.29914061e-04
2.34347709e-01 2.97843006e-04 2.25402442e-04
2.34704650e-01 5.03246960e-04 2.29640087e-04
2.35061588e-01 8.17702777e-05 2.30862505e-04
2.35418521e-01 -3.58555196e-04 2.28034507e-04
2.35775451e-01 2.65241151e-05 2.27753870e-04
2.36132377e-01 -3.17369462e-04 2.27336787e-04
2.36489299e-01 -6.75035760e-05 2.23171755e-04
2.36846218e-01 4.70525307e-06 2.22907258e-04
2.37203132e-01 1.27379772e-04 2.27764445e-04
2.37560042e-01 9.16347863e-05 2.29373337e-04
2.37916949e-01 -2.65468567e-05 2.27209160e-04
2.38273852e-01 3.96542365e-05 2.24446934e-04
2.38630751e-01 -2.43422289e-04 2.20134664e-04
2.38987645e-01 -4.26977821e-04 2.22418907e-04
2.39344537e-01 9.21070006e-05 2.20859923e-04
2.39701424e-01 1.72945540e-04 2.21851101e-04
2.40058307e-01 -4.45797442e-05 2.24843323e-04
2.40415186e-01 1.26854607e-04 2.22488577e-04
2.40772061e-01 1.03663636e-04 2.22927767e-04
2.41128933e-01 1.41900353e-04 2.25732413e-04
2.41485800e-01 -1.23314927e-06 2.20170577e-04
2.41842664e-01 -3.55410799e-04 2.19745883e-04
2.42199523e-01 -4.50540458e-05 2.23989276e-04
2.42556379e-01 -2.12068807e-04 2.23781903e-04
2.42913230e-01 4.81437726e-04 2.26984612e-04
2.43270078e-01 6.82382953e-05 2.21581048e-04
2.43626922e-01 9.41949221e-05 2.20929409e-04
2.43983761e-01 -6.80988546e-05 2.15754578e-04
2.44340597e-01 5.20119363e-04 2.23918579e-04
2.44697429e-01 2.22837603e-04 2.17317954e-04
2.45054256e-01 -3.08775022e-04 2.22718815e-04
2.45411080e-01 -1.55862663e-04 2.19625455e-04
2.45767900e-01 -5.85100274e-05 2.18334160e-04
2.46124715e-01 -1.44869299e-04 2.22779194e-04
2.46481527e-01 -3.91641139e-05 2.15780342e-04
2.46838334e-01 -9.73435203e-05 2.17443023e-04
2.47195138e-01 9.22186612e-05 2.15739250e-04
2.47551938e-01 3.72393545e-04 2.17036968e-04
2.47908733e-01 -7.93033839e-05 2.14950352e-04
2.48265524e-01 1.15028465e-04 2.19663215e-04
2.48622312e-01 2.43965223e-04 2.18261447e-04
2.48979095e-01 -1.00398119e-04 2.13462480e-04
2.49335874e-01 6.96711744e-05 2.18918593e-04
2.49692649e-01 1.33338313e-05 2.18654139e-04
2.50049420e-01 -1.18512665e-04 2.16323452e-04
2.50406187e-01 -2.60584814e-04 2.13833579e-04
2.50762950e-01 -1.99128770e-04 2.14106716e-04
2.51119709e-01 3.54655662e-04 2.18802705e-04
2.51476464e-01 -3.82411882e-04 2.11454264e-04
2.51833214e-01 -3.36881839e-04 2.14032918e-04
2.52189961e-01 4.07737863e-04 2.20902841e-04
2.52546703e-01 -1.67170954e-04 2.17377730e-04
2.52903441e-01 -1.52712290e-04 2.15910066e-04
2.53260175e-01 4.70459331e-04 2.11104614e-04
2.53616905e-01 -3.03095433e-04 2.12886942e-04
2.53973631e-01 -4.15530725e-05 2.11371071e-04
2.54330352e-01 -7.30472967e-05 2.13101781e-04
2.54687070e-01 5.64126907e-05 2.10096250e-04
2.55043783e-01 -3.18027780e-04 2.11559731e-04
2.55400492e-01 -2.32345659e-04 2.09525749e-04
2.55757197e-01 7.61822156e-05 2.12356728e-04
2.56113898e-01 -4.70536828e-05 2.10999231e-04
2.56470595e-01 -9.47744483e-05 2.12682320e-04
2.56827287e-01 1.16107412e-04 2.12164170e-04
2.57183975e-01 1.85889585e-04 2.14432410e-04
2.57540659e-01 -6.14124868e-05 2.14205027e-04
2.57897339e-01 -3.70871875e-04 2.13095693e-04
2.58254014e-01 -3.13588445e-04 2.13153066e-04
2.58610686e-01 -1.69405589e-04 2.13217959e-04
2.58967353e-01 2.99829398e-04 2.12001842e-04
2.59324016e-01 -3.23220808e-04 2.14033942e-04
2.59680674e-01 -5.94278849e-05 2.14863236e-04
2.60037329e-01 1.01092540e-04 2.19498155e-04
2.60393979e-01 -1.12132839e-04 2.14783745e-04
2.60750625e-01 1.26753380e-05 2.16232100e-04
2.61107266e-01 -6.78171860e-06 2.15078638e-04
2.61463904e-01 4.02936386e-05 2.14946319e-04
2.61820537e-01 -9.85828216e-05 2.16821106e-04
2.62177166e-01 -1.14330805e-04 2.15705634e-04
2.62533790e-01 -1.45249707e-04 2.17529915e-04
2.62890410e-01 7.35224287e-05 2.18174477e-04
2.63247026e-01 -4.22108951e-04 2.15787328e-04
2.63603638e-01 1.02312523e-05 2.16578509e-04
2.63960245e-01 -3.07068764e-04 2.11900419e-04
2.64316848e-01 2.59016310e-05 2.14616695e-04
2.64673447e-01 7.91866362e-05 2.15111640e-04
2.65030042e-01 2.37447071e-04 2.12605588e-04
2.65386632e-01 -1.00107430e-04 2.12746612e-04
2.65743217e-01 -1.79422145e-04 2.16767145e-04
2.66099799e-01 -1.54842432e-04 2.13574251e-04
2.66456376e-01 -2.03619465e-04 2.13572585e-04
2.66812948e-01 -8.94987903e-05 2.10101006e-04
2.67169517e-01 -2.70136622e-04 2.11944823e-04
2.67526081e-01 2.97318562e-06 2.18232374e-04
2.67882640e-01 -2.21258553e-04 2.21059218e-04
2.68239195e-01 1.80945289e-05 2.13273730e-04
2.68595746e-01 1.69315969e-04 2.14107015e-04
2.68952293e-01 -2.66539431e-05 2.16608773e-04
2.69308835e-01 7.88747263e-05 2.18214403e-04
2.69665372e-01 4.35192745e-04 2.22820200e-04
2.70021906e-01 -1.11734168e-04 2.18347703e-04
2.70378435e-01 3.13299697e-04 2.24890251e-04
2.70734959e-01 -2.66571142e-04 2.19609624e-04
2.71091479e-01 -2.96809928e-04 2.22494511e-04
2.71447995e-01 1.62723961e-04 2.26510504e-04
2.71804506e-01 -1.92722777e-04 2.26224824e-04
2.72161012e-01 -3.87054584e-04 2.20928074e-04
2.72517515e-01 -1.84355658e-04 2.24709934e-04
2.72874012e-01 4.00933720e-05 2.26519016e-04
