1.54026655e-02 1.88157671e-02 1.71407398e-03
1.57608633e-02 1.55397027e-02 1.65414910e-03
1.61190608e-02 1.50459352e-02 1.55482325e-03
1.64772580e-02 1.63722303e-02 1.59594914e-03
1.68354550e-02 1.65197164e-02 1.55543442e-03
1.71936517e-02 1.81282998e-02 1.45605385e-03
1.75518481e-02 1.64158379e-02 1.41141242e-03
1.79100442e-02 1.76037804e-02 1.37973506e-03
1.82682400e-02 1.72199487e-02 1.39244103e-03
1.86264355e-02 1.79765630e-02 1.29679726e-03
1.89846308e-02 1.45188232e-02 1.36555296e-03
1.93428257e-02 1.75355106e-02 1.27019073e-03
1.97010202e-02 1.59330913e-02 1.18143918e-03
2.00592145e-02 1.47727664e-02 1.29030766e-03
2.04174084e-02 1.50662090e-02 1.13123836e-03
2.07756020e-02 1.59394778e-02 1.20816644e-03
2.11337953e-02 1.63743760e-02 1.13981271e-03
2.14919882e-02 1.56341001e-02 1.15764950e-03
2.18501808e-02 1.27644032e-02 1.10141472e-03
2.22083729e-02 1.48699855e-02 1.11252472e-03
2.25665648e-02 1.41323316e-02 1.10738244e-03
2.29247562e-02 1.26364130e-02 9.75847183e-04
2.32829473e-02 1.42095195e-02 9.84305558e-04
2.36411380e-02 1.43756332e-02 1.00985798e-03
2.39993283e-02 1.65802154e-02 9.70660302e-04
2.43575182e-02 1.48563896e-02 1.02248017e-03
2.47157077e-02 1.47169121e-02 9.26812340e-04
2.50738968e-02 1.57671167e-02 9.28967693e-04
2.54320855e-02 1.38162558e-02 9.64328882e-04
2.57902738e-02 1.52667159e-02 9.52414564e-04
2.61484617e-02 1.47449210e-02 9.47264983e-04
2.65066491e-02 1.35512031e-02 8.71216335e-04
2.68648361e-02 1.34065607e-02 9.09311706e-04
2.72230226e-02 1.29569210e-02 8.70763156e-04
2.75812087e-02 1.30351767e-02 8.62276684e-04
2.79393943e-02 1.24900755e-02 8.90158149e-04
2.82975795e-02 1.43658279e-02 9.05735602e-04
2.86557642e-02 1.33645257e-02 8.83946311e-04
2.90139485e-02 1.46805492e-02 8.75409735e-04
2.93721323e-02 1.39505444e-02 8.34781239e-04
2.97303155e-02 1.29604184e-02 8.76628427e-04
3.00884983e-02 1.19216555e-02 8.37009060e-04
3.04466806e-02 1.29102972e-02 8.42497476e-04
3.08048624e-02 1.26087533e-02 8.70475284e-04
3.11630437e-02 1.33945903e-02 8.65574849e-04
3.15212245e-02 1.29824363e-02 9.08641471e-04
3.18794048e-02 1.31300959e-02 8.60912805e-04
3.22375845e-02 1.14666390e-02 8.59715622e-04
3.25957637e-02 1.25869478e-02 8.23140860e-04
3.29539424e-02 1.17146514e-02 8.42429275e-04
3.33121205e-02 1.04495302e-02 7.68934686e-04
3.36702981e-02 1.10371578e-02 8.19660321e-04
3.40284751e-02 1.20598783e-02 8.51903838e-04
3.43866516e-02 1.16105933e-02 8.09717480e-04
3.47448275e-02 1.11461165e-02 8.26121531e-04
3.51030028e-02 1.12274771e-02 8.10975094e-04
3.54611775e-02 1.06620522e-02 7.81901562e-04
3.58193517e-02 1.17458396e-02 7.70315324e-04
3.61775253e-02 1.02929307e-02 7.18269130e-04
3.65356983e-02 1.29900621e-02 7.38461196e-04
3.68938706e-02 1.06003444e-02 7.54551315e-04
3.72520424e-02 1.04529389e-02 7.37417158e-04
3.76102136e-02 1.06682543e-02 7.58277956e-04
3.79683841e-02 9.45751576e-03 7.55730821e-04
3.83265540e-02 1.07815408e-02 7.61103530e-04
3.86847233e-02 1.01693146e-02 7.20081159e-04
3.90428920e-02 1.03619966e-02 7.66831843e-04
3.94010600e-02 1.01451754e-02 7.37513503e-04
3.97592273e-02 9.11538520e-03 7.64091013e-04
4.01173941e-02 9.41986323e-03 7.04155466e-04
4.04755601e-02 9.97153502e-03 7.26715960e-04
4.08337255e-02 8.97519540e-03 6.95088813e-04
4.11918902e-02 8.68070548e-03 6.75814588e-04
4.15500542e-02 8.65798790e-03 6.96119639e-04
4.19082176e-02 9.10389167e-03 6.96520283e-04
4.22663802e-02 8.67170007e-03 7.23985081e-04
4.26245422e-02 8.40753605e-03 6.83655456e-04
4.29827034e-02 8.81043202e-03 7.07356338e-04
4.33408640e-02 7.56989450e-03 7.07619151e-04
4.36990238e-02 8.02019300e-03 7.05857915e-04
4.40571830e-02 8.58102151e-03 6.77290530e-04
4.44153414e-02 7.34510912e-03 7.04754793e-04
4.47734990e-02 8.26892205e-03 7.07796447e-04
4.51316560e-02 8.31857326e-03 7.21126960e-04
4.54898122e-02 8.00840460e-03 7.00514011e-04
4.58479676e-02 6.85983468e-03 6.67630408e-04
4.62061223e-02 7.68125654e-03 6.62257823e-04
4.65642762e-02 7.02191170e-03 6.85261362e-04
4.69224294e-02 7.14746259e-03 6.93471176e-04
4.72805818e-02 7.51639658e-03 6.43518837e-04
4.76387334e-02 6.51271194e-03 6.69587411e-04
4.79968842e-02 7.45531468e-03 6.99096888e-04
4.83550342e-02 6.49210119e-03 6.53508913e-04
4.87131835e-02 8.08650275e-03 6.54479446e-04
4.90713319e-02 7.07708022e-03 6.31504030e-04
4.94294795e-02 6.05033513e-03 6.35244495e-04
4.97876264e-02 7.74762187e-03 6.22202222e-04
5.01457724e-02 5.78903171e-03 6.17558517e-04
5.05039175e-02 7.51255363e-03 6.06651102e-04
5.08620619e-02 5.13897887e-03 6.24540072e-04
5.12202054e-02 6.66287962e-03 6.15977474e-04
5.15783481e-02 6.77444772e-03 6.30143294e-04
5.19364899e-02 5.67462889e-03 6.28066204e-04
5.22946308e-02 5.27914989e-03 5.93677222e-04
5.26527709e-02 4.20839198e-03 6.22906576e-04
5.30109102e-02 5.78460032e-03 6.00029453e-04
5.33690485e-02 5.28094444e-03 6.13581607e-04
5.37271860e-02 4.97431302e-03 5.93750132e-04
5.40853226e-02 4.64274683e-03 5.60911135e-04
5.44434583e-02 5.77767116e-03 5.81352593e-04
5.48015932e-02 4.44018240e-03 5.91804013e-04
5.51597271e-02 6.14895146e-03 5.74770395e-04
5.55178601e-02 5.07333346e-03 5.77431622e-04
5.58759922e-02 3.65453092e-03 5.65816452e-04
5.62341234e-02 5.09327702e-03 5.69770440e-04
5.65922536e-02 4.93068919e-03 5.50679366e-04
5.69503829e-02 4.42321784e-03 5.63884540e-04
5.73085113e-02 3.64597050e-03 5.44289817e-04
5.76666388e-02 3.66351220e-03 5.60016681e-04
5.80247653e-02 4.13332498e-03 5.39310970e-04
5.83828908e-02 4.89762180e-03 5.54335431e-04
5.87410154e-02 3.98118806e-03 5.63057713e-04
5.90991390e-02 4.43493604e-03 5.56827634e-04
5.94572616e-02 3.90049589e-03 5.35215924e-04
5.98153833e-02 3.53619444e-03 5.33174833e-04
6.01735040e-02 4.55402425e-03 5.29493832e-04
6.05316237e-02 4.06591651e-03 5.34285092e-04
6.08897424e-02 3.64058589e-03 5.28771080e-04
6.12478600e-02 3.56633458e-03 5.32762620e-04
6.16059767e-02 3.22921905e-03 5.30082295e-04
6.19640924e-02 4.34708290e-03 5.29700497e-04
6.23222071e-02 3.31330602e-03 5.22926847e-04
6.26803207e-02 2.92491812e-03 5.25828939e-04
6.30384333e-02 4.46035513e-03 5.49434201e-04
6.33965448e-02 2.78357254e-03 5.08446001e-04
6.37546554e-02 3.74409173e-03 5.04273627e-04
6.41127648e-02 2.90868388e-03 5.13941586e-04
6.44708732e-02 3.38411629e-03 5.15044105e-04
6.48289806e-02 3.40234804e-03 5.24616921e-04
6.51870869e-02 2.99483286e-03 5.02683121e-04
6.55451921e-02 2.03341044e-03 4.91412548e-04
6.59032962e-02 2.51815384e-03 5.22633899e-04
6.62613993e-02 2.21101779e-03 5.07276481e-04
6.66195012e-02 2.56702144e-03 5.05526624e-04
6.69776021e-02 1.99743362e-03 5.14320604e-04
6.73357019e-02 2.73708104e-03 5.09621225e-04
6.76938005e-02 2.22621522e-03 5.00332889e-04
6.80518981e-02 1.70690230e-03 4.94315782e-04
6.84099945e-02 2.48835425e-03 4.83185141e-04
6.87680898e-02 2.58220513e-03 4.94360954e-04
6.91261840e-02 1.09741513e-03 4.97020950e-04
6.94842770e-02 1.51372094e-03 4.90996676e-04
6.98423689e-02 3.13609876e-03 4.88281208e-04
7.02004596e-02 2.65357067e-03 4.76945102e-04
7.05585492e-02 2.71093638e-03 4.92486375e-04
7.09166377e-02 2.36047667e-03 4.71534546e-04
7.12747249e-02 1.43329634e-03 4.89877400e-04
7.16328110e-02 1.84163900e-03 4.80146592e-04
7.19908959e-02 2.05314451e-03 4.89677815e-04
7.23489796e-02 2.43820027e-03 4.78381985e-04
7.27070622e-02 1.93799947e-03 4.86217209e-04
7.30651435e-02 2.49145777e-03 4.78781083e-04
7.34232237e-02 2.38851986e-03 4.87613076e-04
7.37813026e-02 1.76670112e-03 4.78755988e-04
7.41393803e-02 1.49900262e-03 4.64603530e-04
7.44974568e-02 1.63445713e-03 4.84956821e-04
7.48555321e-02 1.30076361e-03 4.56790148e-04
7.52136061e-02 2.26500683e-03 4.79990702e-04
7.55716789e-02 1.18875655e-03 4.59579831e-04
7.59297505e-02 2.32128425e-03 4.70387808e-04
7.62878208e-02 8.22722103e-04 4.51732538e-04
7.66458899e-02 1.29555587e-03 4.50296219e-04
7.70039577e-02 1.17001445e-03 4.58715928e-04
7.73620242e-02 1.72913253e-03 4.65809759e-04
7.77200895e-02 1.47159193e-03 4.67388771e-04
7.80781535e-02 1.05558917e-03 4.50429465e-04
7.84362162e-02 2.07789415e-03 4.69414476e-04
7.87942776e-02 1.19655049e-03 4.65176109e-04
7.91523377e-02 1.83976669e-03 4.48776814e-04
7.95103965e-02 1.18418744e-03 4.50876118e-04
7.98684540e-02 9.39655553e-04 4.51734010e-04
8.02265102e-02 1.50578693e-03 4.60544172e-04
8.05845651e-02 6.29541152e-04 4.55347617e-04
8.09426186e-02 7.41281577e-04 4.52190321e-04
8.13006709e-02 1.45642919e-03 4.62244868e-04
8.16587217e-02 1.14471399e-03 4.54715752e-04
8.20167713e-02 1.10650659e-03 4.35543360e-04
8.23748195e-02 1.27927514e-03 4.40027606e-04
8.27328663e-02 1.02931923e-03 4.31926430e-04
8.30909118e-02 1.64218083e-03 4.56685045e-04
8.34489559e-02 5.34145463e-04 4.39541673e-04
8.38069986e-02 4.81292937e-04 4.32851903e-04
8.41650400e-02 1.35007522e-03 4.22981607e-04
8.45230800e-02 1.34255565e-03 4.38576958e-04
8.48811185e-02 1.18081920e-03 4.38637258e-04
8.52391557e-02 1.11116719e-03 4.45474061e-04
8.55971915e-02 3.94304283e-04 4.35289576e-04
8.59552259e-02 1.08446428e-03 4.36188942e-04
8.63132589e-02 1.32083663e-03 4.29923797e-04
8.66712904e-02 1.29321337e-03 4.44970068e-04
8.70293205e-02 5.53290640e-04 4.33010630e-04
8.73873492e-02 9.59152246e-04 4.36971636e-04
8.77453765e-02 2.68024649e-04 4.05397744e-04
8.81034023e-02 9.50965429e-04 4.31330225e-04
8.84614267e-02 8.67768933e-04 4.28384709e-04
8.88194496e-02 1.45966803e-03 4.35702358e-04
8.91774710e-02 9.07031892e-04 4.30702854e-04
8.95354910e-02 1.03260591e-03 4.29030997e-04
8.98935095e-02 9.36683978e-04 4.32652941e-04
9.02515266e-02 9.36183278e-04 4.28652933e-04
9.06095421e-02 7.70000827e-04 4.45003721e-04
9.09675562e-02 7.26719744e-04 4.31722423e-04
9.13255687e-02 -5.27881637e-05 4.33937891e-04
9.16835798e-02 4.88721650e-04 4.31628185e-04
9.20415894e-02 9.84073049e-04 4.29838646e-04
9.23995974e-02 1.79381065e-03 4.27048704e-04
9.27576039e-02 1.04485960e-03 4.38173205e-04
9.31156089e-02 5.04445835e-04 4.15599883e-04
9.34736124e-02 8.98119503e-04 4.33542703e-04
9.38316143e-02 7.50613802e-04 4.17060080e-04
9.41896147e-02 8.57655072e-04 4.16768302e-04
9.45476136e-02 5.15593211e-04 4.03548716e-04
9.49056108e-02 7.24930771e-04 4.20362921e-04
9.52636066e-02 1.23151294e-03 4.19907217e-04
9.56216007e-02 6.93497718e-04 4.16249785e-04
9.59795933e-02 7.66693797e-06 4.11198003e-04
9.63375843e-02 5.33823552e-05 3.98523578e-04
9.66955738e-02 2.50104880e-04 3.99223314e-04
9.70535616e-02 9.89100157e-04 4.08766402e-04
9.74115478e-02 1.70351080e-04 4.12982960e-04
9.77695325e-02 2.07214129e-04 4.00475905e-04
9.81275155e-02 8.74231327e-04 3.97276336e-04
9.84854969e-02 5.26596558e-04 4.12004976e-04
9.88434768e-02 -2.46047979e-05 4.13943847e-04
9.92014549e-02 -6.48767708e-05 3.90013912e-04
9.95594315e-02 4.27813418e-04 4.03827060e-04
9.99174064e-02 1.07038639e-03 3.99529591e-04
1.00275380e-01 1.01230717e-03 3.97774451e-04
1.00633351e-01 -3.82094433e-04 4.03815903e-04
1.00991321e-01 1.01498085e-04 3.88918997e-04
1.01349290e-01 7.99908278e-04 3.83479435e-04
1.01707256e-01 7.08350778e-04 3.87415021e-04
1.02065221e-01 6.06017673e-04 3.90439278e-04
1.02423184e-01 -2.97101650e-04 3.97591244e-04
1.02781146e-01 4.03269535e-04 3.88814213e-04
1.03139106e-01 1.04009978e-03 3.99766550e-04
1.03497064e-01 3.55104172e-04 3.82808695e-04
1.03855021e-01 -1.05185944e-04 3.95152161e-04
1.04212976e-01 4.89229488e-04 3.88499237e-04
1.04570929e-01 7.52416429e-04 3.97656641e-04
1.04928880e-01 5.87768406e-05 3.89037148e-04
1.05286830e-01 2.35856365e-04 4.06290264e-04
1.05644778e-01 8.71744465e-04 4.01925167e-04
1.06002724e-01 2.49069380e-04 3.96701658e-04
1.06360668e-01 -7.84556266e-05 4.03080355e-04
1.06718611e-01 2.90112665e-04 3.86552591e-04
1.07076552e-01 4.71586663e-04 3.96655574e-04
1.07434491e-01 5.89369214e-04 4.08160711e-04
1.07792429e-01 -1.20951650e-04 4.04051395e-04
1.08150364e-01 4.55381917e-04 3.99936289e-04
1.08508298e-01 1.48567875e-04 3.93673713e-04
1.08866230e-01 2.21652706e-04 3.99227302e-04
1.09224160e-01 1.16324917e-03 4.06834991e-04
1.09582089e-01 3.52395397e-04 4.02189072e-04
1.09940016e-01 1.59158823e-04 3.90856363e-04
1.10297941e-01 5.85054448e-04 3.86932916e-04
1.10655864e-01 6.13960239e-04 3.91184483e-04
1.11013785e-01 8.36446123e-04 3.87005072e-04
1.11371704e-01 1.57532961e-04 3.86678935e-04
1.11729622e-01 2.39646554e-04 3.86742802e-04
1.12087538e-01 5.56819451e-05 3.85806986e-04
1.12445452e-01 6.09916813e-04 3.80251133e-04
1.12803364e-01 4.46347005e-04 3.78913013e-04
1.13161274e-01 2.39053334e-04 3.90631900e-04
1.13519182e-01 4.29094418e-04 3.76009251e-04
1.13877089e-01 5.32228244e-04 3.73642679e-04
1.14234994e-01 -2.18721597e-04 3.67960122e-04
1.14592896e-01 3.19177009e-04 3.75654103e-04
1.14950797e-01 5.72981074e-04 3.81428257e-04
1.15308696e-01 3.82339058e-04 3.83204923e-04
1.15666593e-01 6.17700430e-04 3.67096475e-04
1.16024488e-01 -1.97362305e-04 3.77600378e-04
1.16382382e-01 2.79151659e-04 3.68591156e-04
1.16740273e-01 4.60558827e-04 3.68251974e-04
1.17098163e-01 4.41548517e-04 3.69875837e-04
1.17456050e-01 4.29707488e-04 3.71182252e-04
1.17813936e-01 4.75923335e-04 3.70303128e-04
1.18171819e-01 -1.66191390e-05 3.64927458e-04
1.18529701e-01 6.49084599e-04 3.71557902e-04
1.18887581e-01 4.56954627e-05 3.91275793e-04
1.19245459e-01 4.43109810e-04 3.87625346e-04
1.19603335e-01 5.48936198e-04 3.78522628e-04
1.19961208e-01 6.31378259e-04 3.93166497e-04
1.20319080e-01 -3.85963556e-04 3.80720205e-04
1.20676950e-01 6.96872420e-04 3.81949834e-04
1.21034818e-01 -1.76506710e-04 3.90257039e-04
1.21392684e-01 4.47489703e-04 3.79561775e-04
1.21750548e-01 -1.09820981e-04 3.83745343e-04
1.22108410e-01 1.35410966e-04 3.80673151e-04
1.22466270e-01 1.43437812e-04 3.63607266e-04
1.22824128e-01 -1.77680897e-04 3.84265530e-04
1.23181984e-01 -1.27386322e-04 3.82758024e-04
1.23539838e-01 6.73656298e-04 3.80675034e-04
1.23897690e-01 -5.62723630e-04 3.73283265e-04
1.24255540e-01 4.82995801e-06 3.63224244e-04
1.24613388e-01 3.87377510e-04 3.79287491e-04
1.24971233e-01 2.78503023e-04 3.66660792e-04
1.25329077e-01 4.14399192e-04 3.66389209e-04
1.25686919e-01 1.63383443e-04 3.64902862e-04
1.26044758e-01 9.86550201e-05 3.58859962e-04
1.26402596e-01 5.61818170e-04 3.64896030e-04
1.26760431e-01 6.44705913e-04 3.63502782e-04
1.27118265e-01 8.05724779e-04 3.61546320e-04
1.27476096e-01 8.63592348e-04 3.58259013e-04
1.27833925e-01 -3.73661008e-04 3.54408706e-04
1.28191752e-01 6.99237350e-04 3.61455370e-04
1.28549577e-01 -6.88702449e-04 3.54138362e-04
1.28907400e-01 -2.90779956e-04 3.55105009e-04
1.29265221e-01 4.01623780e-04 3.53590523e-04
1.29623040e-01 -2.37366228e-04 3.47689251e-04
1.29980856e-01 5.83620414e-04 3.58394258e-04
1.30338670e-01 3.04841048e-04 3.55522555e-04
1.30696483e-01 1.90253927e-04 3.49108458e-04
1.31054293e-01 -2.02694705e-04 3.51671445e-04
1.31412101e-01 -3.68744159e-05 3.41000183e-04
1.31769906e-01 6.43349219e-04 3.45750807e-04
1.32127710e-01 5.39201718e-04 3.46690017e-04
1.32485511e-01 6.08485408e-04 3.41325034e-04
1.32843311e-01 7.51137532e-04 3.47335481e-04
1.33201108e-01 1.71576092e-04 3.57545207e-04
1.33558903e-01 5.52997019e-04 3.42816009e-04
1.33916695e-01 1.05519568e-05 3.48863680e-04
1.34274486e-01 -2.19076883e-04 3.42056869e-04
1.34632274e-01 1.79562256e-04 3.37471483e-04
1.34990060e-01 3.03839110e-05 3.45610600e-04
1.35347844e-01 -1.56196866e-04 3.35391629e-04
1.35705626e-01 1.83829028e-04 3.28437862e-04
1.36063405e-01 -5.57711135e-05 3.29730427e-04
1.36421182e-01 2.54416288e-04 3.40748885e-04
1.36778957e-01 2.13581786e-04 3.35628203e-04
1.37136730e-01 -1.58581693e-04 3.34192784e-04
1.37494500e-01 1.69754496e-04 3.31022991e-04
1.37852269e-01 4.89224156e-04 3.37538083e-04
1.38210034e-01 4.83183865e-04 3.34143985e-04
1.38567798e-01 -2.39389503e-04 3.32250268e-04
1.38925559e-01 -9.22075340e-05 3.30604867e-04
1.39283319e-01 2.04719832e-04 3.40521731e-04
1.39641075e-01 -2.61482497e-04 3.21059288e-04
1.39998830e-01 5.64638651e-05 3.29445897e-04
1.40356582e-01 -3.24748772e-04 3.33847546e-04
1.40714332e-01 1.07276880e-05 3.18759879e-04
1.41072080e-01 -5.02266933e-04 3.36217944e-04
1.41429825e-01 6.72749739e-04 3.32404578e-04
1.41787568e-01 3.51056144e-04 3.23472080e-04
1.42145308e-01 3.79810090e-04 3.28440440e-04
1.42503047e-01 3.23739788e-04 3.23522860e-04
1.42860783e-01 -7.72532984e-04 3.26308305e-04
1.43218516e-01 1.20040472e-04 3.27311345e-04
1.43576247e-01 -4.41797502e-04 3.19429659e-04
1.43933976e-01 -1.92406262e-04 3.23470951e-04
1.44291703e-01 5.91569288e-04 3.19095972e-04
1.44649427e-01 6.02480390e-04 3.31395792e-04
1.45007149e-01 -2.59035307e-04 3.13835767e-04
1.45364868e-01 1.33388528e-04 3.17370236e-04
1.45722585e-01 -4.38738244e-06 3.15619670e-04
1.46080300e-01 -5.38156280e-04 3.21947456e-04
1.46438012e-01 -2.39897619e-04 3.13882462e-04
1.46795722e-01 4.60607167e-04 3.18480608e-04
1.47153429e-01 6.04941061e-04 3.18762712e-04
1.47511134e-01 -2.77311594e-04 3.10582529e-04
1.47868837e-01 4.59366309e-04 3.14562309e-04
1.48226537e-01 -4.51768569e-04 3.13822565e-04
1.48584235e-01 1.07297816e-04 3.17686127e-04
1.48941930e-01 3.74987974e-04 3.16048921e-04
1.49299623e-01 5.57695604e-05 3.23644648e-04
1.49657313e-01 2.68824591e-04 3.19314570e-04
1.50015001e-01 4.98652657e-04 3.15508662e-04
1.50372687e-01 2.33211100e-04 3.16612960e-04
1.50730370e-01 -1.89621688e-04 3.16839403e-04
1.51088050e-01 2.74892970e-04 3.17913172e-04
1.51445728e-01 1.38402592e-04 3.10154652e-04
1.51803404e-01 -3.80673075e-04 3.04319927e-04
1.52161077e-01 6.87567712e-04 3.03794383e-04
1.52518747e-01 6.70400282e-04 3.13380448e-04
1.52876416e-01 2.04367613e-04 3.06870120e-04
1.53234081e-01 -2.59182216e-04 3.15087471e-04
1.53591744e-01 -1.70202790e-04 3.07054873e-04
1.53949405e-01 1.97541846e-04 3.14144377e-04
1.54307063e-01 6.86712182e-05 3.03861485e-04
1.54664718e-01 -9.39444557e-05 3.09070010e-04
1.55022371e-01 -7.93305168e-07 3.08100841e-04
1.55380021e-01 2.56828899e-04 3.04887104e-04
1.55737669e-01 6.21190478e-04 3.10776460e-04
1.56095314e-01 -1.21145797e-04 3.14011754e-04
1.56452957e-01 2.96526286e-04 3.09207594e-04
1.56810597e-01 -1.89667213e-04 3.03775365e-04
1.57168235e-01 -3.74143142e-04 3.01662027e-04
1.57525870e-01 1.29033250e-04 3.00412203e-04
1.57883502e-01 -3.03571520e-04 3.04775893e-04
1.58241132e-01 -8.27095061e-05 2.98950798e-04
1.58598759e-01 -9.62358986e-05 3.02812944e-04
1.58956384e-01 5.10702054e-04 3.07690482e-04
1.59314006e-01 1.32666546e-04 3.02253997e-04
1.59671625e-01 -2.00847728e-04 3.01596159e-04
1.60029242e-01 2.83376553e-05 3.04081304e-04
1.60386856e-01 -3.54183783e-05 3.06153129e-04
1.60744468e-01 2.31686748e-04 3.02881051e-04
1.61102076e-01 4.31274725e-05 3.01087410e-04
1.61459683e-01 -1.31665734e-04 2.94439916e-04
1.61817286e-01 3.44082872e-04 3.00602800e-04
1.62174887e-01 1.17454391e-04 2.99918796e-04
1.62532485e-01 4.43106591e-05 3.01498999e-04
1.62890081e-01 -1.81474492e-05 2.95087687e-04
1.63247674e-01 2.84237382e-04 2.94556872e-04
1.63605264e-01 1.80342429e-04 3.00288107e-04
1.63962852e-01 -2.13768454e-04 2.91105080e-04
1.64320437e-01 -3.48499640e-04 3.00232782e-04
1.64678019e-01 -2.52553089e-05 2.97091087e-04
1.65035598e-01 2.50288574e-04 2.98457736e-04
1.65393175e-01 2.40992911e-04 2.96886443e-04
1.65750749e-01 -3.51020883e-04 2.89443376e-04
1.66108320e-01 4.43025486e-04 2.90650470e-04
1.66465889e-01 1.96361182e-05 2.87777664e-04
1.66823455e-01 -9.21515139e-05 2.93311605e-04
1.67181018e-01 -3.92398292e-05 2.96227789e-04
1.67538578e-01 6.57735865e-05 2.94240530e-04
1.67896136e-01 4.50918054e-05 2.86117254e-04
1.68253691e-01 -4.94692243e-05 2.84216125e-04
1.68611243e-01 3.61431608e-04 2.98996152e-04
1.68968792e-01 3.49173943e-04 2.90768725e-04
1.69326339e-01 -8.68024383e-05 2.89587164e-04
1.69683883e-01 5.11826280e-05 2.86558620e-04
1.70041424e-01 9.78397252e-05 2.82486481e-04
1.70398962e-01 -2.30214265e-04 2.85078871e-04
1.70756497e-01 1.81941525e-04 2.94604894e-04
1.71114030e-01 -5.07734742e-04 2.77825754e-04
1.71471560e-01 -2.48278114e-04 2.88337217e-04
1.71829087e-01 -1.53032933e-04 2.90565219e-04
1.72186611e-01 -3.52465385e-04 2.88506720e-04
1.72544132e-01 -1.72384164e-05 2.90238952e-04
1.72901651e-01 2.09467525e-04 2.87393427e-04
1.73259167e-01 -7.65079378e-05 2.87325121e-04
1.73616679e-01 -6.14983506e-04 2.82942812e-04
1.73974189e-01 -1.67505282e-04 2.85852505e-04
1.74331697e-01 4.25474247e-04 2.85819836e-04
1.74689201e-01 1.56072432e-04 2.87383824e-04
1.75046702e-01 1.28159178e-04 2.78349046e-04
1.75404201e-01 3.74522859e-04 2.89121327e-04
1.75761697e-01 3.35209950e-04 2.83978593e-04
1.76119189e-01 2.78369114e-05 2.79752703e-04
1.76476679e-01 4.86403182e-04 2.77969673e-04
1.76834166e-01 5.78104337e-04 2.84800822e-04
1.77191650e-01 4.04365405e-04 2.86846339e-04
1.77549132e-01 -9.77555699e-05 2.78853594e-04
1.77906610e-01 -5.29827145e-05 2.81299654e-04
1.78264085e-01 -3.19891688e-04 2.75506637e-04
1.78621558e-01 -6.25500475e-06 2.76663955e-04
1.78979027e-01 -7.32951982e-06 2.78018707e-04
1.79336494e-01 -2.20773786e-04 2.76936054e-04
1.79693958e-01 -1.87644384e-04 2.74398590e-04
1.80051418e-01 1.30574378e-04 2.80519632e-04
1.80408876e-01 -1.49254458e-04 2.83514139e-04
1.80766331e-01 1.64632662e-04 2.76002022e-04
1.81123783e-01 -4.60988629e-04 2.81153863e-04
1.81481232e-01 5.01862506e-05 2.78308515e-04
1.81838677e-01 1.43016214e-04 2.85239835e-04
1.82196120e-01 -7.32020698e-04 2.77467868e-04
1.82553560e-01 -3.33054651e-05 2.85486318e-04
1.82910997e-01 1.32107169e-04 2.84594114e-04
1.83268431e-01 -2.60347241e-04 2.84188373e-04
1.83625862e-01 8.50521737e-05 2.82494114e-04
1.83983290e-01 -3.43874730e-04 2.78863462e-04
1.84340715e-01 4.07695921e-04 2.89216117e-04
1.84698137e-01 1.99625010e-04 2.84555302e-04
1.85055556e-01 3.48757858e-04 2.90270442e-04
1.85412971e-01 -2.21234926e-04 2.85571276e-04
1.85770384e-01 1.62284685e-04 2.88577017e-04
1.86127794e-01 -1.40819254e-04 2.82363863e-04
1.86485200e-01 -2.32114152e-04 2.78740720e-04
1.86842604e-01 -2.25891854e-04 2.75833740e-04
1.87200005e-01 8.88257827e-05 2.74591407e-04
1.87557402e-01 -8.80403586e-05 2.78175185e-04
1.87914797e-01 4.33378086e-04 2.75686478e-04
1.88272188e-01 7.69812721e-05 2.72707889e-04
1.88629576e-01 -1.56518169e-04 2.74020886e-04
1.88986961e-01 -3.07808317e-05 2.70624201e-04
1.89344343e-01 -3.46099728e-04 2.73818889e-04
1.89701722e-01 3.21730135e-04 2.73860109e-04
1.90059098e-01 7.03438573e-04 2.79469135e-04
1.90416471e-01 -1.74815969e-04 2.70423266e-04
1.90773840e-01 -5.68895403e-04 2.77821718e-04
1.91131207e-01 1.70580914e-04 2.71376920e-04
1.91488570e-01 4.88713833e-04 2.73753708e-04
1.91845930e-01 4.08558241e-04 2.70067713e-04
1.92203287e-01 4.70569335e-04 2.63559700e-04
1.92560641e-01 -9.28912766e-05 2.66268457e-04
1.92917992e-01 -6.39546056e-05 2.67161128e-04
1.93275340e-01 7.38222565e-05 2.68367611e-04
1.93632684e-01 -2.40891790e-04 2.69588642e-04
1.93990025e-01 -1.48662226e-04 2.72298784e-04
1.94347363e-01 3.40428050e-04 2.68718969e-04
1.94704698e-01 1.86602415e-04 2.71892237e-04
1.95062030e-01 1.10439409e-04 2.79841624e-04
1.95419358e-01 -9.10917738e-05 2.71967087e-04
1.95776684e-01 -1.55418142e-05 2.68371710e-04
1.96134006e-01 -7.81247636e-06 2.73316208e-04
1.96491324e-01 9.51964926e-05 2.70808646e-04
1.96848640e-01 2.85823792e-04 2.69166761e-04
1.97205953e-01 -3.23591972e-04 2.74320125e-04
1.97563262e-01 1.92033766e-04 2.72662871e-04
1.97920568e-01 5.22548965e-04 2.71013001e-04
1.98277870e-01 3.46876360e-04 2.74291672e-04
1.98635170e-01 3.20662891e-04 2.75914117e-04
1.98992466e-01 1.51061429e-04 2.71389570e-04
1.99349759e-01 -2.63212328e-04 2.73377768e-04
1.99707049e-01 8.42550887e-05 2.74957218e-04
2.00064335e-01 -1.90074438e-04 2.69104642e-04
2.00421618e-01 -1.59956292e-04 2.69400593e-04
2.00778898e-01 5.19919283e-05 2.69161487e-04
2.01136174e-01 -5.53497807e-04 2.69123934e-04
2.01493448e-01 -1.00336725e-04 2.64583879e-04
2.01850718e-01 3.74060631e-05 2.65293330e-04
2.02207984e-01 1.71024596e-04 2.58849151e-04
2.02565248e-01 3.33999483e-04 2.64759666e-04
2.02922508e-01 -7.39818581e-05 2.62564221e-04
2.03279764e-01 3.23138669e-04 2.57123867e-04
2.03637018e-01 -5.53879727e-05 2.59912557e-04
2.03994268e-01 -1.24134362e-04 2.60352517e-04
2.04351514e-01 -1.63666319e-04 2.60166670e-04
2.04708758e-01 -1.77223751e-04 2.55994352e-04
2.05065998e-01 4.98149796e-04 2.58129108e-04
2.05423234e-01 1.24907128e-04 2.59833443e-04
2.05780467e-01 -2.12536758e-04 2.56406838e-04
2.06137697e-01 8.15567945e-05 2.56220615e-04
2.06494924e-01 -2.03385561e-04 2.50472938e-04
2.06852147e-01 -2.47992109e-04 2.55755419e-04
2.07209367e-01 1.93816217e-04 2.55775159e-04
2.07566583e-01 7.10521380e-05 2.61670815e-04
2.07923796e-01 2.08755570e-04 2.54922267e-04
2.08281005e-01 4.48310317e-06 2.60429268e-04
2.08638211e-01 3.15183433e-04 2.60175924e-04
2.08995414e-01 -5.97527882e-05 2.59453937e-04
2.09352613e-01 -1.39619884e-04 2.58517788e-04
2.09709809e-01 1.55670515e-04 2.55383505e-04
2.10067002e-01 -1.30253614e-04 2.50828008e-04
2.10424191e-01 2.96072393e-04 2.53702221e-04
2.10781376e-01 3.00297905e-04 2.57432346e-04
2.11138558e-01 8.36240917e-05 2.53960542e-04
2.11495737e-01 1.85688245e-04 2.54132663e-04
2.11852912e-01 -4.32373892e-04 2.53027649e-04
2.12210084e-01 -2.44672880e-04 2.51665612e-04
2.12567252e-01 -3.35736898e-04 2.45738893e-04
2.12924416e-01 -6.07233215e-05 2.49397712e-04
2.13281578e-01 4.48011946e-04 2.52489302e-04
2.13638735e-01 1.09738240e-04 2.49858739e-04
2.13995890e-01 2.25895110e-04 2.53226138e-04
2.14353040e-01 -1.49247175e-04 2.47727842e-04
2.14710188e-01 -7.85711255e-05 2.43334743e-04
2.15067331e-01 -2.37150862e-05 2.51066839e-04
2.15424471e-01 1.65942183e-04 2.52303516e-04
2.15781608e-01 -1.98953829e-04 2.45424052e-04
2.16138741e-01 1.98444137e-04 2.43004583e-04
2.16495871e-01 5.28328783e-04 2.51207136e-04
2.16852997e-01 4.24217925e-05 2.48226672e-04
2.17210119e-01 -1.02770066e-04 2.43128144e-04
2.17567238e-01 3.80429248e-04 2.46214096e-04
2.17924354e-01 1.80013517e-06 2.45356370e-04
2.18281465e-01 3.02809241e-04 2.40916032e-04
2.18638574e-01 2.76038911e-04 2.46186859e-04
2.18995678e-01 3.33042913e-04 2.41392574e-04
2.19352779e-01 -2.45076755e-04 2.43059853e-04
2.19709877e-01 -1.49298010e-04 2.38137237e-04
2.20066971e-01 1.78189394e-04 2.41106164e-04
2.20424061e-01 4.06225731e-04 2.44861164e-04
2.20781147e-01 2.41813904e-04 2.36711925e-04
2.21138230e-01 2.39160264e-04 2.36173953e-04
2.21495310e-01 1.89030722e-04 2.39746097e-04
2.21852386e-01 3.38332523e-04 2.34558689e-04
2.22209458e-01 9.45127862e-05 2.39479424e-04
2.22566526e-01 -6.46912681e-05 2.37187641e-04
2.22923591e-01 -3.26435331e-04 2.31390656e-04
2.23280652e-01 -2.03469420e-04 2.36318266e-04
2.23637710e-01 1.45046428e-04 2.38868187e-04
2.23994764e-01 1.92357208e-04 2.39603339e-04
2.24351814e-01 2.50069166e-04 2.40785085e-04
2.24708861e-01 1.43492834e-04 2.39784987e-04
2.25065904e-01 -1.06590290e-04 2.36616957e-04
2.25422943e-01 -1.10061695e-04 2.36659413e-04
2.25779978e-01 5.18139433e-04 2.40937984e-04
2.26137010e-01 8.27651314e-05 2.34510579e-04
2.26494038e-01 2.44974907e-04 2.36521802e-04
2.26851063e-01 -2.32167660e-05 2.41180234e-04
2.27208083e-01 3.60260075e-04 2.39368976e-04
2.27565100e-01 8.78210280e-05 2.33049744e-04
2.27922114e-01 -1.97640186e-04 2.36161233e-04
2.28279123e-01 3.37524831e-04 2.39301895e-04
2.28636129e-01 -8.01598715e-05 2.34201893e-04
2.28993131e-01 1.31078107e-04 2.37283775e-04
2.29350129e-01 1.20977023e-04 2.29585404e-04
2.29707124e-01 -2.45207967e-04 2.32577467e-04
2.30064115e-01 -3.50426592e-04 2.29276644e-04
2.30421102e-01 -1.72151682e-04 2.30482288e-04
2.30778085e-01 1.01547944e-04 2.29309014e-04
2.31135064e-01 2.09655508e-04 2.34833331e-04
2.31492040e-01 4.23802494e-05 2.30518817e-04
2.31849012e-01 -1.14350851e-04 2.33218140e-04
2.32205980e-01 -8.69294948e-05 2.30403321e-04
2.32562944e-01 1.01271324e-04 2.31687355e-04
2.32919905e-01 -4.11773522e-05 2.28714203e-04
2.33276862e-01 -2.55345422e-04 2.28739982e-04
2.33633814e-01 1.00366280e-04 2.29916683e-04
2.33990763e-01 3.21326741e-04 2.32003558e-04
2.34347709e-01 5.70734220e-04 2.34819447e-04
2.34704650e-01 4.11513541e-05 2.30075705e-04
2.35061588e-01 -1.13807675e-04 2.30038122e-04
2.35418521e-01 9.53075697e-05 2.27965136e-04
2.35775451e-01 -1.40177407e-04 2.28914123e-04
2.36132377e-01 2.04939364e-04 2.27784783e-04
2.36489299e-01 5.64098434e-06 2.27092352e-04
2.36846218e-01 9.12103675e-05 2.31432842e-04
2.37203132e-01 5.54060166e-05 2.29195352e-04
2.37560042e-01 -2.39308282e-04 2.26000747e-04
2.37916949e-01 -1.67953330e-04 2.27290022e-04
2.38273852e-01 1.29070692e-04 2.24608537e-04
2.38630751e-01 1.24427961e-04 2.22627449e-04
2.38987645e-01 -2.49804524e-04 2.23550988e-04
2.39344537e-01 5.73595001e-05 2.25784671e-04
2.39701424e-01 -8.33153908e-05 2.23122383e-04
2.40058307e-01 3.64219806e-04 2.26312394e-04
2.40415186e-01 1.38434000e-04 2.20251109e-04
2.40772061e-01 7.83534418e-05 2.24209997e-04
2.41128933e-01 6.87254260e-05 2.30053140e-04
2.41485800e-01 -2.17425397e-04 2.21682258e-04
2.41842664e-01 -3.11013665e-04 2.20330795e-04
2.42199523e-01 -1.04625054e-04 2.18249333e-04
2.42556379e-01 1.29315810e-04 2.19770152e-04
2.42913230e-01 3.66164209e-04 2.22926681e-04
2.43270078e-01 5.48419415e-05 2.23788430e-04
2.43626922e-01 -1.07840708e-04 2.24527694e-04
2.43983761e-01 -1.68223740e-05 2.25314801e-04
2.44340597e-01 1.55537829e-04 2.23520468e-04
2.44697429e-01 -4.84566190e-05 2.19341773e-04
2.45054256e-01 -4.37414070e-05 2.18764889e-04
2.45411080e-01 1.50365934e-04 2.18173372e-04
2.45767900e-01 -1.41871984e-04 2.16482654e-04
2.46124715e-01 4.06470428e-06 2.17174082e-04
2.46481527e-01 2.65236746e-05 2.20630463e-04
2.46838334e-01 9.18549163e-05 2.22894169e-04
2.47195138e-01 1.33889819e-04 2.18016131e-04
2.47551938e-01 2.09973855e-04 2.17557941e-04
2.47908733e-01 -3.07620552e-04 2.14401494e-04
2.48265524e-01 -1.98017753e-04 2.13027299e-04
2.48622312e-01 -3.27423113e-04 2.15683100e-04
2.48979095e-01 -1.27435495e-04 2.17527857e-04
2.49335874e-01 2.64068126e-04 2.16813497e-04
2.49692649e-01 -2.44435430e-04 2.14325520e-04
2.50049420e-01 -1.88420351e-04 2.13685721e-04
2.50406187e-01 1.64151940e-04 2.11389001e-04
2.50762950e-01 -2.61944620e-04 2.16709203e-04
2.51119709e-01 9.02923084e-05 2.11469086e-04
2.51476464e-01 -8.16394011e-05 2.13877834e-04
2.51833214e-01 -3.11125845e-05 2.13817519e-04
2.52189961e-01 4.57547621e-04 2.17943654e-04
2.52546703e-01 -4.88595509e-05 2.12678937e-04
2.52903441e-01 2.48197192e-04 2.15131823e-04
2.53260175e-01 -2.72650212e-04 2.10498449e-04
2.53616905e-01 -4.45082767e-05 2.16070216e-04
2.53973631e-01 -2.36087077e-04 2.07992118e-04
2.54330352e-01 1.61417030e-04 2.09768037e-04
2.54687070e-01 1.13606367e-04 2.11192567e-04
2.55043783e-01 -1.36746340e-04 2.11334286e-04
2.55400492e-01 3.30461865e-05 2.13792121e-04
2.55757197e-01 -7.77157486e-05 2.10880147e-04
2.56113898e-01 1.26313613e-04 2.12400609e-04
2.56470595e-01 -2.40885591e-04 2.15659727e-04
2.56827287e-01 -2.35290478e-04 2.15047572e-04
2.57183975e-01 1.16974945e-04 2.16040386e-04
2.57540659e-01 6.66212095e-05 2.12837390e-04
2.57897339e-01 -4.79433453e-04 2.12022270e-04
2.58254014e-01 -1.79284366e-04 2.18601132e-04
2.58610686e-01 3.56864490e-04 2.14857799e-04
2.58967353e-01 5.96824122e-06 2.13897070e-04
2.59324016e-01 6.33351501e-05 2.19458694e-04
2.59680674e-01 1.86294339e-05 2.14744926e-04
2.60037329e-01 2.02133561e-04 2.17210972e-04
2.60393979e-01 7.61112816e-05 2.20130808e-04
2.60750625e-01 1.49792335e-06 2.17576177e-04
2.61107266e-01 -1.99489991e-04 2.14345032e-04
2.61463904e-01 -2.34654300e-05 2.15872585e-04
2.61820537e-01 -2.42382864e-04 2.16135257e-04
2.62177166e-01 1.36706714e-04 2.14631080e-04
2.62533790e-01 -5.59949721e-05 2.13229100e-04
2.62890410e-01 8.51438164e-05 2.13833801e-04
2.63247026e-01 -3.66327075e-05 2.14959038e-04
2.63603638e-01 4.55546968e-05 2.16759574e-04
2.63960245e-01 1.86410974e-04 2.12956328e-04
2.64316848e-01 1.20273149e-04 2.17008327e-04
2.64673447e-01 5.05413904e-04 2.15570049e-04
2.65030042e-01 2.13002275e-04 2.11168000e-04
2.65386632e-01 2.34005479e-04 2.11751472e-04
2.65743217e-01 8.96496839e-05 2.11016074e-04
2.66099799e-01 1.35238021e-04 2.14582887e-04
2.66456376e-01 -2.81504220e-04 2.13964825e-04
2.66812948e-01 -9.10911260e-05 2.15826221e-04
2.67169517e-01 -7.52939158e-05 2.13439655e-04
2.67526081e-01 1.73345933e-04 2.17730951e-04
2.67882640e-01 3.68458889e-04 2.17029246e-04
2.68239195e-01 -8.72022040e-05 2.18996765e-04
2.68595746e-01 9.79415511e-05 2.18278834e-04
2.68952293e-01 1.88192844e-04 2.17788992e-04
2.69308835e-01 3.76618167e-05 2.21227716e-04
2.69665372e-01 1.20884771e-04 2.22656471e-04
2.70021906e-01 7.88216760e-05 2.19629115e-04
2.70378435e-01 1.31434251e-04 2.20118007e-04
2.70734959e-01 4.44518641e-04 2.20228408e-04
2.71091479e-01 3.22928173e-04 2.22672257e-04
2.71447995e-01 4.17245467e-04 2.26641669e-04
2.71804506e-01 -1.24820187e-04 2.25072418e-04
2.72161012e-01 -1.80008209e-05 2.24976093e-04
2.72517515e-01 5.57108222e-05 2.27092682e-04
2.72874012e-01 -5.11948079e-04 2.23858858e-04
