1.54026655e-02 -1.30291468e-03 1.71015904e-03
1.57608633e-02 -1.72298184e-03 1.70183346e-03
1.61190608e-02 -9.40461178e-04 1.46536516e-03
1.64772580e-02 -1.56611035e-04 1.37992826e-03
1.68354550e-02 8.65933561e-04 1.39067794e-03
1.71936517e-02 -4.18189293e-04 1.29845666e-03
1.75518481e-02 6.99739778e-04 1.33392473e-03
1.79100442e-02 2.51824636e-03 1.28695795e-03
1.82682400e-02 -2.58976778e-04 1.37960326e-03
1.86264355e-02 2.72498485e-03 1.26023187e-03
1.89846308e-02 -3.65038227e-04 1.15119760e-03
1.93428257e-02 -1.10026745e-03 1.11482162e-03
1.97010202e-02 -9.95032571e-05 1.16193951e-03
2.00592145e-02 -9.78067447e-05 1.02170946e-03
2.04174084e-02 -1.05367478e-03 1.06114143e-03
2.07756020e-02 1.20057014e-03 1.08844898e-03
2.11337953e-02 9.10903734e-05 1.03094775e-03
2.14919882e-02 2.44529311e-03 9.89868379e-04
2.18501808e-02 -1.07049185e-03 9.74458943e-04
2.22083729e-02 5.56757604e-04 9.73960841e-04
2.25665648e-02 -4.44011526e-04 1.00453143e-03
2.29247562e-02 1.20542778e-03 9.57147718e-04
2.32829473e-02 -1.31728710e-03 9.41081689e-04
2.36411380e-02 1.09452666e-04 8.98000696e-04
2.39993283e-02 2.97415601e-05 8.88621049e-04
2.43575182e-02 4.86950328e-04 9.39848565e-04
2.47157077e-02 -4.79633244e-04 8.15589737e-04
2.50738968e-02 3.29088473e-05 8.69487064e-04
2.54320855e-02 6.83651886e-04 8.42962773e-04
2.57902738e-02 -6.98281238e-04 8.78265703e-04
2.61484617e-02 -2.07832197e-03 8.11405140e-04
2.65066491e-02 -1.69168226e-04 8.13457085e-04
2.68648361e-02 7.91079503e-04 8.32772582e-04
2.72230226e-02 -6.67393887e-04 8.08876408e-04
2.75812087e-02 2.79673936e-04 8.41386005e-04
2.79393943e-02 -7.37851312e-04 8.54166452e-04
2.82975795e-02 -9.07677582e-04 7.79291427e-04
2.86557642e-02 -6.41907930e-04 7.74328263e-04
2.90139485e-02 -6.06948939e-04 8.54572732e-04
2.93721323e-02 -6.61662865e-04 8.51697724e-04
2.97303155e-02 7.79846919e-04 7.93224861e-04
3.00884983e-02 -1.18657128e-04 8.22501657e-04
3.04466806e-02 -8.48643691e-04 7.99295193e-04
3.08048624e-02 -1.33813334e-03 7.90001974e-04
3.11630437e-02 1.21323047e-03 8.41517844e-04
3.15212245e-02 7.29214810e-04 8.19088579e-04
3.18794048e-02 -9.02026993e-04 8.29502801e-04
3.22375845e-02 4.06917306e-04 8.24516398e-04
3.25957637e-02 4.27970086e-04 8.48977895e-04
3.29539424e-02 -7.39534817e-04 7.93063663e-04
3.33121205e-02 -1.10755657e-03 7.88107939e-04
3.36702981e-02 -1.72778265e-03 7.96790229e-04
3.40284751e-02 -2.70287487e-04 8.01187966e-04
3.43866516e-02 -1.88967708e-04 8.05157512e-04
3.47448275e-02 4.29911198e-04 7.78982683e-04
3.51030028e-02 -1.61823141e-04 7.31966597e-04
3.54611775e-02 6.92952530e-05 7.22511233e-04
3.58193517e-02 1.00519396e-03 7.46742109e-04
3.61775253e-02 1.11250992e-03 6.99859971e-04
3.65356983e-02 -4.93038985e-04 7.05103830e-04
3.68938706e-02 8.78991935e-04 6.74426199e-04
3.72520424e-02 -5.62800254e-04 6.96761882e-04
3.76102136e-02 -3.23206508e-04 6.78297987e-04
3.79683841e-02 2.60913424e-04 6.80429400e-04
3.83265540e-02 8.50910099e-04 6.65206178e-04
3.86847233e-02 5.79687567e-04 7.01663132e-04
3.90428920e-02 -1.28354612e-03 7.03454007e-04
3.94010600e-02 2.98198980e-04 6.74740780e-04
3.97592273e-02 -1.12299616e-04 6.74780988e-04
4.01173941e-02 5.03574886e-04 6.87405914e-04
4.04755601e-02 -9.06150828e-05 6.58256061e-04
4.08337255e-02 -2.68036834e-04 6.16639331e-04
4.11918902e-02 -4.90639800e-04 6.47451580e-04
4.15500542e-02 -5.14294070e-04 6.17008632e-04
4.19082176e-02 -3.17894514e-04 6.35871296e-04
4.22663802e-02 1.24277306e-04 6.51147427e-04
4.26245422e-02 -2.41862371e-04 6.52546693e-04
4.29827034e-02 -1.41928346e-03 6.40585578e-04
4.33408640e-02 -4.32421454e-04 6.31363054e-04
4.36990238e-02 7.96435383e-04 6.51392792e-04
4.40571830e-02 2.83882965e-04 6.58147459e-04
4.44153414e-02 1.09083269e-03 6.69787663e-04
4.47734990e-02 5.91398792e-04 6.57029227e-04
4.51316560e-02 1.17812447e-03 6.61724106e-04
4.54898122e-02 -5.60319696e-04 6.40250440e-04
4.58479676e-02 -7.28788590e-04 6.51091539e-04
4.62061223e-02 3.32408456e-04 6.41376339e-04
4.65642762e-02 3.96132310e-04 6.22937898e-04
4.69224294e-02 -3.41131636e-04 6.61530159e-04
4.72805818e-02 -9.70638576e-04 6.44686541e-04
4.76387334e-02 6.94381967e-04 6.60914623e-04
4.79968842e-02 -3.25996091e-04 6.40296026e-04
4.83550342e-02 4.77294107e-04 6.45379107e-04
4.87131835e-02 3.89550701e-04 6.13764444e-04
4.90713319e-02 1.01133663e-03 6.30653151e-04
4.94294795e-02 6.27062639e-04 6.03286885e-04
4.97876264e-02 6.79636053e-06 5.96178885e-04
5.01457724e-02 -2.15565131e-04 6.24376559e-04
5.05039175e-02 -3.04256519e-04 5.83523858e-04
5.08620619e-02 5.91277935e-04 5.78575221e-04
5.12202054e-02 1.16077127e-03 6.00924598e-04
5.15783481e-02 -1.07793863e-04 5.80731558e-04
5.19364899e-02 -1.35323671e-04 5.76667045e-04
5.22946308e-02 7.65321464e-04 5.55540930e-04
5.26527709e-02 -9.81760878e-04 5.79138792e-04
5.30109102e-02 5.07434188e-04 5.70949155e-04
5.33690485e-02 3.37171544e-04 5.90085433e-04
5.37271860e-02 6.67004497e-04 5.79180041e-04
5.40853226e-02 9.22174034e-04 5.78139483e-04
5.44434583e-02 -4.29262648e-04 5.57768303e-04
5.48015932e-02 2.79883736e-04 5.73818143e-04
5.51597271e-02 4.94830513e-04 5.43525115e-04
5.55178601e-02 -2.19696493e-05 5.51875294e-04
5.58759922e-02 -7.47143035e-04 5.61877315e-04
5.62341234e-02 -2.01093461e-04 5.75893841e-04
5.65922536e-02 3.91654426e-04 5.26388305e-04
5.69503829e-02 1.24946198e-04 5.61807306e-04
5.73085113e-02 -5.35156858e-04 5.57307618e-04
5.76666388e-02 3.63309348e-04 5.34443078e-04
5.80247653e-02 -2.11242402e-04 5.36164888e-04
5.83828908e-02 -3.11249007e-04 5.29616877e-04
5.87410154e-02 -5.94569764e-04 5.55500100e-04
5.90991390e-02 1.76543746e-04 5.46311512e-04
5.94572616e-02 -4.76105404e-04 5.42071618e-04
5.98153833e-02 -4.22575514e-04 5.34202990e-04
6.01735040e-02 1.70667456e-04 5.17772046e-04
6.05316237e-02 -1.57420161e-04 5.27732563e-04
6.08897424e-02 9.54845930e-04 5.21932426e-04
6.12478600e-02 7.03421612e-04 5.30389412e-04
6.16059767e-02 5.89372999e-04 5.26169746e-04
6.19640924e-02 5.58579555e-04 5.38038181e-04
6.23222071e-02 4.81406304e-04 5.13146391e-04
6.26803207e-02 5.47689118e-04 4.97722385e-04
6.30384333e-02 -1.93744295e-04 5.06781644e-04
6.33965448e-02 -8.58217860e-05 4.89399220e-04
6.37546554e-02 -3.46872294e-05 5.02115071e-04
6.41127648e-02 5.62274445e-04 5.19256803e-04
6.44708732e-02 -9.61928744e-04 4.89149894e-04
6.48289806e-02 -7.06019490e-04 5.00651736e-04
6.51870869e-02 5.84278832e-04 5.10565592e-04
6.55451921e-02 2.66289053e-04 5.14713092e-04
6.59032962e-02 -8.95505080e-05 4.79628307e-04
6.62613993e-02 -4.50758761e-04 4.91510807e-04
6.66195012e-02 1.51420590e-04 4.87308133e-04
6.69776021e-02 1.53327616e-04 4.97170138e-04
6.73357019e-02 2.02658383e-04 4.84716768e-04
6.76938005e-02 -1.10534694e-04 5.00344610e-04
6.80518981e-02 4.11149744e-04 4.83442794e-04
6.84099945e-02 4.64532415e-04 4.80847776e-04
6.87680898e-02 -2.93772991e-04 4.78081204e-04
6.91261840e-02 -2.17401860e-04 4.73272464e-04
6.94842770e-02 3.66045096e-04 4.77209619e-04
6.98423689e-02 -2.26286401e-04 4.78943179e-04
7.02004596e-02 8.06236644e-04 4.65758039e-04
7.05585492e-02 -4.64841466e-04 4.58962577e-04
7.09166377e-02 -1.33073702e-04 4.75568214e-04
7.12747249e-02 -6.37455872e-04 4.66326713e-04
7.16328110e-02 -5.69249860e-04 4.72824516e-04
7.19908959e-02 -3.44686386e-05 4.68989431e-04
7.23489796e-02 -9.81297529e-06 4.74155597e-04
7.27070622e-02 7.54673423e-04 4.73193442e-04
7.30651435e-02 2.36727053e-04 4.72228443e-04
7.34232237e-02 2.09227234e-05 4.58363994e-04
7.37813026e-02 7.07086973e-04 4.68383259e-04
7.41393803e-02 5.33768728e-04 4.61037295e-04
7.44974568e-02 -2.83305011e-04 4.55677515e-04
7.48555321e-02 4.25894676e-04 4.56306559e-04
7.52136061e-02 -2.79315720e-04 4.67750330e-04
7.55716789e-02 2.25248888e-05 4.92318823e-04
7.59297505e-02 2.02061157e-04 4.55331489e-04
7.62878208e-02 4.91309399e-05 4.56809747e-04
7.66458899e-02 -1.46130529e-04 4.49831093e-04
7.70039577e-02 7.52732756e-04 4.55156188e-04
7.73620242e-02 2.97741732e-04 4.53632061e-04
7.77200895e-02 8.31295336e-05 4.57484574e-04
7.80781535e-02 5.74828255e-04 4.52911999e-04
7.84362162e-02 5.04570826e-04 4.49122917e-04
7.87942776e-02 3.83778088e-04 4.58548508e-04
7.91523377e-02 -1.12035075e-04 4.33160270e-04
7.95103965e-02 -1.76651597e-04 4.47964248e-04
7.98684540e-02 -5.78542830e-04 4.40458728e-04
8.02265102e-02 -2.55750523e-04 4.57053360e-04
8.05845651e-02 -1.47225075e-04 4.36246013e-04
8.09426186e-02 -2.67743455e-04 4.32782201e-04
8.13006709e-02 -6.73056656e-04 4.43873627e-04
8.16587217e-02 -2.28577409e-04 4.45128578e-04
8.20167713e-02 1.43562241e-04 4.33793614e-04
8.23748195e-02 -1.64650530e-04 4.39758699e-04
8.27328663e-02 -7.41528329e-04 4.27361130e-04
8.30909118e-02 -3.84696291e-04 4.32086211e-04
8.34489559e-02 1.34093503e-04 4.32820387e-04
8.38069986e-02 -6.99641405e-05 4.35629408e-04
8.41650400e-02 -8.48842046e-04 4.20024277e-04
8.45230800e-02 1.69072970e-04 4.28917374e-04
8.48811185e-02 -6.75690663e-04 4.28021112e-04
8.52391557e-02 -6.88681303e-05 4.29056691e-04
8.55971915e-02 -4.36198262e-04 4.48724314e-04
8.59552259e-02 6.21330974e-04 4.41334659e-04
8.63132589e-02 -1.65247952e-05 4.36865997e-04
8.66712904e-02 -3.62182697e-04 4.28360303e-04
8.70293205e-02 -1.22491255e-04 4.48654344e-04
8.73873492e-02 -5.79155931e-04 4.31442510e-04
8.77453765e-02 -2.43888160e-04 4.47365721e-04
8.81034023e-02 5.62485358e-04 4.29368232e-04
8.84614267e-02 -1.85959123e-04 4.31913566e-04
8.88194496e-02 -1.55393416e-05 4.23051244e-04
8.91774710e-02 -8.05383832e-04 4.18248359e-04
8.95354910e-02 -1.99201362e-04 4.01230694e-04
8.98935095e-02 7.76138916e-05 4.23829706e-04
9.02515266e-02 -5.79567895e-04 4.14607237e-04
9.06095421e-02 -1.40680493e-04 4.39190533e-04
9.09675562e-02 1.46325542e-04 4.35383318e-04
9.13255687e-02 -1.40681799e-04 4.26747609e-04
9.16835798e-02 -4.31611780e-04 4.24001187e-04
9.20415894e-02 3.99092230e-05 4.31549012e-04
9.23995974e-02 -3.47194847e-04 4.14741666e-04
9.27576039e-02 3.17750885e-04 4.21172860e-04
9.31156089e-02 3.02049667e-04 4.29489471e-04
9.34736124e-02 2.99098774e-04 4.23494531e-04
9.38316143e-02 -6.70428391e-04 4.12931637e-04
9.41896147e-02 -5.93311996e-04 4.09767006e-04
9.45476136e-02 -1.65688068e-04 4.19135944e-04
9.49056108e-02 -3.63414648e-05 4.14117017e-04
9.52636066e-02 -6.96817390e-06 4.15881451e-04
9.56216007e-02 -1.11871801e-04 4.12668665e-04
9.59795933e-02 -3.86910185e-04 4.11449271e-04
9.63375843e-02 -8.52034611e-05 4.15112792e-04
9.66955738e-02 7.85651629e-04 4.25479168e-04
9.70535616e-02 -1.52274384e-04 4.11483264e-04
9.74115478e-02 -4.73180710e-04 4.00343696e-04
9.77695325e-02 -2.38006615e-04 4.04676151e-04
9.81275155e-02 -4.61576383e-04 3.96167495e-04
9.84854969e-02 -1.30592383e-05 4.07950147e-04
9.88434768e-02 7.25866559e-04 3.93988737e-04
9.92014549e-02 2.48020630e-04 3.92928749e-04
9.95594315e-02 1.73633297e-04 3.98504269e-04
9.99174064e-02 -5.01917863e-05 4.00656551e-04
1.00275380e-01 -4.11799041e-04 3.98795140e-04
1.00633351e-01 -1.24078289e-04 3.98763999e-04
1.00991321e-01 1.16992196e-04 3.92080562e-04
1.01349290e-01 -3.30261773e-04 3.89249266e-04
1.01707256e-01 -5.22255535e-04 3.76546263e-04
1.02065221e-01 3.00832870e-04 3.90323348e-04
1.02423184e-01 -1.91573999e-04 3.97641127e-04
1.02781146e-01 2.41206026e-04 3.91894288e-04
1.03139106e-01 -7.15393404e-06 3.94560694e-04
1.03497064e-01 -7.30466232e-04 3.96801049e-04
1.03855021e-01 4.54374053e-04 3.97243712e-04
1.04212976e-01 3.71030523e-04 3.89126811e-04
1.04570929e-01 4.42410885e-04 4.01429765e-04
1.04928880e-01 4.46703527e-04 3.90956388e-04
1.05286830e-01 3.34289605e-04 3.94512852e-04
1.05644778e-01 -2.30057595e-05 3.94303269e-04
1.06002724e-01 6.24063614e-04 3.92294275e-04
1.06360668e-01 3.14829578e-04 4.01630546e-04
1.06718611e-01 -3.86594833e-04 4.09163799e-04
1.07076552e-01 4.92857114e-04 4.07131457e-04
1.07434491e-01 -3.66739565e-04 3.95790938e-04
1.07792429e-01 5.04389250e-04 3.99180756e-04
1.08150364e-01 2.33694245e-04 3.97637505e-04
1.08508298e-01 2.87413094e-04 3.98966008e-04
1.08866230e-01 3.01643503e-04 3.88154935e-04
1.09224160e-01 2.84296774e-04 4.00433566e-04
1.09582089e-01 -3.83062639e-04 3.94375788e-04
1.09940016e-01 -4.02793127e-04 3.91574432e-04
1.10297941e-01 2.81417493e-04 3.96850409e-04
1.10655864e-01 1.01775527e-04 3.97224567e-04
1.11013785e-01 1.16899913e-04 3.88373578e-04
1.11371704e-01 2.84313099e-04 3.85475538e-04
1.11729622e-01 4.76180658e-04 3.98963874e-04
1.12087538e-01 3.93085048e-04 3.92309371e-04
1.12445452e-01 3.94109706e-04 3.81865276e-04
1.12803364e-01 2.57166125e-04 3.71876900e-04
1.13161274e-01 -8.09992938e-05 3.81346062e-04
1.13519182e-01 5.35915845e-04 3.78791119e-04
1.13877089e-01 -2.34001859e-04 3.68668886e-04
1.14234994e-01 -1.80288033e-04 3.87407209e-04
1.14592896e-01 2.42993218e-04 3.69921771e-04
1.14950797e-01 -2.53041993e-04 3.75798029e-04
1.15308696e-01 2.61853413e-05 3.75084684e-04
1.15666593e-01 -3.35235242e-04 3.68175953e-04
1.16024488e-01 -3.34232007e-04 3.55498342e-04
1.16382382e-01 -9.20243357e-05 3.80132271e-04
1.16740273e-01 -4.43098908e-05 3.73044940e-04
1.17098163e-01 1.71331916e-04 3.62586014e-04
1.17456050e-01 7.44342187e-05 3.56897013e-04
1.17813936e-01 2.48667550e-04 3.83248276e-04
1.18171819e-01 3.13812118e-05 3.75900232e-04
1.18529701e-01 -3.04391893e-04 3.73893041e-04
1.18887581e-01 -2.54424148e-04 3.71037501e-04
1.19245459e-01 -5.63797379e-04 3.66723348e-04
1.19603335e-01 -7.68723519e-04 3.68040219e-04
1.19961208e-01 1.28236772e-04 3.72366872e-04
1.20319080e-01 3.02918518e-04 3.68346839e-04
1.20676950e-01 -5.43226554e-04 3.71269902e-04
1.21034818e-01 -3.19097430e-04 3.69590600e-04
1.21392684e-01 -1.36075420e-04 3.71549092e-04
1.21750548e-01 -1.28877870e-04 3.77982467e-04
1.22108410e-01 -3.03580988e-04 3.75427772e-04
1.22466270e-01 -3.35447505e-04 3.75140586e-04
1.22824128e-01 -3.44830812e-05 3.65361198e-04
1.23181984e-01 4.62699530e-04 3.75632487e-04
1.23539838e-01 -1.32782446e-04 3.67695550e-04
1.23897690e-01 4.13765697e-05 3.75144823e-04
1.24255540e-01 2.53589998e-04 3.74062816e-04
1.24613388e-01 3.56394843e-04 3.64618172e-04
1.24971233e-01 1.71696752e-04 3.55582010e-04
1.25329077e-01 2.75848412e-04 3.55601551e-04
1.25686919e-01 -4.08178277e-04 3.56298998e-04
1.26044758e-01 1.25110532e-04 3.44745809e-04
1.26402596e-01 1.31698446e-04 3.59536382e-04
1.26760431e-01 3.27670883e-04 3.59368934e-04
1.27118265e-01 7.79304362e-04 3.63962507e-04
1.27476096e-01 -1.22752899e-04 3.58155290e-04
1.27833925e-01 2.97093855e-04 3.52042296e-04
1.28191752e-01 3.31980507e-04 3.58286196e-04
1.28549577e-01 7.36566732e-04 3.55355997e-04
1.28907400e-01 1.66990224e-04 3.53921598e-04
1.29265221e-01 3.86904210e-04 3.49324155e-04
1.29623040e-01 -1.11014920e-04 3.43318224e-04
1.29980856e-01 1.39632920e-04 3.48298288e-04
1.30338670e-01 1.12487351e-04 3.47638375e-04
1.30696483e-01 -2.23229103e-04 3.34794469e-04
1.31054293e-01 -2.19204309e-04 3.45296657e-04
1.31412101e-01 1.82381684e-04 3.43066351e-04
1.31769906e-01 -5.18267624e-04 3.42699245e-04
1.32127710e-01 1.64056845e-04 3.42627374e-04
1.32485511e-01 -4.74670893e-04 3.53928153e-04
1.32843311e-01 8.61834111e-06 3.48080786e-04
1.33201108e-01 3.22663171e-04 3.48527214e-04
1.33558903e-01 1.99140466e-04 3.43686382e-04
1.33916695e-01 1.69517573e-05 3.37674971e-04
1.34274486e-01 1.39778627e-04 3.45992774e-04
1.34632274e-01 1.28556986e-04 3.31741672e-04
1.34990060e-01 -7.63019282e-04 3.36426821e-04
1.35347844e-01 -1.46993444e-04 3.34336335e-04
1.35705626e-01 2.88279476e-04 3.41337121e-04
1.36063405e-01 2.08837559e-05 3.43851763e-04
1.36421182e-01 -5.78847225e-04 3.28208399e-04
1.36778957e-01 -1.14419864e-05 3.24744976e-04
1.37136730e-01 -7.50525798e-05 3.31912127e-04
1.37494500e-01 3.83299203e-04 3.34532701e-04
1.37852269e-01 3.67773461e-04 3.35930202e-04
1.38210034e-01 -1.68665082e-05 3.35918876e-04
1.38567798e-01 3.38163655e-04 3.27204505e-04
1.38925559e-01 -3.31324949e-04 3.28051213e-04
1.39283319e-01 1.97802060e-04 3.28824293e-04
1.39641075e-01 -2.39551772e-04 3.27967154e-04
1.39998830e-01 -7.02044031e-04 3.33341460e-04
1.40356582e-01 1.50172617e-04 3.28961886e-04
1.40714332e-01 -2.92263852e-04 3.25637891e-04
1.41072080e-01 1.20057444e-04 3.30197264e-04
1.41429825e-01 8.28306013e-05 3.30483427e-04
1.41787568e-01 3.71765073e-04 3.35123015e-04
1.42145308e-01 5.42262803e-05 3.23006161e-04
1.42503047e-01 8.28423724e-05 3.25539169e-04
1.42860783e-01 -3.36325422e-04 3.27684914e-04
1.43218516e-01 -1.92769256e-04 3.25869685e-04
1.43576247e-01 -4.47508315e-04 3.21110028e-04
1.43933976e-01 -7.15120570e-05 3.32219465e-04
1.44291703e-01 -4.12261808e-05 3.24530233e-04
1.44649427e-01 -4.47139081e-04 3.19819099e-04
1.45007149e-01 9.67792347e-05 3.13454155e-04
1.45364868e-01 6.56156164e-04 3.15839104e-04
1.45722585e-01 7.66925727e-04 3.14828496e-04
1.46080300e-01 -1.24954056e-05 3.20662751e-04
1.46438012e-01 -4.56981062e-04 3.13287920e-04
1.46795722e-01 -1.80702023e-04 3.13926194e-04
1.47153429e-01 4.97561088e-05 3.11095115e-04
1.47511134e-01 7.62662308e-04 3.16384838e-04
1.47868837e-01 1.71483468e-04 3.16603401e-04
1.48226537e-01 3.51451557e-04 3.17397751e-04
1.48584235e-01 1.21566496e-04 3.27181480e-04
1.48941930e-01 4.01257373e-04 3.17655709e-04
1.49299623e-01 -7.22156362e-05 3.11467708e-04
1.49657313e-01 2.07900914e-04 3.12380385e-04
1.50015001e-01 5.30745816e-05 3.19296011e-04
1.50372687e-01 6.31847852e-05 3.16359492e-04
1.50730370e-01 1.13708919e-04 3.14741194e-04
1.51088050e-01 -5.13597395e-05 3.09026403e-04
1.51445728e-01 4.00812192e-04 3.14130328e-04
1.51803404e-01 -5.97061039e-05 3.09050444e-04
1.52161077e-01 1.76624193e-04 3.10530496e-04
1.52518747e-01 -1.46427459e-04 3.07554466e-04
1.52876416e-01 -5.56162301e-04 3.04899151e-04
1.53234081e-01 -3.50307541e-04 3.11694882e-04
1.53591744e-01 -5.14567718e-04 3.06351472e-04
1.53949405e-01 -6.38138845e-04 3.05119108e-04
1.54307063e-01 -1.13014123e-04 3.08861282e-04
1.54664718e-01 -1.14871447e-04 3.04416944e-04
1.55022371e-01 -4.07991705e-04 3.02678670e-04
1.55380021e-01 -3.09629382e-04 3.13840625e-04
1.55737669e-01 1.05190652e-04 3.07040123e-04
1.56095314e-01 2.69850433e-04 3.04941747e-04
1.56452957e-01 -6.95039133e-06 3.05490790e-04
1.56810597e-01 -2.37855725e-04 3.02931911e-04
1.57168235e-01 -4.05046134e-04 3.04510015e-04
1.57525870e-01 -6.06653097e-04 3.03701267e-04
1.57883502e-01 -2.44590435e-04 3.02365632e-04
1.58241132e-01 -2.58672406e-04 3.02694008e-04
1.58598759e-01 3.12466320e-04 3.01453098e-04
1.58956384e-01 1.98084980e-04 3.00407448e-04
1.59314006e-01 -2.76810204e-04 3.00828553e-04
1.59671625e-01 -3.00435672e-04 2.98839990e-04
1.60029242e-01 5.41098011e-05 2.98286048e-04
1.60386856e-01 6.09437670e-04 3.00000814e-04
1.60744468e-01 -1.33663750e-04 3.00286045e-04
1.61102076e-01 7.31997964e-06 2.99222916e-04
1.61459683e-01 5.15173200e-04 3.01702649e-04
1.61817286e-01 6.50219552e-04 2.94352367e-04
1.62174887e-01 2.49662659e-05 2.97856073e-04
1.62532485e-01 2.64413788e-04 2.94996482e-04
1.62890081e-01 1.97702790e-04 2.99454688e-04
1.63247674e-01 -3.69500899e-04 2.93320918e-04
1.63605264e-01 -2.10891600e-04 2.96828220e-04
1.63962852e-01 -4.89879859e-05 2.89020825e-04
1.64320437e-01 -9.25109892e-05 2.98680564e-04
1.64678019e-01 -3.03801308e-05 2.92884883e-04
1.65035598e-01 -1.41689730e-04 2.95079661e-04
1.65393175e-01 2.61011813e-04 2.99533498e-04
1.65750749e-01 -5.16169110e-04 2.91336322e-04
1.66108320e-01 -1.55218800e-04 2.94881824e-04
1.66465889e-01 4.69343448e-05 2.90788830e-04
1.66823455e-01 2.11625475e-04 2.92578800e-04
1.67181018e-01 8.90634144e-05 2.97638541e-04
1.67538578e-01 1.16185397e-04 2.92882378e-04
1.67896136e-01 -4.42860982e-05 2.87014972e-04
1.68253691e-01 -1.19980554e-04 2.87922919e-04
1.68611243e-01 -5.04331358e-05 2.86736180e-04
1.68968792e-01 -1.03187193e-04 2.93038023e-04
1.69326339e-01 1.13702144e-04 2.88702379e-04
1.69683883e-01 -3.29452127e-04 2.87751293e-04
1.70041424e-01 -1.09975493e-04 2.85381188e-04
1.70398962e-01 -1.88500029e-06 2.90448441e-04
1.70756497e-01 -2.09860192e-04 2.87630011e-04
1.71114030e-01 -2.85147452e-04 2.83202893e-04
1.71471560e-01 1.21632211e-04 2.83108493e-04
1.71829087e-01 7.08207743e-04 2.88967076e-04
1.72186611e-01 1.96475907e-04 2.84521718e-04
1.72544132e-01 -5.27242425e-04 2.81093306e-04
1.72901651e-01 5.02696199e-05 2.87603105e-04
1.73259167e-01 2.94750839e-04 2.86808453e-04
1.73616679e-01 8.86820394e-06 2.80897902e-04
1.73974189e-01 1.63776538e-04 2.80262355e-04
1.74331697e-01 1.02885954e-04 2.78321724e-04
1.74689201e-01 1.04226775e-04 2.82900145e-04
1.75046702e-01 5.26052931e-04 2.79553833e-04
1.75404201e-01 1.70866951e-04 2.81932891e-04
1.75761697e-01 1.00720949e-04 2.83141922e-04
1.76119189e-01 -1.77839207e-04 2.77114332e-04
1.76476679e-01 3.73565125e-04 2.80656736e-04
1.76834166e-01 1.82091257e-04 2.85240890e-04
1.77191650e-01 1.19160232e-04 2.82317405e-04
1.77549132e-01 -2.63592339e-04 2.78555078e-04
1.77906610e-01 -4.05059345e-04 2.72080423e-04
1.78264085e-01 2.43963148e-04 2.83820798e-04
1.78621558e-01 -2.06153852e-04 2.72876435e-04
1.78979027e-01 -4.71805873e-05 2.76065578e-04
1.79336494e-01 1.36149262e-04 2.76456135e-04
1.79693958e-01 3.65178032e-05 2.70962041e-04
1.80051418e-01 -2.43938203e-06 2.77775547e-04
1.80408876e-01 3.15015964e-04 2.82116757e-04
1.80766331e-01 3.98106718e-04 2.78701663e-04
1.81123783e-01 4.64421168e-05 2.73488720e-04
1.81481232e-01 4.60893336e-04 2.73517641e-04
1.81838677e-01 6.64374855e-04 2.84708105e-04
1.82196120e-01 3.26159070e-06 2.81985751e-04
1.82553560e-01 -5.78808497e-05 2.81700273e-04
1.82910997e-01 3.10108606e-04 2.83404134e-04
1.83268431e-01 -2.17390822e-04 2.84781809e-04
1.83625862e-01 1.76038255e-04 2.85150974e-04
1.83983290e-01 -1.25968784e-04 2.80635017e-04
1.84340715e-01 2.26793031e-06 2.82585294e-04
1.84698137e-01 3.13658985e-04 2.84672206e-04
1.85055556e-01 2.26224185e-04 2.80706381e-04
1.85412971e-01 4.94301780e-04 2.87438816e-04
1.85770384e-01 -1.00366530e-04 2.85321173e-04
1.86127794e-01 -2.86010833e-04 2.80513429e-04
1.86485200e-01 -2.86585651e-04 2.78924098e-04
1.86842604e-01 4.07865313e-04 2.84207377e-04
1.87200005e-01 1.47869880e-05 2.77842631e-04
1.87557402e-01 -4.35957036e-05 2.72752429e-04
1.87914797e-01 -2.26095228e-04 2.73173672e-04
1.88272188e-01 -3.18654038e-04 2.76349490e-04
1.88629576e-01 2.37018805e-04 2.78326972e-04
1.88986961e-01 5.04559640e-04 2.76945020e-04
1.89344343e-01 2.40921213e-04 2.73084148e-04
1.89701722e-01 1.31609725e-04 2.73718761e-04
1.90059098e-01 -3.41848547e-05 2.78780206e-04
1.90416471e-01 -1.23708250e-04 2.74266999e-04
1.90773840e-01 5.33977425e-04 2.76821491e-04
1.91131207e-01 2.25769397e-04 2.72155547e-04
1.91488570e-01 -4.25116784e-05 2.68224999e-04
1.91845930e-01 -1.67284057e-04 2.75484917e-04
1.92203287e-01 -1.23429528e-04 2.76877647e-04
1.92560641e-01 1.12854733e-04 2.70398778e-04
1.92917992e-01 -1.79853317e-04 2.68224985e-04
1.93275340e-01 -1.95884519e-04 2.65340450e-04
1.93632684e-01 -3.95088044e-05 2.67745113e-04
1.93990025e-01 -3.03040723e-04 2.67813185e-04
1.94347363e-01 4.22800162e-04 2.73627683e-04
1.94704698e-01 2.35355388e-04 2.73592069e-04
1.95062030e-01 1.92212461e-04 2.76455354e-04
1.95419358e-01 2.36844716e-04 2.66061072e-04
1.95776684e-01 -9.80608462e-05 2.73430562e-04
1.96134006e-01 1.86771950e-04 2.71563442e-04
1.96491324e-01 -4.04470117e-04 2.72753894e-04
1.96848640e-01 3.82428838e-04 2.74362410e-04
1.97205953e-01 3.00286923e-04 2.76153900e-04
1.97563262e-01 2.40091028e-04 2.70168192e-04
1.97920568e-01 -9.03820791e-05 2.71569619e-04
1.98277870e-01 -1.10175501e-04 2.71506777e-04
1.98635170e-01 -1.27140451e-05 2.72498696e-04
1.98992466e-01 -2.80174821e-04 2.78795764e-04
1.99349759e-01 -3.48096634e-04 2.71445787e-04
1.99707049e-01 -5.75093655e-04 2.70130191e-04
2.00064335e-01 -3.24958466e-04 2.70075137e-04
2.00421618e-01 -1.25817811e-04 2.63665985e-04
2.00778898e-01 -6.82522547e-05 2.68457365e-04
2.01136174e-01 -1.57829387e-04 2.62596360e-04
2.01493448e-01 -1.24632241e-04 2.61242441e-04
2.01850718e-01 -2.45219825e-04 2.61325285e-04
2.02207984e-01 -2.91504429e-04 2.59856152e-04
2.02565248e-01 -2.47276272e-04 2.57560501e-04
2.02922508e-01 2.07411875e-04 2.64544035e-04
2.03279764e-01 -4.84724833e-04 2.59709924e-04
2.03637018e-01 -2.87946009e-04 2.60356120e-04
2.03994268e-01 -5.44402469e-05 2.57979500e-04
2.04351514e-01 -1.18516097e-04 2.59617653e-04
2.04708758e-01 -1.62577818e-04 2.59773105e-04
2.05065998e-01 -2.67397832e-04 2.56408119e-04
2.05423234e-01 -2.02799597e-04 2.60497489e-04
2.05780467e-01 3.39540000e-04 2.57682131e-04
2.06137697e-01 -8.14969646e-05 2.61232057e-04
2.06494924e-01 1.48859037e-04 2.54507224e-04
2.06852147e-01 -9.45155290e-05 2.59127045e-04
2.07209367e-01 3.49673823e-04 2.59498878e-04
2.07566583e-01 -1.14596403e-04 2.59962691e-04
2.07923796e-01 -3.05756084e-04 2.57633342e-04
2.08281005e-01 1.77106068e-04 2.57406885e-04
2.08638211e-01 4.26312043e-05 2.50409877e-04
2.08995414e-01 -5.29484843e-05 2.54058264e-04
2.09352613e-01 -3.97976244e-04 2.57917849e-04
2.09709809e-01 2.25111567e-06 2.56409406e-04
2.10067002e-01 3.34253767e-04 2.55297747e-04
2.10424191e-01 -2.58782832e-04 2.50964830e-04
2.10781376e-01 -9.38091715e-05 2.53523044e-04
2.11138558e-01 -5.35115848e-04 2.49433156e-04
2.11495737e-01 -4.24955369e-04 2.47246370e-04
2.11852912e-01 -4.69258925e-04 2.52887494e-04
2.12210084e-01 -4.58556695e-04 2.44833603e-04
2.12567252e-01 9.23420455e-05 2.53708723e-04
2.12924416e-01 2.16323200e-04 2.49928727e-04
2.13281578e-01 4.66645446e-04 2.46691932e-04
2.13638735e-01 3.70730509e-04 2.49535964e-04
2.13995890e-01 1.28125008e-05 2.49448409e-04
2.14353040e-01 2.15044417e-04 2.49036447e-04
2.14710188e-01 2.50110204e-04 2.44819387e-04
2.15067331e-01 1.07949880e-04 2.49705050e-04
2.15424471e-01 -2.06448282e-04 2.47389990e-04
2.15781608e-01 -2.94228894e-04 2.42902776e-04
2.16138741e-01 2.34632460e-04 2.46910747e-04
2.16495871e-01 8.48626637e-05 2.42362933e-04
2.16852997e-01 3.86228722e-04 2.50491775e-04
2.17210119e-01 3.35954381e-04 2.48931459e-04
2.17567238e-01 2.88446447e-04 2.44354245e-04
2.17924354e-01 4.70258522e-04 2.42569643e-04
2.18281465e-01 -2.28998414e-04 2.41032839e-04
2.18638574e-01 -6.84605469e-05 2.40980138e-04
2.18995678e-01 -2.85757491e-04 2.44621876e-04
2.19352779e-01 8.71412174e-05 2.46674133e-04
2.19709877e-01 -1.05054125e-04 2.45768771e-04
2.20066971e-01 -4.14280710e-04 2.42967609e-04
2.20424061e-01 3.27370153e-04 2.40001086e-04
2.20781147e-01 2.26802213e-04 2.37351600e-04
2.21138230e-01 2.34681600e-04 2.41931557e-04
2.21495310e-01 6.16283425e-05 2.43455339e-04
2.21852386e-01 2.08506477e-04 2.39679391e-04
2.22209458e-01 6.32959315e-04 2.45548778e-04
2.22566526e-01 5.96563195e-05 2.40285898e-04
2.22923591e-01 -2.53823797e-04 2.38807168e-04
2.23280652e-01 -3.32955745e-05 2.35977615e-04
2.23637710e-01 2.23269735e-04 2.38410422e-04
2.23994764e-01 -3.20342916e-04 2.35648839e-04
2.24351814e-01 -2.05607836e-05 2.41307081e-04
2.24708861e-01 -3.56952566e-04 2.35246713e-04
2.25065904e-01 -1.89624682e-04 2.34908302e-04
2.25422943e-01 -9.53441447e-05 2.37811807e-04
2.25779978e-01 -3.23294986e-04 2.35537892e-04
2.26137010e-01 3.51663664e-04 2.31006359e-04
2.26494038e-01 3.14848043e-04 2.36330530e-04
2.26851063e-01 3.08773086e-04 2.39112893e-04
2.27208083e-01 3.24955463e-04 2.36375381e-04
2.27565100e-01 2.83076189e-04 2.33068291e-04
2.27922114e-01 -1.51638908e-04 2.35792677e-04
2.28279123e-01 -1.04037559e-04 2.33487448e-04
2.28636129e-01 -1.58776642e-05 2.36649934e-04
2.28993131e-01 1.67891055e-04 2.36205418e-04
2.29350129e-01 -2.37578436e-04 2.32837566e-04
2.29707124e-01 1.30262306e-04 2.33720201e-04
2.30064115e-01 -2.93468977e-04 2.28496724e-04
2.30421102e-01 -1.66636245e-04 2.31786573e-04
2.30778085e-01 3.11106526e-04 2.29845272e-04
2.31135064e-01 -1.00851419e-04 2.37434032e-04
2.31492040e-01 6.24468700e-05 2.32265707e-04
2.31849012e-01 3.19620310e-04 2.33078692e-04
2.32205980e-01 4.86866522e-04 2.35392022e-04
2.32562944e-01 -4.61379015e-05 2.33782677e-04
2.32919905e-01 -3.10518415e-04 2.26461961e-04
2.33276862e-01 2.48440402e-04 2.28907737e-04
2.33633814e-01 -9.14502396e-05 2.30325528e-04
2.33990763e-01 -4.30015679e-04 2.30849099e-04
2.34347709e-01 1.44996928e-05 2.23851880e-04
2.34704650e-01 7.56295572e-05 2.32313592e-04
2.35061588e-01 -1.64969540e-04 2.25086912e-04
2.35418521e-01 3.11372576e-04 2.31666799e-04
2.35775451e-01 -3.92456306e-04 2.27950594e-04
2.36132377e-01 2.52508557e-04 2.25456639e-04
2.36489299e-01 7.92207122e-06 2.26601254e-04
2.36846218e-01 -2.20011346e-04 2.27010326e-04
2.37203132e-01 3.14477099e-04 2.29611375e-04
2.37560042e-01 1.73681418e-04 2.29116067e-04
2.37916949e-01 -1.04600991e-04 2.24030350e-04
2.38273852e-01 -8.54968055e-06 2.29822334e-04
2.38630751e-01 -9.11658307e-05 2.29181070e-04
2.38987645e-01 4.37444991e-05 2.28286084e-04
2.39344537e-01 -1.40414030e-04 2.23331536e-04
2.39701424e-01 7.13112065e-05 2.24333896e-04
2.40058307e-01 -9.70121122e-05 2.22742392e-04
2.40415186e-01 3.51834638e-05 2.27985487e-04
2.40772061e-01 4.28224098e-05 2.21172193e-04
2.41128933e-01 4.54511905e-05 2.25312308e-04
2.41485800e-01 -7.30905866e-05 2.19257726e-04
2.41842664e-01 -3.90446988e-04 2.24230317e-04
2.42199523e-01 -1.12503815e-04 2.24914425e-04
2.42556379e-01 9.61793861e-05 2.25676705e-04
2.42913230e-01 1.40711749e-04 2.18789748e-04
2.43270078e-01 1.82596567e-04 2.26905216e-04
2.43626922e-01 -2.19506856e-04 2.20088134e-04
2.43983761e-01 -1.96216244e-04 2.21083297e-04
2.44340597e-01 -2.54241391e-04 2.15803526e-04
2.44697429e-01 -1.36981490e-04 2.17678350e-04
2.45054256e-01 1.74478662e-04 2.18277759e-04
2.45411080e-01 4.53145912e-04 2.21722512e-04
2.45767900e-01 -1.43049496e-04 2.16165322e-04
2.46124715e-01 -2.71828457e-04 2.19336900e-04
2.46481527e-01 1.21475406e-04 2.20005232e-04
2.46838334e-01 1.62028821e-04 2.19661117e-04
2.47195138e-01 2.37499967e-04 2.19345930e-04
2.47551938e-01 6.35462609e-05 2.19753320e-04
2.47908733e-01 5.22366867e-05 2.18979502e-04
2.48265524e-01 -4.72130717e-05 2.15944722e-04
2.48622312e-01 2.53803714e-05 2.19045464e-04
2.48979095e-01 -2.49717407e-05 2.13271176e-04
2.49335874e-01 -1.70992796e-04 2.15913249e-04
2.49692649e-01 2.83416879e-04 2.15329480e-04
2.50049420e-01 -1.69045364e-04 2.16229693e-04
2.50406187e-01 6.35817085e-05 2.14648323e-04
2.50762950e-01 -6.96996260e-05 2.12047259e-04
2.51119709e-01 9.37934313e-05 2.13687211e-04
2.51476464e-01 2.65831533e-04 2.14861851e-04
2.51833214e-01 -1.95051738e-04 2.14049236e-04
2.52189961e-01 -3.89559681e-04 2.14108114e-04
2.52546703e-01 8.02855708e-05 2.11488172e-04
2.52903441e-01 2.57391232e-04 2.12650186e-04
2.53260175e-01 2.76114175e-04 2.14801637e-04
2.53616905e-01 1.60292968e-04 2.11432714e-04
2.53973631e-01 2.54088099e-04 2.11110556e-04
2.54330352e-01 -1.94778930e-04 2.07610773e-04
2.54687070e-01 -2.26419346e-04 2.14965444e-04
2.55043783e-01 -6.67837460e-05 2.12462469e-04
2.55400492e-01 3.26899248e-04 2.13921437e-04
2.55757197e-01 2.29698565e-04 2.11866604e-04
2.56113898e-01 -1.39945871e-04 2.10702368e-04
2.56470595e-01 1.08936811e-05 2.12221053e-04
2.56827287e-01 1.34749737e-04 2.11656441e-04
2.57183975e-01 1.76326192e-04 2.11348148e-04
2.57540659e-01 -5.96843807e-05 2.13916107e-04
2.57897339e-01 -1.49322326e-04 2.17233795e-04
2.58254014e-01 -1.40920685e-04 2.12857941e-04
2.58610686e-01 1.14682046e-05 2.10992164e-04
2.58967353e-01 -1.82515589e-04 2.13179408e-04
2.59324016e-01 3.25487603e-05 2.13024044e-04
2.59680674e-01 -1.87947757e-04 2.13416537e-04
2.60037329e-01 8.10328717e-05 2.20290109e-04
2.60393979e-01 -1.20277272e-04 2.17959772e-04
2.60750625e-01 4.87509866e-04 2.20870218e-04
2.61107266e-01 -1.53384588e-04 2.12877456e-04
2.61463904e-01 1.16692752e-04 2.16058991e-04
2.61820537e-01 -1.17011539e-04 2.16325210e-04
2.62177166e-01 4.07062412e-05 2.18432564e-04
2.62533790e-01 -4.33425263e-05 2.19074754e-04
2.62890410e-01 -2.88718055e-04 2.10466430e-04
2.63247026e-01 1.29315400e-04 2.10730139e-04
2.63603638e-01 -4.24175616e-04 2.11998298e-04
2.63960245e-01 1.65064340e-04 2.14649128e-04
2.64316848e-01 1.08797659e-04 2.16098359e-04
2.64673447e-01 -2.42295734e-04 2.09223372e-04
2.65030042e-01 -3.20143682e-04 2.15089114e-04
2.65386632e-01 -1.75649207e-06 2.10201560e-04
2.65743217e-01 1.99118764e-04 2.09026177e-04
2.66099799e-01 2.53587345e-05 2.13054982e-04
2.66456376e-01 -1.64881803e-04 2.09843207e-04
2.66812948e-01 -2.12844207e-04 2.11225251e-04
2.67169517e-01 1.17721440e-05 2.18034353e-04
2.67526081e-01 3.73833576e-04 2.19533053e-04
2.67882640e-01 1.07313247e-04 2.20055290e-04
2.68239195e-01 -1.62844918e-04 2.13814967e-04
2.68595746e-01 -3.11345391e-04 2.10728657e-04
2.68952293e-01 2.22236885e-04 2.18735997e-04
2.69308835e-01 -1.18470428e-04 2.21085186e-04
2.69665372e-01 1.07057267e-04 2.19492074e-04
2.70021906e-01 -1.37628918e-04 2.19584213e-04
2.70378435e-01 -1.07002141e-04 2.24622536e-04
2.70734959e-01 -1.74170110e-04 2.18805045e-04
2.71091479e-01 -1.02802360e-04 2.21900262e-04
2.71447995e-01 -3.03274482e-04 2.19911446e-04
2.71804506e-01 1.27617812e-04 2.19765024e-04
2.72161012e-01 -8.17727118e-05 2.26365811e-04
2.72517515e-01 1.42946664e-04 2.26675209e-04
2.72874012e-01 2.27844946e-04 2.25461790e-04
