1.54026655e-02 2.99598424e-04 1.63218274e-03
1.57608633e-02 1.56950889e-03 1.61244722e-03
1.61190608e-02 6.92523401e-04 1.45375292e-03
1.64772580e-02 -6.23527582e-04 1.46287882e-03
1.68354550e-02 -4.68306149e-04 1.46875038e-03
1.71936517e-02 1.13099905e-03 1.39248875e-03
1.75518481e-02 -5.19822999e-04 1.33086840e-03
1.79100442e-02 7.96649009e-04 1.35611311e-03
1.82682400e-02 -8.54326692e-04 1.22368712e-03
1.86264355e-02 2.00644865e-04 1.17514584e-03
1.89846308e-02 7.31501396e-04 1.25832891e-03
1.93428257e-02 3.68501789e-04 1.09145875e-03
1.97010202e-02 8.27961160e-04 1.17767483e-03
2.00592145e-02 7.90110243e-04 1.10098620e-03
2.04174084e-02 1.61941404e-03 1.07728957e-03
2.07756020e-02 8.94930835e-04 1.02060948e-03
2.11337953e-02 2.66798671e-03 1.06227475e-03
2.14919882e-02 -4.89335271e-04 1.07134939e-03
2.18501808e-02 1.10675994e-03 1.07126033e-03
2.22083729e-02 1.33018394e-03 1.03159123e-03
2.25665648e-02 6.74668675e-04 9.99704401e-04
2.29247562e-02 -7.92391027e-04 9.61063465e-04
2.32829473e-02 1.38767995e-03 9.39985097e-04
2.36411380e-02 1.62573407e-03 9.21593333e-04
2.39993283e-02 2.94462103e-03 9.58799138e-04
2.43575182e-02 1.18597689e-03 9.11842221e-04
2.47157077e-02 2.53064491e-03 9.20207595e-04
2.50738968e-02 1.36498223e-03 8.87212547e-04
2.54320855e-02 7.81482807e-05 8.65394753e-04
2.57902738e-02 1.14321848e-03 8.86669092e-04
2.61484617e-02 -3.63589420e-04 9.20462109e-04
2.65066491e-02 -4.82983459e-04 8.02316578e-04
2.68648361e-02 1.70753201e-03 8.18354824e-04
2.72230226e-02 -8.63185658e-05 8.36443169e-04
2.75812087e-02 5.99581810e-04 7.92220475e-04
2.79393943e-02 3.96822826e-04 8.11427346e-04
2.82975795e-02 -5.81037505e-04 7.74470777e-04
2.86557642e-02 -4.27001459e-04 8.07535515e-04
2.90139485e-02 1.22193312e-03 8.21856561e-04
2.93721323e-02 7.10816701e-04 8.19209195e-04
2.97303155e-02 7.01106802e-04 7.72090156e-04
3.00884983e-02 -4.38027829e-04 7.87594025e-04
3.04466806e-02 5.72386674e-04 8.21004813e-04
3.08048624e-02 2.11980009e-03 8.11397050e-04
3.11630437e-02 1.60673539e-03 8.92424912e-04
3.15212245e-02 -1.13257560e-03 8.33839984e-04
3.18794048e-02 7.04967870e-04 8.31447083e-04
3.22375845e-02 1.44956077e-03 7.91317397e-04
3.25957637e-02 9.71388474e-04 7.84225054e-04
3.29539424e-02 6.94727398e-04 7.85978033e-04
3.33121205e-02 -9.89329853e-04 7.94572061e-04
3.36702981e-02 3.46881984e-04 7.76872832e-04
3.40284751e-02 6.22068591e-04 7.90841809e-04
3.43866516e-02 7.42574746e-05 7.77693761e-04
3.47448275e-02 6.48336686e-04 7.14501747e-04
3.51030028e-02 2.08558772e-03 7.00617747e-04
3.54611775e-02 9.41406368e-04 7.32527630e-04
3.58193517e-02 2.13611109e-04 6.97119904e-04
3.61775253e-02 1.96856319e-03 7.39842961e-04
3.65356983e-02 1.07654013e-03 7.20492214e-04
3.68938706e-02 2.13920302e-03 7.00503795e-04
3.72520424e-02 7.94564772e-04 7.03927120e-04
3.76102136e-02 5.21013102e-04 7.24853265e-04
3.79683841e-02 1.52200981e-03 7.18841021e-04
3.83265540e-02 3.95307197e-04 7.32134023e-04
3.86847233e-02 -5.13173315e-04 6.74275978e-04
3.90428920e-02 -5.72697726e-04 7.06646905e-04
3.94010600e-02 4.92705490e-04 7.00079539e-04
3.97592273e-02 -2.37619626e-04 6.95503937e-04
4.01173941e-02 4.80026503e-04 6.53439450e-04
4.04755601e-02 1.43074814e-04 6.46094722e-04
4.08337255e-02 8.31461773e-04 6.79961738e-04
4.11918902e-02 6.07261002e-04 6.24794378e-04
4.15500542e-02 9.44343738e-04 6.38122660e-04
4.19082176e-02 -8.89823091e-06 6.25555641e-04
4.22663802e-02 1.12233298e-03 6.43398528e-04
4.26245422e-02 4.53083137e-05 6.58199506e-04
4.29827034e-02 1.60683722e-03 7.03968757e-04
4.33408640e-02 1.06162451e-03 6.60687141e-04
4.36990238e-02 4.94978405e-04 6.68954286e-04
4.40571830e-02 8.24582702e-04 6.59323185e-04
4.44153414e-02 1.51136689e-04 6.49937241e-04
4.47734990e-02 -4.18322260e-04 6.54077902e-04
4.51316560e-02 5.70140235e-05 6.47715707e-04
4.54898122e-02 9.28720724e-04 6.54666449e-04
4.58479676e-02 -6.45919994e-04 6.88803708e-04
4.62061223e-02 -6.27125246e-04 6.25854119e-04
4.65642762e-02 2.01797727e-04 6.57315288e-04
4.69224294e-02 1.66602433e-03 6.61158450e-04
4.72805818e-02 6.19661436e-05 6.67083189e-04
4.76387334e-02 2.86273690e-04 6.35605533e-04
4.79968842e-02 -6.37898077e-04 6.08125904e-04
4.83550342e-02 3.13233207e-04 6.13114175e-04
4.87131835e-02 6.48549734e-04 6.33187581e-04
4.90713319e-02 7.77791555e-04 6.20488256e-04
4.94294795e-02 -2.32824610e-04 6.28506964e-04
4.97876264e-02 4.80664684e-04 5.82683351e-04
5.01457724e-02 6.77611811e-05 6.06572941e-04
5.05039175e-02 -1.62337590e-04 5.91250975e-04
5.08620619e-02 7.61662660e-05 5.81087881e-04
5.12202054e-02 6.41538217e-04 5.85180971e-04
5.15783481e-02 -2.80126513e-04 5.73206949e-04
5.19364899e-02 -3.98689792e-04 5.88425614e-04
5.22946308e-02 -9.34399237e-04 5.99494292e-04
5.26527709e-02 4.71276355e-04 5.71111600e-04
5.30109102e-02 6.07940991e-04 5.72895464e-04
5.33690485e-02 -8.56685746e-05 5.65104972e-04
5.37271860e-02 1.98155568e-04 5.86164415e-04
5.40853226e-02 4.53714828e-04 5.75615280e-04
5.44434583e-02 7.28451730e-04 5.54993823e-04
5.48015932e-02 3.03033789e-04 5.65380886e-04
5.51597271e-02 1.05373642e-03 5.57085560e-04
5.55178601e-02 6.00013376e-04 5.50607988e-04
5.58759922e-02 -2.51785845e-04 5.59370724e-04
5.62341234e-02 5.11908870e-04 5.78675415e-04
5.65922536e-02 2.06136317e-04 5.59991758e-04
5.69503829e-02 5.30772682e-04 5.44440454e-04
5.73085113e-02 7.36470234e-05 5.56491252e-04
5.76666388e-02 6.72810898e-04 5.42069333e-04
5.80247653e-02 1.50806277e-04 5.40846000e-04
5.83828908e-02 9.34645288e-04 5.38724446e-04
5.87410154e-02 -1.19838637e-04 5.31619066e-04
5.90991390e-02 2.20334959e-04 5.53680538e-04
5.94572616e-02 -4.81979471e-04 5.56065265e-04
5.98153833e-02 8.25072143e-04 5.17814037e-04
6.01735040e-02 2.61853714e-04 5.34469923e-04
6.05316237e-02 -4.06181724e-04 5.34647781e-04
6.08897424e-02 -5.08806856e-04 5.16855462e-04
6.12478600e-02 -3.75084756e-04 5.07765627e-04
6.16059767e-02 -2.21267102e-04 5.31462025e-04
6.19640924e-02 2.35416193e-04 5.26061867e-04
6.23222071e-02 -1.08485803e-03 5.28520401e-04
6.26803207e-02 4.44699510e-04 5.30393297e-04
6.30384333e-02 -3.18355620e-04 5.14189435e-04
6.33965448e-02 4.00063507e-04 5.05000214e-04
6.37546554e-02 -1.48683718e-05 5.06658940e-04
6.41127648e-02 7.37001406e-04 4.94035925e-04
6.44708732e-02 7.03877969e-04 5.18114641e-04
6.48289806e-02 -4.11317443e-04 4.94695208e-04
6.51870869e-02 -8.04207974e-04 4.92735810e-04
6.55451921e-02 7.32267136e-04 5.18211349e-04
6.59032962e-02 -5.67782081e-04 4.96868554e-04
6.62613993e-02 -7.84503812e-05 4.93462666e-04
6.66195012e-02 -5.95596182e-05 4.84184873e-04
6.69776021e-02 1.88088879e-04 4.88999671e-04
6.73357019e-02 -6.95239305e-04 4.95058878e-04
6.76938005e-02 -6.84218394e-04 4.92666653e-04
6.80518981e-02 9.20288560e-05 4.73420269e-04
6.84099945e-02 -4.25293430e-04 4.92205884e-04
6.87680898e-02 5.43568070e-05 4.81401045e-04
6.91261840e-02 -1.91704194e-04 4.75243241e-04
6.94842770e-02 1.89848457e-04 4.65522904e-04
6.98423689e-02 3.30962618e-05 4.73368395e-04
7.02004596e-02 4.17195509e-04 4.89170941e-04
7.05585492e-02 7.23769428e-05 4.78547753e-04
7.09166377e-02 4.26788753e-04 4.73694618e-04
7.12747249e-02 -2.29537169e-04 4.58723698e-04
7.16328110e-02 -1.09552721e-04 4.75200660e-04
7.19908959e-02 -2.19385210e-06 4.80945041e-04
7.23489796e-02 9.72735575e-04 4.76182997e-04
7.27070622e-02 -3.81129773e-05 4.64654736e-04
7.30651435e-02 3.08261219e-04 4.61996816e-04
7.34232237e-02 -1.98332953e-04 4.57999947e-04
7.37813026e-02 8.63920303e-04 4.72183329e-04
7.41393803e-02 7.02062866e-04 4.74991580e-04
7.44974568e-02 -4.21176624e-04 4.67006820e-04
7.48555321e-02 1.69371537e-04 4.64434509e-04
7.52136061e-02 4.10304898e-04 4.68843703e-04
7.55716789e-02 1.26110472e-03 4.71459619e-04
7.59297505e-02 1.09606978e-04 4.61987448e-04
7.62878208e-02 -3.04125778e-04 4.72356093e-04
7.66458899e-02 8.42874699e-04 4.46544134e-04
7.70039577e-02 9.53522902e-05 4.50440358e-04
7.73620242e-02 1.41301009e-04 4.43388006e-04
7.77200895e-02 -5.09122879e-04 4.54778738e-04
7.80781535e-02 -9.01243396e-06 4.53407132e-04
7.84362162e-02 1.91078094e-04 4.51993195e-04
7.87942776e-02 5.75867258e-05 4.32447471e-04
7.91523377e-02 2.75783249e-04 4.47008906e-04
7.95103965e-02 -2.19587344e-04 4.59010548e-04
7.98684540e-02 2.85840919e-04 4.45041003e-04
8.02265102e-02 2.40961596e-04 4.44551085e-04
8.05845651e-02 -5.40323297e-05 4.41697452e-04
8.09426186e-02 4.27967588e-04 4.46773587e-04
8.13006709e-02 -5.60473977e-04 4.56773279e-04
8.16587217e-02 -3.91442240e-04 4.34670170e-04
8.20167713e-02 1.18015169e-04 4.30783404e-04
8.23748195e-02 -8.53920597e-04 4.40221435e-04
8.27328663e-02 -2.35441365e-04 4.36049926e-04
8.30909118e-02 1.32710460e-04 4.37851384e-04
8.34489559e-02 4.47223619e-04 4.46502341e-04
8.38069986e-02 -1.25832476e-04 4.35557683e-04
8.41650400e-02 1.37517620e-04 4.26246740e-04
8.45230800e-02 -2.43445795e-04 4.11844888e-04
8.48811185e-02 -1.25757316e-04 4.26640414e-04
8.52391557e-02 2.65905799e-04 4.26069002e-04
8.55971915e-02 2.46702914e-05 4.36568523e-04
8.59552259e-02 3.28156581e-04 4.40509106e-04
8.63132589e-02 2.85362983e-04 4.29897889e-04
8.66712904e-02 -8.51633275e-05 4.25430711e-04
8.70293205e-02 -1.18100533e-03 4.32810891e-04
8.73873492e-02 2.53616686e-04 4.27289500e-04
8.77453765e-02 -4.09491903e-04 4.29772355e-04
8.81034023e-02 -3.51859649e-04 4.33701406e-04
8.84614267e-02 -1.02848730e-03 4.23986322e-04
8.88194496e-02 -1.14870785e-03 4.21551543e-04
8.91774710e-02 -2.57026355e-05 4.30598887e-04
8.95354910e-02 -1.37068157e-04 4.14620219e-04
8.98935095e-02 6.11622920e-04 4.23249409e-04
9.02515266e-02 -2.36732554e-04 4.32347729e-04
9.06095421e-02 -2.87386568e-04 4.34268798e-04
9.09675562e-02 -1.48619626e-04 4.31880120e-04
9.13255687e-02 -6.80980140e-04 4.27841517e-04
9.16835798e-02 9.06287278e-04 4.48374862e-04
9.20415894e-02 7.84960259e-04 4.36422659e-04
9.23995974e-02 -3.35214100e-04 4.33152615e-04
9.27576039e-02 3.58455517e-05 4.20151105e-04
9.31156089e-02 8.55784006e-04 4.16767052e-04
9.34736124e-02 5.42601496e-04 4.14658920e-04
9.38316143e-02 5.78546171e-04 4.19919047e-04
9.41896147e-02 4.42401503e-04 4.07488059e-04
9.45476136e-02 -5.38331401e-05 4.14609180e-04
9.49056108e-02 -2.33414502e-04 4.18832676e-04
9.52636066e-02 -5.52650339e-04 4.06925353e-04
9.56216007e-02 1.37615669e-04 4.02265452e-04
9.59795933e-02 3.19972712e-04 4.16277713e-04
9.63375843e-02 4.08435339e-05 4.05856423e-04
9.66955738e-02 -7.48320822e-04 4.06577497e-04
9.70535616e-02 8.42012486e-05 4.11758064e-04
9.74115478e-02 -6.80180742e-04 4.01733924e-04
9.77695325e-02 -4.74254136e-04 4.09848055e-04
9.81275155e-02 -2.74918155e-04 4.07607575e-04
9.84854969e-02 -3.59849897e-04 4.15427089e-04
9.88434768e-02 5.74484955e-04 4.13486073e-04
9.92014549e-02 -1.85279642e-04 3.96586311e-04
9.95594315e-02 3.14952331e-04 4.02388396e-04
9.99174064e-02 -4.53929654e-04 3.86820851e-04
1.00275380e-01 2.18826609e-04 3.99018865e-04
1.00633351e-01 1.23082363e-04 3.91572257e-04
1.00991321e-01 3.17527650e-05 3.87114209e-04
1.01349290e-01 6.72361327e-04 3.99739697e-04
1.01707256e-01 2.84181360e-04 3.91570161e-04
1.02065221e-01 -5.28836979e-05 3.87808481e-04
1.02423184e-01 2.80387369e-04 3.91725219e-04
1.02781146e-01 -5.50202188e-04 3.82983122e-04
1.03139106e-01 -3.12677977e-04 3.88403983e-04
1.03497064e-01 -5.71406173e-04 3.79989963e-04
1.03855021e-01 3.65949294e-04 3.85628547e-04
1.04212976e-01 -9.07064320e-04 3.90333702e-04
1.04570929e-01 -2.18832629e-04 3.94922322e-04
1.04928880e-01 -6.66596104e-04 3.91631045e-04
1.05286830e-01 2.71522913e-04 3.92746932e-04
1.05644778e-01 4.54288422e-04 4.10981387e-04
1.06002724e-01 -3.15026252e-04 3.97335688e-04
1.06360668e-01 -5.16997591e-04 3.89969804e-04
1.06718611e-01 -3.89064295e-04 3.96905454e-04
1.07076552e-01 -4.66501551e-04 4.01205112e-04
1.07434491e-01 1.70630713e-04 3.93572163e-04
1.07792429e-01 2.49270489e-04 4.01538011e-04
1.08150364e-01 5.86303510e-04 4.06898715e-04
1.08508298e-01 -7.28282785e-04 3.99143216e-04
1.08866230e-01 -8.18707285e-05 3.87092526e-04
1.09224160e-01 -2.17787623e-04 3.96887879e-04
1.09582089e-01 2.75002785e-05 3.92559015e-04
1.09940016e-01 -3.49318713e-04 3.98605211e-04
1.10297941e-01 -4.70515816e-05 4.14059464e-04
1.10655864e-01 4.75108414e-04 3.93050090e-04
1.11013785e-01 5.07929803e-04 3.92551358e-04
1.11371704e-01 -3.20812810e-04 3.88018042e-04
1.11729622e-01 5.47872295e-05 3.92328747e-04
1.12087538e-01 1.35728474e-04 3.81452978e-04
1.12445452e-01 -5.94365846e-04 3.73461920e-04
1.12803364e-01 2.25784726e-04 3.83744241e-04
1.13161274e-01 -1.65902346e-04 3.86626375e-04
1.13519182e-01 -3.97744367e-04 3.76912102e-04
1.13877089e-01 -2.96511047e-04 3.73147477e-04
1.14234994e-01 4.09701879e-04 3.77463461e-04
1.14592896e-01 -1.92616527e-04 3.65567264e-04
1.14950797e-01 3.72716596e-04 3.72063960e-04
1.15308696e-01 2.80502241e-04 3.70722502e-04
1.15666593e-01 -5.04881011e-04 3.78883222e-04
1.16024488e-01 -6.03982825e-04 3.62265045e-04
1.16382382e-01 2.81053856e-04 3.68408295e-04
1.16740273e-01 -4.96128704e-04 3.61582179e-04
1.17098163e-01 1.25616769e-04 3.55626524e-04
1.17456050e-01 7.88404802e-04 3.67192513e-04
1.17813936e-01 -1.21351940e-04 3.71586451e-04
1.18171819e-01 3.89454091e-05 3.77504322e-04
1.18529701e-01 2.07992307e-04 3.65343734e-04
1.18887581e-01 -1.48828419e-04 3.73375717e-04
1.19245459e-01 -1.84252182e-04 3.82700937e-04
1.19603335e-01 -2.79329833e-04 3.80801768e-04
1.19961208e-01 4.50218938e-04 3.71637034e-04
1.20319080e-01 4.18375589e-06 3.75937452e-04
1.20676950e-01 5.65873494e-04 3.68688713e-04
1.21034818e-01 1.30828757e-04 3.79156417e-04
1.21392684e-01 -3.33124651e-04 3.63745365e-04
1.21750548e-01 -2.39937722e-04 3.82848306e-04
1.22108410e-01 -4.67821371e-05 3.74972145e-04
1.22466270e-01 -4.68097013e-04 3.83338487e-04
1.22824128e-01 -6.79888118e-05 3.88229652e-04
1.23181984e-01 5.50104569e-04 3.79107482e-04
1.23539838e-01 2.45105072e-04 3.73174081e-04
1.23897690e-01 6.72550754e-04 3.77298063e-04
1.24255540e-01 3.14972716e-04 3.67648942e-04
1.24613388e-01 2.66299706e-04 3.82828797e-04
1.24971233e-01 3.59752876e-04 3.67846856e-04
1.25329077e-01 -2.38442612e-05 3.59555026e-04
1.25686919e-01 -1.10381879e-04 3.70464571e-04
1.26044758e-01 2.51055815e-04 3.61728505e-04
1.26402596e-01 -1.86918002e-04 3.64466946e-04
1.26760431e-01 2.14938749e-04 3.62275153e-04
1.27118265e-01 -1.81746561e-04 3.59551808e-04
1.27476096e-01 -3.38483721e-04 3.50481249e-04
1.27833925e-01 5.51562032e-04 3.53916938e-04
1.28191752e-01 -1.01791881e-04 3.51928128e-04
1.28549577e-01 -1.51416286e-04 3.58318044e-04
1.28907400e-01 7.08225127e-05 3.58060303e-04
1.29265221e-01 -2.62906844e-04 3.39413081e-04
1.29623040e-01 3.20693800e-04 3.56836558e-04
1.29980856e-01 -7.64551708e-05 3.54854517e-04
1.30338670e-01 -2.44213240e-04 3.48167631e-04
1.30696483e-01 -1.44527298e-04 3.46143725e-04
1.31054293e-01 4.01296594e-04 3.46773548e-04
1.31412101e-01 1.85129760e-04 3.47944152e-04
1.31769906e-01 3.54401883e-04 3.52639810e-04
1.32127710e-01 1.11616829e-03 3.41280527e-04
1.32485511e-01 -1.04437256e-04 3.48277886e-04
1.32843311e-01 1.13505026e-05 3.48183661e-04
1.33201108e-01 2.14225728e-04 3.54373920e-04
1.33558903e-01 -2.87188156e-05 3.40765888e-04
1.33916695e-01 1.96766866e-05 3.47440749e-04
1.34274486e-01 9.99661056e-05 3.37094736e-04
1.34632274e-01 8.49500305e-05 3.36182250e-04
1.34990060e-01 -9.02930824e-05 3.36955353e-04
1.35347844e-01 -2.55351853e-06 3.37330874e-04
1.35705626e-01 1.53337786e-04 3.36321049e-04
1.36063405e-01 4.63556690e-04 3.41657359e-04
1.36421182e-01 4.18354731e-04 3.36004561e-04
1.36778957e-01 9.98749459e-05 3.39211089e-04
1.37136730e-01 9.52051359e-06 3.40810019e-04
1.37494500e-01 1.99691050e-04 3.31115276e-04
1.37852269e-01 3.20261907e-04 3.36372243e-04
1.38210034e-01 1.21079954e-04 3.27022256e-04
1.38567798e-01 -3.62779909e-04 3.29206389e-04
1.38925559e-01 1.83396089e-04 3.31007805e-04
1.39283319e-01 -4.35703070e-04 3.30181782e-04
1.39641075e-01 -1.75495738e-04 3.25548483e-04
1.39998830e-01 -5.89831309e-04 3.24742777e-04
1.40356582e-01 -1.04212363e-04 3.34627611e-04
1.40714332e-01 -3.18187286e-04 3.24181693e-04
1.41072080e-01 1.51584266e-04 3.35144952e-04
1.41429825e-01 -5.69978377e-05 3.22766554e-04
1.41787568e-01 2.94488320e-04 3.22854342e-04
1.42145308e-01 -9.79627064e-04 3.21910410e-04
1.42503047e-01 -1.18543679e-05 3.29199805e-04
1.42860783e-01 -4.33462751e-06 3.23706053e-04
1.43218516e-01 -8.08591529e-05 3.27581823e-04
1.43576247e-01 -5.10370273e-04 3.21464271e-04
1.43933976e-01 -1.52116039e-04 3.28204928e-04
1.44291703e-01 2.63835784e-05 3.28571745e-04
1.44649427e-01 -2.21403255e-04 3.23609649e-04
1.45007149e-01 -2.59604351e-04 3.18261744e-04
1.45364868e-01 -1.06009741e-04 3.16588870e-04
1.45722585e-01 -2.19024162e-04 3.16921513e-04
1.46080300e-01 2.70217433e-04 3.17307065e-04
1.46438012e-01 -1.21226270e-04 3.17310922e-04
1.46795722e-01 1.03000052e-04 3.23579594e-04
1.47153429e-01 4.02023264e-04 3.27995291e-04
1.47511134e-01 2.31462831e-04 3.16047899e-04
1.47868837e-01 6.33112346e-04 3.11656864e-04
1.48226537e-01 1.08258589e-04 3.23427463e-04
1.48584235e-01 -3.81583590e-05 3.18911290e-04
1.48941930e-01 4.69662500e-06 3.19335288e-04
1.49299623e-01 1.15266502e-04 3.17704973e-04
1.49657313e-01 -3.74625901e-04 3.13739865e-04
1.50015001e-01 -2.59735214e-04 3.16316303e-04
1.50372687e-01 5.17391534e-05 3.20043823e-04
1.50730370e-01 -1.41242301e-04 3.07587855e-04
1.51088050e-01 2.93534275e-04 3.13799481e-04
1.51445728e-01 1.73226772e-05 3.13044394e-04
1.51803404e-01 -1.79347443e-04 3.08198611e-04
1.52161077e-01 1.74048397e-04 3.12453397e-04
1.52518747e-01 -6.55973407e-06 3.04156877e-04
1.52876416e-01 2.42039537e-05 3.07827133e-04
1.53234081e-01 2.99157197e-04 3.17738887e-04
1.53591744e-01 2.75624445e-04 3.11744227e-04
1.53949405e-01 -2.55754748e-04 3.08368419e-04
1.54307063e-01 -1.39412917e-04 3.02854922e-04
1.54664718e-01 -4.07637999e-04 3.07304481e-04
1.55022371e-01 1.82890738e-04 3.15542098e-04
1.55380021e-01 -2.18250118e-05 3.10857641e-04
1.55737669e-01 -1.21350271e-04 3.09658440e-04
1.56095314e-01 4.33571629e-04 3.06250281e-04
1.56452957e-01 1.43422480e-04 2.96273029e-04
1.56810597e-01 2.62427677e-04 3.08554825e-04
1.57168235e-01 4.16128867e-05 3.09101442e-04
1.57525870e-01 3.04317754e-04 3.01108493e-04
1.57883502e-01 2.58052611e-04 2.98336308e-04
1.58241132e-01 1.66104816e-04 3.01154231e-04
1.58598759e-01 -1.40354061e-04 2.95611927e-04
1.58956384e-01 1.87383019e-04 2.99107687e-04
1.59314006e-01 6.42505288e-04 2.97260258e-04
1.59671625e-01 -7.14795962e-05 3.07567981e-04
1.60029242e-01 -1.69631091e-04 3.05859750e-04
1.60386856e-01 -9.94594582e-05 3.01582983e-04
1.60744468e-01 1.55916559e-04 3.03478969e-04
1.61102076e-01 -1.76546998e-05 3.02147900e-04
1.61459683e-01 -2.73171702e-04 2.95467642e-04
1.61817286e-01 7.30098564e-05 3.01680894e-04
1.62174887e-01 -9.99351863e-05 2.95596666e-04
1.62532485e-01 4.10298671e-04 2.96563538e-04
1.62890081e-01 -2.92102239e-04 2.88119473e-04
1.63247674e-01 -4.31084009e-04 2.93018138e-04
1.63605264e-01 -1.53670917e-04 2.95676543e-04
1.63962852e-01 -2.19958299e-04 2.90924506e-04
1.64320437e-01 4.93659995e-05 2.96887674e-04
1.64678019e-01 2.94836301e-04 2.95646534e-04
1.65035598e-01 2.83624526e-04 2.88930187e-04
1.65393175e-01 -3.06149883e-04 2.94413305e-04
1.65750749e-01 1.61171293e-04 2.97278618e-04
1.66108320e-01 5.89108345e-04 2.93316341e-04
1.66465889e-01 4.79366378e-05 3.00508318e-04
1.66823455e-01 -5.42738298e-04 2.89732543e-04
1.67181018e-01 -1.49963499e-04 2.93171478e-04
1.67538578e-01 -1.84916437e-04 2.85193784e-04
1.67896136e-01 5.25355468e-06 2.88334440e-04
1.68253691e-01 -1.18958940e-04 2.86660107e-04
1.68611243e-01 -1.56838944e-04 2.89510119e-04
1.68968792e-01 1.25781277e-04 2.89037562e-04
1.69326339e-01 6.88623191e-04 2.91942808e-04
1.69683883e-01 4.38059279e-04 2.91165021e-04
1.70041424e-01 6.81868498e-05 2.84634085e-04
1.70398962e-01 3.12716762e-05 2.87830590e-04
1.70756497e-01 5.80648097e-05 2.83065739e-04
1.71114030e-01 1.39434680e-04 2.91722459e-04
1.71471560e-01 -1.84604055e-04 2.84205715e-04
1.71829087e-01 9.82250438e-05 2.80105137e-04
1.72186611e-01 1.18305200e-04 2.89641175e-04
1.72544132e-01 4.79748188e-05 2.84848983e-04
1.72901651e-01 -1.04184201e-04 2.85753102e-04
1.73259167e-01 4.43801727e-04 2.87122642e-04
1.73616679e-01 -3.25935235e-04 2.84675885e-04
1.73974189e-01 -1.44023768e-04 2.85178065e-04
1.74331697e-01 -2.61034519e-04 2.77983871e-04
1.74689201e-01 2.49115061e-04 2.76269141e-04
1.75046702e-01 1.61033265e-04 2.75292100e-04
1.75404201e-01 2.63269245e-05 2.85071495e-04
1.75761697e-01 -3.48948044e-04 2.78155044e-04
1.76119189e-01 -5.34990246e-04 2.76879124e-04
1.76476679e-01 -5.66952332e-05 2.80872518e-04
1.76834166e-01 -2.13935936e-04 2.78016332e-04
1.77191650e-01 2.72212622e-04 2.81116247e-04
1.77549132e-01 -1.04080547e-04 2.77876581e-04
1.77906610e-01 -2.25130047e-04 2.79111999e-04
1.78264085e-01 1.51538683e-04 2.83911952e-04
1.78621558e-01 -8.44004095e-05 2.74896675e-04
1.78979027e-01 1.67292461e-04 2.75857141e-04
1.79336494e-01 -1.88821502e-04 2.76503196e-04
1.79693958e-01 5.05798450e-05 2.76304305e-04
1.80051418e-01 -5.95877650e-05 2.68402915e-04
1.80408876e-01 -3.89738528e-04 2.78550562e-04
1.80766331e-01 -2.14869839e-04 2.75406667e-04
1.81123783e-01 2.37381531e-04 2.82380251e-04
1.81481232e-01 1.81407876e-05 2.85262349e-04
1.81838677e-01 -4.56590733e-04 2.76553315e-04
1.82196120e-01 -4.09326342e-04 2.79652523e-04
1.82553560e-01 -6.29865450e-05 2.84959931e-04
1.82910997e-01 -5.22936774e-04 2.83528686e-04
1.83268431e-01 -2.44219033e-05 2.86614310e-04
1.83625862e-01 1.73986576e-04 2.87281369e-04
1.83983290e-01 2.14579492e-04 2.84039297e-04
1.84340715e-01 -3.02587190e-04 2.86436805e-04
1.84698137e-01 4.50282411e-05 2.78091808e-04
1.85055556e-01 4.23143611e-05 2.79621418e-04
1.85412971e-01 -5.34552934e-05 2.82906709e-04
1.85770384e-01 -3.52470397e-05 2.82348962e-04
1.86127794e-01 1.67120550e-04 2.75676898e-04
1.86485200e-01 -6.31108656e-05 2.79957703e-04
1.86842604e-01 2.20525525e-04 2.77841575e-04
1.87200005e-01 9.33431420e-05 2.72576586e-04
1.87557402e-01 -1.53351306e-04 2.71603193e-04
1.87914797e-01 -2.10623279e-04 2.71054340e-04
1.88272188e-01 -2.22355557e-04 2.74337411e-04
1.88629576e-01 -6.60455421e-05 2.76250045e-04
1.88986961e-01 2.14855339e-04 2.75608292e-04
1.89344343e-01 -2.08041731e-04 2.75865608e-04
1.89701722e-01 -3.43300227e-04 2.66544716e-04
1.90059098e-01 1.65849886e-05 2.69581941e-04
1.90416471e-01 2.05269573e-04 2.74118878e-04
1.90773840e-01 1.39035358e-04 2.74170687e-04
1.91131207e-01 3.12883415e-04 2.77591569e-04
1.91488570e-01 -2.91963679e-04 2.69485773e-04
1.91845930e-01 2.89567992e-04 2.74565210e-04
1.92203287e-01 1.21130799e-04 2.68826897e-04
1.92560641e-01 -2.58232523e-04 2.69869706e-04
1.92917992e-01 4.46841265e-05 2.74974404e-04
1.93275340e-01 2.03035960e-05 2.65370017e-04
1.93632684e-01 -4.60437260e-06 2.69323221e-04
1.93990025e-01 -1.01502241e-04 2.68250319e-04
1.94347363e-01 -2.38399535e-04 2.75637393e-04
1.94704698e-01 -2.98801823e-04 2.76832601e-04
1.95062030e-01 2.44331908e-05 2.72288131e-04
1.95419358e-01 -1.07828304e-04 2.71962670e-04
1.95776684e-01 -2.68077513e-05 2.78046781e-04
1.96134006e-01 -2.41613881e-04 2.69964456e-04
1.96491324e-01 1.20482723e-04 2.70515784e-04
1.96848640e-01 1.85327363e-04 2.68892337e-04
1.97205953e-01 -2.96057126e-04 2.70762785e-04
1.97563262e-01 -4.31611816e-05 2.64312558e-04
1.97920568e-01 -1.38888090e-04 2.65176466e-04
1.98277870e-01 2.85354200e-05 2.74707952e-04
1.98635170e-01 -9.62312634e-05 2.76175523e-04
1.98992466e-01 4.01929951e-05 2.72177462e-04
1.99349759e-01 -5.85246878e-05 2.72498746e-04
1.99707049e-01 4.53787863e-06 2.78494398e-04
2.00064335e-01 4.40833187e-04 2.67507270e-04
2.00421618e-01 -1.72737708e-04 2.70003102e-04
2.00778898e-01 -1.57689173e-04 2.63209881e-04
2.01136174e-01 -2.62307295e-04 2.59445288e-04
2.01493448e-01 -7.39740520e-04 2.61070967e-04
2.01850718e-01 1.66014156e-04 2.67533886e-04
2.02207984e-01 -1.96117666e-04 2.56944554e-04
2.02565248e-01 -3.00482012e-04 2.63431616e-04
2.02922508e-01 -8.70967973e-05 2.63689992e-04
2.03279764e-01 -2.85117215e-04 2.54704344e-04
2.03637018e-01 1.93319253e-05 2.59635370e-04
2.03994268e-01 -2.45723910e-04 2.60110669e-04
2.04351514e-01 -2.80854027e-04 2.56694476e-04
2.04708758e-01 1.53202345e-04 2.60244798e-04
2.05065998e-01 -8.48048789e-05 2.57765589e-04
2.05423234e-01 -2.21631336e-04 2.53443617e-04
2.05780467e-01 -7.85132066e-05 2.58060444e-04
2.06137697e-01 1.36181305e-05 2.55753087e-04
2.06494924e-01 1.43346742e-04 2.58001292e-04
2.06852147e-01 -3.45613938e-04 2.58547951e-04
2.07209367e-01 1.17946174e-04 2.56111744e-04
2.07566583e-01 -1.59483682e-04 2.56388856e-04
2.07923796e-01 -3.20390984e-04 2.51874396e-04
2.08281005e-01 1.66438622e-04 2.54121158e-04
2.08638211e-01 -6.39523883e-05 2.55703010e-04
2.08995414e-01 -7.81532204e-06 2.54392195e-04
2.09352613e-01 -1.51225388e-04 2.58298492e-04
2.09709809e-01 -2.62449981e-05 2.53201679e-04
2.10067002e-01 1.02505883e-04 2.51352227e-04
2.10424191e-01 -1.77803135e-05 2.53356138e-04
2.10781376e-01 -2.40874908e-04 2.51346763e-04
2.11138558e-01 -1.93705411e-05 2.50677653e-04
2.11495737e-01 -1.58349700e-04 2.45210835e-04
2.11852912e-01 -6.37815551e-05 2.49963351e-04
2.12210084e-01 2.48773533e-04 2.53731158e-04
2.12567252e-01 3.34183175e-04 2.51799860e-04
2.12924416e-01 1.21274441e-04 2.44405465e-04
2.13281578e-01 -4.02782376e-04 2.50798193e-04
2.13638735e-01 -3.83017634e-04 2.44041398e-04
2.13995890e-01 -2.24556663e-04 2.48027136e-04
2.14353040e-01 -8.85719621e-05 2.42920965e-04
2.14710188e-01 -1.60692004e-04 2.45897342e-04
2.15067331e-01 1.11517448e-04 2.45288203e-04
2.15424471e-01 -2.29961901e-04 2.43143754e-04
2.15781608e-01 3.60136278e-07 2.48495198e-04
2.16138741e-01 2.99804684e-04 2.48912745e-04
2.16495871e-01 -1.74399967e-04 2.44222476e-04
2.16852997e-01 -8.66685607e-06 2.46587993e-04
2.17210119e-01 -4.69069669e-05 2.45125529e-04
2.17567238e-01 -5.05024535e-04 2.44993049e-04
2.17924354e-01 -2.93518240e-04 2.43233773e-04
2.18281465e-01 1.00960490e-04 2.38014272e-04
2.18638574e-01 -2.40219073e-04 2.41012060e-04
2.18995678e-01 1.28585204e-04 2.42500286e-04
2.19352779e-01 4.57542491e-04 2.40170849e-04
2.19709877e-01 -2.67888131e-04 2.37341273e-04
2.20066971e-01 1.03023914e-04 2.40085780e-04
2.20424061e-01 1.17569078e-04 2.40997550e-04
2.20781147e-01 -2.51136904e-04 2.44807621e-04
2.21138230e-01 1.53515145e-04 2.42148667e-04
2.21495310e-01 -3.53730202e-05 2.36973395e-04
2.21852386e-01 8.53618090e-05 2.39606804e-04
2.22209458e-01 -2.20779941e-04 2.38047634e-04
2.22566526e-01 6.19421796e-05 2.40485212e-04
2.22923591e-01 1.97211895e-05 2.39520400e-04
2.23280652e-01 -2.15450655e-05 2.35472997e-04
2.23637710e-01 2.25560489e-04 2.37551967e-04
2.23994764e-01 1.86637153e-06 2.38889481e-04
2.24351814e-01 -6.08815970e-05 2.36294404e-04
2.24708861e-01 -2.18950349e-04 2.37954017e-04
2.25065904e-01 -7.88448106e-05 2.33553131e-04
2.25422943e-01 4.29112088e-04 2.38136247e-04
2.25779978e-01 2.55155266e-04 2.42303119e-04
2.26137010e-01 1.56881365e-04 2.37241883e-04
2.26494038e-01 2.82983933e-04 2.37995137e-04
2.26851063e-01 -5.96717982e-04 2.29478070e-04
2.27208083e-01 -2.44022182e-04 2.35107016e-04
2.27565100e-01 -4.02042831e-04 2.33036503e-04
2.27922114e-01 -1.18289589e-05 2.33093220e-04
2.28279123e-01 2.57012778e-04 2.35666416e-04
2.28636129e-01 -3.29293704e-04 2.28927989e-04
2.28993131e-01 -7.29323266e-05 2.33416183e-04
2.29350129e-01 -2.81057415e-04 2.29402573e-04
2.29707124e-01 -3.30309386e-04 2.31653502e-04
2.30064115e-01 -1.30242676e-04 2.35136758e-04
2.30421102e-01 -2.11299782e-04 2.31642478e-04
2.30778085e-01 1.31705814e-04 2.35761797e-04
2.31135064e-01 2.05304895e-04 2.31477065e-04
2.31492040e-01 -2.56432294e-04 2.32325749e-04
2.31849012e-01 -1.97036683e-05 2.31056238e-04
2.32205980e-01 -1.82850357e-04 2.36994732e-04
2.32562944e-01 3.11238873e-04 2.33820611e-04
2.32919905e-01 2.65447922e-04 2.35744883e-04
2.33276862e-01 -1.36723446e-04 2.31366237e-04
2.33633814e-01 -2.22661530e-04 2.29032514e-04
2.33990763e-01 4.89670401e-05 2.32308205e-04
2.34347709e-01 3.79859963e-04 2.29343325e-04
2.34704650e-01 4.27943076e-05 2.26188529e-04
2.35061588e-01 -2.88211268e-04 2.34179784e-04
2.35418521e-01 -2.33681121e-04 2.30248036e-04
2.35775451e-01 -1.80972065e-05 2.26629260e-04
2.36132377e-01 2.52866735e-05 2.30537596e-04
2.36489299e-01 4.57534586e-05 2.26081085e-04
2.36846218e-01 1.33325347e-04 2.29138011e-04
2.37203132e-01 1.10572425e-04 2.28358986e-04
2.37560042e-01 -3.18992836e-04 2.23151973e-04
2.37916949e-01 -1.09002005e-04 2.23567334e-04
2.38273852e-01 -1.38744720e-04 2.21394687e-04
2.38630751e-01 8.21586647e-05 2.27436599e-04
2.38987645e-01 -2.91715363e-04 2.26502463e-04
2.39344537e-01 2.12564142e-04 2.22606331e-04
2.39701424e-01 -2.80999987e-05 2.20058030e-04
2.40058307e-01 -2.74732390e-04 2.21960149e-04
2.40415186e-01 -1.29491484e-04 2.20550639e-04
2.40772061e-01 2.00256087e-05 2.26672310e-04
2.41128933e-01 1.55965203e-04 2.24408153e-04
2.41485800e-01 -1.56801207e-04 2.26694289e-04
2.41842664e-01 -3.42632197e-04 2.24315587e-04
2.42199523e-01 5.46367051e-05 2.26727912e-04
2.42556379e-01 1.02690689e-04 2.23108754e-04
2.42913230e-01 2.15582235e-04 2.24984820e-04
2.43270078e-01 -2.03515316e-05 2.20372942e-04
2.43626922e-01 4.06612632e-04 2.21204847e-04
2.43983761e-01 4.51006020e-05 2.20382259e-04
2.44340597e-01 1.51218291e-04 2.18083327e-04
2.44697429e-01 -3.37759503e-04 2.15749862e-04
2.45054256e-01 3.61030847e-05 2.18208559e-04
2.45411080e-01 -2.54043482e-04 2.17432038e-04
2.45767900e-01 -2.50916700e-04 2.19514427e-04
2.46124715e-01 -2.84630372e-04 2.19335334e-04
2.46481527e-01 7.81763734e-05 2.19398789e-04
2.46838334e-01 -2.19541227e-04 2.19821125e-04
2.47195138e-01 -5.48219535e-04 2.14536294e-04
2.47551938e-01 -2.79070885e-04 2.18133685e-04
2.47908733e-01 -2.19121358e-04 2.16901820e-04
2.48265524e-01 3.51954968e-04 2.17998288e-04
2.48622312e-01 3.58812826e-05 2.15447115e-04
2.48979095e-01 -2.70405559e-05 2.14145365e-04
2.49335874e-01 -4.43051045e-05 2.16899065e-04
2.49692649e-01 -2.30433762e-04 2.18096099e-04
2.50049420e-01 -3.44690807e-05 2.16821636e-04
2.50406187e-01 -8.64951207e-05 2.13822414e-04
2.50762950e-01 2.00684910e-04 2.12608351e-04
2.51119709e-01 2.60668721e-04 2.16092818e-04
2.51476464e-01 -3.37720673e-04 2.14286117e-04
2.51833214e-01 -3.02699709e-04 2.15736914e-04
2.52189961e-01 1.54592395e-04 2.15113766e-04
2.52546703e-01 -5.73746122e-05 2.13304710e-04
2.52903441e-01 -2.13158096e-04 2.11177961e-04
2.53260175e-01 -1.73672534e-05 2.12611060e-04
2.53616905e-01 -1.02496618e-04 2.08571673e-04
2.53973631e-01 -3.41908233e-05 2.14754602e-04
2.54330352e-01 -1.48664144e-04 2.11151939e-04
2.54687070e-01 1.25301354e-04 2.15049734e-04
2.55043783e-01 -1.68854421e-04 2.12098511e-04
2.55400492e-01 -3.24663976e-04 2.09670040e-04
2.55757197e-01 -1.66987266e-04 2.11301069e-04
2.56113898e-01 -9.04132096e-05 2.12135611e-04
2.56470595e-01 2.20412534e-04 2.12837437e-04
2.56827287e-01 -3.53098182e-04 2.10663289e-04
2.57183975e-01 -8.50919382e-05 2.12387676e-04
2.57540659e-01 -2.38208049e-05 2.14442250e-04
2.57897339e-01 -6.44267354e-04 2.11750666e-04
2.58254014e-01 -3.67370106e-04 2.12854001e-04
2.58610686e-01 -5.01140358e-05 2.15070362e-04
2.58967353e-01 -2.90667727e-05 2.17601747e-04
2.59324016e-01 3.18492890e-04 2.17522252e-04
2.59680674e-01 -1.34722664e-04 2.17265639e-04
2.60037329e-01 -1.43056684e-04 2.15265910e-04
2.60393979e-01 1.56344100e-06 2.12875721e-04
2.60750625e-01 -4.39355432e-05 2.16590673e-04
2.61107266e-01 -3.44472749e-04 2.14300879e-04
2.61463904e-01 -1.43751407e-04 2.18184107e-04
2.61820537e-01 3.80013329e-04 2.17791812e-04
2.62177166e-01 -7.53307728e-05 2.15267967e-04
2.62533790e-01 2.17531547e-04 2.13817198e-04
2.62890410e-01 3.15245675e-04 2.12820065e-04
2.63247026e-01 4.01126787e-04 2.14285279e-04
2.63603638e-01 -2.07845904e-05 2.12004020e-04
2.63960245e-01 1.07157962e-04 2.12680030e-04
2.64316848e-01 -2.10301299e-04 2.11414257e-04
2.64673447e-01 -1.75735166e-04 2.09186259e-04
2.65030042e-01 -1.75995297e-04 2.12055785e-04
2.65386632e-01 -1.44846923e-04 2.11084904e-04
2.65743217e-01 1.19215130e-05 2.12989241e-04
2.66099799e-01 1.51744600e-04 2.14156126e-04
2.66456376e-01 7.93029435e-05 2.06208830e-04
2.66812948e-01 2.01276899e-04 2.14885704e-04
2.67169517e-01 -1.12459845e-04 2.13541233e-04
2.67526081e-01 -1.50521233e-04 2.14380285e-04
2.67882640e-01 -2.21009380e-04 2.18006268e-04
2.68239195e-01 1.51634463e-05 2.17635961e-04
2.68595746e-01 9.83911057e-05 2.14500968e-04
2.68952293e-01 6.91215424e-05 2.15408007e-04
2.69308835e-01 -5.49645073e-04 2.17919522e-04
2.69665372e-01 3.65188453e-04 2.23454459e-04
2.70021906e-01 5.55478849e-05 2.18931583e-04
2.70378435e-01 -4.44933694e-05 2.23254700e-04
2.70734959e-01 -3.87497582e-04 2.18094922e-04
2.71091479e-01 4.32765497e-05 2.23228175e-04
2.71447995e-01 -9.62668101e-05 2.19648881e-04
2.71804506e-01 -2.51651087e-04 2.21745188e-04
2.72161012e-01 -2.18836007e-04 2.28599752e-04
2.72517515e-01 3.64935210e-04 2.25386318e-04
2.72874012e-01 -1.37590554e-04 2.27246305e-04
