1.54026655e-02 -1.64302487e-03 1.55057068e-03
1.57608633e-02 2.12781633e-04 1.60689936e-03
1.61190608e-02 1.99363647e-03 1.48496891e-03
1.64772580e-02 -2.42445448e-03 1.48322842e-03
1.68354550e-02 -1.43511642e-03 1.37234463e-03
1.71936517e-02 -1.58754346e-03 1.38021243e-03
1.75518481e-02 -1.72744631e-03 1.33781900e-03
1.79100442e-02 1.28157725e-03 1.24961650e-03
1.82682400e-02 -1.82403907e-03 1.27577287e-03
1.86264355e-02 9.22946753e-04 1.25769265e-03
1.89846308e-02 -4.74005345e-05 1.14732656e-03
1.93428257e-02 -1.02824229e-03 1.08544521e-03
1.97010202e-02 4.87551935e-04 1.10609260e-03
2.00592145e-02 4.19196394e-04 1.07413611e-03
2.04174084e-02 3.55390128e-04 1.12114674e-03
2.07756020e-02 -9.13691034e-04 1.04702761e-03
2.11337953e-02 7.37192957e-04 1.04944890e-03
2.14919882e-02 7.38584754e-04 1.00754835e-03
2.18501808e-02 5.94991390e-05 9.96942792e-04
2.22083729e-02 -1.26199997e-03 9.75417715e-04
2.25665648e-02 1.05399917e-03 9.55124263e-04
2.29247562e-02 -7.44951384e-04 1.02263280e-03
2.32829473e-02 -1.77638664e-03 9.64473545e-04
2.36411380e-02 5.41712456e-04 9.58124026e-04
2.39993283e-02 -6.72657814e-04 9.36695242e-04
2.43575182e-02 1.06805603e-03 9.47135714e-04
2.47157077e-02 -1.24856096e-03 9.14336242e-04
2.50738968e-02 5.24077511e-04 8.72687814e-04
2.54320855e-02 9.32023992e-04 8.86487991e-04
2.57902738e-02 4.85806001e-04 8.46742671e-04
2.61484617e-02 2.76029126e-04 8.38685986e-04
2.65066491e-02 -5.46576923e-05 8.41418468e-04
2.68648361e-02 4.89344030e-04 7.92559664e-04
2.72230226e-02 -3.28586840e-03 7.96074706e-04
2.75812087e-02 -7.52322454e-05 8.16708979e-04
2.79393943e-02 -2.28661788e-04 8.06210979e-04
2.82975795e-02 3.37248672e-04 8.03040769e-04
2.86557642e-02 3.20226407e-04 8.37076545e-04
2.90139485e-02 -4.37622319e-04 8.25418385e-04
2.93721323e-02 -1.27893226e-03 8.33714253e-04
2.97303155e-02 -3.38320222e-04 7.96799468e-04
3.00884983e-02 -5.35539864e-04 8.17752304e-04
3.04466806e-02 8.54121343e-04 8.36587453e-04
3.08048624e-02 -3.56702257e-04 8.00839033e-04
3.11630437e-02 -3.22572356e-05 8.31874460e-04
3.15212245e-02 1.41509205e-03 8.10911095e-04
3.18794048e-02 6.63230074e-04 7.80420905e-04
3.22375845e-02 4.95422001e-04 7.77976308e-04
3.25957637e-02 3.09166782e-04 7.61829267e-04
3.29539424e-02 6.44475519e-04 7.61394199e-04
3.33121205e-02 -5.79586871e-05 7.99841217e-04
3.36702981e-02 7.32687266e-04 8.35575945e-04
3.40284751e-02 -5.65044632e-04 8.36681712e-04
3.43866516e-02 1.34171067e-03 7.70526817e-04
3.47448275e-02 4.84882576e-04 7.40174214e-04
3.51030028e-02 -6.47292764e-04 8.04677884e-04
3.54611775e-02 -5.15591004e-04 7.37144904e-04
3.58193517e-02 6.00019296e-04 7.37133164e-04
3.61775253e-02 -8.60546408e-04 6.98311494e-04
3.65356983e-02 -1.44750618e-04 7.51847941e-04
3.68938706e-02 6.01134772e-04 7.16314542e-04
3.72520424e-02 -6.94116562e-05 7.00169858e-04
3.76102136e-02 1.17909344e-04 6.82874581e-04
3.79683841e-02 1.15838838e-03 6.83890960e-04
3.83265540e-02 -1.43379648e-03 7.03687886e-04
3.86847233e-02 3.79313277e-04 6.91154773e-04
3.90428920e-02 1.68467353e-04 6.55204052e-04
3.94010600e-02 -8.19763723e-04 6.90249035e-04
3.97592273e-02 -2.12082162e-04 6.51795333e-04
4.01173941e-02 1.36310021e-04 6.42854541e-04
4.04755601e-02 -4.38296834e-04 6.81345237e-04
4.08337255e-02 1.39984740e-04 6.66067057e-04
4.11918902e-02 2.31216904e-04 6.28556059e-04
4.15500542e-02 2.77079726e-04 6.51252291e-04
4.19082176e-02 -4.27331837e-04 6.39864232e-04
4.22663802e-02 1.05444916e-03 6.27579037e-04
4.26245422e-02 8.95092348e-04 6.53730781e-04
4.29827034e-02 7.70169195e-05 6.34511645e-04
4.33408640e-02 -1.18573225e-03 6.56809425e-04
4.36990238e-02 6.78543974e-04 6.54014838e-04
4.40571830e-02 -9.49287151e-05 6.55806643e-04
4.44153414e-02 -4.90036777e-04 6.32839669e-04
4.47734990e-02 -5.18091365e-04 6.38461020e-04
4.51316560e-02 1.08249429e-04 6.63365707e-04
4.54898122e-02 4.05273724e-04 6.42784455e-04
4.58479676e-02 -4.94404941e-04 6.31452633e-04
4.62061223e-02 9.00769119e-04 6.58711468e-04
4.65642762e-02 2.06729592e-04 6.39978962e-04
4.69224294e-02 1.64416598e-03 6.58294700e-04
4.72805818e-02 -1.01452937e-03 6.36238327e-04
4.76387334e-02 3.57778933e-04 6.39625506e-04
4.79968842e-02 5.37840192e-04 6.42928542e-04
4.83550342e-02 -2.34425299e-04 6.30156904e-04
4.87131835e-02 7.67134973e-04 6.37956033e-04
4.90713319e-02 1.50182923e-03 6.21923784e-04
4.94294795e-02 5.26716637e-04 6.43981652e-04
4.97876264e-02 -7.57176662e-04 5.98128783e-04
5.01457724e-02 1.15189424e-04 6.16993000e-04
5.05039175e-02 -1.10468541e-03 6.04468572e-04
5.08620619e-02 -1.24850052e-04 5.94567570e-04
5.12202054e-02 -2.82798171e-04 5.89648792e-04
5.15783481e-02 7.51292285e-04 5.96412677e-04
5.19364899e-02 -2.22436544e-04 5.83791188e-04
5.22946308e-02 4.14326997e-06 5.85765733e-04
5.26527709e-02 3.45838439e-04 5.63177894e-04
5.30109102e-02 2.84523649e-04 5.83473890e-04
5.33690485e-02 -5.78088167e-04 5.65239535e-04
5.37271860e-02 5.72038739e-04 5.71870095e-04
5.40853226e-02 4.52899811e-04 5.60656581e-04
5.44434583e-02 2.13346892e-04 5.65391392e-04
5.48015932e-02 -3.98757884e-04 5.78667976e-04
5.51597271e-02 -3.66394593e-04 5.74419020e-04
5.55178601e-02 -1.10877019e-03 5.60757861e-04
5.58759922e-02 5.45990389e-04 5.80479410e-04
5.62341234e-02 4.02734669e-04 5.66207546e-04
5.65922536e-02 5.18891009e-04 5.60172175e-04
5.69503829e-02 -2.37891982e-04 5.32862981e-04
5.73085113e-02 -4.29701001e-04 5.31793040e-04
5.76666388e-02 -1.46416113e-04 5.31538126e-04
5.80247653e-02 6.65953229e-04 5.31388885e-04
5.83828908e-02 4.22172726e-04 5.50226406e-04
5.87410154e-02 2.80600345e-04 5.61060573e-04
5.90991390e-02 5.48758703e-05 5.26907096e-04
5.94572616e-02 -3.24053003e-04 5.11484393e-04
5.98153833e-02 -1.89032628e-07 5.30794598e-04
6.01735040e-02 1.04684229e-03 5.19871738e-04
6.05316237e-02 1.38559118e-04 5.27322919e-04
6.08897424e-02 2.88654831e-04 5.20284480e-04
6.12478600e-02 1.68860877e-04 5.29006310e-04
6.16059767e-02 5.94199265e-05 5.17034543e-04
6.19640924e-02 -1.02869410e-04 5.38888412e-04
6.23222071e-02 1.47376103e-04 5.30524468e-04
6.26803207e-02 -1.23217427e-04 5.18521219e-04
6.30384333e-02 -9.21185322e-05 5.00283444e-04
6.33965448e-02 2.25695524e-05 5.09934952e-04
6.37546554e-02 1.57252022e-04 4.95426431e-04
6.41127648e-02 2.97707152e-04 5.24417066e-04
6.44708732e-02 -4.68910878e-04 5.02753291e-04
6.48289806e-02 4.59407545e-04 4.87115892e-04
6.51870869e-02 -4.97149097e-04 5.12311446e-04
6.55451921e-02 -1.37572600e-04 4.96652489e-04
6.59032962e-02 5.18459008e-04 4.98835773e-04
6.62613993e-02 2.40801704e-05 4.99882708e-04
6.66195012e-02 3.12234056e-04 4.72392677e-04
6.69776021e-02 3.97343595e-04 5.12233705e-04
6.73357019e-02 -9.76666008e-04 4.84831848e-04
6.76938005e-02 -4.61123065e-05 4.75609882e-04
6.80518981e-02 -6.53102491e-04 4.85605341e-04
6.84099945e-02 3.28237690e-04 4.80119858e-04
6.87680898e-02 8.32062307e-05 4.78747384e-04
6.91261840e-02 -4.24933666e-06 4.62727170e-04
6.94842770e-02 -8.44852703e-05 4.60737231e-04
6.98423689e-02 2.38381285e-05 4.70035103e-04
7.02004596e-02 1.05503805e-04 4.67912751e-04
7.05585492e-02 5.19920660e-05 4.87271280e-04
7.09166377e-02 7.03151558e-04 4.70591392e-04
7.12747249e-02 -3.05000152e-04 4.73840988e-04
7.16328110e-02 -6.01029301e-04 4.70208254e-04
7.19908959e-02 -2.23581754e-04 4.70386706e-04
7.23489796e-02 1.28273713e-04 4.77678291e-04
7.27070622e-02 -3.15182618e-04 4.65909988e-04
7.30651435e-02 1.75381360e-05 4.55793850e-04
7.34232237e-02 8.06416306e-04 4.71873836e-04
7.37813026e-02 4.82235956e-04 4.70255454e-04
7.41393803e-02 5.30431382e-04 4.54084073e-04
7.44974568e-02 -4.76509778e-04 4.72148525e-04
7.48555321e-02 8.96330319e-04 4.52752686e-04
7.52136061e-02 1.84358070e-04 4.65693041e-04
7.55716789e-02 -1.32308334e-04 4.59023276e-04
7.59297505e-02 -7.01418599e-04 4.56634169e-04
7.62878208e-02 -4.13266331e-04 4.53786506e-04
7.66458899e-02 -1.86821979e-04 4.59917024e-04
7.70039577e-02 4.33708074e-04 4.59762665e-04
7.73620242e-02 2.04101135e-04 4.42211939e-04
7.77200895e-02 2.27937698e-04 4.47891150e-04
7.80781535e-02 2.68431390e-05 4.48869339e-04
7.84362162e-02 8.89361555e-04 4.41337190e-04
7.87942776e-02 -8.24818878e-04 4.28729942e-04
7.91523377e-02 -1.41254718e-03 4.41679580e-04
7.95103965e-02 -3.01925535e-04 4.53443312e-04
7.98684540e-02 2.39617901e-04 4.47088209e-04
8.02265102e-02 4.51291968e-04 4.34568875e-04
8.05845651e-02 4.83070302e-05 4.54312732e-04
8.09426186e-02 7.10478710e-04 4.37274552e-04
8.13006709e-02 8.05627033e-04 4.45958926e-04
8.16587217e-02 -6.28213879e-04 4.48357779e-04
8.20167713e-02 7.35022430e-04 4.47998320e-04
8.23748195e-02 -5.15448428e-05 4.45030047e-04
8.27328663e-02 5.02129781e-04 4.30117710e-04
8.30909118e-02 1.40844019e-04 4.35604150e-04
8.34489559e-02 6.78146712e-04 4.44087181e-04
8.38069986e-02 -3.74938254e-04 4.32002601e-04
8.41650400e-02 -1.52889137e-04 4.40853645e-04
8.45230800e-02 2.15896903e-05 4.28989553e-04
8.48811185e-02 3.01136636e-04 4.45939125e-04
8.52391557e-02 6.02481807e-04 4.46186917e-04
8.55971915e-02 5.83270645e-04 4.22499137e-04
8.59552259e-02 -3.57272612e-04 4.25802947e-04
8.63132589e-02 5.00552664e-04 4.40680516e-04
8.66712904e-02 -3.81449015e-05 4.49146390e-04
8.70293205e-02 -4.71999231e-04 4.26340411e-04
8.73873492e-02 6.84105446e-04 4.28741018e-04
8.77453765e-02 -1.50507140e-04 4.27037599e-04
8.81034023e-02 -4.17359840e-04 4.19702825e-04
8.84614267e-02 -3.18395362e-04 4.23282430e-04
8.88194496e-02 -6.54533851e-05 4.42132315e-04
8.91774710e-02 -8.85505830e-04 4.25107298e-04
8.95354910e-02 -6.33202687e-04 4.20616219e-04
8.98935095e-02 3.23129923e-04 4.25119875e-04
9.02515266e-02 -2.89849544e-04 4.31748617e-04
9.06095421e-02 4.31696939e-04 4.30323686e-04
9.09675562e-02 -1.53005775e-04 4.34473691e-04
9.13255687e-02 2.84883518e-04 4.28082386e-04
9.16835798e-02 3.46246767e-04 4.36497027e-04
9.20415894e-02 -2.69975730e-04 4.14554650e-04
9.23995974e-02 -2.03896154e-04 4.18332010e-04
9.27576039e-02 -4.31862293e-04 4.23390490e-04
9.31156089e-02 -4.82166734e-04 4.20234048e-04
9.34736124e-02 1.50254600e-04 4.14096034e-04
9.38316143e-02 1.04868781e-04 4.12108715e-04
9.41896147e-02 3.82042008e-04 4.26968062e-04
9.45476136e-02 2.30206839e-04 4.10410459e-04
9.49056108e-02 7.55055661e-04 4.23974217e-04
9.52636066e-02 -3.52206568e-04 4.10032188e-04
9.56216007e-02 1.53480040e-04 4.08163685e-04
9.59795933e-02 3.96412113e-04 4.04496012e-04
9.63375843e-02 2.39065462e-05 4.16042874e-04
9.66955738e-02 1.46549875e-04 4.08675356e-04
9.70535616e-02 4.77233113e-04 4.10036414e-04
9.74115478e-02 1.82744996e-04 4.04145039e-04
9.77695325e-02 3.53906938e-04 4.14170160e-04
9.81275155e-02 -2.43067349e-04 4.13076626e-04
9.84854969e-02 -8.12359472e-05 4.03339816e-04
9.88434768e-02 3.65239263e-04 4.07949597e-04
9.92014549e-02 -5.33824949e-04 3.99853431e-04
9.95594315e-02 5.90616193e-04 4.03287787e-04
9.99174064e-02 -6.15273358e-05 3.98764234e-04
1.00275380e-01 1.17536107e-04 3.99661164e-04
1.00633351e-01 1.26913166e-04 3.91975410e-04
1.00991321e-01 -3.01337643e-04 3.96476226e-04
1.01349290e-01 2.00699367e-04 3.91764062e-04
1.01707256e-01 1.14588258e-04 3.88082792e-04
1.02065221e-01 -1.63327943e-05 3.98439623e-04
1.02423184e-01 2.73527734e-04 3.89431866e-04
1.02781146e-01 -5.87279035e-04 3.90900993e-04
1.03139106e-01 5.27632129e-05 3.94199289e-04
1.03497064e-01 9.69960138e-05 3.83407633e-04
1.03855021e-01 2.50033080e-04 3.90716088e-04
1.04212976e-01 1.10375392e-04 3.77616606e-04
1.04570929e-01 3.64000691e-04 3.81296805e-04
1.04928880e-01 -2.59815894e-04 3.96553935e-04
1.05286830e-01 -8.14107678e-05 3.91262644e-04
1.05644778e-01 -1.69337416e-04 4.06871778e-04
1.06002724e-01 5.65290656e-04 3.98042630e-04
1.06360668e-01 3.67304297e-04 3.96578928e-04
1.06718611e-01 -3.33742285e-04 4.00184816e-04
1.07076552e-01 3.15941591e-04 3.94003366e-04
1.07434491e-01 3.31140880e-04 3.98706335e-04
1.07792429e-01 3.54826788e-04 3.95572745e-04
1.08150364e-01 7.69623115e-04 4.03893390e-04
1.08508298e-01 1.24286239e-04 3.97791324e-04
1.08866230e-01 -2.18361145e-04 3.80679713e-04
1.09224160e-01 -3.49802648e-04 3.89433809e-04
1.09582089e-01 -6.90380854e-05 3.99626695e-04
1.09940016e-01 -3.01494227e-05 3.97265638e-04
1.10297941e-01 -1.37076723e-05 3.92426924e-04
1.10655864e-01 1.93398066e-04 3.90721378e-04
1.11013785e-01 3.74411358e-04 3.85335196e-04
1.11371704e-01 9.70994759e-05 3.94647695e-04
1.11729622e-01 1.07067090e-03 3.85436883e-04
1.12087538e-01 -6.93021966e-05 3.83814332e-04
1.12445452e-01 1.59986396e-05 3.86777969e-04
1.12803364e-01 -3.67821881e-04 3.67386452e-04
1.13161274e-01 3.99770099e-04 3.83362049e-04
1.13519182e-01 -2.06458609e-04 3.82384387e-04
1.13877089e-01 5.46061958e-05 3.79909321e-04
1.14234994e-01 -1.26116534e-04 3.69019623e-04
1.14592896e-01 3.83949322e-04 3.68810356e-04
1.14950797e-01 1.60293682e-04 3.71355905e-04
1.15308696e-01 -4.76204122e-04 3.66453056e-04
1.15666593e-01 7.30273462e-04 3.78906346e-04
1.16024488e-01 4.29189328e-04 3.65703872e-04
1.16382382e-01 9.56705747e-05 3.68228038e-04
1.16740273e-01 1.76195096e-04 3.75399335e-04
1.17098163e-01 -5.33399295e-04 3.69172242e-04
1.17456050e-01 -3.10987255e-04 3.60869868e-04
1.17813936e-01 -1.52532244e-05 3.72924566e-04
1.18171819e-01 -2.95620968e-04 3.74358979e-04
1.18529701e-01 -8.73049519e-05 3.67393994e-04
1.18887581e-01 2.19462413e-04 3.70563268e-04
1.19245459e-01 2.64728681e-04 3.69629225e-04
1.19603335e-01 2.38665721e-04 3.85630363e-04
1.19961208e-01 1.21738895e-04 3.69321171e-04
1.20319080e-01 1.98268392e-04 3.76282427e-04
1.20676950e-01 -3.25918020e-04 3.74941259e-04
1.21034818e-01 5.97559668e-04 3.68528715e-04
1.21392684e-01 -4.26435077e-04 3.65327854e-04
1.21750548e-01 5.16207993e-04 3.82514655e-04
1.22108410e-01 9.31443740e-05 3.79355016e-04
1.22466270e-01 -1.24104268e-04 3.73948964e-04
1.22824128e-01 -4.42303327e-04 3.71863678e-04
1.23181984e-01 -3.99050858e-04 3.69268031e-04
1.23539838e-01 -2.51000252e-04 3.73937661e-04
1.23897690e-01 1.34044488e-04 3.68921654e-04
1.24255540e-01 2.18828638e-04 3.55114722e-04
1.24613388e-01 7.69845412e-04 3.77077638e-04
1.24971233e-01 -2.74118981e-04 3.62338026e-04
1.25329077e-01 5.52737629e-05 3.54640463e-04
1.25686919e-01 1.86362262e-04 3.62367105e-04
1.26044758e-01 6.64420396e-04 3.64904176e-04
1.26402596e-01 3.71917079e-04 3.61016245e-04
1.26760431e-01 -6.43100784e-04 3.54342063e-04
1.27118265e-01 -4.26200289e-04 3.64792662e-04
1.27476096e-01 -1.66947096e-04 3.54595248e-04
1.27833925e-01 1.55397904e-04 3.57568798e-04
1.28191752e-01 -1.18104716e-04 3.58776210e-04
1.28549577e-01 -6.04624734e-05 3.55774775e-04
1.28907400e-01 -7.62543728e-04 3.50914242e-04
1.29265221e-01 -3.02559466e-04 3.52518598e-04
1.29623040e-01 9.15597974e-06 3.43390378e-04
1.29980856e-01 -8.21377609e-05 3.47953451e-04
1.30338670e-01 -3.43084895e-05 3.48955748e-04
1.30696483e-01 -2.83167165e-04 3.54908731e-04
1.31054293e-01 -5.03719575e-04 3.41175368e-04
1.31412101e-01 -1.53254266e-04 3.51238474e-04
1.31769906e-01 3.69320334e-04 3.52698868e-04
1.32127710e-01 4.66098703e-04 3.47694386e-04
1.32485511e-01 4.33505939e-04 3.60722204e-04
1.32843311e-01 1.40271501e-04 3.52987284e-04
1.33201108e-01 4.94243988e-04 3.40301822e-04
1.33558903e-01 -1.61840789e-05 3.39792096e-04
1.33916695e-01 -2.02281594e-04 3.34718637e-04
1.34274486e-01 1.26185192e-04 3.38668976e-04
1.34632274e-01 8.67566221e-05 3.49380267e-04
1.34990060e-01 -6.12937360e-04 3.35452446e-04
1.35347844e-01 1.74720812e-04 3.42790483e-04
1.35705626e-01 1.13054249e-04 3.39258035e-04
1.36063405e-01 1.34691177e-04 3.29106085e-04
1.36421182e-01 2.14886467e-04 3.30893928e-04
1.36778957e-01 2.63653113e-06 3.38252378e-04
1.37136730e-01 1.06254485e-04 3.39560264e-04
1.37494500e-01 2.59835433e-04 3.41812830e-04
1.37852269e-01 2.32428316e-04 3.30192930e-04
1.38210034e-01 2.30334974e-04 3.28757867e-04
1.38567798e-01 -1.26446345e-04 3.30133767e-04
1.38925559e-01 -3.60121589e-04 3.29346972e-04
1.39283319e-01 2.76997954e-04 3.26589146e-04
1.39641075e-01 2.14731436e-04 3.29958403e-04
1.39998830e-01 6.85233258e-04 3.38005094e-04
1.40356582e-01 1.21253213e-04 3.26092106e-04
1.40714332e-01 3.57664652e-04 3.29255430e-04
1.41072080e-01 2.25642721e-04 3.29031606e-04
1.41429825e-01 -9.40802257e-05 3.28287081e-04
1.41787568e-01 -4.83322453e-04 3.27172412e-04
1.42145308e-01 -1.59273092e-05 3.27509924e-04
1.42503047e-01 3.27673653e-04 3.26657539e-04
1.42860783e-01 -3.51595787e-04 3.24776244e-04
1.43218516e-01 1.21350200e-04 3.30256344e-04
1.43576247e-01 7.43393486e-05 3.28886927e-04
1.43933976e-01 2.81313002e-04 3.32413719e-04
1.44291703e-01 1.39438582e-05 3.23805813e-04
1.44649427e-01 2.79181773e-05 3.25849514e-04
1.45007149e-01 -4.68949483e-04 3.25133741e-04
1.45364868e-01 -1.82509071e-04 3.19784072e-04
1.45722585e-01 1.74411740e-04 3.25680953e-04
1.46080300e-01 5.94823793e-05 3.17463828e-04
1.46438012e-01 -2.81346616e-04 3.22752712e-04
1.46795722e-01 2.80815419e-04 3.24003998e-04
1.47153429e-01 2.72718075e-05 3.20480494e-04
1.47511134e-01 4.54288650e-04 3.18989014e-04
1.47868837e-01 -7.23016581e-05 3.12348474e-04
1.48226537e-01 -1.73423705e-04 3.12721780e-04
1.48584235e-01 -3.34309128e-04 3.17598864e-04
1.48941930e-01 5.46268252e-04 3.17568224e-04
1.49299623e-01 7.19224069e-04 3.18656241e-04
1.49657313e-01 -1.19378405e-06 3.09837841e-04
1.50015001e-01 -3.69582938e-04 3.18965772e-04
1.50372687e-01 3.96800836e-04 3.20666982e-04
1.50730370e-01 -3.00110694e-04 3.12968784e-04
1.51088050e-01 2.49441696e-04 3.07255539e-04
1.51445728e-01 -3.33855675e-04 3.12223934e-04
1.51803404e-01 -3.01841242e-04 3.14111349e-04
1.52161077e-01 2.62471713e-04 3.10808621e-04
1.52518747e-01 -3.66408632e-04 3.05460519e-04
1.52876416e-01 5.22108935e-04 3.08184665e-04
1.53234081e-01 -1.70199986e-05 3.05526671e-04
1.53591744e-01 5.60733412e-04 3.03256538e-04
1.53949405e-01 1.94242083e-04 3.05210641e-04
1.54307063e-01 -5.88929942e-04 3.02728069e-04
1.54664718e-01 5.56248405e-04 3.08373076e-04
1.55022371e-01 3.19777693e-04 3.02072522e-04
1.55380021e-01 -1.82044501e-04 3.04911677e-04
1.55737669e-01 -3.96921487e-04 2.98666106e-04
1.56095314e-01 4.96381678e-05 2.99974183e-04
1.56452957e-01 -5.29593915e-04 3.07665769e-04
1.56810597e-01 -1.21712631e-04 3.11477086e-04
1.57168235e-01 -1.85328455e-04 3.05578416e-04
1.57525870e-01 4.35098631e-04 3.04414292e-04
1.57883502e-01 1.78486279e-04 2.99324624e-04
1.58241132e-01 -4.68622369e-04 2.99538425e-04
1.58598759e-01 1.71100625e-04 3.01720161e-04
1.58956384e-01 1.51355668e-04 3.07216089e-04
1.59314006e-01 -2.88400140e-04 3.00929640e-04
1.59671625e-01 -2.97165626e-04 2.99314855e-04
1.60029242e-01 -1.70250657e-05 2.94334992e-04
1.60386856e-01 -1.25141722e-04 3.06324310e-04
1.60744468e-01 -3.54421763e-05 3.00010445e-04
1.61102076e-01 -7.79560759e-04 2.92069836e-04
1.61459683e-01 -3.95720317e-04 2.95862700e-04
1.61817286e-01 1.76584378e-04 3.00169252e-04
1.62174887e-01 -3.09400066e-04 3.01946071e-04
1.62532485e-01 -8.02073915e-06 2.92065859e-04
1.62890081e-01 2.98201414e-04 2.89552807e-04
1.63247674e-01 1.38455348e-04 2.94679658e-04
1.63605264e-01 1.66236317e-04 2.96111663e-04
1.63962852e-01 1.89249631e-04 2.90473082e-04
1.64320437e-01 -1.61749434e-04 3.05079551e-04
1.64678019e-01 1.73838593e-05 2.93750807e-04
1.65035598e-01 9.70684282e-05 2.89355048e-04
1.65393175e-01 1.78935821e-04 2.95528761e-04
1.65750749e-01 -9.48049545e-05 2.96061115e-04
1.66108320e-01 -4.46830090e-04 2.91815973e-04
1.66465889e-01 6.53573715e-05 2.91734319e-04
1.66823455e-01 1.22509472e-04 2.92921752e-04
1.67181018e-01 9.00484104e-05 2.92878894e-04
1.67538578e-01 1.95952084e-05 2.88328961e-04
1.67896136e-01 -2.66762911e-06 2.92350260e-04
1.68253691e-01 -2.64637868e-04 2.84993864e-04
1.68611243e-01 4.74867543e-04 2.91409890e-04
1.68968792e-01 -5.62777101e-04 2.95591720e-04
1.69326339e-01 2.01096233e-05 2.92671359e-04
1.69683883e-01 5.36554107e-05 2.80500247e-04
1.70041424e-01 -1.13946454e-04 2.86512616e-04
1.70398962e-01 2.31146000e-04 2.90184635e-04
1.70756497e-01 1.07535392e-04 2.87517962e-04
1.71114030e-01 3.56034318e-04 2.86258364e-04
1.71471560e-01 1.44971865e-04 2.92108910e-04
1.71829087e-01 -1.80030430e-05 2.87009807e-04
1.72186611e-01 -2.24784927e-04 2.83528263e-04
1.72544132e-01 -3.50388492e-04 2.88124903e-04
1.72901651e-01 1.30139843e-05 2.86725036e-04
1.73259167e-01 -1.47165389e-04 2.86771879e-04
1.73616679e-01 -2.50718953e-04 2.85797099e-04
1.73974189e-01 -6.31914599e-05 2.85492491e-04
1.74331697e-01 -1.27919505e-04 2.80163864e-04
1.74689201e-01 -5.40941888e-04 2.76400594e-04
1.75046702e-01 -8.91430636e-05 2.79288585e-04
1.75404201e-01 -2.21825173e-04 2.80730834e-04
1.75761697e-01 1.48413671e-04 2.88127698e-04
1.76119189e-01 4.72043737e-04 2.74791523e-04
1.76476679e-01 -1.35727028e-04 2.74684538e-04
1.76834166e-01 2.28277636e-04 2.84774286e-04
1.77191650e-01 1.61394573e-05 2.76647267e-04
1.77549132e-01 -3.26380076e-04 2.74812547e-04
1.77906610e-01 -1.40903532e-04 2.86534866e-04
1.78264085e-01 5.41723752e-05 2.75277507e-04
1.78621558e-01 -3.59193720e-05 2.77203804e-04
1.78979027e-01 -6.15800706e-05 2.79834350e-04
1.79336494e-01 -1.81185624e-04 2.68682277e-04
1.79693958e-01 4.08282733e-05 2.71138478e-04
1.80051418e-01 -7.17970434e-04 2.68919193e-04
1.80408876e-01 -4.93581587e-05 2.75730571e-04
1.80766331e-01 -2.82113998e-04 2.80631467e-04
1.81123783e-01 6.61472415e-05 2.82720974e-04
1.81481232e-01 -2.12378607e-04 2.84375073e-04
1.81838677e-01 3.93149643e-06 2.83489803e-04
1.82196120e-01 4.14355916e-04 2.81326264e-04
1.82553560e-01 2.77757265e-04 2.92106335e-04
1.82910997e-01 2.17833063e-06 2.83745076e-04
1.83268431e-01 -3.10879986e-04 2.78697679e-04
1.83625862e-01 1.56663454e-05 2.86809425e-04
1.83983290e-01 -3.06939129e-04 2.84879513e-04
1.84340715e-01 -3.25401067e-04 2.81731871e-04
1.84698137e-01 1.15004621e-04 2.83830820e-04
1.85055556e-01 -8.14557159e-05 2.78004181e-04
1.85412971e-01 1.37369657e-04 2.82985297e-04
1.85770384e-01 1.70910541e-04 2.88440632e-04
1.86127794e-01 3.16599876e-04 2.87177362e-04
1.86485200e-01 -2.09707271e-04 2.80429060e-04
1.86842604e-01 -2.92945118e-04 2.77983632e-04
1.87200005e-01 -5.69784754e-04 2.73132701e-04
1.87557402e-01 -7.67246768e-05 2.67587726e-04
1.87914797e-01 -6.25387173e-05 2.72545818e-04
1.88272188e-01 6.12354773e-05 2.68950994e-04
1.88629576e-01 1.72324691e-04 2.77702625e-04
1.88986961e-01 3.44199229e-04 2.76002025e-04
1.89344343e-01 5.53022978e-05 2.75725021e-04
1.89701722e-01 2.19710598e-04 2.75379289e-04
1.90059098e-01 4.54419968e-05 2.74175522e-04
1.90416471e-01 1.47285167e-04 2.73113852e-04
1.90773840e-01 3.12550499e-04 2.78371910e-04
1.91131207e-01 1.05852007e-04 2.77432527e-04
1.91488570e-01 -5.23862588e-04 2.72513807e-04
1.91845930e-01 -2.57488871e-04 2.65448730e-04
1.92203287e-01 -2.15792965e-04 2.68727527e-04
1.92560641e-01 -2.15142218e-05 2.69601008e-04
1.92917992e-01 -1.39384447e-04 2.66069094e-04
1.93275340e-01 1.50912853e-04 2.71571182e-04
1.93632684e-01 -3.22971622e-04 2.71599116e-04
1.93990025e-01 2.46333086e-05 2.73435247e-04
1.94347363e-01 1.21882952e-04 2.71826175e-04
1.94704698e-01 4.95946318e-04 2.73563595e-04
1.95062030e-01 8.52272310e-05 2.72553252e-04
1.95419358e-01 3.46628889e-04 2.74422754e-04
1.95776684e-01 -1.49260009e-04 2.69390944e-04
1.96134006e-01 -6.70058519e-06 2.72483546e-04
1.96491324e-01 -2.32869027e-05 2.69770984e-04
1.96848640e-01 -3.56370131e-04 2.67036795e-04
1.97205953e-01 -2.77539285e-04 2.71808292e-04
1.97563262e-01 3.48097656e-04 2.72309981e-04
1.97920568e-01 1.18291157e-04 2.77379235e-04
1.98277870e-01 -1.79137993e-04 2.77426334e-04
1.98635170e-01 -1.05216536e-04 2.71613668e-04
1.98992466e-01 -3.07096372e-04 2.70770985e-04
1.99349759e-01 -1.76293982e-04 2.71364802e-04
1.99707049e-01 -3.00974098e-04 2.65386728e-04
2.00064335e-01 -3.58407172e-04 2.62291172e-04
2.00421618e-01 2.24076266e-05 2.66610494e-04
2.00778898e-01 1.94796435e-04 2.66082855e-04
2.01136174e-01 -2.81180788e-04 2.64503451e-04
2.01493448e-01 1.21473561e-05 2.55288057e-04
2.01850718e-01 8.94358357e-05 2.65188590e-04
2.02207984e-01 -2.62534445e-05 2.66430256e-04
2.02565248e-01 7.92664402e-05 2.62115138e-04
2.02922508e-01 4.38778987e-05 2.59478920e-04
2.03279764e-01 -5.43101516e-05 2.56109294e-04
2.03637018e-01 1.31558971e-04 2.58973110e-04
2.03994268e-01 3.33652728e-05 2.62792400e-04
2.04351514e-01 -4.31872764e-05 2.58643994e-04
2.04708758e-01 -2.31951484e-04 2.58840237e-04
2.05065998e-01 3.16620035e-05 2.58561591e-04
2.05423234e-01 5.18834400e-04 2.60699680e-04
2.05780467e-01 -6.02177479e-05 2.60095359e-04
2.06137697e-01 2.07866025e-04 2.62727621e-04
2.06494924e-01 -7.37476251e-05 2.59046689e-04
2.06852147e-01 4.86644408e-04 2.55716796e-04
2.07209367e-01 -2.16269822e-05 2.57328593e-04
2.07566583e-01 1.42149545e-04 2.59281835e-04
2.07923796e-01 -2.01093576e-05 2.50530164e-04
2.08281005e-01 4.61484970e-05 2.57746536e-04
2.08638211e-01 1.97639251e-04 2.61659145e-04
2.08995414e-01 1.44757862e-04 2.53019982e-04
2.09352613e-01 4.88269564e-05 2.48829797e-04
2.09709809e-01 -3.58253004e-04 2.49826750e-04
2.10067002e-01 -4.08432332e-04 2.50632112e-04
2.10424191e-01 -1.11440256e-04 2.52309666e-04
2.10781376e-01 -3.99571342e-04 2.49349018e-04
2.11138558e-01 9.28200295e-05 2.52717801e-04
2.11495737e-01 -2.08209036e-04 2.47055968e-04
2.11852912e-01 9.18333643e-06 2.49985426e-04
2.12210084e-01 5.39642043e-04 2.52423307e-04
2.12567252e-01 1.16717929e-04 2.45642310e-04
2.12924416e-01 -1.94076704e-04 2.44617554e-04
2.13281578e-01 6.58226661e-05 2.48750111e-04
2.13638735e-01 -2.79893846e-04 2.49250399e-04
2.13995890e-01 2.65142761e-04 2.48297065e-04
2.14353040e-01 -1.03296721e-06 2.48994008e-04
2.14710188e-01 1.88631495e-04 2.45512367e-04
2.15067331e-01 7.97679239e-05 2.44105978e-04
2.15424471e-01 2.73285818e-04 2.51385592e-04
2.15781608e-01 -8.55369436e-05 2.47941668e-04
2.16138741e-01 -5.46318050e-05 2.45932194e-04
2.16495871e-01 -2.91810413e-04 2.44659485e-04
2.16852997e-01 -1.43781089e-05 2.49097576e-04
2.17210119e-01 -6.16706963e-04 2.36051135e-04
2.17567238e-01 2.49333604e-04 2.46126568e-04
2.17924354e-01 1.86882846e-04 2.43297712e-04
2.18281465e-01 2.34487990e-04 2.53483470e-04
2.18638574e-01 -4.17464603e-04 2.46457200e-04
2.18995678e-01 -2.91561858e-04 2.43293326e-04
2.19352779e-01 7.51427666e-05 2.41979553e-04
2.19709877e-01 -4.58033301e-04 2.42540525e-04
2.20066971e-01 3.64861941e-04 2.42946816e-04
2.20424061e-01 1.58734022e-04 2.44438711e-04
2.20781147e-01 1.36860084e-05 2.39603600e-04
2.21138230e-01 1.78582882e-04 2.39107004e-04
2.21495310e-01 3.40296230e-04 2.44241292e-04
2.21852386e-01 -2.07114637e-04 2.37664853e-04
2.22209458e-01 -1.46307459e-04 2.38542917e-04
2.22566526e-01 -7.46600552e-05 2.37557338e-04
2.22923591e-01 -2.02576824e-04 2.38545691e-04
2.23280652e-01 -1.73015182e-04 2.42301618e-04
2.23637710e-01 4.45373059e-04 2.32248755e-04
2.23994764e-01 2.64941501e-04 2.37905468e-04
2.24351814e-01 8.11525499e-05 2.42467294e-04
2.24708861e-01 -2.43675962e-04 2.37176054e-04
2.25065904e-01 4.31845784e-04 2.41916330e-04
2.25422943e-01 8.10678941e-06 2.39500037e-04
2.25779978e-01 9.25892757e-05 2.36866206e-04
2.26137010e-01 -4.24716078e-05 2.35808273e-04
2.26494038e-01 -1.81766720e-04 2.36154123e-04
2.26851063e-01 4.11372274e-05 2.30554864e-04
2.27208083e-01 -1.85691067e-04 2.37197444e-04
2.27565100e-01 1.59040227e-04 2.36185576e-04
2.27922114e-01 -2.60056507e-04 2.34232951e-04
2.28279123e-01 -1.30811577e-04 2.37194095e-04
2.28636129e-01 2.06189892e-04 2.32330410e-04
2.28993131e-01 -6.83546915e-05 2.35897651e-04
2.29350129e-01 -1.55545515e-04 2.32131359e-04
2.29707124e-01 -1.14524987e-04 2.33453226e-04
2.30064115e-01 3.80964150e-04 2.33674160e-04
2.30421102e-01 6.18374361e-05 2.31601492e-04
2.30778085e-01 -1.43768398e-04 2.31567243e-04
2.31135064e-01 2.61912832e-04 2.30971014e-04
2.31492040e-01 -2.24532639e-04 2.29262135e-04
2.31849012e-01 -2.44956041e-05 2.28415865e-04
2.32205980e-01 9.88445069e-06 2.33938171e-04
2.32562944e-01 -2.30692935e-04 2.32412328e-04
2.32919905e-01 3.59204995e-04 2.32344059e-04
2.33276862e-01 -7.91426374e-05 2.32401371e-04
2.33633814e-01 1.53593427e-04 2.33128813e-04
2.33990763e-01 9.27503666e-05 2.31514733e-04
2.34347709e-01 -1.32326702e-04 2.29396175e-04
2.34704650e-01 1.91787390e-04 2.30618336e-04
2.35061588e-01 3.91802118e-04 2.28224790e-04
2.35418521e-01 -3.21156854e-04 2.25890676e-04
2.35775451e-01 -1.52886200e-04 2.25324826e-04
2.36132377e-01 -4.68306562e-04 2.30403240e-04
2.36489299e-01 2.54676206e-04 2.27787868e-04
2.36846218e-01 -3.83601509e-04 2.23952939e-04
2.37203132e-01 3.70483763e-04 2.29843255e-04
2.37560042e-01 1.23257653e-04 2.26639853e-04
2.37916949e-01 6.06377988e-05 2.23825768e-04
2.38273852e-01 2.48491760e-05 2.29357667e-04
2.38630751e-01 1.43107337e-04 2.30450192e-04
2.38987645e-01 3.70918616e-04 2.29821369e-04
2.39344537e-01 -2.92046827e-04 2.24781275e-04
2.39701424e-01 1.27587500e-04 2.26064229e-04
2.40058307e-01 -6.80564989e-05 2.26416483e-04
2.40415186e-01 -1.78977970e-04 2.19841801e-04
2.40772061e-01 1.95335482e-04 2.24483112e-04
2.41128933e-01 3.18527093e-04 2.27017086e-04
2.41485800e-01 -1.37654562e-04 2.19264393e-04
2.41842664e-01 5.70189484e-05 2.23473356e-04
2.42199523e-01 -8.36233162e-05 2.18404907e-04
2.42556379e-01 1.29374506e-04 2.22187049e-04
2.42913230e-01 -1.81938513e-04 2.23355170e-04
2.43270078e-01 -1.16881101e-04 2.20009102e-04
2.43626922e-01 4.17201013e-05 2.20200503e-04
2.43983761e-01 5.17324413e-04 2.21652052e-04
2.44340597e-01 -3.78771206e-04 2.17885722e-04
2.44697429e-01 -1.67405150e-04 2.18461068e-04
2.45054256e-01 1.05718380e-04 2.18843642e-04
2.45411080e-01 -7.32588529e-05 2.22125441e-04
2.45767900e-01 2.25364657e-04 2.14560788e-04
2.46124715e-01 -4.31254214e-05 2.21063206e-04
2.46481527e-01 5.53493870e-05 2.22174068e-04
2.46838334e-01 -1.26347163e-04 2.17665617e-04
2.47195138e-01 -1.13370831e-04 2.15702717e-04
2.47551938e-01 -5.23730452e-05 2.16775070e-04
2.47908733e-01 -2.49148721e-04 2.20636315e-04
2.48265524e-01 -2.29012285e-04 2.17727714e-04
2.48622312e-01 2.46572974e-04 2.18910350e-04
2.48979095e-01 1.36611436e-04 2.16890820e-04
2.49335874e-01 -1.50638470e-04 2.16669304e-04
2.49692649e-01 -1.20635917e-04 2.15201268e-04
2.50049420e-01 2.58238702e-04 2.19932309e-04
2.50406187e-01 1.24417038e-04 2.14950548e-04
2.50762950e-01 5.07636243e-05 2.17422372e-04
2.51119709e-01 -4.90115302e-04 2.14130858e-04
2.51476464e-01 1.93361842e-04 2.17262406e-04
2.51833214e-01 1.39666113e-04 2.15814687e-04
2.52189961e-01 -7.34284610e-05 2.12352671e-04
2.52546703e-01 1.55178566e-04 2.14475806e-04
2.52903441e-01 -2.89531222e-05 2.14791283e-04
2.53260175e-01 -3.35141502e-05 2.14799288e-04
2.53616905e-01 -1.36976033e-04 2.17331469e-04
2.53973631e-01 2.84100842e-04 2.14577009e-04
2.54330352e-01 1.09688353e-04 2.12750390e-04
2.54687070e-01 -2.20865043e-04 2.10124273e-04
2.55043783e-01 3.14284906e-04 2.09723747e-04
2.55400492e-01 2.02079316e-04 2.11282171e-04
2.55757197e-01 -2.33029806e-04 2.12562398e-04
2.56113898e-01 4.02135084e-04 2.15735623e-04
2.56470595e-01 -1.92803522e-04 2.09908440e-04
2.56827287e-01 -1.01202166e-04 2.11427424e-04
2.57183975e-01 -1.32441669e-04 2.11881711e-04
2.57540659e-01 1.71321405e-04 2.13761696e-04
2.57897339e-01 3.03993494e-04 2.12092325e-04
2.58254014e-01 2.10642807e-04 2.16825010e-04
2.58610686e-01 -2.32589375e-04 2.14017633e-04
2.58967353e-01 -3.75851979e-05 2.17041330e-04
2.59324016e-01 -1.22225594e-04 2.14744575e-04
2.59680674e-01 1.13513274e-05 2.12543605e-04
2.60037329e-01 1.80109321e-04 2.17934957e-04
2.60393979e-01 -1.50195404e-04 2.13506772e-04
2.60750625e-01 -3.52830351e-04 2.18541001e-04
2.61107266e-01 1.15301971e-06 2.14975989e-04
2.61463904e-01 -3.79582605e-04 2.15926323e-04
2.61820537e-01 5.44039736e-05 2.15388752e-04
2.62177166e-01 3.44296366e-05 2.18036915e-04
2.62533790e-01 7.05947611e-05 2.14498030e-04
2.62890410e-01 -2.18311889e-04 2.10932016e-04
2.63247026e-01 -1.00462458e-04 2.15007113e-04
2.63603638e-01 2.45870277e-05 2.15980041e-04
2.63960245e-01 3.67906483e-05 2.13824973e-04
2.64316848e-01 -5.09941159e-05 2.15150171e-04
2.64673447e-01 -1.44108587e-04 2.11011074e-04
2.65030042e-01 -1.67067549e-04 2.09375664e-04
2.65386632e-01 -6.34401772e-05 2.13177082e-04
2.65743217e-01 1.53330250e-04 2.08382665e-04
2.66099799e-01 1.97101581e-04 2.10375572e-04
2.66456376e-01 -1.47283953e-04 2.13443360e-04
2.66812948e-01 -4.45090860e-04 2.12868764e-04
2.67169517e-01 -2.25513944e-04 2.13299407e-04
2.67526081e-01 -3.11058307e-04 2.15155569e-04
2.67882640e-01 1.28310208e-04 2.20861973e-04
2.68239195e-01 -1.95386619e-04 2.15120653e-04
2.68595746e-01 -7.98930667e-05 2.16497734e-04
2.68952293e-01 -9.37433615e-05 2.16812771e-04
2.69308835e-01 5.60813843e-05 2.16890599e-04
2.69665372e-01 -3.05887323e-04 2.18407787e-04
2.70021906e-01 3.84539514e-04 2.18536011e-04
2.70378435e-01 7.98285481e-05 2.18379635e-04
2.70734959e-01 -1.53360122e-04 2.23089411e-04
2.71091479e-01 2.15473987e-05 2.22231515e-04
2.71447995e-01 -3.25357714e-04 2.18090464e-04
2.71804506e-01 -5.53108827e-04 2.22561073e-04
2.72161012e-01 -2.30799414e-04 2.27391347e-04
2.72517515e-01 2.80292253e-04 2.28781097e-04
2.72874012e-01 2.57440832e-04 2.28559915e-04
