1.54026655e-02 1.03593035e-02 1.67292995e-03
1.57608633e-02 1.24588270e-02 1.66096049e-03
1.61190608e-02 8.53486051e-03 1.48713005e-03
1.64772580e-02 1.08071022e-02 1.55532909e-03
1.68354550e-02 1.10963994e-02 1.41949215e-03
1.71936517e-02 1.15263239e-02 1.44437393e-03
1.75518481e-02 1.10397903e-02 1.30779444e-03
1.79100442e-02 1.25235677e-02 1.32730560e-03
1.82682400e-02 8.95679283e-03 1.23566332e-03
1.86264355e-02 1.18177820e-02 1.22083576e-03
1.89846308e-02 9.28238574e-03 1.22731959e-03
1.93428257e-02 1.06805957e-02 1.15777835e-03
1.97010202e-02 1.03263965e-02 1.20493120e-03
2.00592145e-02 9.17298965e-03 1.19827670e-03
2.04174084e-02 1.05463698e-02 1.08663225e-03
2.07756020e-02 1.02477693e-02 1.10259791e-03
2.11337953e-02 1.06400618e-02 1.09438117e-03
2.14919882e-02 9.24074033e-03 1.07327170e-03
2.18501808e-02 8.80906714e-03 1.16151077e-03
2.22083729e-02 1.04924425e-02 1.06157578e-03
2.25665648e-02 1.16445787e-02 1.03011815e-03
2.29247562e-02 9.61622609e-03 1.03724466e-03
2.32829473e-02 1.02787560e-02 1.02471287e-03
2.36411380e-02 9.84202037e-03 9.47766666e-04
2.39993283e-02 1.11675975e-02 9.66844584e-04
2.43575182e-02 1.07313369e-02 9.63743258e-04
2.47157077e-02 8.04611312e-03 8.75798081e-04
2.50738968e-02 6.75724518e-03 9.16984223e-04
2.54320855e-02 1.01069071e-02 9.15012210e-04
2.57902738e-02 9.04870526e-03 8.82973647e-04
2.61484617e-02 9.36722865e-03 9.26758731e-04
2.65066491e-02 1.05649772e-02 8.53940321e-04
2.68648361e-02 1.07131762e-02 8.37582475e-04
2.72230226e-02 8.83413771e-03 8.58022123e-04
2.75812087e-02 1.02154905e-02 8.85180421e-04
2.79393943e-02 9.05020604e-03 8.45423812e-04
2.82975795e-02 9.11395901e-03 8.54201468e-04
2.86557642e-02 8.46000707e-03 8.63819152e-04
2.90139485e-02 9.46873584e-03 8.87689213e-04
2.93721323e-02 8.63147111e-03 8.73102278e-04
2.97303155e-02 1.02206755e-02 8.45873221e-04
3.00884983e-02 9.64749061e-03 8.82025216e-04
3.04466806e-02 8.16645660e-03 8.75425930e-04
3.08048624e-02 8.15312840e-03 8.83498299e-04
3.11630437e-02 7.68222216e-03 8.42890167e-04
3.15212245e-02 6.42343907e-03 8.49369859e-04
3.18794048e-02 9.71597415e-03 8.61444791e-04
3.22375845e-02 8.44200211e-03 8.31323384e-04
3.25957637e-02 9.21487710e-03 8.64466824e-04
3.29539424e-02 8.21546644e-03 8.39183317e-04
3.33121205e-02 9.39543324e-03 8.20540315e-04
3.36702981e-02 1.03506974e-02 8.48499359e-04
3.40284751e-02 8.67474319e-03 7.85292590e-04
3.43866516e-02 8.62575695e-03 8.07787978e-04
3.47448275e-02 8.24848051e-03 7.61789038e-04
3.51030028e-02 7.05662438e-03 7.96940159e-04
3.54611775e-02 6.96838946e-03 7.66445645e-04
3.58193517e-02 7.62989526e-03 7.75107330e-04
3.61775253e-02 6.73776466e-03 7.30122905e-04
3.65356983e-02 8.41731426e-03 7.40967289e-04
3.68938706e-02 7.73282019e-03 7.51780403e-04
3.72520424e-02 8.01062522e-03 7.53769855e-04
3.76102136e-02 8.91886793e-03 7.64990197e-04
3.79683841e-02 6.24663412e-03 7.47451285e-04
3.83265540e-02 7.49347347e-03 7.49158613e-04
3.86847233e-02 7.06470732e-03 7.35876525e-04
3.90428920e-02 7.14521913e-03 6.85272550e-04
3.94010600e-02 7.16377647e-03 7.08054821e-04
3.97592273e-02 7.20549322e-03 7.55033531e-04
4.01173941e-02 6.44636116e-03 7.07931576e-04
4.04755601e-02 5.94449672e-03 7.18714792e-04
4.08337255e-02 6.47907526e-03 6.80580853e-04
4.11918902e-02 6.48444200e-03 6.92959360e-04
4.15500542e-02 5.91067125e-03 6.53582511e-04
4.19082176e-02 6.29772001e-03 6.76561545e-04
4.22663802e-02 6.70731194e-03 7.16544847e-04
4.26245422e-02 6.35185909e-03 6.90950898e-04
4.29827034e-02 5.48406248e-03 6.92295310e-04
4.33408640e-02 5.86714273e-03 6.75963433e-04
4.36990238e-02 5.43338803e-03 6.86848854e-04
4.40571830e-02 5.85796388e-03 6.86906937e-04
4.44153414e-02 5.63519871e-03 6.91841892e-04
4.47734990e-02 6.10390268e-03 7.05281508e-04
4.51316560e-02 5.33818959e-03 6.94276487e-04
4.54898122e-02 5.75349818e-03 6.85374087e-04
4.58479676e-02 6.67392360e-03 6.76190233e-04
4.62061223e-02 5.99778447e-03 6.86198741e-04
4.65642762e-02 5.37345348e-03 6.56607629e-04
4.69224294e-02 5.95524876e-03 6.98229662e-04
4.72805818e-02 6.04249932e-03 6.78593548e-04
4.76387334e-02 5.23646445e-03 6.87889946e-04
4.79968842e-02 7.00370099e-03 6.92537200e-04
4.83550342e-02 4.96836213e-03 6.57060178e-04
4.87131835e-02 5.68670953e-03 6.78661590e-04
4.90713319e-02 5.47521723e-03 6.75367923e-04
4.94294795e-02 5.05507605e-03 6.25725432e-04
4.97876264e-02 6.01149054e-03 6.59918612e-04
5.01457724e-02 5.31922250e-03 6.16525627e-04
5.05039175e-02 5.51225327e-03 6.33856244e-04
5.08620619e-02 4.41339852e-03 6.17271661e-04
5.12202054e-02 5.65679529e-03 6.16901332e-04
5.15783481e-02 5.79789528e-03 6.26558841e-04
5.19364899e-02 5.11670015e-03 6.22476638e-04
5.22946308e-02 3.84516391e-03 5.84535068e-04
5.26527709e-02 5.01069047e-03 5.97480128e-04
5.30109102e-02 4.27429870e-03 6.11582448e-04
5.33690485e-02 4.07615159e-03 5.89018382e-04
5.37271860e-02 3.78032862e-03 5.97932871e-04
5.40853226e-02 5.06344250e-03 5.92301969e-04
5.44434583e-02 4.56000440e-03 5.77449369e-04
5.48015932e-02 3.87248293e-03 5.90203296e-04
5.51597271e-02 4.58353456e-03 5.90622384e-04
5.55178601e-02 4.64679901e-03 6.01065936e-04
5.58759922e-02 3.27352537e-03 5.65009017e-04
5.62341234e-02 4.51025253e-03 5.75550433e-04
5.65922536e-02 3.89452474e-03 5.52179233e-04
5.69503829e-02 4.73653778e-03 5.77602986e-04
5.73085113e-02 3.68018638e-03 5.66610861e-04
5.76666388e-02 3.72118624e-03 5.32011357e-04
5.80247653e-02 2.97672310e-03 5.55137675e-04
5.83828908e-02 3.84547562e-03 5.42141232e-04
5.87410154e-02 3.61667325e-03 5.38054098e-04
5.90991390e-02 3.43213807e-03 5.59612126e-04
5.94572616e-02 3.29574907e-03 5.50131080e-04
5.98153833e-02 3.25008183e-03 5.53173678e-04
6.01735040e-02 2.92542634e-03 5.31644171e-04
6.05316237e-02 2.79052032e-03 5.33010799e-04
6.08897424e-02 2.90343159e-03 5.46710468e-04
6.12478600e-02 2.98300630e-03 5.28607085e-04
6.16059767e-02 3.42771064e-03 5.28759210e-04
6.19640924e-02 2.38214840e-03 5.28504984e-04
6.23222071e-02 2.75658343e-03 5.19746611e-04
6.26803207e-02 2.06212404e-03 5.21588482e-04
6.30384333e-02 3.46808733e-03 5.34079042e-04
6.33965448e-02 2.72535275e-03 5.17598779e-04
6.37546554e-02 1.93991662e-03 5.37620700e-04
6.41127648e-02 3.02688354e-03 5.23996409e-04
6.44708732e-02 1.55882408e-03 5.16146577e-04
6.48289806e-02 1.91003430e-03 5.12555169e-04
6.51870869e-02 1.64320771e-03 5.14682406e-04
6.55451921e-02 1.70442933e-03 4.93797828e-04
6.59032962e-02 2.19883037e-03 5.04578915e-04
6.62613993e-02 2.15378484e-03 5.01307638e-04
6.66195012e-02 2.30356715e-03 5.00478538e-04
6.69776021e-02 2.24195396e-03 4.88786621e-04
6.73357019e-02 2.98269293e-03 5.06327741e-04
6.76938005e-02 2.57673627e-03 4.96542932e-04
6.80518981e-02 2.32122734e-03 4.85240094e-04
6.84099945e-02 1.18277762e-03 4.95382370e-04
6.87680898e-02 1.71242069e-03 4.89283006e-04
6.91261840e-02 1.70665377e-03 4.93803092e-04
6.94842770e-02 2.40089362e-03 4.95339330e-04
6.98423689e-02 1.79373459e-03 4.90344512e-04
7.02004596e-02 1.88376029e-03 4.79146044e-04
7.05585492e-02 2.91557792e-03 4.69087980e-04
7.09166377e-02 1.50600065e-03 4.67931602e-04
7.12747249e-02 2.01681832e-03 4.71127830e-04
7.16328110e-02 1.37438373e-03 4.75303098e-04
7.19908959e-02 2.18280414e-03 4.87012621e-04
7.23489796e-02 1.89699948e-03 4.55171963e-04
7.27070622e-02 7.14572451e-04 4.80674221e-04
7.30651435e-02 1.65544846e-03 4.56973802e-04
7.34232237e-02 1.37422452e-03 4.69240647e-04
7.37813026e-02 1.61823977e-03 4.72917267e-04
7.41393803e-02 1.38161402e-03 4.72973859e-04
7.44974568e-02 1.28052465e-03 4.73796600e-04
7.48555321e-02 1.98327676e-03 4.61071351e-04
7.52136061e-02 9.90013823e-04 4.78583082e-04
7.55716789e-02 1.87451731e-03 4.69065963e-04
7.59297505e-02 1.60448641e-03 4.52466321e-04
7.62878208e-02 7.50067358e-04 4.52454178e-04
7.66458899e-02 1.01947759e-03 4.68243974e-04
7.70039577e-02 8.34610492e-04 4.47197677e-04
7.73620242e-02 8.81543697e-04 4.51695480e-04
7.77200895e-02 1.84719852e-03 4.59716478e-04
7.80781535e-02 1.91891230e-03 4.57818565e-04
7.84362162e-02 1.27351810e-03 4.57395193e-04
7.87942776e-02 1.48802712e-03 4.48663407e-04
7.91523377e-02 1.16801856e-03 4.47366339e-04
7.95103965e-02 1.36290144e-03 4.39683541e-04
7.98684540e-02 1.03230473e-03 4.45157757e-04
8.02265102e-02 4.49852551e-04 4.53840333e-04
8.05845651e-02 7.85982685e-04 4.39363588e-04
8.09426186e-02 1.53388361e-03 4.36282311e-04
8.13006709e-02 1.10633079e-03 4.45862981e-04
8.16587217e-02 4.40758509e-04 4.42488523e-04
8.20167713e-02 1.05172743e-03 4.41779484e-04
8.23748195e-02 1.25311430e-03 4.47503477e-04
8.27328663e-02 1.06357134e-03 4.42013358e-04
8.30909118e-02 6.99206646e-04 4.27012917e-04
8.34489559e-02 5.27634252e-04 4.29781996e-04
8.38069986e-02 7.38581852e-04 4.33773028e-04
8.41650400e-02 1.39989436e-03 4.31198588e-04
8.45230800e-02 3.16505321e-04 4.33642148e-04
8.48811185e-02 5.32166746e-04 4.33412012e-04
8.52391557e-02 3.86359768e-04 4.48928719e-04
8.55971915e-02 -5.60316065e-06 4.42113904e-04
8.59552259e-02 7.92883979e-04 4.38305214e-04
8.63132589e-02 1.16372528e-03 4.31078925e-04
8.66712904e-02 1.53155521e-03 4.42375203e-04
8.70293205e-02 1.17733709e-03 4.41698961e-04
8.73873492e-02 2.67451691e-04 4.27426696e-04
8.77453765e-02 1.03244280e-03 4.25623845e-04
8.81034023e-02 6.70456316e-04 4.15051793e-04
8.84614267e-02 1.09420427e-04 4.33465231e-04
8.88194496e-02 3.79740232e-04 4.15071135e-04
8.91774710e-02 6.10844526e-04 4.28466744e-04
8.95354910e-02 6.72432388e-04 4.21111867e-04
8.98935095e-02 6.68780084e-04 4.14124267e-04
9.02515266e-02 4.24969617e-05 4.37539071e-04
9.06095421e-02 1.25965629e-03 4.44688414e-04
9.09675562e-02 1.29264403e-03 4.32732496e-04
9.13255687e-02 3.62514673e-04 4.23377926e-04
9.16835798e-02 3.68358633e-04 4.45017598e-04
9.20415894e-02 8.24925070e-04 4.36300132e-04
9.23995974e-02 6.87180857e-04 4.21905673e-04
9.27576039e-02 7.69618390e-04 4.21639799e-04
9.31156089e-02 4.61723044e-04 4.27538630e-04
9.34736124e-02 1.38261486e-04 4.24348474e-04
9.38316143e-02 1.01618580e-03 4.36783618e-04
9.41896147e-02 2.07390634e-04 4.23724796e-04
9.45476136e-02 2.33347626e-04 4.33576212e-04
9.49056108e-02 -1.61292367e-04 4.05191572e-04
9.52636066e-02 3.64456999e-04 4.09086680e-04
9.56216007e-02 -1.89373762e-04 3.98259800e-04
9.59795933e-02 3.74542636e-04 4.13071306e-04
9.63375843e-02 2.13013784e-04 4.24066876e-04
9.66955738e-02 6.55259055e-04 4.07813402e-04
9.70535616e-02 8.05497237e-04 4.04834044e-04
9.74115478e-02 8.99651819e-04 4.09811398e-04
9.77695325e-02 5.45733223e-04 4.05454001e-04
9.81275155e-02 -3.80792811e-04 4.12656401e-04
9.84854969e-02 6.98910377e-04 4.05835058e-04
9.88434768e-02 4.67477672e-05 4.00668019e-04
9.92014549e-02 4.18969694e-04 4.03902154e-04
9.95594315e-02 6.02889079e-04 3.94551764e-04
9.99174064e-02 -8.10617509e-05 3.96273565e-04
1.00275380e-01 1.04631518e-03 3.98343080e-04
1.00633351e-01 3.87977464e-04 3.98110829e-04
1.00991321e-01 2.51913991e-04 3.99968803e-04
1.01349290e-01 1.45392762e-04 3.95624682e-04
1.01707256e-01 1.56363239e-04 3.80509408e-04
1.02065221e-01 2.31556124e-04 3.99088243e-04
1.02423184e-01 2.03619210e-04 3.93393775e-04
1.02781146e-01 2.73730642e-04 3.83072853e-04
1.03139106e-01 4.71430032e-04 3.87127930e-04
1.03497064e-01 -2.12117383e-04 3.90075504e-04
1.03855021e-01 7.36541334e-04 3.93313423e-04
1.04212976e-01 3.13647042e-04 3.90628679e-04
1.04570929e-01 2.49707994e-04 3.91853166e-04
1.04928880e-01 -2.72070577e-04 4.07911275e-04
1.05286830e-01 9.54600474e-05 3.99651498e-04
1.05644778e-01 3.69025437e-04 4.02728148e-04
1.06002724e-01 1.26820870e-04 3.96025424e-04
1.06360668e-01 4.84711776e-04 3.98121733e-04
1.06718611e-01 3.84712631e-04 4.03267846e-04
1.07076552e-01 -2.58477880e-04 3.99865463e-04
1.07434491e-01 4.61215955e-04 4.07959343e-04
1.07792429e-01 5.56961969e-04 3.98642495e-04
1.08150364e-01 3.04020118e-04 4.09807044e-04
1.08508298e-01 4.51442530e-04 4.06894762e-04
1.08866230e-01 4.54991759e-04 3.97577518e-04
1.09224160e-01 9.88458633e-05 3.93051216e-04
1.09582089e-01 1.74552337e-04 3.99106156e-04
1.09940016e-01 8.81020432e-04 3.90233060e-04
1.10297941e-01 3.20575655e-04 4.01388171e-04
1.10655864e-01 2.76097486e-04 3.96739818e-04
1.11013785e-01 6.28511013e-04 3.77506732e-04
1.11371704e-01 1.37791287e-04 3.81769121e-04
1.11729622e-01 4.21984965e-04 3.92963888e-04
1.12087538e-01 -3.13447288e-06 3.75262982e-04
1.12445452e-01 3.77549095e-04 3.75161362e-04
1.12803364e-01 -6.92310781e-05 3.72334128e-04
1.13161274e-01 9.14444491e-05 3.81974199e-04
1.13519182e-01 -2.72767533e-04 3.74563132e-04
1.13877089e-01 2.72784302e-05 3.70307826e-04
1.14234994e-01 -2.30883962e-05 3.72792811e-04
1.14592896e-01 3.83338175e-04 3.79575696e-04
1.14950797e-01 5.17824340e-04 3.77694084e-04
1.15308696e-01 6.88886965e-04 3.78702510e-04
1.15666593e-01 9.06691742e-04 3.72447926e-04
1.16024488e-01 -1.74416174e-05 3.73635704e-04
1.16382382e-01 3.63878883e-04 3.78945557e-04
1.16740273e-01 2.09558438e-04 3.80291015e-04
1.17098163e-01 -4.42395046e-04 3.69949312e-04
1.17456050e-01 -2.77515420e-04 3.73624516e-04
1.17813936e-01 -7.25692881e-05 3.64359532e-04
1.18171819e-01 2.11195360e-04 3.81367239e-04
1.18529701e-01 4.26841736e-04 3.71884820e-04
1.18887581e-01 5.33555440e-04 3.80238129e-04
1.19245459e-01 4.88046572e-04 3.74304234e-04
1.19603335e-01 4.76242409e-04 3.77680716e-04
1.19961208e-01 6.80255352e-05 3.73449404e-04
1.20319080e-01 3.62716360e-06 3.72053352e-04
1.20676950e-01 2.74443274e-04 3.73821854e-04
1.21034818e-01 4.25048822e-04 3.96838666e-04
1.21392684e-01 -1.59068185e-04 3.79927586e-04
1.21750548e-01 5.68146351e-04 3.84290471e-04
1.22108410e-01 5.83925254e-04 3.77149602e-04
1.22466270e-01 4.08548825e-04 3.71539618e-04
1.22824128e-01 1.11555475e-04 3.63616131e-04
1.23181984e-01 3.38360563e-04 3.67503849e-04
1.23539838e-01 2.35415411e-04 3.78144185e-04
1.23897690e-01 7.76339490e-05 3.78423903e-04
1.24255540e-01 1.85187196e-04 3.72670815e-04
1.24613388e-01 1.05207855e-05 3.70713680e-04
1.24971233e-01 -8.07969261e-05 3.65938903e-04
1.25329077e-01 3.26307376e-04 3.71057456e-04
1.25686919e-01 4.98381114e-04 3.58507286e-04
1.26044758e-01 1.22158755e-04 3.63621620e-04
1.26402596e-01 -3.64728927e-04 3.59103179e-04
1.26760431e-01 1.47773260e-04 3.71058278e-04
1.27118265e-01 5.49364136e-05 3.57656570e-04
1.27476096e-01 -3.13125583e-06 3.55221063e-04
1.27833925e-01 -2.32769910e-04 3.54826921e-04
1.28191752e-01 3.25262010e-04 3.48139823e-04
1.28549577e-01 -3.29837220e-04 3.48751748e-04
1.28907400e-01 4.35333261e-04 3.63436320e-04
1.29265221e-01 4.93929948e-04 3.56638320e-04
1.29623040e-01 1.43793241e-04 3.50400614e-04
1.29980856e-01 3.09767599e-04 3.50880011e-04
1.30338670e-01 -1.47784516e-04 3.51805901e-04
1.30696483e-01 2.81912130e-04 3.50508216e-04
1.31054293e-01 -1.93633340e-04 3.38307934e-04
1.31412101e-01 6.92339596e-05 3.48908216e-04
1.31769906e-01 -4.42898909e-04 3.40814677e-04
1.32127710e-01 -3.29509686e-04 3.32151691e-04
1.32485511e-01 3.72770856e-04 3.38321109e-04
1.32843311e-01 2.24501530e-04 3.44350516e-04
1.33201108e-01 1.37905341e-04 3.40871614e-04
1.33558903e-01 3.48362019e-04 3.48400016e-04
1.33916695e-01 6.75522626e-04 3.40150675e-04
1.34274486e-01 7.68979023e-04 3.44351293e-04
1.34632274e-01 5.49020316e-04 3.40317739e-04
1.34990060e-01 1.29357193e-04 3.53327612e-04
1.35347844e-01 6.36017110e-04 3.35100224e-04
1.35705626e-01 1.52225797e-04 3.35573495e-04
1.36063405e-01 4.43153326e-04 3.38668999e-04
1.36421182e-01 -9.39972407e-05 3.38155091e-04
1.36778957e-01 1.86570351e-04 3.26535593e-04
1.37136730e-01 2.23143588e-04 3.38313480e-04
1.37494500e-01 -1.16349387e-04 3.30718509e-04
1.37852269e-01 2.46831638e-04 3.35918654e-04
1.38210034e-01 -6.86576232e-04 3.34294616e-04
1.38567798e-01 -5.18397480e-04 3.25593329e-04
1.38925559e-01 5.39446274e-04 3.28060472e-04
1.39283319e-01 5.64458223e-04 3.35371401e-04
1.39641075e-01 4.50754990e-04 3.32277162e-04
1.39998830e-01 5.25791470e-04 3.32183786e-04
1.40356582e-01 -4.29370868e-05 3.37095654e-04
1.40714332e-01 4.65131972e-04 3.27280242e-04
1.41072080e-01 3.09381244e-04 3.37716799e-04
1.41429825e-01 3.11126662e-04 3.29563750e-04
1.41787568e-01 1.82986853e-04 3.29691120e-04
1.42145308e-01 4.29165629e-04 3.25951177e-04
1.42503047e-01 -3.80923390e-05 3.32233395e-04
1.42860783e-01 6.23915755e-04 3.40818414e-04
1.43218516e-01 2.78364464e-04 3.20853709e-04
1.43576247e-01 -7.47750740e-04 3.30025580e-04
1.43933976e-01 -1.93894902e-04 3.20566152e-04
1.44291703e-01 4.93782236e-04 3.20604155e-04
1.44649427e-01 1.41609254e-04 3.26660590e-04
1.45007149e-01 1.17797384e-04 3.18530972e-04
1.45364868e-01 4.66187179e-04 3.15980603e-04
1.45722585e-01 6.95650274e-05 3.16491811e-04
1.46080300e-01 2.51414641e-04 3.21540656e-04
1.46438012e-01 7.15863421e-05 3.24015666e-04
1.46795722e-01 5.10950993e-04 3.14706516e-04
1.47153429e-01 5.05457445e-04 3.23343212e-04
1.47511134e-01 2.76723766e-04 3.19122257e-04
1.47868837e-01 -8.73837708e-05 3.18933912e-04
1.48226537e-01 -5.29867063e-04 3.12646516e-04
1.48584235e-01 -5.74592769e-05 3.10162593e-04
1.48941930e-01 6.95723479e-05 3.11628389e-04
1.49299623e-01 1.14296253e-04 3.19557706e-04
1.49657313e-01 -2.05296276e-04 3.17340759e-04
1.50015001e-01 -2.38184904e-04 3.18284995e-04
1.50372687e-01 1.45091082e-04 3.13387021e-04
1.50730370e-01 -3.02959216e-04 3.08731542e-04
1.51088050e-01 -4.65647025e-05 3.11102296e-04
1.51445728e-01 -2.37799693e-04 3.09390011e-04
1.51803404e-01 1.96922952e-04 3.12976353e-04
1.52161077e-01 -5.90213623e-05 3.06848525e-04
1.52518747e-01 2.77810860e-04 3.14855543e-04
1.52876416e-01 1.89740473e-04 3.02347468e-04
1.53234081e-01 -1.04890073e-04 3.10074339e-04
1.53591744e-01 -1.14577469e-04 2.98712024e-04
1.53949405e-01 -3.82938316e-04 3.07058051e-04
1.54307063e-01 -2.12676765e-04 3.05128844e-04
1.54664718e-01 2.04576848e-04 3.03166912e-04
1.55022371e-01 -3.01301496e-04 3.03808320e-04
1.55380021e-01 -1.72328355e-04 3.08077389e-04
1.55737669e-01 1.07215330e-04 3.04844653e-04
1.56095314e-01 -3.17300180e-04 3.01229087e-04
1.56452957e-01 -1.22581171e-04 3.09841187e-04
1.56810597e-01 3.25319576e-04 3.09570650e-04
1.57168235e-01 -8.04710240e-04 3.09909726e-04
1.57525870e-01 4.93999602e-04 3.02085448e-04
1.57883502e-01 5.62305747e-04 2.97080341e-04
1.58241132e-01 5.97606366e-04 3.06280183e-04
1.58598759e-01 4.18271938e-04 2.99779602e-04
1.58956384e-01 1.15996367e-05 2.95576595e-04
1.59314006e-01 6.89911984e-04 3.04724763e-04
1.59671625e-01 5.83866360e-04 3.08331509e-04
1.60029242e-01 -1.10649326e-04 2.98992450e-04
1.60386856e-01 1.92317583e-04 3.04023634e-04
1.60744468e-01 3.10965957e-04 2.95898752e-04
1.61102076e-01 1.20151165e-04 2.97746025e-04
1.61459683e-01 -3.17425528e-04 2.99737454e-04
1.61817286e-01 1.60505261e-04 2.98301142e-04
1.62174887e-01 -5.15484617e-05 2.94973765e-04
1.62532485e-01 5.43524734e-04 2.99416122e-04
1.62890081e-01 -2.96907652e-04 2.97304443e-04
1.63247674e-01 1.42232256e-04 3.00202256e-04
1.63605264e-01 3.22978377e-04 3.02351828e-04
1.63962852e-01 2.99353111e-04 3.00069592e-04
1.64320437e-01 -4.71391588e-04 2.94240107e-04
1.64678019e-01 -2.35240456e-04 2.91152350e-04
1.65035598e-01 -3.78921106e-05 2.89387439e-04
1.65393175e-01 -4.71695769e-04 2.91648477e-04
1.65750749e-01 -7.00020111e-04 2.96374456e-04
1.66108320e-01 1.97040820e-04 2.99133453e-04
1.66465889e-01 -1.72919350e-05 2.92683581e-04
1.66823455e-01 -1.73346079e-04 2.98092855e-04
1.67181018e-01 2.84691159e-04 2.97553898e-04
1.67538578e-01 -5.45634066e-06 2.88912041e-04
1.67896136e-01 4.44957591e-04 2.93359905e-04
1.68253691e-01 1.91060019e-04 2.89153448e-04
1.68611243e-01 5.58931217e-05 2.96558802e-04
1.68968792e-01 1.69243363e-04 2.84792200e-04
1.69326339e-01 1.00793104e-04 2.91935663e-04
1.69683883e-01 4.87142935e-04 2.94886761e-04
1.70041424e-01 2.95818679e-05 2.87311600e-04
1.70398962e-01 -2.32971192e-04 2.89171700e-04
1.70756497e-01 -6.18957905e-05 2.80638298e-04
1.71114030e-01 2.09417260e-04 2.83326816e-04
1.71471560e-01 3.69413140e-04 2.83023079e-04
1.71829087e-01 3.64932680e-04 2.93363157e-04
1.72186611e-01 5.75782003e-04 2.88818560e-04
1.72544132e-01 -6.58208957e-04 2.87112757e-04
1.72901651e-01 -3.46354284e-04 2.85294499e-04
1.73259167e-01 -1.24305351e-04 2.85168147e-04
1.73616679e-01 -6.14952978e-05 2.90910804e-04
1.73974189e-01 1.04805353e-04 2.87473289e-04
1.74331697e-01 -1.36274359e-04 2.79559377e-04
1.74689201e-01 2.84646179e-04 2.78989170e-04
1.75046702e-01 3.20840432e-04 2.84270398e-04
1.75404201e-01 3.80063728e-04 2.90365795e-04
1.75761697e-01 -3.40882913e-04 2.79837995e-04
1.76119189e-01 6.31601131e-05 2.78011550e-04
1.76476679e-01 3.33991818e-04 2.86606692e-04
1.76834166e-01 1.89098001e-04 2.82102222e-04
1.77191650e-01 2.44632357e-04 2.79763341e-04
1.77549132e-01 8.28634671e-05 2.79011007e-04
1.77906610e-01 -2.44142219e-04 2.79981752e-04
1.78264085e-01 5.23093858e-04 2.80322202e-04
1.78621558e-01 2.12412664e-04 2.80467633e-04
1.78979027e-01 -3.05189144e-05 2.82263281e-04
1.79336494e-01 -1.74328509e-04 2.75858297e-04
1.79693958e-01 3.32984037e-04 2.74722006e-04
1.80051418e-01 1.77291921e-04 2.78352972e-04
1.80408876e-01 8.81631470e-05 2.79357566e-04
1.80766331e-01 1.83393749e-04 2.82994383e-04
1.81123783e-01 5.56358730e-04 2.85526340e-04
1.81481232e-01 -2.55715452e-05 2.80324937e-04
1.81838677e-01 5.04051023e-04 2.84148923e-04
1.82196120e-01 1.10224593e-04 2.84463220e-04
1.82553560e-01 -3.72051759e-04 2.83086930e-04
1.82910997e-01 -1.19490125e-04 2.85887010e-04
1.83268431e-01 -7.90343451e-05 2.85129781e-04
1.83625862e-01 -3.54641211e-05 2.80107717e-04
1.83983290e-01 2.47166737e-04 2.82434318e-04
1.84340715e-01 9.04045416e-05 2.89228434e-04
1.84698137e-01 -2.52313735e-04 2.81217099e-04
1.85055556e-01 2.52201901e-04 2.85644921e-04
1.85412971e-01 4.66592987e-04 2.84950131e-04
1.85770384e-01 2.30885755e-04 2.84560817e-04
1.86127794e-01 2.40811701e-04 2.79358838e-04
1.86485200e-01 1.69002091e-04 2.86607323e-04
1.86842604e-01 -1.14167429e-04 2.81186127e-04
1.87200005e-01 -3.18968202e-05 2.78857921e-04
1.87557402e-01 -5.37012000e-04 2.72942255e-04
1.87914797e-01 -7.62855263e-05 2.76868527e-04
1.88272188e-01 5.09313613e-04 2.78103609e-04
1.88629576e-01 7.84073509e-06 2.73130802e-04
1.88986961e-01 5.10238720e-04 2.81052567e-04
1.89344343e-01 -1.48728060e-04 2.72985464e-04
1.89701722e-01 1.31453029e-05 2.74029754e-04
1.90059098e-01 2.47059320e-04 2.74055486e-04
1.90416471e-01 -3.00669983e-04 2.78037209e-04
1.90773840e-01 2.27308927e-04 2.72680042e-04
1.91131207e-01 6.04932807e-04 2.75179030e-04
1.91488570e-01 5.02218683e-04 2.68682408e-04
1.91845930e-01 -1.21183490e-04 2.73595531e-04
1.92203287e-01 2.52591678e-04 2.72450824e-04
1.92560641e-01 3.08904104e-05 2.68216787e-04
1.92917992e-01 7.36582958e-05 2.66788299e-04
1.93275340e-01 2.88688980e-04 2.67632408e-04
1.93632684e-01 1.53593057e-04 2.71972688e-04
1.93990025e-01 -1.85451602e-04 2.63921333e-04
1.94347363e-01 -1.91611357e-04 2.71243628e-04
1.94704698e-01 -3.52811703e-04 2.70129283e-04
1.95062030e-01 -9.48892470e-05 2.74729123e-04
1.95419358e-01 1.93061414e-05 2.71331472e-04
1.95776684e-01 1.14640862e-04 2.74327437e-04
1.96134006e-01 -2.86135673e-04 2.69482837e-04
1.96491324e-01 -2.59500810e-04 2.70309289e-04
1.96848640e-01 1.22822146e-04 2.66199363e-04
1.97205953e-01 -3.90162327e-04 2.69571238e-04
1.97563262e-01 -3.19223254e-04 2.72163178e-04
1.97920568e-01 1.19327747e-04 2.77031149e-04
1.98277870e-01 1.55784777e-04 2.79122861e-04
1.98635170e-01 2.97722236e-04 2.73330318e-04
1.98992466e-01 5.26921527e-04 2.71041871e-04
1.99349759e-01 2.96446562e-04 2.78122871e-04
1.99707049e-01 3.73472687e-04 2.75270712e-04
2.00064335e-01 6.07460381e-05 2.73250961e-04
2.00421618e-01 -8.40861867e-05 2.72682132e-04
2.00778898e-01 5.19147784e-04 2.67594961e-04
2.01136174e-01 -1.43496997e-04 2.67993674e-04
2.01493448e-01 2.45897064e-04 2.62209310e-04
2.01850718e-01 2.90818841e-04 2.61795799e-04
2.02207984e-01 1.82579716e-04 2.61715486e-04
2.02565248e-01 3.17284499e-04 2.65267472e-04
2.02922508e-01 -3.12567465e-04 2.54997455e-04
2.03279764e-01 -8.84249743e-05 2.57610277e-04
2.03637018e-01 -8.78361071e-05 2.61856581e-04
2.03994268e-01 -1.55267941e-04 2.62844708e-04
2.04351514e-01 -1.03991723e-04 2.60113927e-04
2.04708758e-01 1.11279944e-04 2.56954977e-04
2.05065998e-01 -8.83708783e-06 2.55375960e-04
2.05423234e-01 1.28863786e-04 2.55371107e-04
2.05780467e-01 -5.55330022e-05 2.54602285e-04
2.06137697e-01 -1.53727620e-04 2.57725157e-04
2.06494924e-01 3.20815097e-04 2.61460909e-04
2.06852147e-01 1.11115270e-04 2.56024993e-04
2.07209367e-01 -2.23862741e-04 2.54298124e-04
2.07566583e-01 4.64350376e-04 2.55607008e-04
2.07923796e-01 4.73514941e-04 2.59538108e-04
2.08281005e-01 2.37312719e-04 2.60186139e-04
2.08638211e-01 2.24730270e-04 2.56984853e-04
2.08995414e-01 -1.24434652e-04 2.54620924e-04
2.09352613e-01 4.39882771e-04 2.53493175e-04
2.09709809e-01 2.32310752e-04 2.53873705e-04
2.10067002e-01 4.69448636e-04 2.57510765e-04
2.10424191e-01 1.43540726e-05 2.52908301e-04
2.10781376e-01 -3.25878983e-04 2.54979724e-04
2.11138558e-01 -1.33880769e-04 2.53230477e-04
2.11495737e-01 2.05693543e-04 2.52206937e-04
2.11852912e-01 1.10535659e-04 2.53396523e-04
2.12210084e-01 2.36814520e-04 2.50791250e-04
2.12567252e-01 3.34326167e-04 2.46668649e-04
2.12924416e-01 -1.83492146e-04 2.44702990e-04
2.13281578e-01 3.44522900e-05 2.50078806e-04
2.13638735e-01 -9.07538205e-05 2.50514945e-04
2.13995890e-01 -5.14908117e-05 2.52635145e-04
2.14353040e-01 2.90504019e-04 2.48892086e-04
2.14710188e-01 1.05621920e-04 2.47215844e-04
2.15067331e-01 -8.43358438e-05 2.47251474e-04
2.15424471e-01 4.29949852e-05 2.43622267e-04
2.15781608e-01 1.21040432e-04 2.49500990e-04
2.16138741e-01 3.02323812e-04 2.45517660e-04
2.16495871e-01 1.58395909e-04 2.41100315e-04
2.16852997e-01 2.56876519e-04 2.50225714e-04
2.17210119e-01 3.26201240e-04 2.45073911e-04
2.17567238e-01 -1.32382423e-04 2.49054615e-04
2.17924354e-01 4.18877956e-04 2.48779378e-04
2.18281465e-01 1.58637715e-04 2.46256121e-04
2.18638574e-01 -1.69938296e-04 2.42624851e-04
2.18995678e-01 1.49586891e-04 2.42973981e-04
2.19352779e-01 -2.32809056e-04 2.39857021e-04
2.19709877e-01 6.76898775e-04 2.46339672e-04
2.20066971e-01 -5.81736440e-05 2.45307654e-04
2.20424061e-01 -4.96017428e-05 2.43616434e-04
2.20781147e-01 3.76915655e-04 2.40636782e-04
2.21138230e-01 2.67468187e-04 2.42276032e-04
2.21495310e-01 2.06491658e-04 2.37796800e-04
2.21852386e-01 1.94927832e-05 2.40271913e-04
2.22209458e-01 3.02590530e-04 2.37574135e-04
2.22566526e-01 3.47967858e-05 2.38608944e-04
2.22923591e-01 -3.15975091e-05 2.42835205e-04
2.23280652e-01 -1.23398686e-04 2.44007487e-04
2.23637710e-01 -2.37968449e-04 2.38098760e-04
2.23994764e-01 -1.47647752e-04 2.34678851e-04
2.24351814e-01 2.75787423e-04 2.36219030e-04
2.24708861e-01 1.46426695e-04 2.38279495e-04
2.25065904e-01 -1.23712730e-04 2.40155131e-04
2.25422943e-01 2.93639197e-04 2.35286999e-04
2.25779978e-01 2.00385878e-04 2.38738157e-04
2.26137010e-01 -1.49145740e-04 2.36993661e-04
2.26494038e-01 1.69057158e-04 2.33904377e-04
2.26851063e-01 1.98883743e-04 2.35823277e-04
2.27208083e-01 -7.20136035e-05 2.34665203e-04
2.27565100e-01 2.72123731e-04 2.36167498e-04
2.27922114e-01 3.34557988e-04 2.35500686e-04
2.28279123e-01 1.75019097e-05 2.32886357e-04
2.28636129e-01 -5.44319655e-04 2.35316247e-04
2.28993131e-01 -9.40370957e-05 2.39342131e-04
2.29350129e-01 6.62431325e-05 2.32928139e-04
2.29707124e-01 -8.34295417e-06 2.33276832e-04
2.30064115e-01 -8.97032269e-05 2.30864529e-04
2.30421102e-01 -2.60503387e-04 2.36117974e-04
2.30778085e-01 -2.24603332e-04 2.34430986e-04
2.31135064e-01 2.05328330e-04 2.32173828e-04
2.31492040e-01 -2.53009801e-04 2.28661100e-04
2.31849012e-01 3.90611319e-04 2.32058487e-04
2.32205980e-01 4.05048550e-05 2.32067405e-04
2.32562944e-01 3.51137809e-04 2.35159994e-04
2.32919905e-01 3.08865954e-04 2.33304762e-04
2.33276862e-01 2.26954567e-04 2.33617566e-04
2.33633814e-01 -1.55530077e-04 2.28543413e-04
2.33990763e-01 2.77549470e-04 2.31416096e-04
2.34347709e-01 9.43265031e-05 2.31228815e-04
2.34704650e-01 -2.03498300e-04 2.28568298e-04
2.35061588e-01 -6.63045476e-05 2.33482782e-04
2.35418521e-01 8.10386998e-05 2.22668668e-04
2.35775451e-01 -1.17628782e-05 2.25437060e-04
2.36132377e-01 2.84682388e-04 2.28502111e-04
2.36489299e-01 -1.85039057e-06 2.23874455e-04
2.36846218e-01 8.04654200e-05 2.26872446e-04
2.37203132e-01 -2.98894204e-06 2.28585285e-04
2.37560042e-01 2.36642123e-04 2.26281571e-04
2.37916949e-01 -1.11367693e-04 2.22534012e-04
2.38273852e-01 2.24064231e-05 2.25064901e-04
2.38630751e-01 -4.72960904e-04 2.23356720e-04
2.38987645e-01 6.74833069e-04 2.26519651e-04
2.39344537e-01 3.15636597e-05 2.18892683e-04
2.39701424e-01 2.57703707e-04 2.22666908e-04
2.40058307e-01 1.88216437e-05 2.25390053e-04
2.40415186e-01 -7.06636702e-05 2.23491032e-04
2.40772061e-01 1.81625736e-05 2.22906802e-04
2.41128933e-01 -1.18299422e-04 2.24471287e-04
2.41485800e-01 -7.42829363e-05 2.19258884e-04
2.41842664e-01 -8.40288773e-05 2.23613009e-04
2.42199523e-01 3.55911544e-04 2.23679007e-04
2.42556379e-01 8.31253038e-05 2.23033046e-04
2.42913230e-01 -1.39784363e-04 2.22762329e-04
2.43270078e-01 1.51802168e-04 2.20005422e-04
2.43626922e-01 4.30100169e-04 2.21195976e-04
2.43983761e-01 1.71282917e-04 2.16878252e-04
2.44340597e-01 2.64700842e-04 2.22057290e-04
2.44697429e-01 -9.15271863e-05 2.21121656e-04
2.45054256e-01 -2.46627050e-04 2.20165002e-04
2.45411080e-01 -6.35380607e-05 2.16882442e-04
2.45767900e-01 1.06142604e-06 2.17664761e-04
2.46124715e-01 1.40487777e-04 2.22445880e-04
2.46481527e-01 -7.49118391e-06 2.21189166e-04
2.46838334e-01 -4.15141251e-04 2.22047472e-04
2.47195138e-01 3.06523615e-05 2.12182865e-04
2.47551938e-01 2.51108314e-04 2.18806837e-04
2.47908733e-01 1.60089187e-04 2.16521108e-04
2.48265524e-01 3.66557080e-04 2.15431083e-04
2.48622312e-01 5.94349309e-05 2.14084232e-04
2.48979095e-01 -2.26786634e-05 2.16591352e-04
2.49335874e-01 1.72917708e-04 2.19758530e-04
2.49692649e-01 2.11140503e-04 2.15347891e-04
2.50049420e-01 2.07267830e-04 2.19269524e-04
2.50406187e-01 -4.26100179e-05 2.11741854e-04
2.50762950e-01 -3.87739379e-06 2.17693189e-04
2.51119709e-01 2.78350549e-04 2.14760775e-04
2.51476464e-01 6.26244572e-04 2.20619884e-04
2.51833214e-01 3.94131696e-05 2.12737577e-04
2.52189961e-01 -2.19435699e-05 2.17026175e-04
2.52546703e-01 -2.62628397e-04 2.16631021e-04
2.52903441e-01 1.34250616e-04 2.17611082e-04
2.53260175e-01 9.46242308e-05 2.09935274e-04
2.53616905e-01 -2.58833420e-05 2.10802703e-04
2.53973631e-01 -6.23965941e-05 2.11902109e-04
2.54330352e-01 -1.51369967e-04 2.10970108e-04
2.54687070e-01 1.22976674e-04 2.13170918e-04
2.55043783e-01 4.33687301e-05 2.11314081e-04
2.55400492e-01 -1.41887625e-04 2.09144049e-04
2.55757197e-01 -2.48845426e-04 2.08805837e-04
2.56113898e-01 -2.54144729e-09 2.14290879e-04
2.56470595e-01 -1.78077833e-04 2.11159738e-04
2.56827287e-01 2.07897208e-04 2.15575483e-04
2.57183975e-01 -1.89563429e-04 2.12803613e-04
2.57540659e-01 9.63679322e-05 2.14257696e-04
2.57897339e-01 2.05823556e-04 2.12235519e-04
2.58254014e-01 -3.81370143e-06 2.14247818e-04
2.58610686e-01 6.04410569e-05 2.18471236e-04
2.58967353e-01 1.02877290e-04 2.18106879e-04
2.59324016e-01 3.69965847e-04 2.15990527e-04
2.59680674e-01 4.07395880e-05 2.14634487e-04
2.60037329e-01 9.91296957e-05 2.15171423e-04
2.60393979e-01 -1.83643954e-04 2.15939056e-04
2.60750625e-01 -2.51888734e-04 2.11849394e-04
2.61107266e-01 -8.62465533e-05 2.13368671e-04
2.61463904e-01 1.79506388e-04 2.15507440e-04
2.61820537e-01 2.50787000e-05 2.17173647e-04
2.62177166e-01 1.83523581e-04 2.14243502e-04
2.62533790e-01 5.03304292e-05 2.13315326e-04
2.62890410e-01 4.85119033e-05 2.17575281e-04
2.63247026e-01 9.05728629e-05 2.19254241e-04
2.63603638e-01 -9.62128777e-05 2.14897950e-04
2.63960245e-01 -7.06789113e-05 2.15451879e-04
2.64316848e-01 1.93626079e-04 2.17235195e-04
2.64673447e-01 5.08468824e-05 2.11971921e-04
2.65030042e-01 1.23309066e-04 2.15314839e-04
2.65386632e-01 5.25824654e-05 2.13178961e-04
2.65743217e-01 3.51146275e-04 2.16011095e-04
2.66099799e-01 1.10595856e-04 2.14466669e-04
2.66456376e-01 2.11856186e-05 2.10933377e-04
2.66812948e-01 1.09573479e-04 2.17304866e-04
2.67169517e-01 -1.81798990e-04 2.19803538e-04
2.67526081e-01 -4.68642957e-05 2.15086037e-04
2.67882640e-01 2.97708798e-04 2.13421442e-04
2.68239195e-01 -2.47080556e-04 2.17010718e-04
2.68595746e-01 3.12436013e-04 2.18691309e-04
2.68952293e-01 -5.38629672e-04 2.14930886e-04
2.69308835e-01 3.10721306e-04 2.18289430e-04
2.69665372e-01 1.75452105e-04 2.19878662e-04
2.70021906e-01 1.48912016e-05 2.22890061e-04
2.70378435e-01 2.30488893e-04 2.24628487e-04
2.70734959e-01 1.04130550e-04 2.26461942e-04
2.71091479e-01 -9.93024459e-05 2.18366604e-04
2.71447995e-01 3.29797854e-07 2.19756325e-04
2.71804506e-01 -3.56971711e-05 2.19413783e-04
2.72161012e-01 -1.06607227e-04 2.22694479e-04
2.72517515e-01 5.03217704e-04 2.27240712e-04
2.72874012e-01 -5.94171484e-05 2.30595946e-04
