1.54026655e-02 -1.46281444e-03 1.67745276e-03
1.57608633e-02 1.41896119e-03 1.74023487e-03
1.61190608e-02 2.55435863e-04 1.50230354e-03
1.64772580e-02 1.83812774e-03 1.43380418e-03
1.68354550e-02 1.03587529e-03 1.42119499e-03
1.71936517e-02 -6.99458440e-04 1.36589416e-03
1.75518481e-02 1.48495478e-04 1.38541566e-03
1.79100442e-02 -1.15052114e-03 1.27510170e-03
1.82682400e-02 -1.20671940e-03 1.25627206e-03
1.86264355e-02 -1.56384789e-03 1.22297865e-03
1.89846308e-02 -1.27657125e-03 1.12859961e-03
1.93428257e-02 -5.62270146e-04 1.12580120e-03
1.97010202e-02 -8.37477046e-04 1.06365563e-03
2.00592145e-02 5.79600727e-04 1.06673879e-03
2.04174084e-02 7.65141344e-04 1.06094743e-03
2.07756020e-02 1.28424995e-03 1.02423811e-03
2.11337953e-02 -3.37381425e-04 1.03596814e-03
2.14919882e-02 1.21023520e-03 1.04294534e-03
2.18501808e-02 6.20107810e-05 1.05244510e-03
2.22083729e-02 -1.98398397e-03 1.01530864e-03
2.25665648e-02 -4.21630514e-04 9.99965698e-04
2.29247562e-02 5.70463948e-04 9.28756579e-04
2.32829473e-02 8.30603978e-04 9.90260803e-04
2.36411380e-02 -5.84355535e-04 9.75598009e-04
2.39993283e-02 -1.60296866e-03 9.23573308e-04
2.43575182e-02 -8.52589225e-04 9.11154872e-04
2.47157077e-02 1.34727265e-03 9.01761161e-04
2.50738968e-02 -1.52788780e-03 8.78277554e-04
2.54320855e-02 1.51478345e-04 8.61338946e-04
2.57902738e-02 3.28531572e-04 8.45789813e-04
2.61484617e-02 -7.28669675e-04 8.02925154e-04
2.65066491e-02 4.80850868e-05 8.43010935e-04
2.68648361e-02 3.74904125e-04 8.07156391e-04
2.72230226e-02 -9.91639472e-04 7.88869913e-04
2.75812087e-02 -1.84612310e-03 7.96020690e-04
2.79393943e-02 -4.20185158e-04 7.90662238e-04
2.82975795e-02 -2.18466675e-04 8.00397315e-04
2.86557642e-02 -3.29525027e-04 8.25717281e-04
2.90139485e-02 4.68182009e-04 8.23958812e-04
2.93721323e-02 -6.43860760e-05 8.15988176e-04
2.97303155e-02 -1.62348208e-04 7.33940549e-04
3.00884983e-02 1.21410201e-04 8.01231852e-04
3.04466806e-02 -1.44106673e-03 8.06187304e-04
3.08048624e-02 -3.91516785e-04 7.77287393e-04
3.11630437e-02 -2.53202045e-04 8.14207714e-04
3.15212245e-02 -1.12616279e-04 8.18122053e-04
3.18794048e-02 5.37736974e-04 8.09499940e-04
3.22375845e-02 -3.96942901e-04 7.94521199e-04
3.25957637e-02 1.07600253e-03 7.50461819e-04
3.29539424e-02 5.74524245e-04 8.31361037e-04
3.33121205e-02 9.51239451e-04 7.81787609e-04
3.36702981e-02 2.19245622e-04 7.93154084e-04
3.40284751e-02 -1.87871910e-03 7.84475172e-04
3.43866516e-02 3.82737920e-04 7.57667679e-04
3.47448275e-02 9.83590624e-04 7.72782930e-04
3.51030028e-02 7.46472018e-04 7.55593907e-04
3.54611775e-02 -5.07708925e-05 7.37265021e-04
3.58193517e-02 3.86976061e-04 6.98525678e-04
3.61775253e-02 -8.80889878e-05 7.38585772e-04
3.65356983e-02 1.13047231e-04 7.12795299e-04
3.68938706e-02 6.47699898e-05 6.74747090e-04
3.72520424e-02 -4.17446007e-04 6.74893246e-04
3.76102136e-02 -5.03976324e-04 6.53721195e-04
3.79683841e-02 -6.28470368e-04 6.77686157e-04
3.83265540e-02 -9.01164062e-04 6.81608145e-04
3.86847233e-02 -9.08586391e-04 6.88423307e-04
3.90428920e-02 5.40386754e-05 6.75857148e-04
3.94010600e-02 -3.10453942e-05 6.47529282e-04
3.97592273e-02 1.83904686e-04 6.63718452e-04
4.01173941e-02 -2.15302964e-04 6.72988221e-04
4.04755601e-02 6.47707553e-06 6.56915059e-04
4.08337255e-02 -8.07867072e-04 6.66941636e-04
4.11918902e-02 1.77211042e-04 6.29965868e-04
4.15500542e-02 -1.80764870e-04 6.40781340e-04
4.19082176e-02 5.78146606e-04 6.14095532e-04
4.22663802e-02 6.98466856e-04 6.46837885e-04
4.26245422e-02 -9.81228206e-05 6.66745293e-04
4.29827034e-02 2.79922684e-04 6.83259392e-04
4.33408640e-02 5.44224001e-04 6.69480112e-04
4.36990238e-02 -2.18435968e-04 6.44931461e-04
4.40571830e-02 6.95140533e-04 6.38859950e-04
4.44153414e-02 -6.18369639e-04 6.82759182e-04
4.47734990e-02 1.01444660e-03 6.66493159e-04
4.51316560e-02 1.19632197e-03 6.68963545e-04
4.54898122e-02 -4.49468952e-04 6.57474604e-04
4.58479676e-02 1.79931282e-04 6.19995449e-04
4.62061223e-02 1.24977089e-06 6.45904784e-04
4.65642762e-02 8.94923639e-04 6.22592896e-04
4.69224294e-02 -1.97022868e-04 6.55316888e-04
4.72805818e-02 8.71600554e-04 6.51326791e-04
4.76387334e-02 -6.46886544e-04 6.39446613e-04
4.79968842e-02 -1.13468443e-04 6.18173640e-04
4.83550342e-02 -1.11618202e-03 5.93653575e-04
4.87131835e-02 -5.69840760e-05 6.14794990e-04
4.90713319e-02 -1.27039389e-04 5.89854460e-04
4.94294795e-02 -3.31945548e-04 6.11008778e-04
4.97876264e-02 -5.98075292e-04 6.17476320e-04
5.01457724e-02 -8.18103848e-04 5.97626390e-04
5.05039175e-02 3.92802185e-04 5.97013385e-04
5.08620619e-02 6.75996442e-04 5.79879945e-04
5.12202054e-02 1.51721470e-03 5.97826291e-04
5.15783481e-02 -2.00764175e-04 5.83619429e-04
5.19364899e-02 2.19117573e-04 5.55715568e-04
5.22946308e-02 2.72372493e-04 5.60433505e-04
5.26527709e-02 7.94730045e-05 5.61997045e-04
5.30109102e-02 6.90847543e-05 5.58713112e-04
5.33690485e-02 -2.79220425e-04 5.61818860e-04
5.37271860e-02 1.92231982e-04 5.75402575e-04
5.40853226e-02 -7.23530998e-04 5.59063520e-04
5.44434583e-02 2.78749868e-04 5.63924816e-04
5.48015932e-02 4.42191567e-04 5.73726725e-04
5.51597271e-02 2.43780142e-04 5.27570716e-04
5.55178601e-02 -2.47634474e-04 5.56238662e-04
5.58759922e-02 -2.38356623e-04 5.52354811e-04
5.62341234e-02 7.40681562e-04 5.56335700e-04
5.65922536e-02 4.80477959e-04 5.63212848e-04
5.69503829e-02 4.67000283e-04 5.79257469e-04
5.73085113e-02 6.06824715e-04 5.44961067e-04
5.76666388e-02 3.78626118e-04 5.52168426e-04
5.80247653e-02 2.42415300e-04 5.53835892e-04
5.83828908e-02 3.48628685e-04 5.62005444e-04
5.87410154e-02 -3.09295778e-04 5.41554877e-04
5.90991390e-02 -3.69402692e-04 5.44365158e-04
5.94572616e-02 -4.43691377e-04 5.19411752e-04
5.98153833e-02 8.36250843e-04 5.33929452e-04
6.01735040e-02 -2.59961383e-04 5.39469931e-04
6.05316237e-02 2.03106048e-05 5.16100169e-04
6.08897424e-02 -7.24122763e-04 5.12320948e-04
6.12478600e-02 -2.29544637e-04 5.19802082e-04
6.16059767e-02 -1.58915432e-04 5.32413317e-04
6.19640924e-02 2.58857645e-04 5.42858525e-04
6.23222071e-02 -6.85068002e-04 5.30082788e-04
6.26803207e-02 2.30159651e-04 5.21278180e-04
6.30384333e-02 1.47392732e-04 5.16876683e-04
6.33965448e-02 7.01279824e-05 5.14151672e-04
6.37546554e-02 1.29332886e-04 5.20307823e-04
6.41127648e-02 7.67927198e-04 5.23304311e-04
6.44708732e-02 -6.00961870e-05 5.06183680e-04
6.48289806e-02 2.59767299e-04 5.19103264e-04
6.51870869e-02 4.04588690e-04 5.11306216e-04
6.55451921e-02 1.24050767e-03 4.97662476e-04
6.59032962e-02 6.56586421e-04 5.02851744e-04
6.62613993e-02 7.28581991e-04 4.97208293e-04
6.66195012e-02 7.46026109e-04 4.69110554e-04
6.69776021e-02 1.85208113e-04 4.95899365e-04
6.73357019e-02 -8.57942559e-04 4.93082079e-04
6.76938005e-02 4.31105667e-04 4.83272845e-04
6.80518981e-02 4.26393169e-04 4.86739225e-04
6.84099945e-02 1.84729795e-04 4.98423707e-04
6.87680898e-02 3.39367323e-04 4.81413434e-04
6.91261840e-02 -8.90377581e-05 4.84063442e-04
6.94842770e-02 2.57485629e-04 4.73496161e-04
6.98423689e-02 -2.30232991e-04 4.71747254e-04
7.02004596e-02 -3.06725444e-04 4.77311855e-04
7.05585492e-02 2.56888341e-04 4.83576306e-04
7.09166377e-02 3.74173178e-05 4.78595907e-04
7.12747249e-02 3.33964586e-04 4.76317830e-04
7.16328110e-02 5.92082637e-04 4.74887521e-04
7.19908959e-02 5.13570895e-04 4.84025542e-04
7.23489796e-02 1.99361065e-04 4.70967754e-04
7.27070622e-02 -2.00702431e-04 4.77735938e-04
7.30651435e-02 2.75907166e-04 4.72338942e-04
7.34232237e-02 3.07188780e-04 4.62866703e-04
7.37813026e-02 2.05901901e-04 4.70764087e-04
7.41393803e-02 -2.71951377e-04 4.67693654e-04
7.44974568e-02 1.54215504e-05 4.61623363e-04
7.48555321e-02 -2.28826642e-04 4.73905871e-04
7.52136061e-02 2.35805122e-04 4.65125797e-04
7.55716789e-02 -2.94798512e-04 4.57694496e-04
7.59297505e-02 -6.40805269e-04 4.61942804e-04
7.62878208e-02 1.75260357e-05 4.59333227e-04
7.66458899e-02 -7.63390650e-05 4.58216177e-04
7.70039577e-02 2.52306552e-04 4.40919887e-04
7.73620242e-02 4.16305615e-04 4.72709979e-04
7.77200895e-02 -1.29473466e-04 4.44457285e-04
7.80781535e-02 -3.49261866e-04 4.47473840e-04
7.84362162e-02 -8.32657746e-05 4.47720105e-04
7.87942776e-02 -6.83731750e-04 4.49875992e-04
7.91523377e-02 2.78085432e-04 4.42059129e-04
7.95103965e-02 -4.85902841e-04 4.50749618e-04
7.98684540e-02 -3.55305586e-04 4.58737297e-04
8.02265102e-02 -9.29080063e-04 4.35194879e-04
8.05845651e-02 6.11925761e-04 4.46145839e-04
8.09426186e-02 4.68514682e-05 4.38821651e-04
8.13006709e-02 -5.51599568e-04 4.46904403e-04
8.16587217e-02 -4.59342179e-04 4.44373622e-04
8.20167713e-02 -4.91741912e-04 4.40697345e-04
8.23748195e-02 -6.10806086e-05 4.44309447e-04
8.27328663e-02 -9.60158470e-04 4.22434600e-04
8.30909118e-02 -5.61566796e-04 4.35564554e-04
8.34489559e-02 6.22651359e-04 4.34145990e-04
8.38069986e-02 9.78387794e-04 4.16375305e-04
8.41650400e-02 -6.16611701e-04 4.17437121e-04
8.45230800e-02 -4.23750602e-04 4.31823065e-04
8.48811185e-02 -2.99807684e-05 4.39860491e-04
8.52391557e-02 -2.89234052e-04 4.20792048e-04
8.55971915e-02 -3.35567767e-04 4.28036351e-04
8.59552259e-02 7.24314572e-05 4.42857652e-04
8.63132589e-02 -3.07020451e-04 4.43890720e-04
8.66712904e-02 -4.33374637e-04 4.56299497e-04
8.70293205e-02 -3.17814863e-05 4.32459184e-04
8.73873492e-02 8.61474107e-04 4.23067519e-04
8.77453765e-02 2.23553819e-04 4.26154930e-04
8.81034023e-02 1.13071597e-04 4.22196782e-04
8.84614267e-02 -3.69812302e-04 4.39354120e-04
8.88194496e-02 2.46694741e-04 4.24774195e-04
8.91774710e-02 7.19335787e-04 4.28988263e-04
8.95354910e-02 -1.71175135e-04 4.09953260e-04
8.98935095e-02 7.30936780e-05 4.26445270e-04
9.02515266e-02 2.29509724e-05 4.28532155e-04
9.06095421e-02 9.00274579e-05 4.28226363e-04
9.09675562e-02 -1.46829842e-05 4.13268202e-04
9.13255687e-02 1.29543546e-04 4.21791539e-04
9.16835798e-02 -7.18239021e-04 4.28078412e-04
9.20415894e-02 2.02508926e-05 4.25928849e-04
9.23995974e-02 -1.06979038e-04 4.29412373e-04
9.27576039e-02 8.18043907e-05 4.33947645e-04
9.31156089e-02 1.18812523e-04 4.09929062e-04
9.34736124e-02 -1.63520953e-05 4.27204290e-04
9.38316143e-02 5.73849783e-04 4.31096323e-04
9.41896147e-02 -4.03981704e-04 4.17084718e-04
9.45476136e-02 -1.87440149e-04 4.20753148e-04
9.49056108e-02 -4.91592858e-04 4.04320752e-04
9.52636066e-02 3.78198127e-04 4.12135203e-04
9.56216007e-02 1.38193682e-04 4.09409066e-04
9.59795933e-02 1.63855803e-04 4.11044959e-04
9.63375843e-02 -1.41850416e-04 4.14186863e-04
9.66955738e-02 9.10698352e-04 4.04309418e-04
9.70535616e-02 2.80244221e-04 3.99111286e-04
9.74115478e-02 3.10469351e-04 4.00422287e-04
9.77695325e-02 -5.93156412e-04 4.07488581e-04
9.81275155e-02 1.39060972e-04 4.00887395e-04
9.84854969e-02 -1.01763992e-04 4.02567332e-04
9.88434768e-02 -1.88475981e-04 4.10222494e-04
9.92014549e-02 -2.91851671e-04 4.03667470e-04
9.95594315e-02 5.97875479e-05 4.04317088e-04
9.99174064e-02 8.36890551e-04 4.02634651e-04
1.00275380e-01 -5.51676480e-05 4.01524932e-04
1.00633351e-01 1.88149340e-04 3.95760658e-04
1.00991321e-01 -4.34696220e-04 3.93219963e-04
1.01349290e-01 -8.69641694e-04 3.93570924e-04
1.01707256e-01 -5.19378428e-04 3.84907440e-04
1.02065221e-01 -2.28669214e-04 3.95485613e-04
1.02423184e-01 -2.82539383e-04 3.96977983e-04
1.02781146e-01 -2.11609265e-04 3.87811120e-04
1.03139106e-01 -4.17114481e-04 3.95992032e-04
1.03497064e-01 -3.22034725e-04 3.90199277e-04
1.03855021e-01 -2.09984200e-04 3.91405969e-04
1.04212976e-01 2.32823057e-04 3.90435722e-04
1.04570929e-01 -1.33765710e-04 3.97637254e-04
1.04928880e-01 -3.89574281e-05 4.00518792e-04
1.05286830e-01 3.80652513e-05 4.03200223e-04
1.05644778e-01 5.92398645e-04 4.01581863e-04
1.06002724e-01 7.40319162e-04 4.05170108e-04
1.06360668e-01 -5.66634874e-05 4.00016536e-04
1.06718611e-01 1.46686748e-04 3.96640048e-04
1.07076552e-01 -7.51837276e-04 3.95639322e-04
1.07434491e-01 -6.37164692e-04 4.00489527e-04
1.07792429e-01 6.35329489e-05 4.03848500e-04
1.08150364e-01 7.97590529e-04 4.02050438e-04
1.08508298e-01 -1.97113167e-04 4.02898961e-04
1.08866230e-01 -8.14042997e-04 3.99116083e-04
1.09224160e-01 3.95136194e-04 3.97457610e-04
1.09582089e-01 1.79884670e-04 4.00372042e-04
1.09940016e-01 -9.56163076e-05 3.90364823e-04
1.10297941e-01 2.53086237e-04 3.85256047e-04
1.10655864e-01 -3.17047276e-04 3.86976893e-04
1.11013785e-01 -8.82169994e-05 3.84563336e-04
1.11371704e-01 -6.45869337e-05 3.84026913e-04
1.11729622e-01 -7.38011932e-04 3.85188019e-04
1.12087538e-01 -2.63406306e-04 3.92931072e-04
1.12445452e-01 1.81179814e-04 3.86738474e-04
1.12803364e-01 1.35023579e-04 3.69260625e-04
1.13161274e-01 1.21364261e-04 3.77390253e-04
1.13519182e-01 2.84174975e-04 3.72744061e-04
1.13877089e-01 -1.83100510e-04 3.71802117e-04
1.14234994e-01 -4.20334244e-04 3.79013148e-04
1.14592896e-01 2.28642834e-04 3.67834246e-04
1.14950797e-01 -7.80406306e-04 3.65178329e-04
1.15308696e-01 3.51116179e-04 3.77495965e-04
1.15666593e-01 7.60663257e-04 3.72345548e-04
1.16024488e-01 2.83151773e-05 3.52864745e-04
1.16382382e-01 9.53074442e-05 3.78211804e-04
1.16740273e-01 5.50713989e-04 3.80077266e-04
1.17098163e-01 3.39798016e-04 3.66569698e-04
1.17456050e-01 8.29109628e-04 3.77539383e-04
1.17813936e-01 -2.94102612e-04 3.79822051e-04
1.18171819e-01 -5.21653796e-04 3.70830594e-04
1.18529701e-01 -2.63412039e-04 3.79864744e-04
1.18887581e-01 -4.38400778e-04 3.63392814e-04
1.19245459e-01 -2.27737476e-04 3.72920228e-04
1.19603335e-01 6.79066812e-05 3.73193017e-04
1.19961208e-01 5.15254006e-05 3.81443583e-04
1.20319080e-01 1.37846160e-04 3.72659935e-04
1.20676950e-01 1.73518247e-04 3.79363188e-04
1.21034818e-01 7.32266393e-04 3.76998601e-04
1.21392684e-01 1.93861275e-04 3.73249491e-04
1.21750548e-01 1.44981255e-04 3.78863102e-04
1.22108410e-01 -2.39812142e-04 3.81159774e-04
1.22466270e-01 -3.88430022e-04 3.72467287e-04
1.22824128e-01 1.95519712e-04 3.76844359e-04
1.23181984e-01 -1.24401684e-04 3.73882833e-04
1.23539838e-01 -8.80177987e-04 3.75834046e-04
1.23897690e-01 2.95806700e-05 3.72543125e-04
1.24255540e-01 -2.52982395e-05 3.66504300e-04
1.24613388e-01 -1.01172488e-04 3.64119437e-04
1.24971233e-01 -2.90461004e-04 3.66511687e-04
1.25329077e-01 -7.68496281e-05 3.64828596e-04
1.25686919e-01 -4.12892909e-04 3.59398269e-04
1.26044758e-01 1.05952445e-05 3.58453218e-04
1.26402596e-01 3.70138030e-05 3.64678688e-04
1.26760431e-01 1.00744396e-04 3.60346171e-04
1.27118265e-01 -3.18200353e-06 3.63013067e-04
1.27476096e-01 4.50064210e-05 3.60742692e-04
1.27833925e-01 -6.78948682e-05 3.57337662e-04
1.28191752e-01 1.74367489e-04 3.51793794e-04
1.28549577e-01 -5.16827202e-05 3.49889230e-04
1.28907400e-01 8.04202376e-05 3.50661837e-04
1.29265221e-01 -2.18002900e-05 3.45152891e-04
1.29623040e-01 7.30284500e-06 3.49934130e-04
1.29980856e-01 -1.03137590e-04 3.52716659e-04
1.30338670e-01 -1.20689936e-04 3.42540109e-04
1.30696483e-01 -5.15001017e-04 3.47328458e-04
1.31054293e-01 -3.22776756e-04 3.42328635e-04
1.31412101e-01 -1.55062747e-04 3.43059462e-04
1.31769906e-01 4.32475369e-04 3.49158143e-04
1.32127710e-01 -5.57390682e-04 3.44135153e-04
1.32485511e-01 -6.04028753e-04 3.35418404e-04
1.32843311e-01 -9.37686716e-05 3.50777427e-04
1.33201108e-01 2.00424219e-04 3.44346735e-04
1.33558903e-01 -7.12973213e-05 3.40772838e-04
1.33916695e-01 -6.98687776e-04 3.34303338e-04
1.34274486e-01 -1.00049045e-04 3.36724373e-04
1.34632274e-01 -1.01933133e-04 3.42962155e-04
1.34990060e-01 -4.18716725e-04 3.30518958e-04
1.35347844e-01 -2.67634160e-04 3.44090703e-04
1.35705626e-01 -1.67515137e-04 3.34153378e-04
1.36063405e-01 -3.00487813e-04 3.30181591e-04
1.36421182e-01 -1.56425188e-04 3.24059020e-04
1.36778957e-01 -7.36028400e-05 3.29474034e-04
1.37136730e-01 8.95830900e-05 3.41582767e-04
1.37494500e-01 -1.70759693e-04 3.30865151e-04
1.37852269e-01 -2.92062197e-04 3.29971826e-04
1.38210034e-01 -8.93994897e-05 3.40057463e-04
1.38567798e-01 1.19238056e-04 3.31152639e-04
1.38925559e-01 -6.58677008e-05 3.38463829e-04
1.39283319e-01 -2.69233970e-04 3.27163196e-04
1.39641075e-01 -2.65548653e-04 3.22924173e-04
1.39998830e-01 -1.30402982e-04 3.29785330e-04
1.40356582e-01 3.17867297e-04 3.32389974e-04
1.40714332e-01 1.24191841e-04 3.32008548e-04
1.41072080e-01 4.12978231e-04 3.35214706e-04
1.41429825e-01 1.59588934e-04 3.29430183e-04
1.41787568e-01 -6.29045904e-04 3.32853257e-04
1.42145308e-01 8.32619674e-05 3.31429246e-04
1.42503047e-01 2.10837399e-04 3.29738560e-04
1.42860783e-01 -6.33068589e-04 3.25098087e-04
1.43218516e-01 -1.75493650e-04 3.25551644e-04
1.43576247e-01 2.27019668e-04 3.23445242e-04
1.43933976e-01 -3.02193230e-04 3.25701546e-04
1.44291703e-01 8.01589860e-04 3.31422893e-04
1.44649427e-01 -2.17921481e-04 3.22809025e-04
1.45007149e-01 -2.60073945e-05 3.21705532e-04
1.45364868e-01 5.65122857e-04 3.29206178e-04
1.45722585e-01 -1.11934605e-04 3.12770685e-04
1.46080300e-01 -1.92644028e-05 3.14482860e-04
1.46438012e-01 3.37416601e-04 3.27340262e-04
1.46795722e-01 9.35645531e-05 3.17341368e-04
1.47153429e-01 3.63696152e-04 3.15995161e-04
1.47511134e-01 2.59755495e-04 3.16363090e-04
1.47868837e-01 -2.56375189e-04 3.17586320e-04
1.48226537e-01 2.52496987e-05 3.08512238e-04
1.48584235e-01 -4.25795558e-04 3.13199971e-04
1.48941930e-01 6.47503294e-04 3.11158668e-04
1.49299623e-01 2.60464172e-04 3.16831676e-04
1.49657313e-01 3.18503566e-04 3.15970132e-04
1.50015001e-01 -4.05492027e-04 3.14687898e-04
1.50372687e-01 -4.84472403e-04 3.11622376e-04
1.50730370e-01 -1.54110852e-04 3.16497619e-04
1.51088050e-01 5.19188278e-05 3.20854968e-04
1.51445728e-01 -1.64017802e-04 3.08694451e-04
1.51803404e-01 -2.04382509e-04 3.06693715e-04
1.52161077e-01 4.17312260e-04 3.15313772e-04
1.52518747e-01 -1.00994480e-04 3.10801108e-04
1.52876416e-01 3.17439405e-04 3.08412301e-04
1.53234081e-01 4.38076324e-04 3.07581789e-04
1.53591744e-01 -1.90809731e-04 3.11166306e-04
1.53949405e-01 -2.35699210e-04 3.04504819e-04
1.54307063e-01 -1.31634876e-04 3.02743669e-04
1.54664718e-01 -2.42746745e-04 3.08995396e-04
1.55022371e-01 -1.03539841e-04 2.99330174e-04
1.55380021e-01 -2.09336242e-05 3.08986215e-04
1.55737669e-01 -8.30961741e-05 3.07927279e-04
1.56095314e-01 1.08881950e-04 3.03926979e-04
1.56452957e-01 4.58102910e-05 3.08516916e-04
1.56810597e-01 2.24523798e-04 3.11919271e-04
1.57168235e-01 4.50990278e-04 3.09540671e-04
1.57525870e-01 3.16362523e-05 3.08576383e-04
1.57883502e-01 1.98578751e-04 3.04066686e-04
1.58241132e-01 -1.89602442e-04 3.00505125e-04
1.58598759e-01 -3.65725686e-05 2.96965049e-04
1.58956384e-01 -1.68866973e-05 2.99403149e-04
1.59314006e-01 3.00599428e-04 3.03914924e-04
1.59671625e-01 -2.49218428e-04 2.97414386e-04
1.60029242e-01 2.72136339e-04 2.97596089e-04
1.60386856e-01 6.47754374e-07 2.99475605e-04
1.60744468e-01 2.04053214e-04 2.98948321e-04
1.61102076e-01 4.62986804e-04 2.99577021e-04
1.61459683e-01 -1.71154925e-05 3.00917134e-04
1.61817286e-01 1.23547573e-04 2.98821267e-04
1.62174887e-01 -1.30097865e-04 2.99155612e-04
1.62532485e-01 2.38475973e-04 2.97730201e-04
1.62890081e-01 -4.30534746e-05 2.97456769e-04
1.63247674e-01 1.80434514e-04 2.90056570e-04
1.63605264e-01 -1.11420682e-04 2.96724333e-04
1.63962852e-01 -8.58173997e-05 2.96507410e-04
1.64320437e-01 -8.62717043e-05 2.99256413e-04
1.64678019e-01 1.74894956e-04 2.97309498e-04
1.65035598e-01 4.43473594e-04 2.92143186e-04
1.65393175e-01 -1.20017132e-04 2.99764675e-04
1.65750749e-01 -5.08437246e-04 2.93032841e-04
1.66108320e-01 3.72978887e-04 2.97118492e-04
1.66465889e-01 -3.69585846e-04 2.98580252e-04
1.66823455e-01 3.26698775e-04 2.96984393e-04
1.67181018e-01 -2.45898112e-04 2.89945355e-04
1.67538578e-01 -2.06781160e-06 2.88444120e-04
1.67896136e-01 -5.86365112e-05 2.98157228e-04
1.68253691e-01 -1.51055872e-05 2.89073667e-04
1.68611243e-01 -6.62884949e-05 2.88145675e-04
1.68968792e-01 1.32173105e-04 2.92437253e-04
1.69326339e-01 2.98465824e-05 2.86120769e-04
1.69683883e-01 -6.86913347e-05 2.83446477e-04
1.70041424e-01 3.43072215e-04 2.83297195e-04
1.70398962e-01 -2.36853026e-05 2.90362023e-04
1.70756497e-01 -2.69390400e-04 2.87533146e-04
1.71114030e-01 -8.06281643e-05 2.93056596e-04
1.71471560e-01 1.85091375e-04 2.86564388e-04
1.71829087e-01 -1.36309574e-04 2.83455655e-04
1.72186611e-01 -1.31384230e-04 2.83895872e-04
1.72544132e-01 3.29015570e-05 2.82932630e-04
1.72901651e-01 3.03409109e-04 2.83346087e-04
1.73259167e-01 5.58521352e-04 2.85157906e-04
1.73616679e-01 1.82389160e-04 2.81098835e-04
1.73974189e-01 -2.40358771e-04 2.81694746e-04
1.74331697e-01 -1.18319747e-04 2.76350291e-04
1.74689201e-01 2.88534557e-05 2.79622508e-04
1.75046702e-01 8.77729865e-05 2.79541276e-04
1.75404201e-01 1.89910854e-04 2.88302216e-04
1.75761697e-01 -3.32135252e-05 2.81377817e-04
1.76119189e-01 -1.33937060e-04 2.84370067e-04
1.76476679e-01 1.82479246e-04 2.83192387e-04
1.76834166e-01 -4.65584562e-05 2.75887270e-04
1.77191650e-01 1.24036278e-05 2.79938660e-04
1.77549132e-01 -1.34997659e-04 2.79713186e-04
1.77906610e-01 -5.66313261e-05 2.80217465e-04
1.78264085e-01 -9.40532847e-05 2.85371468e-04
1.78621558e-01 1.93117009e-04 2.78966592e-04
1.78979027e-01 -7.53326304e-05 2.73267215e-04
1.79336494e-01 -1.81830978e-04 2.74139226e-04
1.79693958e-01 1.55614692e-04 2.79295262e-04
1.80051418e-01 2.46460006e-05 2.79728132e-04
1.80408876e-01 2.89553400e-04 2.79904239e-04
1.80766331e-01 2.71562926e-04 2.80292221e-04
1.81123783e-01 6.76432770e-04 2.78722443e-04
1.81481232e-01 -2.21264824e-05 2.77265009e-04
1.81838677e-01 -6.12662525e-06 2.82301147e-04
1.82196120e-01 2.54589887e-05 2.80884799e-04
1.82553560e-01 2.85993376e-05 2.83780189e-04
1.82910997e-01 -5.28700673e-04 2.77022433e-04
1.83268431e-01 -1.85628114e-04 2.83026263e-04
1.83625862e-01 3.11106579e-04 2.78885928e-04
1.83983290e-01 -1.61360400e-04 2.82748068e-04
1.84340715e-01 4.63807306e-05 2.83997950e-04
1.84698137e-01 9.25351241e-05 2.87056470e-04
1.85055556e-01 -4.52374624e-04 2.84041111e-04
1.85412971e-01 1.80486419e-05 2.79949405e-04
1.85770384e-01 5.14899684e-04 2.82452373e-04
1.86127794e-01 -2.15181861e-04 2.81252547e-04
1.86485200e-01 3.26716202e-04 2.78939339e-04
1.86842604e-01 4.35615878e-04 2.81040181e-04
1.87200005e-01 6.25966815e-05 2.74657472e-04
1.87557402e-01 -4.72496415e-04 2.72456115e-04
1.87914797e-01 -2.42468087e-04 2.75098207e-04
1.88272188e-01 4.12680036e-04 2.85586165e-04
1.88629576e-01 -1.91524232e-04 2.79026247e-04
1.88986961e-01 1.04391643e-04 2.67499847e-04
1.89344343e-01 -9.10580724e-05 2.69457725e-04
1.89701722e-01 -2.59624432e-04 2.69941156e-04
1.90059098e-01 1.63839313e-05 2.74922651e-04
1.90416471e-01 -2.16002843e-05 2.76895622e-04
1.90773840e-01 3.55940903e-04 2.72415901e-04
1.91131207e-01 2.44889844e-04 2.68806307e-04
1.91488570e-01 -7.95328661e-05 2.74680923e-04
1.91845930e-01 2.20152418e-04 2.68789367e-04
1.92203287e-01 1.86589046e-04 2.76783431e-04
1.92560641e-01 1.94735902e-04 2.73027476e-04
1.92917992e-01 2.46887281e-04 2.64280579e-04
1.93275340e-01 -4.66404496e-05 2.66391315e-04
1.93632684e-01 -1.00745824e-04 2.69942277e-04
1.93990025e-01 -1.11556711e-04 2.70347823e-04
1.94347363e-01 -1.05740440e-04 2.71778632e-04
1.94704698e-01 -2.40143780e-04 2.69715348e-04
1.95062030e-01 -7.14481297e-05 2.70240915e-04
1.95419358e-01 -2.34525140e-04 2.72022654e-04
1.95776684e-01 -3.11252279e-05 2.74258464e-04
1.96134006e-01 1.59022641e-04 2.67616131e-04
1.96491324e-01 3.86810004e-04 2.72310871e-04
1.96848640e-01 -1.56548660e-05 2.67678438e-04
1.97205953e-01 1.21571208e-04 2.75958476e-04
1.97563262e-01 4.15562741e-05 2.68625890e-04
1.97920568e-01 -4.70684096e-05 2.76900331e-04
1.98277870e-01 1.37351676e-04 2.74143688e-04
1.98635170e-01 -7.20982619e-06 2.76294142e-04
1.98992466e-01 -9.67141669e-05 2.70541546e-04
1.99349759e-01 2.38880829e-04 2.78928204e-04
1.99707049e-01 -3.98218957e-05 2.68046904e-04
2.00064335e-01 7.73393858e-05 2.66327106e-04
2.00421618e-01 5.55721866e-04 2.66198597e-04
2.00778898e-01 -3.74864507e-04 2.68705343e-04
2.01136174e-01 -4.92811225e-04 2.64246172e-04
2.01493448e-01 -5.49225167e-04 2.63389157e-04
2.01850718e-01 -1.49783223e-04 2.65206122e-04
2.02207984e-01 -1.10217641e-04 2.61887885e-04
2.02565248e-01 -1.77413781e-04 2.56744486e-04
2.02922508e-01 2.21547775e-04 2.60249531e-04
2.03279764e-01 -3.05869515e-05 2.63188445e-04
2.03637018e-01 3.14369950e-04 2.57593305e-04
2.03994268e-01 5.56847117e-05 2.59753329e-04
2.04351514e-01 7.73173471e-05 2.60646741e-04
2.04708758e-01 -1.06207203e-04 2.54824855e-04
2.05065998e-01 1.86340726e-04 2.59885751e-04
2.05423234e-01 1.23740891e-04 2.60318104e-04
2.05780467e-01 -2.36523263e-05 2.59570172e-04
2.06137697e-01 -5.22522103e-05 2.63346090e-04
2.06494924e-01 -8.59171673e-05 2.57524030e-04
2.06852147e-01 5.98021156e-04 2.56858412e-04
2.07209367e-01 -1.87650211e-04 2.58776619e-04
2.07566583e-01 -2.43945657e-04 2.58692904e-04
2.07923796e-01 -4.65238097e-05 2.55006208e-04
2.08281005e-01 4.84932808e-05 2.54424678e-04
2.08638211e-01 -2.17533609e-04 2.55049249e-04
2.08995414e-01 -1.83347448e-04 2.51864342e-04
2.09352613e-01 3.12372925e-04 2.52579150e-04
2.09709809e-01 -2.68521003e-04 2.55512181e-04
2.10067002e-01 -5.32176676e-04 2.52549215e-04
2.10424191e-01 -2.62172253e-04 2.58448778e-04
2.10781376e-01 -1.80448640e-05 2.52300020e-04
2.11138558e-01 -1.87177951e-05 2.52452052e-04
2.11495737e-01 1.08991740e-04 2.53201204e-04
2.11852912e-01 -3.55996251e-04 2.47934860e-04
2.12210084e-01 7.01779075e-05 2.53393385e-04
2.12567252e-01 -3.96345694e-05 2.45557228e-04
2.12924416e-01 2.35331339e-04 2.51235798e-04
2.13281578e-01 -1.09097940e-04 2.48072924e-04
2.13638735e-01 -1.81279826e-04 2.45214444e-04
2.13995890e-01 -4.41378384e-04 2.48503563e-04
2.14353040e-01 1.85472898e-04 2.50496521e-04
2.14710188e-01 3.45588963e-05 2.46085132e-04
2.15067331e-01 1.44037235e-04 2.41348719e-04
2.15424471e-01 6.06498755e-05 2.45953821e-04
2.15781608e-01 -1.52540945e-05 2.42073752e-04
2.16138741e-01 -2.25884688e-04 2.48737914e-04
2.16495871e-01 -2.03431264e-04 2.49424199e-04
2.16852997e-01 -1.02911657e-04 2.48299055e-04
2.17210119e-01 9.57916063e-05 2.46901011e-04
2.17567238e-01 -4.62771140e-04 2.43539774e-04
2.17924354e-01 -2.77083321e-04 2.41918790e-04
2.18281465e-01 -2.67836662e-04 2.44276282e-04
2.18638574e-01 -1.09589725e-04 2.48133382e-04
2.18995678e-01 2.10354244e-04 2.44039681e-04
2.19352779e-01 3.12064165e-04 2.47897911e-04
2.19709877e-01 3.00654762e-04 2.44723463e-04
2.20066971e-01 -2.62075198e-04 2.43915129e-04
2.20424061e-01 -2.46018374e-04 2.39679438e-04
2.20781147e-01 4.24517211e-04 2.41426849e-04
2.21138230e-01 4.20781683e-04 2.38026080e-04
2.21495310e-01 -1.84601229e-04 2.41297588e-04
2.21852386e-01 -2.94216013e-04 2.38747614e-04
2.22209458e-01 2.61975191e-04 2.39890444e-04
2.22566526e-01 1.55474150e-06 2.38268899e-04
2.22923591e-01 3.99465835e-04 2.43190084e-04
2.23280652e-01 -1.16040761e-04 2.38038890e-04
2.23637710e-01 3.30268307e-05 2.35061607e-04
2.23994764e-01 1.60874451e-04 2.41360101e-04
2.24351814e-01 2.30360604e-04 2.41886275e-04
2.24708861e-01 1.63563612e-04 2.41967584e-04
2.25065904e-01 1.33964833e-05 2.35871231e-04
2.25422943e-01 1.91721369e-04 2.39135609e-04
2.25779978e-01 5.03925548e-04 2.38453796e-04
2.26137010e-01 3.74454727e-05 2.35535888e-04
2.26494038e-01 -4.63239036e-05 2.34793032e-04
2.26851063e-01 -3.04405629e-04 2.33751022e-04
2.27208083e-01 -7.94471247e-05 2.33269743e-04
2.27565100e-01 1.19972422e-04 2.35393374e-04
2.27922114e-01 1.02596100e-04 2.37434054e-04
2.28279123e-01 4.23604247e-05 2.35805313e-04
2.28636129e-01 2.52559393e-04 2.32054680e-04
2.28993131e-01 -2.04700437e-04 2.34477755e-04
2.29350129e-01 4.63998038e-04 2.32083633e-04
2.29707124e-01 2.81035316e-05 2.31640026e-04
2.30064115e-01 5.59460885e-05 2.30480322e-04
2.30421102e-01 -1.80290531e-04 2.30993735e-04
2.30778085e-01 1.40909094e-04 2.31644484e-04
2.31135064e-01 1.01773941e-04 2.34458299e-04
2.31492040e-01 2.90994048e-04 2.32734315e-04
2.31849012e-01 1.08558253e-04 2.33358616e-04
2.32205980e-01 -1.56645445e-04 2.33866538e-04
2.32562944e-01 -3.24923399e-04 2.32674530e-04
2.32919905e-01 1.37831668e-05 2.29270930e-04
2.33276862e-01 5.28171973e-04 2.35812755e-04
2.33633814e-01 1.91213651e-04 2.28677326e-04
2.33990763e-01 -1.03483417e-04 2.29263527e-04
2.34347709e-01 -2.94494110e-05 2.27251988e-04
2.34704650e-01 -4.81675309e-04 2.28966693e-04
2.35061588e-01 9.04533104e-05 2.27848895e-04
2.35418521e-01 2.45311640e-04 2.32081375e-04
2.35775451e-01 9.07259972e-05 2.27227812e-04
2.36132377e-01 -8.60757465e-05 2.29023691e-04
2.36489299e-01 6.46840927e-05 2.27011828e-04
2.36846218e-01 1.95528798e-04 2.27659383e-04
2.37203132e-01 1.06105726e-04 2.29459545e-04
2.37560042e-01 2.82611816e-04 2.26492962e-04
2.37916949e-01 2.08109519e-04 2.28971273e-04
2.38273852e-01 -2.61363364e-05 2.25999422e-04
2.38630751e-01 -1.41669413e-04 2.22294289e-04
2.38987645e-01 -2.76457489e-04 2.21365891e-04
2.39344537e-01 1.07258346e-04 2.23602154e-04
2.39701424e-01 3.29954205e-05 2.24538036e-04
2.40058307e-01 -3.16187431e-04 2.20531323e-04
2.40415186e-01 -5.06796454e-04 2.23579594e-04
2.40772061e-01 -6.87867541e-07 2.27327698e-04
2.41128933e-01 1.44973725e-04 2.22040434e-04
2.41485800e-01 1.99644698e-04 2.20498169e-04
2.41842664e-01 -2.43703422e-04 2.19600267e-04
2.42199523e-01 3.93821221e-05 2.25218473e-04
2.42556379e-01 2.40553550e-04 2.24709573e-04
2.42913230e-01 1.59086013e-04 2.26810836e-04
2.43270078e-01 5.72874237e-05 2.24983243e-04
2.43626922e-01 -3.35699634e-05 2.21811467e-04
2.43983761e-01 5.45580242e-05 2.22949004e-04
2.44340597e-01 2.98683716e-04 2.16518952e-04
2.44697429e-01 2.84302057e-05 2.20652271e-04
2.45054256e-01 -2.46127348e-04 2.15097456e-04
2.45411080e-01 4.60437012e-04 2.21720043e-04
2.45767900e-01 2.21664277e-04 2.23358562e-04
2.46124715e-01 -1.28545293e-05 2.18061855e-04
2.46481527e-01 3.89221803e-05 2.21362260e-04
2.46838334e-01 1.43020558e-05 2.21760469e-04
2.47195138e-01 5.32711997e-05 2.15559071e-04
2.47551938e-01 -1.47211071e-04 2.17440567e-04
2.47908733e-01 1.38321904e-04 2.20493104e-04
2.48265524e-01 -1.10201550e-04 2.17788688e-04
2.48622312e-01 -1.47484271e-04 2.18471494e-04
2.48979095e-01 2.43881581e-04 2.13729079e-04
2.49335874e-01 -9.36600309e-05 2.20727665e-04
2.49692649e-01 2.24422323e-04 2.16315171e-04
2.50049420e-01 6.42402520e-05 2.15558358e-04
2.50406187e-01 -5.22563594e-05 2.12363566e-04
2.50762950e-01 9.71653547e-05 2.16552408e-04
2.51119709e-01 -2.45177475e-04 2.15504637e-04
2.51476464e-01 -5.89706791e-05 2.12092477e-04
2.51833214e-01 -2.76954791e-04 2.15509067e-04
2.52189961e-01 -3.61610313e-04 2.13519438e-04
2.52546703e-01 -3.11134882e-04 2.14652844e-04
2.52903441e-01 -4.18814910e-04 2.10886074e-04
2.53260175e-01 1.20419299e-04 2.11714296e-04
2.53616905e-01 8.33873502e-05 2.13559110e-04
2.53973631e-01 2.26183493e-04 2.14251723e-04
2.54330352e-01 -3.48524013e-04 2.11222054e-04
2.54687070e-01 6.45973962e-05 2.11252060e-04
2.55043783e-01 1.31097013e-04 2.13502963e-04
2.55400492e-01 2.98692356e-05 2.11852381e-04
2.55757197e-01 4.34495295e-05 2.12963298e-04
2.56113898e-01 2.22086595e-04 2.14473592e-04
2.56470595e-01 -1.30345232e-05 2.09816950e-04
2.56827287e-01 1.05500870e-04 2.14993592e-04
2.57183975e-01 -1.92763032e-04 2.12848097e-04
2.57540659e-01 3.01127472e-05 2.12282136e-04
2.57897339e-01 -1.49265984e-04 2.13679117e-04
2.58254014e-01 8.86951522e-05 2.14709952e-04
2.58610686e-01 -7.86184876e-05 2.16653112e-04
2.58967353e-01 -4.17973565e-04 2.17125087e-04
2.59324016e-01 2.43921135e-04 2.14511309e-04
2.59680674e-01 -4.71046566e-05 2.17047121e-04
2.60037329e-01 2.87914344e-04 2.14501187e-04
2.60393979e-01 -2.40971040e-04 2.13748636e-04
2.60750625e-01 2.66508178e-04 2.13806618e-04
2.61107266e-01 -4.05698914e-05 2.09073353e-04
2.61463904e-01 1.68114038e-04 2.20209925e-04
2.61820537e-01 1.56870276e-04 2.16856831e-04
2.62177166e-01 4.96068745e-05 2.14269093e-04
2.62533790e-01 2.40609141e-04 2.16599029e-04
2.62890410e-01 7.28757655e-05 2.15840817e-04
2.63247026e-01 -1.88563863e-04 2.15230652e-04
2.63603638e-01 -1.86762049e-04 2.18172176e-04
2.63960245e-01 1.05326998e-04 2.12480803e-04
2.64316848e-01 -1.55143917e-04 2.14784776e-04
2.64673447e-01 -2.93648959e-04 2.14183274e-04
2.65030042e-01 -1.48903477e-04 2.14623749e-04
2.65386632e-01 1.33938660e-04 2.10829335e-04
2.65743217e-01 7.10661223e-05 2.13663898e-04
2.66099799e-01 5.88394389e-05 2.14667316e-04
2.66456376e-01 -1.30137582e-04 2.11252182e-04
2.66812948e-01 9.41560142e-05 2.16427284e-04
2.67169517e-01 -9.29504550e-05 2.14518167e-04
2.67526081e-01 9.69058580e-06 2.17080892e-04
2.67882640e-01 -3.00231548e-06 2.14286653e-04
2.68239195e-01 1.32854279e-04 2.13183591e-04
2.68595746e-01 -2.88124318e-04 2.18738522e-04
2.68952293e-01 -3.79557094e-05 2.18027893e-04
2.69308835e-01 -3.61403676e-04 2.16304751e-04
2.69665372e-01 2.09095565e-04 2.19047053e-04
2.70021906e-01 1.28250495e-04 2.22309272e-04
2.70378435e-01 -1.06082498e-04 2.17140369e-04
2.70734959e-01 -3.33780868e-04 2.22802133e-04
2.71091479e-01 -7.17899655e-05 2.25378770e-04
2.71447995e-01 -1.41830602e-04 2.24337632e-04
2.71804506e-01 -2.09594074e-05 2.22864421e-04
2.72161012e-01 7.54085473e-05 2.22587761e-04
2.72517515e-01 6.43766473e-06 2.24471219e-04
2.72874012e-01 -5.02148583e-05 2.24627831e-04
