1.54026655e-02 2.16211378e-02 1.68996157e-03
1.57608633e-02 2.24490526e-02 1.64017720e-03
1.61190608e-02 2.04077707e-02 1.61651827e-03
1.64772580e-02 2.38788748e-02 1.60396653e-03
1.68354550e-02 2.15562514e-02 1.58581397e-03
1.71936517e-02 2.23948165e-02 1.39709866e-03
1.75518481e-02 2.54582927e-02 1.49912873e-03
1.79100442e-02 2.27873050e-02 1.38097979e-03
1.82682400e-02 2.21692361e-02 1.36340124e-03
1.86264355e-02 2.33733472e-02 1.30832644e-03
1.89846308e-02 2.44520837e-02 1.34784701e-03
1.93428257e-02 2.17860331e-02 1.18976309e-03
1.97010202e-02 2.13558928e-02 1.18219335e-03
2.00592145e-02 2.22030567e-02 1.17095975e-03
2.04174084e-02 2.12985401e-02 1.15743051e-03
2.07756020e-02 2.34348676e-02 1.27727495e-03
2.11337953e-02 2.30508426e-02 1.12303481e-03
2.14919882e-02 2.34847490e-02 1.11166939e-03
2.18501808e-02 2.42328261e-02 1.14729284e-03
2.22083729e-02 2.48457389e-02 1.10727853e-03
2.25665648e-02 2.45596214e-02 1.09327532e-03
2.29247562e-02 2.44379167e-02 1.05280653e-03
2.32829473e-02 2.52417438e-02 1.06147442e-03
2.36411380e-02 2.35447651e-02 1.03513373e-03
2.39993283e-02 2.34792498e-02 1.02939622e-03
2.43575182e-02 2.27557032e-02 1.02211804e-03
2.47157077e-02 2.27690311e-02 9.83124424e-04
2.50738968e-02 2.22567071e-02 9.73082683e-04
2.54320855e-02 2.19752139e-02 9.26510765e-04
2.57902738e-02 2.47522680e-02 1.00118726e-03
2.61484617e-02 2.24980117e-02 1.04747478e-03
2.65066491e-02 2.30394748e-02 9.53332908e-04
2.68648361e-02 2.04897574e-02 9.41192736e-04
2.72230226e-02 2.34416141e-02 9.41514456e-04
2.75812087e-02 2.28996491e-02 9.02385577e-04
2.79393943e-02 2.05146035e-02 9.15657966e-04
2.82975795e-02 2.12478683e-02 9.04547114e-04
2.86557642e-02 2.11954809e-02 9.52232972e-04
2.90139485e-02 2.10897762e-02 9.19043157e-04
2.93721323e-02 2.29419518e-02 9.40427500e-04
2.97303155e-02 2.25827619e-02 9.46129750e-04
3.00884983e-02 2.11586907e-02 9.35744980e-04
3.04466806e-02 2.20657499e-02 9.23314016e-04
3.08048624e-02 2.04986647e-02 9.07019390e-04
3.11630437e-02 2.07527134e-02 9.30650671e-04
3.15212245e-02 2.29039922e-02 9.21914030e-04
3.18794048e-02 2.19513760e-02 9.52321423e-04
3.22375845e-02 2.06846369e-02 9.39654456e-04
3.25957637e-02 1.93321192e-02 8.83572510e-04
3.29539424e-02 2.08045873e-02 8.62321279e-04
3.33121205e-02 2.15906270e-02 9.05020933e-04
3.36702981e-02 2.11132053e-02 8.69891780e-04
3.40284751e-02 2.11293052e-02 8.77837134e-04
3.43866516e-02 2.00243597e-02 8.73118627e-04
3.47448275e-02 2.09433929e-02 8.20169768e-04
3.51030028e-02 2.20574807e-02 8.57442961e-04
3.54611775e-02 1.91315209e-02 8.73857944e-04
3.58193517e-02 2.15400715e-02 8.45394192e-04
3.61775253e-02 2.12082333e-02 8.47867699e-04
3.65356983e-02 1.91149878e-02 8.24975572e-04
3.68938706e-02 1.96956620e-02 8.03238345e-04
3.72520424e-02 2.18739907e-02 7.89424346e-04
3.76102136e-02 1.98236853e-02 8.18873981e-04
3.79683841e-02 1.83161748e-02 8.00605151e-04
3.83265540e-02 2.07477525e-02 7.86940736e-04
3.86847233e-02 1.99684674e-02 7.76940365e-04
3.90428920e-02 2.03713746e-02 8.04750420e-04
3.94010600e-02 1.97125958e-02 7.72499923e-04
3.97592273e-02 2.04942484e-02 7.80904279e-04
4.01173941e-02 1.95121995e-02 7.87026986e-04
4.04755601e-02 1.90667308e-02 7.50972330e-04
4.08337255e-02 1.79825073e-02 7.53516061e-04
4.11918902e-02 2.04955483e-02 7.29819920e-04
4.15500542e-02 1.88103127e-02 7.19030280e-04
4.19082176e-02 1.98851383e-02 7.32907737e-04
4.22663802e-02 1.84390606e-02 7.49106526e-04
4.26245422e-02 1.83273090e-02 7.39907080e-04
4.29827034e-02 1.82303796e-02 7.26860682e-04
4.33408640e-02 1.80709189e-02 7.59747930e-04
4.36990238e-02 1.89251667e-02 7.37395509e-04
4.40571830e-02 1.91837113e-02 7.41893272e-04
4.44153414e-02 1.88549692e-02 7.45331466e-04
4.47734990e-02 1.87283016e-02 7.00705548e-04
4.51316560e-02 1.64941625e-02 7.71968549e-04
4.54898122e-02 1.68598920e-02 6.92619137e-04
4.58479676e-02 1.78613626e-02 7.46590916e-04
4.62061223e-02 1.81262509e-02 7.35971841e-04
4.65642762e-02 1.77273726e-02 7.36377968e-04
4.69224294e-02 1.75690463e-02 6.99758515e-04
4.72805818e-02 1.71648800e-02 7.13729866e-04
4.76387334e-02 1.74032793e-02 7.09560111e-04
4.79968842e-02 1.56828751e-02 7.23613730e-04
4.83550342e-02 1.62024702e-02 7.06040173e-04
4.87131835e-02 1.49883887e-02 6.95694690e-04
4.90713319e-02 1.61656598e-02 6.98942893e-04
4.94294795e-02 1.66903330e-02 6.82945578e-04
4.97876264e-02 1.69989651e-02 6.84447594e-04
5.01457724e-02 1.58907254e-02 6.84250113e-04
5.05039175e-02 1.71483981e-02 6.61930707e-04
5.08620619e-02 1.63066865e-02 6.28617746e-04
5.12202054e-02 1.67252608e-02 6.53975403e-04
5.15783481e-02 1.72426775e-02 6.37023801e-04
5.19364899e-02 1.69785909e-02 6.66665355e-04
5.22946308e-02 1.55887383e-02 6.35447479e-04
5.26527709e-02 1.60971430e-02 6.42915786e-04
5.30109102e-02 1.69403946e-02 6.32864706e-04
5.33690485e-02 1.63110667e-02 6.26750457e-04
5.37271860e-02 1.63061893e-02 6.59583717e-04
5.40853226e-02 1.53662717e-02 6.05128537e-04
5.44434583e-02 1.50361022e-02 6.39722946e-04
5.48015932e-02 1.43369056e-02 6.47906454e-04
5.51597271e-02 1.48949515e-02 6.24531076e-04
5.55178601e-02 1.48208093e-02 6.13233555e-04
5.58759922e-02 1.42866035e-02 6.22299242e-04
5.62341234e-02 1.42426244e-02 6.09813634e-04
5.65922536e-02 1.39988074e-02 6.06596057e-04
5.69503829e-02 1.48551367e-02 6.18332486e-04
5.73085113e-02 1.38479997e-02 6.09776269e-04
5.76666388e-02 1.32265432e-02 5.92311219e-04
5.80247653e-02 1.51025618e-02 6.23229201e-04
5.83828908e-02 1.41595596e-02 6.04644104e-04
5.87410154e-02 1.32419152e-02 5.92012199e-04
5.90991390e-02 1.37010398e-02 5.87978454e-04
5.94572616e-02 1.40653935e-02 5.78793374e-04
5.98153833e-02 1.30846754e-02 5.92977407e-04
6.01735040e-02 1.41295832e-02 5.89415042e-04
6.05316237e-02 1.31861313e-02 5.91841934e-04
6.08897424e-02 1.27744003e-02 5.70549865e-04
6.12478600e-02 1.24250766e-02 5.61014343e-04
6.16059767e-02 1.33013833e-02 5.58906136e-04
6.19640924e-02 1.23981154e-02 5.66933456e-04
6.23222071e-02 1.31888001e-02 5.70685719e-04
6.26803207e-02 1.27836580e-02 5.61547927e-04
6.30384333e-02 1.33129244e-02 5.65798170e-04
6.33965448e-02 1.14193919e-02 5.50959597e-04
6.37546554e-02 1.29746447e-02 5.62388466e-04
6.41127648e-02 1.19818958e-02 5.65749382e-04
6.44708732e-02 1.27360989e-02 5.48957538e-04
6.48289806e-02 1.13570134e-02 5.65745021e-04
6.51870869e-02 1.17321769e-02 5.56748786e-04
6.55451921e-02 1.08891795e-02 5.52909749e-04
6.59032962e-02 1.19903145e-02 5.70645924e-04
6.62613993e-02 1.17370868e-02 5.51837828e-04
6.66195012e-02 1.07842896e-02 5.44481158e-04
6.69776021e-02 1.02177096e-02 5.49339284e-04
6.73357019e-02 1.10282243e-02 5.47328127e-04
6.76938005e-02 1.07554986e-02 5.37624507e-04
6.80518981e-02 1.13724142e-02 5.16404251e-04
6.84099945e-02 1.07630615e-02 5.27486817e-04
6.87680898e-02 1.06696047e-02 5.21974103e-04
6.91261840e-02 1.11108398e-02 5.14614261e-04
6.94842770e-02 1.08331084e-02 5.03997000e-04
6.98423689e-02 1.06635061e-02 5.11230745e-04
7.02004596e-02 1.13491224e-02 5.23308171e-04
7.05585492e-02 1.03378166e-02 5.01020234e-04
7.09166377e-02 9.38865034e-03 5.15364338e-04
7.12747249e-02 1.03845508e-02 5.07171699e-04
7.16328110e-02 1.00531329e-02 5.22858761e-04
7.19908959e-02 9.32901987e-03 5.18025727e-04
7.23489796e-02 9.54490233e-03 5.06329835e-04
7.27070622e-02 9.69199548e-03 4.96764741e-04
7.30651435e-02 1.01849217e-02 4.88226038e-04
7.34232237e-02 9.47740322e-03 5.04049950e-04
7.37813026e-02 8.37487495e-03 4.93372768e-04
7.41393803e-02 8.85761427e-03 4.94485385e-04
7.44974568e-02 8.62708515e-03 5.13531654e-04
7.48555321e-02 9.68668339e-03 4.86913804e-04
7.52136061e-02 9.49862013e-03 4.97564384e-04
7.55716789e-02 8.52085436e-03 4.89818516e-04
7.59297505e-02 8.56203945e-03 4.96145226e-04
7.62878208e-02 9.30925496e-03 4.76742775e-04
7.66458899e-02 9.26370371e-03 4.79519206e-04
7.70039577e-02 8.40180852e-03 4.82520565e-04
7.73620242e-02 8.48389413e-03 4.68101146e-04
7.77200895e-02 8.60704273e-03 4.75083754e-04
7.80781535e-02 9.08212833e-03 4.68101487e-04
7.84362162e-02 9.03787633e-03 4.85146654e-04
7.87942776e-02 8.33960201e-03 4.76066559e-04
7.91523377e-02 8.53494398e-03 4.86213348e-04
7.95103965e-02 8.06714780e-03 4.73533937e-04
7.98684540e-02 7.68375417e-03 4.63444263e-04
8.02265102e-02 7.73443660e-03 4.67667515e-04
8.05845651e-02 8.27746231e-03 4.66994000e-04
8.09426186e-02 8.25058856e-03 4.69289065e-04
8.13006709e-02 8.11531447e-03 4.85671725e-04
8.16587217e-02 6.70799627e-03 4.53930148e-04
8.20167713e-02 6.69841440e-03 4.50569111e-04
8.23748195e-02 7.54193547e-03 4.56084876e-04
8.27328663e-02 7.11285597e-03 4.44212062e-04
8.30909118e-02 7.20751433e-03 4.65960762e-04
8.34489559e-02 6.94427440e-03 4.74371021e-04
8.38069986e-02 7.16199580e-03 4.66664799e-04
8.41650400e-02 7.37108988e-03 4.66970414e-04
8.45230800e-02 7.25563526e-03 4.50911484e-04
8.48811185e-02 7.13628389e-03 4.55923487e-04
8.52391557e-02 6.78951823e-03 4.53332085e-04
8.55971915e-02 6.54575501e-03 4.53772754e-04
8.59552259e-02 5.73812026e-03 4.52207903e-04
8.63132589e-02 6.26813632e-03 4.59805927e-04
8.66712904e-02 6.48737663e-03 4.59056660e-04
8.70293205e-02 6.25075672e-03 4.56665377e-04
8.73873492e-02 6.50989682e-03 4.43904304e-04
8.77453765e-02 5.71391409e-03 4.43335742e-04
8.81034023e-02 6.12676321e-03 4.57796914e-04
8.84614267e-02 5.25801908e-03 4.39987919e-04
8.88194496e-02 5.68418057e-03 4.50245903e-04
8.91774710e-02 6.58623573e-03 4.58046204e-04
8.95354910e-02 5.80906110e-03 4.32684260e-04
8.98935095e-02 6.53497953e-03 4.31130518e-04
9.02515266e-02 6.43138385e-03 4.56096303e-04
9.06095421e-02 5.91268914e-03 4.53688270e-04
9.09675562e-02 5.95588814e-03 4.58103116e-04
9.13255687e-02 5.62353314e-03 4.56718839e-04
9.16835798e-02 5.05819357e-03 4.38735662e-04
9.20415894e-02 5.38223488e-03 4.48433353e-04
9.23995974e-02 5.86453471e-03 4.54339377e-04
9.27576039e-02 4.86311198e-03 4.36022573e-04
9.31156089e-02 5.12958647e-03 4.28268115e-04
9.34736124e-02 4.96193989e-03 4.46092868e-04
9.38316143e-02 5.96610472e-03 4.25324544e-04
9.41896147e-02 4.65763330e-03 4.38435814e-04
9.45476136e-02 5.27324567e-03 4.39969003e-04
9.49056108e-02 5.39378307e-03 4.25038961e-04
9.52636066e-02 4.49403085e-03 4.25185084e-04
9.56216007e-02 4.15946611e-03 4.26074302e-04
9.59795933e-02 4.75655593e-03 4.17950779e-04
9.63375843e-02 4.27139190e-03 4.19240302e-04
9.66955738e-02 4.20562210e-03 4.16713822e-04
9.70535616e-02 4.45601905e-03 4.23498999e-04
9.74115478e-02 4.48494255e-03 4.22530733e-04
9.77695325e-02 4.64520496e-03 4.15654065e-04
9.81275155e-02 4.73350832e-03 4.16064632e-04
9.84854969e-02 4.40790105e-03 4.05692517e-04
9.88434768e-02 3.83469049e-03 4.14416401e-04
9.92014549e-02 4.24455943e-03 4.23142219e-04
9.95594315e-02 4.13050459e-03 4.16570647e-04
9.99174064e-02 4.30639313e-03 4.06943471e-04
1.00275380e-01 4.37886231e-03 4.07635197e-04
1.00633351e-01 4.03642860e-03 4.16533850e-04
1.00991321e-01 4.20377842e-03 4.01821959e-04
1.01349290e-01 3.45635129e-03 3.97266024e-04
1.01707256e-01 4.78369285e-03 4.02389009e-04
1.02065221e-01 3.15489334e-03 4.03008185e-04
1.02423184e-01 3.58914071e-03 3.91706079e-04
1.02781146e-01 3.84141509e-03 3.97438260e-04
1.03139106e-01 4.32959788e-03 4.05710213e-04
1.03497064e-01 3.84182521e-03 3.99307747e-04
1.03855021e-01 4.41204108e-03 3.97492167e-04
1.04212976e-01 3.49008709e-03 4.04115729e-04
1.04570929e-01 3.62390556e-03 4.00318730e-04
1.04928880e-01 2.97194866e-03 4.07399844e-04
1.05286830e-01 2.87819698e-03 4.12913885e-04
1.05644778e-01 4.05405353e-03 4.14712597e-04
1.06002724e-01 3.43180537e-03 4.17351623e-04
1.06360668e-01 3.52224400e-03 4.23598098e-04
1.06718611e-01 3.61172153e-03 4.07361080e-04
1.07076552e-01 3.34663321e-03 3.97737134e-04
1.07434491e-01 3.04988195e-03 4.03411265e-04
1.07792429e-01 2.37147476e-03 4.07367396e-04
1.08150364e-01 3.35907181e-03 4.14386666e-04
1.08508298e-01 3.09113283e-03 4.07551989e-04
1.08866230e-01 3.26953583e-03 3.99994218e-04
1.09224160e-01 2.87568682e-03 4.10477831e-04
1.09582089e-01 3.04216874e-03 4.03579966e-04
1.09940016e-01 3.39651415e-03 4.04185921e-04
1.10297941e-01 2.77141541e-03 4.10986462e-04
1.10655864e-01 3.43363991e-03 4.00853042e-04
1.11013785e-01 2.65171259e-03 3.98967554e-04
1.11371704e-01 3.03343125e-03 3.93455933e-04
1.11729622e-01 3.29190445e-03 3.99782362e-04
1.12087538e-01 2.80163680e-03 3.89694289e-04
1.12445452e-01 2.95386357e-03 3.86261644e-04
1.12803364e-01 2.70099579e-03 3.88511844e-04
1.13161274e-01 2.92365005e-03 3.80282979e-04
1.13519182e-01 2.31810732e-03 3.78945446e-04
1.13877089e-01 2.03612816e-03 3.77550541e-04
1.14234994e-01 1.95456360e-03 3.70346592e-04
1.14592896e-01 2.39622900e-03 3.76065451e-04
1.14950797e-01 2.45271135e-03 3.76438025e-04
1.15308696e-01 1.95346903e-03 3.83165374e-04
1.15666593e-01 2.65445626e-03 3.80016433e-04
1.16024488e-01 2.28384886e-03 3.85675656e-04
1.16382382e-01 2.05276906e-03 3.82047656e-04
1.16740273e-01 1.67253160e-03 3.78790274e-04
1.17098163e-01 2.72100053e-03 3.75411120e-04
1.17456050e-01 2.36619991e-03 3.72654014e-04
1.17813936e-01 1.89477301e-03 3.75509229e-04
1.18171819e-01 2.51393084e-03 3.81671206e-04
1.18529701e-01 1.76696366e-03 3.87011990e-04
1.18887581e-01 2.30569767e-03 3.82056078e-04
1.19245459e-01 2.56509167e-03 3.81166299e-04
1.19603335e-01 2.01967782e-03 3.87448494e-04
1.19961208e-01 2.11086140e-03 3.81224799e-04
1.20319080e-01 1.58002008e-03 3.87533506e-04
1.20676950e-01 1.29417406e-03 3.73611334e-04
1.21034818e-01 1.49819906e-03 3.78968324e-04
1.21392684e-01 2.00585159e-03 3.76402329e-04
1.21750548e-01 1.80629289e-03 3.90027855e-04
1.22108410e-01 2.15531616e-03 3.90315900e-04
1.22466270e-01 1.90165259e-03 3.71714833e-04
1.22824128e-01 1.83809776e-03 3.83844074e-04
1.23181984e-01 1.91050506e-03 3.81196497e-04
1.23539838e-01 1.47725258e-03 3.78711673e-04
1.23897690e-01 2.31186945e-03 3.82163789e-04
1.24255540e-01 1.78387178e-03 3.73244304e-04
1.24613388e-01 1.81643109e-03 3.85314896e-04
1.24971233e-01 1.59981032e-03 3.65936559e-04
1.25329077e-01 2.80556907e-03 3.59500685e-04
1.25686919e-01 1.43617956e-03 3.69520225e-04
1.26044758e-01 1.91261366e-03 3.73137775e-04
1.26402596e-01 1.83727848e-03 3.61363787e-04
1.26760431e-01 1.77036425e-03 3.66330156e-04
1.27118265e-01 9.77842734e-04 3.56592694e-04
1.27476096e-01 1.35694998e-03 3.64806151e-04
1.27833925e-01 1.30946460e-03 3.58752807e-04
1.28191752e-01 1.68198898e-03 3.60046801e-04
1.28549577e-01 1.66556839e-03 3.53817368e-04
1.28907400e-01 1.92622438e-03 3.62635992e-04
1.29265221e-01 2.01502522e-03 3.59596477e-04
1.29623040e-01 1.38398899e-03 3.54628123e-04
1.29980856e-01 1.33541145e-03 3.49473719e-04
1.30338670e-01 1.12511141e-03 3.54778056e-04
1.30696483e-01 1.51900211e-03 3.45320793e-04
1.31054293e-01 1.27397082e-03 3.51093351e-04
1.31412101e-01 1.48272366e-03 3.55245723e-04
1.31769906e-01 9.88214001e-04 3.53812093e-04
1.32127710e-01 1.47174555e-03 3.43066683e-04
1.32485511e-01 1.86779242e-03 3.47842859e-04
1.32843311e-01 1.47511698e-03 3.48912667e-04
1.33201108e-01 2.07477045e-03 3.45354430e-04
1.33558903e-01 9.22426803e-04 3.45764175e-04
1.33916695e-01 1.20143414e-03 3.47067608e-04
1.34274486e-01 1.45077153e-03 3.43497061e-04
1.34632274e-01 1.37870929e-03 3.38622765e-04
1.34990060e-01 8.87138505e-04 3.37071764e-04
1.35347844e-01 1.48273992e-03 3.45880497e-04
1.35705626e-01 1.38436563e-03 3.49508838e-04
1.36063405e-01 1.70077487e-03 3.38841683e-04
1.36421182e-01 1.83167725e-03 3.40047967e-04
1.36778957e-01 7.72617835e-04 3.47239512e-04
1.37136730e-01 1.07607262e-03 3.41498451e-04
1.37494500e-01 5.73947551e-04 3.36705391e-04
1.37852269e-01 9.97695871e-04 3.29325220e-04
1.38210034e-01 1.80358932e-03 3.34570975e-04
1.38567798e-01 1.33233690e-03 3.33934363e-04
1.38925559e-01 1.62010814e-03 3.33893384e-04
1.39283319e-01 1.31037485e-03 3.34405067e-04
1.39641075e-01 5.61813113e-04 3.32984322e-04
1.39998830e-01 9.80156047e-04 3.29223041e-04
1.40356582e-01 6.71831276e-04 3.33867884e-04
1.40714332e-01 7.65144892e-04 3.34463634e-04
1.41072080e-01 7.65309984e-04 3.30503783e-04
1.41429825e-01 1.12088435e-03 3.31085376e-04
1.41787568e-01 9.08275666e-04 3.28730825e-04
1.42145308e-01 4.36827778e-04 3.29769041e-04
1.42503047e-01 1.44396065e-03 3.33000500e-04
1.42860783e-01 6.15194356e-04 3.27097568e-04
1.43218516e-01 5.48560979e-04 3.32482505e-04
1.43576247e-01 9.67607164e-04 3.28101338e-04
1.43933976e-01 9.14673573e-04 3.26114508e-04
1.44291703e-01 9.84050648e-04 3.26353415e-04
1.44649427e-01 1.18726212e-03 3.25397342e-04
1.45007149e-01 1.02921147e-03 3.20419194e-04
1.45364868e-01 1.23311699e-03 3.19227153e-04
1.45722585e-01 1.09365170e-03 3.20173733e-04
1.46080300e-01 7.69119044e-04 3.17307593e-04
1.46438012e-01 3.22707902e-04 3.22213207e-04
1.46795722e-01 2.29025053e-04 3.21905618e-04
1.47153429e-01 5.31131746e-04 3.23390975e-04
1.47511134e-01 9.20606657e-04 3.18670558e-04
1.47868837e-01 4.17823085e-04 3.23735430e-04
1.48226537e-01 1.06817613e-03 3.18278420e-04
1.48584235e-01 1.17956312e-03 3.19750234e-04
1.48941930e-01 5.84816369e-04 3.20762412e-04
1.49299623e-01 1.71914705e-03 3.33320982e-04
1.49657313e-01 1.11693848e-03 3.27460958e-04
1.50015001e-01 1.14676382e-03 3.22001119e-04
1.50372687e-01 1.59017359e-03 3.25751109e-04
1.50730370e-01 1.24417083e-03 3.22916450e-04
1.51088050e-01 5.97354829e-04 3.13177014e-04
1.51445728e-01 2.75130097e-04 3.12476698e-04
1.51803404e-01 3.34858380e-04 3.12426295e-04
1.52161077e-01 7.09505118e-04 3.15075728e-04
1.52518747e-01 9.53686998e-04 3.07326517e-04
1.52876416e-01 4.55651816e-04 3.13676158e-04
1.53234081e-01 8.29252662e-04 3.10972278e-04
1.53591744e-01 4.69471359e-04 3.10254161e-04
1.53949405e-01 3.55885492e-04 3.05492704e-04
1.54307063e-01 9.53810003e-04 3.00813514e-04
1.54664718e-01 1.55451038e-04 3.14673419e-04
1.55022371e-01 7.18777264e-04 3.10386528e-04
1.55380021e-01 1.07445621e-03 3.18106412e-04
1.55737669e-01 9.11543992e-04 3.10834185e-04
1.56095314e-01 6.43852731e-04 3.07908789e-04
1.56452957e-01 8.58970139e-04 3.03872569e-04
1.56810597e-01 1.02985997e-03 3.08189770e-04
1.57168235e-01 4.28073632e-04 3.05308321e-04
1.57525870e-01 4.46115191e-04 3.01682881e-04
1.57883502e-01 3.91254042e-04 3.04048848e-04
1.58241132e-01 9.90420943e-04 3.01397549e-04
1.58598759e-01 7.66913454e-04 3.00618605e-04
1.58956384e-01 4.10852971e-04 3.05425936e-04
1.59314006e-01 3.66922509e-04 2.96579575e-04
1.59671625e-01 1.93409026e-04 2.99051162e-04
1.60029242e-01 3.88046060e-04 2.99340321e-04
1.60386856e-01 1.10488288e-03 2.98255428e-04
1.60744468e-01 4.05302519e-04 3.00850603e-04
1.61102076e-01 9.50175223e-05 2.96882309e-04
1.61459683e-01 1.09641210e-03 2.97689348e-04
1.61817286e-01 8.46899704e-04 2.98769033e-04
1.62174887e-01 5.30570632e-04 2.99015904e-04
1.62532485e-01 7.30798106e-04 3.03945008e-04
1.62890081e-01 6.61308928e-04 3.01606100e-04
1.63247674e-01 -4.46995142e-05 2.96461097e-04
1.63605264e-01 4.93683562e-04 3.00926237e-04
1.63962852e-01 -1.01270308e-04 2.95825626e-04
1.64320437e-01 5.08944691e-04 3.01822995e-04
1.64678019e-01 1.18877486e-03 3.02352590e-04
1.65035598e-01 1.02267857e-03 2.97656559e-04
1.65393175e-01 4.43925553e-04 2.98703487e-04
1.65750749e-01 6.29276596e-04 2.97510809e-04
1.66108320e-01 1.21718261e-03 2.98302635e-04
1.66465889e-01 -4.11168165e-05 2.93015232e-04
1.66823455e-01 2.15797456e-05 2.95379495e-04
1.67181018e-01 7.66584503e-04 2.90693244e-04
1.67538578e-01 7.72853353e-04 2.91065230e-04
1.67896136e-01 4.15965358e-04 2.92452164e-04
1.68253691e-01 3.39752196e-04 2.87739780e-04
1.68611243e-01 3.28282144e-04 2.95294414e-04
1.68968792e-01 6.38421140e-04 2.92263576e-04
1.69326339e-01 1.03427446e-03 2.95295229e-04
1.69683883e-01 8.97961953e-05 2.89573987e-04
1.70041424e-01 5.33484149e-04 2.90860896e-04
1.70398962e-01 3.25140898e-04 2.89541256e-04
1.70756497e-01 5.23845277e-04 2.90361957e-04
1.71114030e-01 8.47500124e-04 2.88711092e-04
1.71471560e-01 4.56753321e-04 2.88079669e-04
1.71829087e-01 4.90496101e-04 2.91765472e-04
1.72186611e-01 4.18866019e-04 2.93223643e-04
1.72544132e-01 7.26253131e-04 3.04643635e-04
1.72901651e-01 4.84872711e-04 3.19186228e-04
1.73259167e-01 5.64995329e-04 3.16579576e-04
1.73616679e-01 3.83159667e-04 2.97054365e-04
1.73974189e-01 -5.65571625e-05 2.92331076e-04
1.74331697e-01 6.65451300e-04 2.84332132e-04
1.74689201e-01 6.49112242e-04 2.86983413e-04
1.75046702e-01 4.89647456e-04 2.80509607e-04
1.75404201e-01 8.80623268e-04 2.82289118e-04
1.75761697e-01 1.07546528e-03 2.91938856e-04
1.76119189e-01 1.29353706e-03 2.84350908e-04
1.76476679e-01 4.34602987e-04 2.88394260e-04
1.76834166e-01 4.36788137e-04 2.88450793e-04
1.77191650e-01 5.65558833e-04 2.80797275e-04
1.77549132e-01 7.65572839e-04 2.82106079e-04
1.77906610e-01 3.51050057e-04 2.78584891e-04
1.78264085e-01 2.53950308e-04 2.75969991e-04
1.78621558e-01 5.68649949e-04 2.78320134e-04
1.78979027e-01 3.67085249e-04 2.74772454e-04
1.79336494e-01 5.95825577e-04 2.75210043e-04
1.79693958e-01 4.37981142e-04 2.75677480e-04
1.80051418e-01 5.51037071e-04 2.81158068e-04
1.80408876e-01 2.03961388e-04 2.82600735e-04
1.80766331e-01 4.41370395e-04 2.84201893e-04
1.81123783e-01 1.64441223e-04 2.82398899e-04
1.81481232e-01 6.50408526e-04 2.83959897e-04
1.81838677e-01 -4.72442033e-05 2.79988168e-04
1.82196120e-01 5.55032841e-04 2.82795601e-04
1.82553560e-01 1.44162985e-04 2.85961558e-04
1.82910997e-01 2.77081376e-04 2.84479377e-04
1.83268431e-01 2.72796883e-04 2.86699846e-04
1.83625862e-01 4.92871563e-04 2.87750731e-04
1.83983290e-01 6.86382103e-04 2.86942490e-04
1.84340715e-01 7.06248681e-05 2.79920526e-04
1.84698137e-01 4.24564421e-04 2.81250177e-04
1.85055556e-01 3.49917174e-05 2.79332074e-04
1.85412971e-01 3.55056963e-04 2.82687270e-04
1.85770384e-01 4.12018620e-04 2.85881781e-04
1.86127794e-01 1.80861323e-04 2.78765000e-04
1.86485200e-01 4.00934195e-04 2.78505327e-04
1.86842604e-01 5.99618596e-04 2.76481115e-04
1.87200005e-01 1.91639105e-04 2.73807264e-04
1.87557402e-01 4.95205395e-04 2.73804055e-04
1.87914797e-01 4.39208815e-04 2.70628857e-04
1.88272188e-01 -3.94027282e-05 2.76590768e-04
1.88629576e-01 1.82466648e-04 2.78835661e-04
1.88986961e-01 7.33343131e-04 2.80389868e-04
1.89344343e-01 8.25603807e-04 2.76130167e-04
1.89701722e-01 8.34172653e-04 2.73444253e-04
1.90059098e-01 2.90215434e-04 2.64891494e-04
1.90416471e-01 3.38264007e-04 2.73312955e-04
1.90773840e-01 8.19969493e-04 2.77830904e-04
1.91131207e-01 4.23377090e-04 2.67825536e-04
1.91488570e-01 2.95769644e-04 2.67892439e-04
1.91845930e-01 -1.02590274e-04 2.62986699e-04
1.92203287e-01 1.90338611e-04 2.68462399e-04
1.92560641e-01 4.91899134e-04 2.72701576e-04
1.92917992e-01 6.60283205e-05 2.66621586e-04
1.93275340e-01 2.87121672e-04 2.72859079e-04
1.93632684e-01 7.11619508e-04 2.75761682e-04
1.93990025e-01 5.08505585e-04 2.72540850e-04
1.94347363e-01 3.37426554e-04 2.70782329e-04
1.94704698e-01 6.81287716e-05 2.71795050e-04
1.95062030e-01 6.56180680e-04 2.73441945e-04
1.95419358e-01 6.23610067e-04 2.71472983e-04
1.95776684e-01 8.90488672e-04 2.74663140e-04
1.96134006e-01 7.25293743e-04 2.76351894e-04
1.96491324e-01 2.33955404e-04 2.66963444e-04
1.96848640e-01 4.24328831e-04 2.71802334e-04
1.97205953e-01 2.44881262e-04 2.68888407e-04
1.97563262e-01 5.15975133e-04 2.70502857e-04
1.97920568e-01 1.97929104e-04 2.76483256e-04
1.98277870e-01 1.32537821e-04 2.72087665e-04
1.98635170e-01 5.86802208e-04 2.74712756e-04
1.98992466e-01 2.91360676e-04 2.77561420e-04
1.99349759e-01 2.80453689e-04 2.72882368e-04
1.99707049e-01 6.39889923e-04 2.69531260e-04
2.00064335e-01 1.93161974e-04 2.62680777e-04
2.00421618e-01 1.11854121e-04 2.71569032e-04
2.00778898e-01 5.47591142e-04 2.69268580e-04
2.01136174e-01 3.22853073e-04 2.68348289e-04
2.01493448e-01 4.34929488e-04 2.71569017e-04
2.01850718e-01 1.43117713e-04 2.60494810e-04
2.02207984e-01 5.10172324e-06 2.63444845e-04
2.02565248e-01 5.07389417e-05 2.68612641e-04
2.02922508e-01 4.55888458e-04 2.67735282e-04
2.03279764e-01 5.80468351e-04 2.57012068e-04
2.03637018e-01 3.85846403e-04 2.62588207e-04
2.03994268e-01 6.85516109e-05 2.65324041e-04
2.04351514e-01 1.61534943e-04 2.57137218e-04
2.04708758e-01 -2.29153474e-04 2.55496983e-04
2.05065998e-01 4.18342066e-04 2.64421849e-04
2.05423234e-01 3.30186104e-04 2.64281894e-04
2.05780467e-01 1.92258301e-04 2.60694026e-04
2.06137697e-01 3.96138282e-04 2.60268082e-04
2.06494924e-01 -1.06889269e-04 2.52092279e-04
2.06852147e-01 9.47884325e-05 2.57306392e-04
2.07209367e-01 7.17133120e-04 2.58287810e-04
2.07566583e-01 2.33799072e-04 2.59702384e-04
2.07923796e-01 -3.63948534e-04 2.55577891e-04
2.08281005e-01 3.99407479e-04 2.51733617e-04
2.08638211e-01 1.15884996e-03 2.56145218e-04
2.08995414e-01 7.02545405e-05 2.53990241e-04
2.09352613e-01 2.48282524e-04 2.58544423e-04
2.09709809e-01 -1.23162797e-05 2.57087201e-04
2.10067002e-01 -7.97371956e-05 2.55693808e-04
2.10424191e-01 -9.78768986e-05 2.53091508e-04
2.10781376e-01 7.23122210e-04 2.56802909e-04
2.11138558e-01 2.83526152e-04 2.49209690e-04
2.11495737e-01 -8.26066011e-05 2.51485638e-04
2.11852912e-01 4.04922212e-04 2.49221029e-04
2.12210084e-01 8.73271939e-05 2.45806108e-04
2.12567252e-01 4.66850940e-04 2.51863643e-04
2.12924416e-01 3.94815365e-04 2.45215915e-04
2.13281578e-01 4.51529732e-04 2.51308812e-04
2.13638735e-01 -3.97552535e-05 2.44415494e-04
2.13995890e-01 -7.02575550e-05 2.44440955e-04
2.14353040e-01 -1.85852096e-04 2.46878691e-04
2.14710188e-01 3.27352540e-04 2.49952231e-04
2.15067331e-01 8.37847690e-04 2.47297409e-04
2.15424471e-01 1.64190914e-04 2.44149558e-04
2.15781608e-01 1.38604221e-04 2.43287133e-04
2.16138741e-01 1.60551235e-04 2.41647765e-04
2.16495871e-01 3.95238641e-04 2.43301416e-04
2.16852997e-01 3.41047443e-04 2.48141169e-04
2.17210119e-01 5.01361215e-04 2.45905614e-04
2.17567238e-01 3.11056725e-04 2.49800561e-04
2.17924354e-01 1.44749791e-04 2.49310699e-04
2.18281465e-01 2.55966216e-04 2.43962509e-04
2.18638574e-01 -3.42469193e-05 2.38713405e-04
2.18995678e-01 9.52303405e-05 2.42898801e-04
2.19352779e-01 -1.46127607e-04 2.41650564e-04
2.19709877e-01 1.78586093e-05 2.43289722e-04
2.20066971e-01 -5.88308276e-05 2.40428101e-04
2.20424061e-01 1.39490255e-04 2.45698560e-04
2.20781147e-01 6.40005398e-04 2.43047988e-04
2.21138230e-01 2.57999221e-04 2.42043527e-04
2.21495310e-01 1.78750918e-04 2.37478909e-04
2.21852386e-01 1.12627695e-04 2.40183089e-04
2.22209458e-01 1.57106932e-04 2.42172667e-04
2.22566526e-01 3.23233058e-04 2.38100086e-04
2.22923591e-01 4.99161843e-04 2.45384864e-04
2.23280652e-01 3.86001178e-04 2.41423969e-04
2.23637710e-01 2.51626396e-04 2.38590730e-04
2.23994764e-01 2.07833322e-05 2.38510451e-04
2.24351814e-01 3.37985288e-05 2.39357570e-04
2.24708861e-01 9.35203684e-05 2.40673874e-04
2.25065904e-01 3.35099978e-04 2.39066793e-04
2.25422943e-01 5.29832140e-04 2.35459816e-04
2.25779978e-01 -3.30232425e-04 2.38567419e-04
2.26137010e-01 -2.46984990e-04 2.39820733e-04
2.26494038e-01 4.72370103e-04 2.38067477e-04
2.26851063e-01 2.44943128e-04 2.35434503e-04
2.27208083e-01 3.89976672e-04 2.36535034e-04
2.27565100e-01 8.01421299e-05 2.35121119e-04
2.27922114e-01 -9.18345474e-05 2.30298884e-04
2.28279123e-01 1.17870059e-04 2.37413835e-04
2.28636129e-01 4.84620201e-05 2.35848004e-04
2.28993131e-01 3.33451082e-04 2.40963040e-04
2.29350129e-01 3.85797213e-04 2.37692376e-04
2.29707124e-01 5.44006409e-04 2.36635075e-04
2.30064115e-01 1.96142544e-04 2.32960371e-04
2.30421102e-01 4.84338142e-04 2.35503922e-04
2.30778085e-01 2.14723972e-04 2.33951628e-04
2.31135064e-01 5.51106262e-04 2.32038290e-04
2.31492040e-01 4.35094415e-04 2.31070732e-04
2.31849012e-01 6.51414413e-04 2.30489677e-04
2.32205980e-01 9.02693350e-05 2.28225026e-04
2.32562944e-01 4.26817794e-05 2.31906952e-04
2.32919905e-01 4.12339283e-04 2.33104099e-04
2.33276862e-01 5.31294451e-04 2.31263230e-04
2.33633814e-01 1.71674363e-04 2.34910152e-04
2.33990763e-01 1.65341887e-04 2.29988558e-04
2.34347709e-01 1.61898521e-04 2.28991326e-04
2.34704650e-01 4.28679814e-04 2.27988582e-04
2.35061588e-01 1.28095105e-04 2.26037156e-04
2.35418521e-01 5.13162483e-04 2.26080210e-04
2.35775451e-01 3.19411569e-04 2.30673672e-04
2.36132377e-01 2.79419295e-04 2.25615926e-04
2.36489299e-01 4.03533500e-04 2.23688128e-04
2.36846218e-01 2.24308062e-04 2.28151647e-04
2.37203132e-01 4.15787426e-05 2.25533045e-04
2.37560042e-01 3.10434471e-04 2.26710565e-04
2.37916949e-01 2.10396184e-05 2.29960954e-04
2.38273852e-01 6.57484729e-05 2.25983878e-04
2.38630751e-01 4.77630456e-04 2.29352398e-04
2.38987645e-01 7.83493569e-04 2.24764776e-04
2.39344537e-01 5.23408093e-04 2.26027891e-04
2.39701424e-01 6.49625470e-04 2.26629039e-04
2.40058307e-01 1.83820346e-06 2.26055592e-04
2.40415186e-01 2.89566190e-04 2.25083960e-04
2.40772061e-01 3.59556996e-04 2.24797680e-04
2.41128933e-01 2.39574882e-04 2.25614701e-04
2.41485800e-01 7.35089572e-04 2.26972542e-04
2.41842664e-01 4.95379513e-04 2.25474920e-04
2.42199523e-01 2.32484677e-04 2.26951721e-04
2.42556379e-01 1.59389038e-05 2.25461209e-04
2.42913230e-01 2.25011489e-05 2.22419061e-04
2.43270078e-01 1.68677339e-04 2.22073220e-04
2.43626922e-01 2.65996707e-04 2.20395334e-04
2.43983761e-01 3.84248556e-05 2.21495025e-04
2.44340597e-01 5.70425013e-04 2.22563722e-04
2.44697429e-01 -2.01497471e-05 2.20927888e-04
2.45054256e-01 2.92197820e-04 2.19462810e-04
2.45411080e-01 2.52797047e-04 2.17565944e-04
2.45767900e-01 4.29662010e-04 2.17844161e-04
2.46124715e-01 7.26245523e-04 2.19194207e-04
2.46481527e-01 1.96887162e-04 2.14924333e-04
2.46838334e-01 5.50859036e-04 2.18538349e-04
2.47195138e-01 2.50139417e-04 2.15011723e-04
2.47551938e-01 3.33465660e-04 2.17937588e-04
2.47908733e-01 1.03914391e-05 2.15545842e-04
2.48265524e-01 3.38546983e-04 2.12763104e-04
2.48622312e-01 2.85424968e-06 2.19898104e-04
2.48979095e-01 2.05130572e-04 2.16424918e-04
2.49335874e-01 3.64153775e-04 2.17927771e-04
2.49692649e-01 2.42721373e-04 2.18036381e-04
2.50049420e-01 2.98827684e-04 2.17479238e-04
2.50406187e-01 -1.86994210e-04 2.13338277e-04
2.50762950e-01 2.48342130e-04 2.16276391e-04
2.51119709e-01 1.22862831e-04 2.16056082e-04
2.51476464e-01 4.37858158e-04 2.13827192e-04
2.51833214e-01 1.55817880e-04 2.15605274e-04
2.52189961e-01 6.75805003e-04 2.20161637e-04
2.52546703e-01 1.38962335e-04 2.12844330e-04
2.52903441e-01 3.50103209e-04 2.11660059e-04
2.53260175e-01 2.45702843e-04 2.14316574e-04
2.53616905e-01 5.04827870e-04 2.16932081e-04
2.53973631e-01 -1.71366665e-04 2.13204630e-04
2.54330352e-01 6.98253833e-04 2.12321386e-04
2.54687070e-01 5.59306045e-04 2.15739776e-04
2.55043783e-01 1.04099183e-04 2.14718979e-04
2.55400492e-01 4.28395958e-04 2.10597340e-04
2.55757197e-01 6.99500261e-05 2.12114114e-04
2.56113898e-01 7.04499851e-04 2.13536643e-04
2.56470595e-01 5.53580731e-04 2.14045245e-04
2.56827287e-01 1.03791910e-04 2.12059845e-04
2.57183975e-01 3.11638837e-04 2.10514563e-04
2.57540659e-01 1.11961423e-04 2.15757447e-04
2.57897339e-01 3.33926995e-04 2.18732068e-04
2.58254014e-01 -2.90366735e-05 2.14501055e-04
2.58610686e-01 6.53552360e-04 2.17385448e-04
2.58967353e-01 2.49584620e-04 2.15654478e-04
2.59324016e-01 1.53113527e-04 2.14694313e-04
2.59680674e-01 1.08206145e-04 2.17138464e-04
2.60037329e-01 -9.12733067e-05 2.20452851e-04
2.60393979e-01 3.79280858e-04 2.18180218e-04
2.60750625e-01 8.88221474e-05 2.15157161e-04
2.61107266e-01 1.57650108e-04 2.15324972e-04
2.61463904e-01 6.83339123e-04 2.18911873e-04
2.61820537e-01 2.54727217e-04 2.12544108e-04
2.62177166e-01 1.33811094e-04 2.12952590e-04
2.62533790e-01 1.61216803e-04 2.14702718e-04
2.62890410e-01 4.17644779e-04 2.19989181e-04
2.63247026e-01 4.24029337e-04 2.16332425e-04
2.63603638e-01 3.31297679e-04 2.12692032e-04
2.63960245e-01 3.41802279e-04 2.15671345e-04
2.64316848e-01 3.34549941e-05 2.11740968e-04
2.64673447e-01 2.61355733e-04 2.16086363e-04
2.65030042e-01 2.02957554e-04 2.11580551e-04
2.65386632e-01 4.25336319e-04 2.15565906e-04
2.65743217e-01 3.21590081e-04 2.11241000e-04
2.66099799e-01 1.80583780e-04 2.13344391e-04
2.66456376e-01 -6.43681481e-05 2.14648012e-04
2.66812948e-01 1.82341139e-04 2.14324913e-04
2.67169517e-01 3.68447444e-04 2.17762654e-04
2.67526081e-01 2.50884440e-04 2.17785544e-04
2.67882640e-01 1.23991484e-04 2.16629790e-04
2.68239195e-01 6.33486297e-04 2.17129004e-04
2.68595746e-01 6.21680258e-04 2.18846964e-04
2.68952293e-01 4.34762049e-04 2.19420347e-04
2.69308835e-01 3.56015939e-04 2.17429703e-04
2.69665372e-01 3.43235333e-04 2.18407229e-04
2.70021906e-01 -1.53336599e-05 2.21216221e-04
2.70378435e-01 3.57840688e-04 2.19940232e-04
2.70734959e-01 9.19335415e-05 2.25255277e-04
2.71091479e-01 6.98975066e-06 2.23966710e-04
2.71447995e-01 5.35260305e-04 2.28003454e-04
2.71804506e-01 5.40468510e-04 2.27513365e-04
2.72161012e-01 2.59886254e-04 2.24149376e-04
2.72517515e-01 3.90835669e-04 2.25799539e-04
2.72874012e-01 -6.59472863e-04 2.20176920e-04
