1.54026655e-02 1.08996417e-03 1.72609968e-03
1.57608633e-02 2.23564903e-03 1.76146838e-03
1.61190608e-02 1.07834489e-03 1.51164873e-03
1.64772580e-02 -3.23668481e-04 1.46869125e-03
1.68354550e-02 2.48541491e-04 1.49990422e-03
1.71936517e-02 1.16333824e-03 1.38522539e-03
1.75518481e-02 -3.21649825e-04 1.35490689e-03
1.79100442e-02 1.77864489e-03 1.29581789e-03
1.82682400e-02 1.39391920e-03 1.21679230e-03
1.86264355e-02 8.35042353e-04 1.29417054e-03
1.89846308e-02 2.32942250e-03 1.18917166e-03
1.93428257e-02 1.58787094e-03 1.11541757e-03
1.97010202e-02 -4.57075968e-04 1.15368576e-03
2.00592145e-02 -9.57196281e-04 1.10695732e-03
2.04174084e-02 1.93647133e-03 1.06822565e-03
2.07756020e-02 1.97549812e-03 1.09399360e-03
2.11337953e-02 2.87676253e-04 1.01688611e-03
2.14919882e-02 1.24371239e-03 1.03069961e-03
2.18501808e-02 1.20499482e-03 1.04358794e-03
2.22083729e-02 8.90592209e-04 9.70104903e-04
2.25665648e-02 2.94210433e-03 9.69145955e-04
2.29247562e-02 1.63492144e-03 1.02167592e-03
2.32829473e-02 7.52436866e-05 9.53566775e-04
2.36411380e-02 1.42356797e-03 9.22455116e-04
2.39993283e-02 1.00191075e-03 9.42973746e-04
2.43575182e-02 1.57311269e-03 8.93182608e-04
2.47157077e-02 1.98403686e-03 8.97175389e-04
2.50738968e-02 1.91126657e-03 8.80761628e-04
2.54320855e-02 1.22361931e-03 8.63539914e-04
2.57902738e-02 -1.34501440e-04 8.51921143e-04
2.61484617e-02 6.57634647e-04 8.74741574e-04
2.65066491e-02 6.63082322e-04 8.27652463e-04
2.68648361e-02 6.98282048e-04 8.74235243e-04
2.72230226e-02 1.34997450e-03 8.39825087e-04
2.75812087e-02 -1.61911288e-04 7.77133337e-04
2.79393943e-02 -7.39694321e-04 8.28365906e-04
2.82975795e-02 1.32451510e-03 8.08205650e-04
2.86557642e-02 2.02076521e-03 8.34810067e-04
2.90139485e-02 6.65936289e-04 7.74707533e-04
2.93721323e-02 1.63408559e-03 8.25831833e-04
2.97303155e-02 7.24294158e-04 8.03553771e-04
3.00884983e-02 -1.46307633e-04 8.54556369e-04
3.04466806e-02 8.83758799e-04 8.37505089e-04
3.08048624e-02 1.42682092e-03 8.06542375e-04
3.11630437e-02 2.66758358e-04 7.87274270e-04
3.15212245e-02 6.56496438e-04 7.87617784e-04
3.18794048e-02 7.47048570e-04 8.17723034e-04
3.22375845e-02 5.15300309e-04 8.21587212e-04
3.25957637e-02 1.83116535e-03 7.86494551e-04
3.29539424e-02 1.87545071e-04 7.96412470e-04
3.33121205e-02 1.35695981e-03 7.87234933e-04
3.36702981e-02 1.22316366e-03 8.03221914e-04
3.40284751e-02 2.72167190e-04 7.80275287e-04
3.43866516e-02 2.04452176e-03 7.92514553e-04
3.47448275e-02 2.19731515e-03 7.56617355e-04
3.51030028e-02 1.54064961e-03 7.42101358e-04
3.54611775e-02 1.97905347e-03 7.45694068e-04
3.58193517e-02 1.47250295e-03 7.23334245e-04
3.61775253e-02 2.03651890e-04 7.08258915e-04
3.65356983e-02 1.25667876e-03 7.22315259e-04
3.68938706e-02 1.93918740e-03 7.42802404e-04
3.72520424e-02 3.04161782e-04 7.38004958e-04
3.76102136e-02 7.21744239e-04 7.02454287e-04
3.79683841e-02 6.04512031e-04 6.67951355e-04
3.83265540e-02 -4.38327652e-04 6.78915473e-04
3.86847233e-02 1.77521364e-03 7.00840444e-04
3.90428920e-02 6.81783501e-04 6.92068963e-04
3.94010600e-02 3.61433742e-04 6.84648910e-04
3.97592273e-02 4.16972325e-04 6.86958643e-04
4.01173941e-02 1.06780278e-03 6.82638854e-04
4.04755601e-02 1.67052981e-04 6.62088158e-04
4.08337255e-02 9.46854803e-04 6.73061017e-04
4.11918902e-02 2.30904643e-04 6.58123211e-04
4.15500542e-02 8.05993560e-05 6.40410011e-04
4.19082176e-02 -2.06370901e-04 6.30401351e-04
4.22663802e-02 -7.31764470e-04 6.50448351e-04
4.26245422e-02 5.00040653e-05 6.74034751e-04
4.29827034e-02 9.73502093e-04 6.59109371e-04
4.33408640e-02 1.69802527e-04 6.71296440e-04
4.36990238e-02 4.53339207e-04 6.41339022e-04
4.40571830e-02 8.94291674e-04 6.47662932e-04
4.44153414e-02 1.97502681e-03 6.67171348e-04
4.47734990e-02 1.74971904e-05 6.26799947e-04
4.51316560e-02 3.06550742e-04 6.54523546e-04
4.54898122e-02 7.88084733e-04 6.78025278e-04
4.58479676e-02 1.16591563e-03 6.99939847e-04
4.62061223e-02 8.67710794e-04 6.34740654e-04
4.65642762e-02 3.12007556e-04 6.07895363e-04
4.69224294e-02 3.28465475e-04 6.29407254e-04
4.72805818e-02 1.34316459e-03 6.42467672e-04
4.76387334e-02 -6.10288840e-04 6.40198524e-04
4.79968842e-02 3.23407250e-04 6.12320411e-04
4.83550342e-02 2.85310065e-04 6.19264585e-04
4.87131835e-02 1.09056752e-04 6.05914522e-04
4.90713319e-02 5.72243960e-04 6.02888178e-04
4.94294795e-02 1.03656813e-03 5.99872238e-04
4.97876264e-02 2.63521447e-04 5.76193652e-04
5.01457724e-02 6.68789731e-04 6.19980953e-04
5.05039175e-02 1.11981611e-03 6.06783607e-04
5.08620619e-02 7.02981037e-04 5.96968121e-04
5.12202054e-02 1.73085074e-04 5.84005780e-04
5.15783481e-02 6.54380361e-04 5.49197442e-04
5.19364899e-02 -4.20676571e-04 5.89563691e-04
5.22946308e-02 -2.28921381e-04 5.90806878e-04
5.26527709e-02 2.81976377e-04 5.78284752e-04
5.30109102e-02 7.79988700e-04 5.76300895e-04
5.33690485e-02 -8.26861101e-05 5.85294525e-04
5.37271860e-02 -5.93433892e-04 5.77068717e-04
5.40853226e-02 3.50083520e-04 5.64446295e-04
5.44434583e-02 1.41357824e-04 5.54033798e-04
5.48015932e-02 -3.25077522e-04 5.81683421e-04
5.51597271e-02 3.61287352e-04 5.68793201e-04
5.55178601e-02 6.66509706e-04 5.46856016e-04
5.58759922e-02 6.95390161e-04 5.51538758e-04
5.62341234e-02 7.82844279e-04 5.69460702e-04
5.65922536e-02 5.17257517e-04 5.32246688e-04
5.69503829e-02 -1.86784410e-04 5.55021110e-04
5.73085113e-02 5.00513128e-04 5.49281627e-04
5.76666388e-02 5.89617824e-04 5.53594664e-04
5.80247653e-02 1.21401033e-03 5.57271546e-04
5.83828908e-02 2.95206222e-04 5.42283551e-04
5.87410154e-02 1.04804754e-04 5.39877382e-04
5.90991390e-02 3.28768045e-04 5.21669687e-04
5.94572616e-02 1.20157427e-04 5.39204761e-04
5.98153833e-02 3.53298909e-04 5.38066211e-04
6.01735040e-02 1.46557072e-04 5.20305757e-04
6.05316237e-02 -3.13880006e-04 5.43084366e-04
6.08897424e-02 4.64959868e-04 5.30145881e-04
6.12478600e-02 2.14562173e-04 5.10748626e-04
6.16059767e-02 -4.71999631e-04 5.36739712e-04
6.19640924e-02 3.15577087e-04 5.15378048e-04
6.23222071e-02 -3.37717746e-04 4.89483358e-04
6.26803207e-02 9.34983381e-04 5.10354760e-04
6.30384333e-02 -2.98381540e-04 5.18634647e-04
6.33965448e-02 1.14929002e-03 5.00050090e-04
6.37546554e-02 5.40424017e-04 5.00090622e-04
6.41127648e-02 3.18946311e-05 5.19424312e-04
6.44708732e-02 1.02642393e-03 5.11262780e-04
6.48289806e-02 2.39480833e-04 4.99506368e-04
6.51870869e-02 9.79449336e-05 5.02477301e-04
6.55451921e-02 4.39513182e-04 5.07070787e-04
6.59032962e-02 -1.93471633e-04 5.15418373e-04
6.62613993e-02 -3.75186136e-04 4.97750634e-04
6.66195012e-02 5.03969088e-04 4.96766015e-04
6.69776021e-02 2.76088782e-04 5.05332815e-04
6.73357019e-02 7.63629909e-04 4.89322524e-04
6.76938005e-02 4.92879190e-04 4.70989572e-04
6.80518981e-02 1.12335134e-03 4.90174863e-04
6.84099945e-02 -4.36523080e-04 4.86105031e-04
6.87680898e-02 1.98200797e-04 4.78361900e-04
6.91261840e-02 -4.71418915e-04 4.83782150e-04
6.94842770e-02 1.37391415e-05 4.89369480e-04
6.98423689e-02 6.37739147e-04 4.81373195e-04
7.02004596e-02 -4.26334722e-05 4.77969900e-04
7.05585492e-02 5.53901216e-04 4.71902557e-04
7.09166377e-02 2.14413883e-04 4.69500736e-04
7.12747249e-02 -4.80501359e-04 4.73855539e-04
7.16328110e-02 2.94782735e-04 4.62148891e-04
7.19908959e-02 2.34348872e-04 4.75453316e-04
7.23489796e-02 1.05772967e-03 4.65078509e-04
7.27070622e-02 2.39034780e-04 4.96452120e-04
7.30651435e-02 6.63595275e-04 4.68954427e-04
7.34232237e-02 3.80819234e-04 4.70668259e-04
7.37813026e-02 -7.81487328e-05 4.67584536e-04
7.41393803e-02 3.80032035e-04 4.69248459e-04
7.44974568e-02 1.40354214e-04 4.68550504e-04
7.48555321e-02 3.71121479e-04 4.73644928e-04
7.52136061e-02 -2.32998503e-04 4.58074155e-04
7.55716789e-02 3.29332087e-04 4.62013674e-04
7.59297505e-02 -3.90629511e-04 4.48984254e-04
7.62878208e-02 5.30616378e-05 4.60690017e-04
7.66458899e-02 5.36894829e-04 4.54362099e-04
7.70039577e-02 -1.82340643e-05 4.55209118e-04
7.73620242e-02 5.17558173e-05 4.48548894e-04
7.77200895e-02 7.95635576e-05 4.47075962e-04
7.80781535e-02 -4.01212444e-04 4.43771215e-04
7.84362162e-02 -2.07769672e-04 4.48995320e-04
7.87942776e-02 -2.18902513e-04 4.46933104e-04
7.91523377e-02 1.00894931e-03 4.54437400e-04
7.95103965e-02 1.45234426e-03 4.42679856e-04
7.98684540e-02 6.88266980e-04 4.54062490e-04
8.02265102e-02 1.95030698e-04 4.51071459e-04
8.05845651e-02 -6.73912035e-05 4.57733716e-04
8.09426186e-02 -1.46031809e-04 4.40506400e-04
8.13006709e-02 8.09007179e-04 4.47454851e-04
8.16587217e-02 4.39946034e-04 4.43034415e-04
8.20167713e-02 1.32900965e-04 4.43119816e-04
8.23748195e-02 2.75537198e-04 4.33027375e-04
8.27328663e-02 -2.18130376e-04 4.23365926e-04
8.30909118e-02 2.41250581e-04 4.30218751e-04
8.34489559e-02 -3.04620987e-04 4.33491317e-04
8.38069986e-02 -3.06787582e-04 4.51804453e-04
8.41650400e-02 -1.46759263e-04 4.28201645e-04
8.45230800e-02 -3.66567690e-04 4.25743084e-04
8.48811185e-02 6.13620830e-04 4.55465314e-04
8.52391557e-02 6.74728625e-05 4.35809962e-04
8.55971915e-02 -7.29351561e-04 4.26175252e-04
8.59552259e-02 3.36913704e-04 4.40488641e-04
8.63132589e-02 5.29307599e-04 4.55445230e-04
8.66712904e-02 -2.48158003e-04 4.36060305e-04
8.70293205e-02 -1.12418891e-03 4.35237787e-04
8.73873492e-02 3.88968580e-04 4.39930170e-04
8.77453765e-02 1.12073173e-03 4.41028787e-04
8.81034023e-02 -4.26508662e-04 4.28772838e-04
8.84614267e-02 -4.61304212e-04 4.34634300e-04
8.88194496e-02 -2.33393040e-04 4.15590278e-04
8.91774710e-02 -3.08469207e-04 4.36204662e-04
8.95354910e-02 -6.92517594e-04 4.16227618e-04
8.98935095e-02 -6.13446203e-04 4.11774537e-04
9.02515266e-02 1.37871225e-04 4.05205284e-04
9.06095421e-02 1.00858105e-03 4.34992222e-04
9.09675562e-02 1.87778916e-04 4.26674232e-04
9.13255687e-02 -2.79487989e-04 4.24975382e-04
9.16835798e-02 2.97160344e-04 4.31977048e-04
9.20415894e-02 1.66594987e-04 4.30676483e-04
9.23995974e-02 -3.45827938e-04 4.22979567e-04
9.27576039e-02 3.96006901e-05 4.14252302e-04
9.31156089e-02 -3.71071842e-04 4.11236288e-04
9.34736124e-02 -3.89522279e-04 4.00980889e-04
9.38316143e-02 1.71016652e-04 4.07706912e-04
9.41896147e-02 8.66834054e-06 4.18263369e-04
9.45476136e-02 -1.71317443e-04 4.06170972e-04
9.49056108e-02 -6.16715458e-04 4.02731705e-04
9.52636066e-02 -7.50716889e-04 4.06751791e-04
9.56216007e-02 -4.30412045e-04 4.12198172e-04
9.59795933e-02 7.14560417e-05 4.15027108e-04
9.63375843e-02 -1.38055026e-04 4.09196819e-04
9.66955738e-02 -4.46438374e-04 3.99179496e-04
9.70535616e-02 -6.03883375e-04 4.03825722e-04
9.74115478e-02 -1.59548950e-04 4.06035962e-04
9.77695325e-02 6.73785724e-04 4.14916960e-04
9.81275155e-02 3.56013911e-04 4.02361994e-04
9.84854969e-02 -5.61465378e-04 4.04117026e-04
9.88434768e-02 -3.98609970e-04 4.12376076e-04
9.92014549e-02 8.05713546e-04 3.99035870e-04
9.95594315e-02 -8.06865019e-04 3.91327212e-04
9.99174064e-02 1.47489585e-04 4.10798324e-04
1.00275380e-01 -9.27235336e-04 3.94372275e-04
1.00633351e-01 -3.49251662e-04 3.96027507e-04
1.00991321e-01 1.15057621e-04 3.88615980e-04
1.01349290e-01 -6.96179123e-04 3.94671742e-04
1.01707256e-01 3.72899353e-04 3.81221002e-04
1.02065221e-01 -1.06368775e-04 3.80753456e-04
1.02423184e-01 7.21165379e-04 3.93204519e-04
1.02781146e-01 7.07132993e-04 3.95239910e-04
1.03139106e-01 1.66510511e-04 3.89283919e-04
1.03497064e-01 4.06303927e-05 3.83152546e-04
1.03855021e-01 -2.78378918e-04 3.90268028e-04
1.04212976e-01 1.97455769e-04 3.84499971e-04
1.04570929e-01 -2.38974362e-04 3.91025258e-04
1.04928880e-01 -1.16838191e-04 3.84822319e-04
1.05286830e-01 -2.76409271e-04 4.02238577e-04
1.05644778e-01 3.99560778e-04 3.95456200e-04
1.06002724e-01 -1.58767696e-04 3.89282484e-04
1.06360668e-01 -5.05844778e-05 3.92986236e-04
1.06718611e-01 3.23159287e-04 4.00620560e-04
1.07076552e-01 -6.30499364e-04 4.03575127e-04
1.07434491e-01 2.07010137e-04 4.08981001e-04
1.07792429e-01 3.18296556e-06 3.96273024e-04
1.08150364e-01 -1.49032831e-04 3.93486251e-04
1.08508298e-01 6.37615174e-06 3.94409654e-04
1.08866230e-01 3.40759288e-05 4.01492581e-04
1.09224160e-01 -4.01366846e-04 3.85756199e-04
1.09582089e-01 -4.58538738e-04 3.98186208e-04
1.09940016e-01 -5.31523372e-04 3.84650359e-04
1.10297941e-01 9.33815250e-05 3.94916769e-04
1.10655864e-01 -3.62864721e-04 3.85715724e-04
1.11013785e-01 -7.02675561e-05 3.95860755e-04
1.11371704e-01 -3.18854388e-05 3.88690068e-04
1.11729622e-01 1.98838752e-04 3.94452195e-04
1.12087538e-01 2.91418866e-04 3.82650804e-04
1.12445452e-01 -1.48445507e-04 3.75272005e-04
1.12803364e-01 2.81348716e-04 3.76758512e-04
1.13161274e-01 -7.14329368e-05 3.71418884e-04
1.13519182e-01 -3.44302436e-04 3.84399016e-04
1.13877089e-01 4.79218519e-04 3.81668552e-04
1.14234994e-01 2.56580200e-05 3.83242367e-04
1.14592896e-01 -4.91310966e-04 3.65882894e-04
1.14950797e-01 -4.46785814e-04 3.83079917e-04
1.15308696e-01 3.48009551e-04 3.67887730e-04
1.15666593e-01 -5.69653771e-04 3.80358094e-04
1.16024488e-01 1.82064699e-05 3.71573654e-04
1.16382382e-01 -2.42808506e-04 3.78370181e-04
1.16740273e-01 -1.13092540e-04 3.59938353e-04
1.17098163e-01 -3.86704217e-04 3.68610684e-04
1.17456050e-01 -6.12198635e-04 3.71969323e-04
1.17813936e-01 -3.60765158e-04 3.72899523e-04
1.18171819e-01 6.26323136e-04 3.72060783e-04
1.18529701e-01 -2.82527829e-05 3.73961048e-04
1.18887581e-01 5.00352184e-04 3.76423322e-04
1.19245459e-01 -5.11111072e-04 3.69075161e-04
1.19603335e-01 -4.57260124e-04 3.69069396e-04
1.19961208e-01 4.10948909e-04 3.71391789e-04
1.20319080e-01 -1.11371771e-04 3.76540710e-04
1.20676950e-01 6.89981589e-04 3.73444742e-04
1.21034818e-01 3.45256092e-04 3.78804754e-04
1.21392684e-01 4.91940461e-04 3.75545919e-04
1.21750548e-01 -3.19983098e-05 3.72510890e-04
1.22108410e-01 -4.49773631e-04 3.76991454e-04
1.22466270e-01 -2.07238383e-04 3.74719604e-04
1.22824128e-01 5.24201574e-04 3.77244050e-04
1.23181984e-01 5.66365791e-05 3.76013544e-04
1.23539838e-01 2.17984577e-04 3.72939111e-04
1.23897690e-01 2.46314482e-04 3.77239945e-04
1.24255540e-01 -1.24277217e-04 3.66718125e-04
1.24613388e-01 -2.96860716e-04 3.74216722e-04
1.24971233e-01 -1.63251891e-04 3.66060776e-04
1.25329077e-01 5.26895336e-04 3.67162990e-04
1.25686919e-01 -2.61780408e-04 3.65618737e-04
1.26044758e-01 -2.09921589e-04 3.54454209e-04
1.26402596e-01 -3.12313061e-04 3.56830940e-04
1.26760431e-01 7.18972508e-04 3.63969908e-04
1.27118265e-01 4.54011131e-04 3.51059232e-04
1.27476096e-01 -2.46920716e-04 3.45318109e-04
1.27833925e-01 -3.75194218e-04 3.55438457e-04
1.28191752e-01 2.03450058e-04 3.56266950e-04
1.28549577e-01 1.67683583e-04 3.69389955e-04
1.28907400e-01 -1.12527448e-04 3.50322088e-04
1.29265221e-01 5.52271917e-04 3.58409163e-04
1.29623040e-01 1.73268267e-04 3.34089822e-04
1.29980856e-01 -4.93444495e-04 3.50295461e-04
1.30338670e-01 2.05160917e-04 3.45704497e-04
1.30696483e-01 2.44848552e-04 3.39954148e-04
1.31054293e-01 -4.79955197e-04 3.33881109e-04
1.31412101e-01 -6.63327385e-05 3.47607155e-04
1.31769906e-01 1.79654738e-04 3.46807733e-04
1.32127710e-01 2.21587478e-04 3.42573384e-04
1.32485511e-01 -4.37686500e-04 3.38097742e-04
1.32843311e-01 -9.77583275e-05 3.52161636e-04
1.33201108e-01 -9.79887348e-05 3.41638215e-04
1.33558903e-01 -2.31755833e-04 3.51817952e-04
1.33916695e-01 1.40100740e-05 3.46937178e-04
1.34274486e-01 -2.50000781e-04 3.47216005e-04
1.34632274e-01 -7.59600376e-05 3.45884104e-04
1.34990060e-01 -6.57778624e-05 3.42618402e-04
1.35347844e-01 2.72815370e-04 3.36250924e-04
1.35705626e-01 1.69224941e-04 3.32966091e-04
1.36063405e-01 8.52679570e-05 3.29627443e-04
1.36421182e-01 1.60015432e-04 3.34627278e-04
1.36778957e-01 -1.68093742e-05 3.41744131e-04
1.37136730e-01 -3.28018501e-04 3.32708156e-04
1.37494500e-01 -2.53591469e-04 3.33060880e-04
1.37852269e-01 3.61975294e-04 3.31476424e-04
1.38210034e-01 2.15046183e-04 3.25941440e-04
1.38567798e-01 -3.36300732e-04 3.30757961e-04
1.38925559e-01 -5.51573947e-05 3.25789691e-04
1.39283319e-01 -1.73206435e-04 3.36079798e-04
1.39641075e-01 2.14852660e-04 3.29697437e-04
1.39998830e-01 -3.29002120e-04 3.26709753e-04
1.40356582e-01 -1.91192052e-04 3.34067635e-04
1.40714332e-01 -4.21826358e-04 3.26327675e-04
1.41072080e-01 -2.64078068e-04 3.20640412e-04
1.41429825e-01 3.01128455e-04 3.28472519e-04
1.41787568e-01 -2.85173790e-04 3.32015065e-04
1.42145308e-01 -2.34761433e-04 3.24269943e-04
1.42503047e-01 7.49768912e-05 3.29286882e-04
1.42860783e-01 1.55339682e-04 3.26817274e-04
1.43218516e-01 3.11928025e-04 3.23463780e-04
1.43576247e-01 -2.81130548e-04 3.23320047e-04
1.43933976e-01 1.66580387e-04 3.28050017e-04
1.44291703e-01 1.19661259e-04 3.23732918e-04
1.44649427e-01 2.98788653e-04 3.20742756e-04
1.45007149e-01 8.94893325e-04 3.25889658e-04
1.45364868e-01 1.41179282e-04 3.18936883e-04
1.45722585e-01 -3.04334290e-04 3.10514043e-04
1.46080300e-01 -3.38675773e-04 3.24293745e-04
1.46438012e-01 -1.30279565e-04 3.18216569e-04
1.46795722e-01 1.24830291e-04 3.21644591e-04
1.47153429e-01 6.67687864e-05 3.16927687e-04
1.47511134e-01 2.97785979e-04 3.05336595e-04
1.47868837e-01 -3.38673786e-04 3.10406541e-04
1.48226537e-01 -2.84772079e-04 3.11583225e-04
1.48584235e-01 -1.56070962e-04 3.08424772e-04
1.48941930e-01 1.89735789e-04 3.11264890e-04
1.49299623e-01 1.46954203e-04 3.19788975e-04
1.49657313e-01 -2.23613590e-04 3.14407565e-04
1.50015001e-01 -2.72295597e-04 3.07032878e-04
1.50372687e-01 -1.54804380e-04 3.16748342e-04
1.50730370e-01 -2.33266401e-04 3.12272296e-04
1.51088050e-01 -1.12137441e-04 3.12967230e-04
1.51445728e-01 2.21079321e-05 3.06109002e-04
1.51803404e-01 -5.41135764e-05 3.08049583e-04
1.52161077e-01 -2.88264714e-04 3.09147629e-04
1.52518747e-01 2.68890827e-04 3.17913349e-04
1.52876416e-01 -1.96708576e-05 3.09179314e-04
1.53234081e-01 -3.36291981e-04 3.13403970e-04
1.53591744e-01 2.46787552e-05 3.07989439e-04
1.53949405e-01 -4.63488902e-04 3.08918545e-04
1.54307063e-01 7.42012763e-04 3.11362387e-04
1.54664718e-01 6.08751663e-04 3.12200692e-04
1.55022371e-01 -1.39471150e-04 3.06020884e-04
1.55380021e-01 -5.17355011e-05 3.08727114e-04
1.55737669e-01 -5.44859136e-05 3.12612678e-04
1.56095314e-01 -8.63182951e-05 3.10111862e-04
1.56452957e-01 -5.50268326e-04 3.07824883e-04
1.56810597e-01 -7.50468508e-05 3.05689102e-04
1.57168235e-01 -3.91582326e-04 3.03533149e-04
1.57525870e-01 1.95033263e-05 2.99419222e-04
1.57883502e-01 3.23475073e-04 2.99599141e-04
1.58241132e-01 1.64857226e-04 3.07048819e-04
1.58598759e-01 -1.86583240e-04 3.01023047e-04
1.58956384e-01 -5.53778629e-04 2.99616693e-04
1.59314006e-01 -9.86290970e-05 3.03282678e-04
1.59671625e-01 -2.28248052e-04 3.00655146e-04
1.60029242e-01 1.60869169e-04 3.05957690e-04
1.60386856e-01 2.82154936e-04 2.97143964e-04
1.60744468e-01 3.45989923e-04 2.96904885e-04
1.61102076e-01 1.21583506e-04 3.01893651e-04
1.61459683e-01 1.06588743e-04 3.03567460e-04
1.61817286e-01 6.39352631e-04 3.04706911e-04
1.62174887e-01 -4.56732885e-04 3.02395840e-04
1.62532485e-01 -1.08346490e-04 2.95785265e-04
1.62890081e-01 -4.87997672e-04 2.97171708e-04
1.63247674e-01 1.20229519e-04 2.98113040e-04
1.63605264e-01 1.94843977e-05 2.90502910e-04
1.63962852e-01 -1.99734777e-04 3.05606343e-04
1.64320437e-01 1.52947908e-04 2.91590617e-04
1.64678019e-01 -1.42012038e-04 3.01560118e-04
1.65035598e-01 -2.70267725e-04 2.96621904e-04
1.65393175e-01 8.78079117e-06 2.97855130e-04
1.65750749e-01 4.21102807e-04 2.88338501e-04
1.66108320e-01 -3.80545462e-04 2.94920276e-04
1.66465889e-01 1.91329138e-04 2.97621970e-04
1.66823455e-01 -5.66824892e-04 2.99038984e-04
1.67181018e-01 7.34120941e-06 2.95779574e-04
1.67538578e-01 -1.94936706e-04 2.87385281e-04
1.67896136e-01 -1.73977397e-05 2.92835716e-04
1.68253691e-01 2.15719646e-04 2.94664800e-04
1.68611243e-01 -5.80857815e-04 2.88082802e-04
1.68968792e-01 7.69611160e-04 2.89574004e-04
1.69326339e-01 3.88960886e-04 2.89119241e-04
1.69683883e-01 -9.13943781e-05 2.91666550e-04
1.70041424e-01 3.79518094e-05 2.79139243e-04
1.70398962e-01 -4.54587437e-04 2.84323033e-04
1.70756497e-01 7.88853027e-04 2.90569069e-04
1.71114030e-01 1.32116447e-04 2.90320121e-04
1.71471560e-01 2.82576495e-04 2.89927519e-04
1.71829087e-01 -4.34545087e-04 2.87126061e-04
1.72186611e-01 -3.19484893e-06 2.83719468e-04
1.72544132e-01 1.80622968e-04 2.86932469e-04
1.72901651e-01 3.38188429e-04 2.90509141e-04
1.73259167e-01 -1.70552282e-04 2.87553776e-04
1.73616679e-01 4.69828157e-04 2.88355721e-04
1.73974189e-01 8.66417552e-05 2.80315883e-04
1.74331697e-01 -7.08163417e-04 2.80546014e-04
1.74689201e-01 1.18801747e-04 2.85505067e-04
1.75046702e-01 1.01250730e-04 2.81944171e-04
1.75404201e-01 -3.08084578e-04 2.80200513e-04
1.75761697e-01 2.15750608e-04 2.91562081e-04
1.76119189e-01 -3.36633751e-04 2.80740484e-04
1.76476679e-01 -3.27006685e-04 2.77528779e-04
1.76834166e-01 1.16372650e-04 2.87037258e-04
1.77191650e-01 -2.88535518e-04 2.83771705e-04
1.77549132e-01 -1.62922616e-04 2.75580659e-04
1.77906610e-01 8.25110064e-05 2.76233943e-04
1.78264085e-01 -4.01530801e-05 2.78746598e-04
1.78621558e-01 -5.22265578e-04 2.77520384e-04
1.78979027e-01 1.08788990e-04 2.78191775e-04
1.79336494e-01 2.07288029e-04 2.75270413e-04
1.79693958e-01 -6.53487168e-05 2.80439693e-04
1.80051418e-01 -2.73673856e-04 2.77345639e-04
1.80408876e-01 -6.04329832e-05 2.84579599e-04
1.80766331e-01 -7.82704004e-05 2.84989684e-04
1.81123783e-01 -5.32656463e-05 2.75114402e-04
1.81481232e-01 1.87188174e-04 2.86036019e-04
1.81838677e-01 -3.43971447e-05 2.81332458e-04
1.82196120e-01 -1.12546359e-04 2.85833352e-04
1.82553560e-01 -1.91549132e-04 2.76193049e-04
1.82910997e-01 -1.21909445e-04 2.75776305e-04
1.83268431e-01 1.39369497e-04 2.83961551e-04
1.83625862e-01 6.36858871e-05 2.80481413e-04
1.83983290e-01 6.86102185e-05 2.86691614e-04
1.84340715e-01 4.23848503e-05 2.84508295e-04
1.84698137e-01 1.73756260e-04 2.81579429e-04
1.85055556e-01 -1.49261168e-04 2.85093349e-04
1.85412971e-01 -1.52693801e-04 2.84720854e-04
1.85770384e-01 7.56271350e-05 2.86390726e-04
1.86127794e-01 -1.20823517e-05 2.83002549e-04
1.86485200e-01 -3.55154524e-04 2.75568508e-04
1.86842604e-01 2.17835780e-04 2.81257110e-04
1.87200005e-01 -1.77690933e-05 2.72704037e-04
1.87557402e-01 -3.51388756e-04 2.78723434e-04
1.87914797e-01 6.52122137e-05 2.73489592e-04
1.88272188e-01 -5.35814358e-05 2.80700490e-04
1.88629576e-01 -4.27468260e-06 2.74355224e-04
1.88986961e-01 -1.27708431e-04 2.71736317e-04
1.89344343e-01 -2.93984270e-04 2.66195958e-04
1.89701722e-01 -1.90168659e-04 2.68538347e-04
1.90059098e-01 -2.67849845e-04 2.76202780e-04
1.90416471e-01 -8.16030805e-05 2.72623413e-04
1.90773840e-01 3.84017404e-04 2.72339041e-04
1.91131207e-01 -3.74520820e-05 2.72664107e-04
1.91488570e-01 -3.14887110e-04 2.76751825e-04
1.91845930e-01 -1.01759277e-04 2.69681068e-04
1.92203287e-01 -2.22242668e-05 2.69118099e-04
1.92560641e-01 -4.44733989e-04 2.71222669e-04
1.92917992e-01 -4.08338897e-04 2.72410059e-04
1.93275340e-01 -4.34102739e-04 2.70333941e-04
1.93632684e-01 -1.27722920e-04 2.74939594e-04
1.93990025e-01 -4.50467666e-04 2.71804802e-04
1.94347363e-01 -2.65537184e-04 2.76976140e-04
1.94704698e-01 4.74259251e-05 2.67130586e-04
1.95062030e-01 -6.99815834e-05 2.67895607e-04
1.95419358e-01 3.17053413e-04 2.70887759e-04
1.95776684e-01 4.76267796e-04 2.69736981e-04
1.96134006e-01 1.70542779e-04 2.69875993e-04
1.96491324e-01 -6.01727198e-05 2.73377957e-04
1.96848640e-01 1.88218785e-04 2.71196421e-04
1.97205953e-01 -4.55015477e-04 2.73233575e-04
1.97563262e-01 -2.33846773e-04 2.67870075e-04
1.97920568e-01 -2.08204859e-04 2.65636592e-04
1.98277870e-01 -2.11697794e-04 2.72936089e-04
1.98635170e-01 4.69227326e-04 2.77674553e-04
1.98992466e-01 -1.12366210e-04 2.71137966e-04
1.99349759e-01 1.68068910e-04 2.73941575e-04
1.99707049e-01 -1.45610713e-04 2.69921773e-04
2.00064335e-01 4.91150377e-05 2.63495821e-04
2.00421618e-01 -1.69970623e-04 2.66721328e-04
2.00778898e-01 1.73093949e-05 2.66691147e-04
2.01136174e-01 1.93884319e-04 2.65072029e-04
2.01493448e-01 -8.67446102e-05 2.53985471e-04
2.01850718e-01 1.00891448e-04 2.66456941e-04
2.02207984e-01 2.08004326e-04 2.59290227e-04
2.02565248e-01 -2.23872490e-04 2.59336131e-04
2.02922508e-01 4.16000694e-05 2.57897458e-04
2.03279764e-01 1.04352816e-04 2.63339049e-04
2.03637018e-01 -2.45018293e-04 2.59499315e-04
2.03994268e-01 1.99288768e-04 2.56657588e-04
2.04351514e-01 -1.19838933e-04 2.56250919e-04
2.04708758e-01 1.81245216e-04 2.58016846e-04
2.05065998e-01 -6.07103940e-05 2.53144067e-04
2.05423234e-01 -8.04715079e-06 2.60036907e-04
2.05780467e-01 2.57623284e-04 2.57045878e-04
2.06137697e-01 3.66120790e-04 2.54003785e-04
2.06494924e-01 4.48825680e-05 2.54294131e-04
2.06852147e-01 -4.59528359e-04 2.55211964e-04
2.07209367e-01 -6.99268924e-05 2.55879645e-04
2.07566583e-01 1.81821953e-04 2.57123046e-04
2.07923796e-01 -1.20363196e-04 2.58673424e-04
2.08281005e-01 8.68609097e-05 2.56312768e-04
2.08638211e-01 1.25142253e-05 2.53426845e-04
2.08995414e-01 -1.63338041e-04 2.53477553e-04
2.09352613e-01 -2.59838512e-04 2.54241134e-04
2.09709809e-01 -2.75728965e-04 2.56433289e-04
2.10067002e-01 1.64041707e-04 2.53445336e-04
2.10424191e-01 -5.76838921e-04 2.45445471e-04
2.10781376e-01 1.55947347e-04 2.48012769e-04
2.11138558e-01 -4.77236248e-05 2.49096363e-04
2.11495737e-01 -7.02324441e-05 2.51845252e-04
2.11852912e-01 -2.22515680e-04 2.47295655e-04
2.12210084e-01 2.63113770e-04 2.52780563e-04
2.12567252e-01 1.44608396e-04 2.54436126e-04
2.12924416e-01 3.44023566e-04 2.49628060e-04
2.13281578e-01 5.21724129e-05 2.54139944e-04
2.13638735e-01 -7.38160671e-04 2.43031997e-04
2.13995890e-01 6.78550879e-05 2.45499256e-04
2.14353040e-01 -1.53809996e-04 2.46120697e-04
2.14710188e-01 -4.99132155e-04 2.46999381e-04
2.15067331e-01 -1.18984864e-04 2.45888886e-04
2.15424471e-01 -1.49509380e-04 2.47038916e-04
2.15781608e-01 1.84542834e-04 2.46425862e-04
2.16138741e-01 -4.09611434e-05 2.45887884e-04
2.16495871e-01 -2.76944341e-04 2.43641848e-04
2.16852997e-01 1.12355253e-04 2.45102534e-04
2.17210119e-01 1.48591990e-04 2.44360586e-04
2.17567238e-01 2.29776226e-04 2.47930468e-04
2.17924354e-01 -7.31849309e-05 2.45895483e-04
2.18281465e-01 -8.56246691e-05 2.44322919e-04
2.18638574e-01 -3.26087217e-04 2.41230405e-04
2.18995678e-01 5.96758421e-05 2.45664876e-04
2.19352779e-01 -1.19072414e-04 2.39846632e-04
2.19709877e-01 -2.22124461e-05 2.48112768e-04
2.20066971e-01 -2.98208067e-04 2.43343209e-04
2.20424061e-01 -2.33927842e-04 2.36537167e-04
2.20781147e-01 -1.11972783e-04 2.39252061e-04
2.21138230e-01 2.20292941e-04 2.42903784e-04
2.21495310e-01 2.23107290e-04 2.38586161e-04
2.21852386e-01 2.44322205e-04 2.41640065e-04
2.22209458e-01 3.44608280e-05 2.37658192e-04
2.22566526e-01 -5.80014387e-05 2.40242973e-04
2.22923591e-01 -3.15511000e-04 2.37857814e-04
2.23280652e-01 -1.83643494e-04 2.41390036e-04
2.23637710e-01 -1.50364651e-04 2.37610252e-04
2.23994764e-01 2.04521352e-04 2.39742957e-04
2.24351814e-01 -2.03836834e-04 2.35500362e-04
2.24708861e-01 -2.17417430e-04 2.37456334e-04
2.25065904e-01 -3.15714193e-04 2.39470157e-04
2.25422943e-01 -2.28185562e-04 2.35450504e-04
2.25779978e-01 -7.46576424e-05 2.39858325e-04
2.26137010e-01 -5.92345965e-04 2.34023293e-04
2.26494038e-01 -7.34807358e-05 2.40837301e-04
2.26851063e-01 1.71903163e-04 2.38949394e-04
2.27208083e-01 -6.34327759e-04 2.34306656e-04
2.27565100e-01 -1.82247710e-04 2.33581066e-04
2.27922114e-01 -1.24868320e-04 2.32535301e-04
2.28279123e-01 -3.79673359e-05 2.33335250e-04
2.28636129e-01 1.20895163e-04 2.29289655e-04
2.28993131e-01 -6.14421184e-05 2.35969065e-04
2.29350129e-01 -3.41803284e-04 2.28797817e-04
2.29707124e-01 -1.57048693e-04 2.30415497e-04
2.30064115e-01 -1.53309626e-04 2.32073893e-04
2.30421102e-01 -6.16946287e-05 2.32490527e-04
2.30778085e-01 4.45962020e-05 2.33032024e-04
2.31135064e-01 1.44611275e-04 2.35592027e-04
2.31492040e-01 -3.02248318e-04 2.29162859e-04
2.31849012e-01 2.51041978e-04 2.31693206e-04
2.32205980e-01 4.95107251e-05 2.34879927e-04
2.32562944e-01 -2.30734596e-04 2.31998391e-04
2.32919905e-01 -6.48079399e-05 2.32347010e-04
2.33276862e-01 2.23090453e-04 2.31463937e-04
2.33633814e-01 -1.78776327e-04 2.30910498e-04
2.33990763e-01 -4.39957075e-05 2.25160986e-04
2.34347709e-01 -1.76355593e-04 2.28691625e-04
2.34704650e-01 4.92912821e-05 2.29392637e-04
2.35061588e-01 1.61252669e-04 2.30282416e-04
2.35418521e-01 -3.01089319e-04 2.24159538e-04
2.35775451e-01 -2.26300989e-04 2.24143946e-04
2.36132377e-01 -1.06563705e-04 2.27549987e-04
2.36489299e-01 1.82191199e-04 2.28655588e-04
2.36846218e-01 -1.60212284e-05 2.29039173e-04
2.37203132e-01 3.30439557e-04 2.27917780e-04
2.37560042e-01 6.97780545e-05 2.29122621e-04
2.37916949e-01 -1.41320774e-05 2.25915549e-04
2.38273852e-01 -2.19191854e-04 2.21475252e-04
2.38630751e-01 -3.88900598e-04 2.27507005e-04
2.38987645e-01 -2.98824699e-04 2.21259210e-04
2.39344537e-01 -2.37372912e-04 2.24627610e-04
2.39701424e-01 4.29881083e-04 2.23481824e-04
2.40058307e-01 -1.37267997e-05 2.24111056e-04
2.40415186e-01 1.01025875e-04 2.23027233e-04
2.40772061e-01 -8.91761917e-05 2.25899497e-04
2.41128933e-01 -3.32482076e-04 2.21275845e-04
2.41485800e-01 -3.23595612e-04 2.18815797e-04
2.41842664e-01 5.25120645e-05 2.17255232e-04
2.42199523e-01 -2.95158656e-05 2.24520077e-04
2.42556379e-01 -1.72618662e-04 2.22360574e-04
2.42913230e-01 -4.17490706e-06 2.22586030e-04
2.43270078e-01 4.37487982e-05 2.19149578e-04
2.43626922e-01 -5.23756923e-04 2.20327186e-04
2.43983761e-01 -1.67043805e-04 2.23606841e-04
2.44340597e-01 1.10842532e-04 2.16245537e-04
2.44697429e-01 -1.78254801e-04 2.20081938e-04
2.45054256e-01 -2.53855515e-05 2.14868788e-04
2.45411080e-01 -4.26362066e-04 2.22293096e-04
2.45767900e-01 -3.42613112e-04 2.15309342e-04
2.46124715e-01 1.84763013e-04 2.21471308e-04
2.46481527e-01 1.37525989e-04 2.16369192e-04
2.46838334e-01 -3.39396081e-04 2.17374200e-04
2.47195138e-01 -2.36592937e-04 2.17214925e-04
2.47551938e-01 5.10943874e-05 2.16662084e-04
2.47908733e-01 -1.16860206e-04 2.19255908e-04
2.48265524e-01 -4.90991456e-04 2.15106923e-04
2.48622312e-01 -2.10954344e-04 2.13318172e-04
2.48979095e-01 -1.88001900e-04 2.18642448e-04
2.49335874e-01 -3.21398139e-04 2.18077057e-04
2.49692649e-01 -1.90142554e-04 2.15115482e-04
2.50049420e-01 -6.45955343e-05 2.19004675e-04
2.50406187e-01 -1.70674576e-04 2.13707009e-04
2.50762950e-01 -1.93606121e-04 2.16261731e-04
2.51119709e-01 3.69190393e-05 2.11875278e-04
2.51476464e-01 1.21360389e-04 2.19721511e-04
2.51833214e-01 -1.90673680e-04 2.11209775e-04
2.52189961e-01 6.13129452e-05 2.12860362e-04
2.52546703e-01 -1.20311083e-04 2.12574371e-04
2.52903441e-01 5.88792685e-07 2.13375623e-04
2.53260175e-01 -7.90376439e-05 2.17103419e-04
2.53616905e-01 8.35983133e-05 2.11872195e-04
2.53973631e-01 -3.39738580e-04 2.08996732e-04
2.54330352e-01 -4.95566861e-04 2.09909154e-04
2.54687070e-01 -2.00569797e-04 2.09255099e-04
2.55043783e-01 -2.06499017e-04 2.11917685e-04
2.55400492e-01 -1.01001953e-04 2.10121845e-04
2.55757197e-01 -1.27957797e-04 2.11805625e-04
2.56113898e-01 -1.37420304e-05 2.17153518e-04
2.56470595e-01 5.17367907e-05 2.13950483e-04
2.56827287e-01 -9.71588007e-05 2.16574997e-04
2.57183975e-01 -2.90363073e-04 2.14204342e-04
2.57540659e-01 -3.31286152e-04 2.14265444e-04
2.57897339e-01 9.56699852e-05 2.11660744e-04
2.58254014e-01 -1.85678636e-04 2.16376813e-04
2.58610686e-01 -9.37088393e-05 2.14106820e-04
2.58967353e-01 1.39313084e-04 2.14528930e-04
2.59324016e-01 -1.95829020e-04 2.16653002e-04
2.59680674e-01 -2.11391279e-04 2.14490847e-04
2.60037329e-01 1.42451289e-04 2.17563373e-04
2.60393979e-01 2.07970665e-04 2.15199494e-04
2.60750625e-01 -3.72979561e-05 2.19090010e-04
2.61107266e-01 3.65733025e-05 2.15451244e-04
2.61463904e-01 -4.44755526e-04 2.13866020e-04
2.61820537e-01 -4.04288357e-04 2.19493980e-04
2.62177166e-01 -6.07608384e-05 2.15018646e-04
2.62533790e-01 -1.59106517e-05 2.13557064e-04
2.62890410e-01 -3.64836985e-04 2.14482238e-04
2.63247026e-01 -2.35732674e-04 2.13898075e-04
2.63603638e-01 1.76994782e-04 2.18217221e-04
2.63960245e-01 6.25400497e-05 2.14272246e-04
2.64316848e-01 -3.21425319e-04 2.12759331e-04
2.64673447e-01 -1.07426810e-04 2.09680177e-04
2.65030042e-01 1.05452835e-04 2.10360701e-04
2.65386632e-01 -3.70501234e-04 2.10989169e-04
2.65743217e-01 2.89116019e-04 2.12633792e-04
2.66099799e-01 -3.10790944e-04 2.14713750e-04
2.66456376e-01 2.06835406e-04 2.10218131e-04
2.66812948e-01 -3.39693292e-05 2.11178697e-04
2.67169517e-01 -1.03468282e-04 2.13944731e-04
2.67526081e-01 -1.44623043e-04 2.17551647e-04
2.67882640e-01 -3.36971221e-04 2.17089242e-04
2.68239195e-01 2.81548680e-04 2.20124267e-04
2.68595746e-01 -1.70952223e-04 2.16815070e-04
2.68952293e-01 -3.04544044e-05 2.15088006e-04
2.69308835e-01 2.18205666e-04 2.22735443e-04
2.69665372e-01 -8.07206919e-05 2.21008853e-04
2.70021906e-01 -3.70207003e-05 2.20909961e-04
2.70378435e-01 1.38586047e-04 2.18248550e-04
2.70734959e-01 -2.68028777e-04 2.20211479e-04
2.71091479e-01 5.70493533e-05 2.21156552e-04
2.71447995e-01 1.52820041e-04 2.22133628e-04
2.71804506e-01 -3.14756343e-04 2.24029715e-04
2.72161012e-01 -1.30064343e-05 2.24283123e-04
2.72517515e-01 5.25757271e-05 2.24867405e-04
2.72874012e-01 -1.47426026e-04 2.27177781e-04
