1.54026655e-02 2.05325734e-02 1.72039284e-03
1.57608633e-02 2.00718099e-02 1.76154472e-03
1.61190608e-02 1.69932283e-02 1.53580532e-03
1.64772580e-02 1.77566754e-02 1.58998953e-03
1.68354550e-02 1.70265954e-02 1.41932894e-03
1.71936517e-02 1.88237854e-02 1.40560395e-03
1.75518481e-02 2.00896373e-02 1.43693982e-03
1.79100442e-02 2.06539355e-02 1.33383184e-03
1.82682400e-02 1.72130574e-02 1.30891222e-03
1.86264355e-02 2.05161075e-02 1.32304882e-03
1.89846308e-02 2.24201539e-02 1.28726357e-03
1.93428257e-02 2.06237421e-02 1.18965983e-03
1.97010202e-02 1.94004882e-02 1.23630447e-03
2.00592145e-02 1.89460176e-02 1.21680392e-03
2.04174084e-02 2.00087855e-02 1.16614079e-03
2.07756020e-02 1.89446054e-02 1.23634232e-03
2.11337953e-02 1.97100999e-02 1.15529789e-03
2.14919882e-02 2.05067890e-02 1.12536141e-03
2.18501808e-02 1.91829339e-02 1.16923591e-03
2.22083729e-02 1.82572430e-02 1.12690949e-03
2.25665648e-02 1.89771777e-02 1.09372494e-03
2.29247562e-02 1.86667156e-02 1.02884303e-03
2.32829473e-02 1.83247709e-02 1.01723386e-03
2.36411380e-02 1.87575814e-02 1.02413366e-03
2.39993283e-02 1.87689070e-02 1.02613835e-03
2.43575182e-02 1.73426089e-02 9.76321918e-04
2.47157077e-02 1.76142556e-02 9.61238463e-04
2.50738968e-02 1.82184365e-02 9.57920040e-04
2.54320855e-02 1.74147335e-02 9.70798359e-04
2.57902738e-02 2.08394221e-02 9.59185237e-04
2.61484617e-02 1.71484211e-02 9.62391397e-04
2.65066491e-02 2.01614789e-02 9.49497736e-04
2.68648361e-02 1.99443793e-02 9.15469129e-04
2.72230226e-02 1.84104256e-02 9.09450417e-04
2.75812087e-02 1.80970686e-02 9.19567422e-04
2.79393943e-02 1.85646192e-02 9.08765196e-04
2.82975795e-02 1.84271081e-02 8.96459369e-04
2.86557642e-02 1.80059138e-02 9.43567511e-04
2.90139485e-02 1.80783485e-02 8.78854409e-04
2.93721323e-02 1.82975038e-02 8.71810512e-04
2.97303155e-02 1.67761533e-02 8.68295535e-04
3.00884983e-02 1.84670955e-02 8.93326139e-04
3.04466806e-02 2.04389807e-02 9.42283338e-04
3.08048624e-02 1.99180283e-02 8.94447980e-04
3.11630437e-02 1.76292764e-02 9.01735625e-04
3.15212245e-02 1.97601106e-02 9.04229821e-04
3.18794048e-02 1.71397666e-02 9.04061770e-04
3.22375845e-02 1.82845565e-02 8.65233460e-04
3.25957637e-02 1.81333796e-02 9.21735590e-04
3.29539424e-02 1.82162526e-02 8.41474861e-04
3.33121205e-02 1.80279397e-02 9.25394851e-04
3.36702981e-02 1.86971917e-02 8.95752964e-04
3.40284751e-02 1.70403754e-02 9.09459449e-04
3.43866516e-02 1.68971644e-02 8.67758528e-04
3.47448275e-02 1.63678239e-02 8.07204814e-04
3.51030028e-02 1.60158643e-02 8.00219045e-04
3.54611775e-02 1.71389371e-02 7.80364323e-04
3.58193517e-02 1.67891239e-02 8.09483059e-04
3.61775253e-02 1.64023332e-02 8.00702889e-04
3.65356983e-02 1.76395446e-02 8.21483489e-04
3.68938706e-02 1.62384320e-02 7.79292414e-04
3.72520424e-02 1.59540596e-02 7.85856905e-04
3.76102136e-02 1.73011761e-02 7.95850390e-04
3.79683841e-02 1.67268898e-02 7.65310264e-04
3.83265540e-02 1.72760249e-02 7.86231933e-04
3.86847233e-02 1.66124941e-02 7.74206141e-04
3.90428920e-02 1.65838518e-02 7.46768061e-04
3.94010600e-02 1.64276171e-02 7.20108515e-04
3.97592273e-02 1.55226824e-02 7.64448540e-04
4.01173941e-02 1.60974976e-02 7.28734092e-04
4.04755601e-02 1.52961986e-02 7.24096713e-04
4.08337255e-02 1.65912081e-02 7.63846380e-04
4.11918902e-02 1.56292875e-02 7.24679017e-04
4.15500542e-02 1.47894318e-02 6.84632767e-04
4.19082176e-02 1.56488990e-02 7.36234221e-04
4.22663802e-02 1.54260797e-02 7.25913230e-04
4.26245422e-02 1.57187779e-02 6.99468285e-04
4.29827034e-02 1.46822751e-02 7.17955000e-04
4.33408640e-02 1.52746715e-02 7.39312523e-04
4.36990238e-02 1.51345542e-02 7.01640995e-04
4.40571830e-02 1.59493115e-02 7.29384116e-04
4.44153414e-02 1.67318977e-02 7.18889789e-04
4.47734990e-02 1.38417969e-02 7.20714829e-04
4.51316560e-02 1.44618921e-02 7.23800461e-04
4.54898122e-02 1.51939424e-02 7.38244551e-04
4.58479676e-02 1.65238033e-02 7.36532928e-04
4.62061223e-02 1.57804319e-02 7.22243367e-04
4.65642762e-02 1.46605647e-02 7.08698481e-04
4.69224294e-02 1.50457942e-02 7.25762629e-04
4.72805818e-02 1.42471285e-02 6.78736041e-04
4.76387334e-02 1.38369796e-02 6.58592198e-04
4.79968842e-02 1.36422667e-02 6.81833450e-04
4.83550342e-02 1.51918804e-02 7.15951477e-04
4.87131835e-02 1.53790486e-02 6.93402328e-04
4.90713319e-02 1.35765217e-02 6.49423338e-04
4.94294795e-02 1.42907872e-02 6.85926421e-04
4.97876264e-02 1.39483082e-02 6.58440376e-04
5.01457724e-02 1.24807727e-02 6.53917378e-04
5.05039175e-02 1.28145778e-02 6.18110125e-04
5.08620619e-02 1.35281728e-02 6.92425253e-04
5.12202054e-02 1.41540202e-02 5.97162133e-04
5.15783481e-02 1.32787713e-02 6.42342313e-04
5.19364899e-02 1.24348353e-02 6.33305933e-04
5.22946308e-02 1.31277829e-02 6.49070231e-04
5.26527709e-02 1.37175723e-02 6.45714934e-04
5.30109102e-02 1.28798856e-02 6.29878366e-04
5.33690485e-02 1.38716598e-02 6.12376477e-04
5.37271860e-02 1.25915865e-02 6.21719123e-04
5.40853226e-02 1.30709175e-02 6.10394700e-04
5.44434583e-02 1.16532212e-02 5.85704935e-04
5.48015932e-02 1.24517695e-02 6.01088173e-04
5.51597271e-02 1.25428333e-02 6.04589828e-04
5.55178601e-02 1.32475171e-02 6.18452290e-04
5.58759922e-02 1.25704897e-02 6.13446159e-04
5.62341234e-02 1.19605203e-02 5.93174236e-04
5.65922536e-02 1.18552096e-02 6.21411521e-04
5.69503829e-02 1.21082385e-02 5.90798319e-04
5.73085113e-02 1.12647864e-02 6.03613622e-04
5.76666388e-02 1.02169794e-02 5.74284551e-04
5.80247653e-02 1.24139461e-02 6.08394013e-04
5.83828908e-02 1.07337280e-02 5.93992031e-04
5.87410154e-02 1.21288318e-02 5.77502076e-04
5.90991390e-02 1.14764993e-02 5.83991734e-04
5.94572616e-02 1.25026520e-02 6.06966865e-04
5.98153833e-02 1.10486076e-02 5.66397684e-04
6.01735040e-02 1.18002175e-02 5.83296341e-04
6.05316237e-02 1.10994578e-02 5.52026751e-04
6.08897424e-02 1.04693434e-02 5.67059272e-04
6.12478600e-02 1.05599290e-02 5.73926809e-04
6.16059767e-02 1.14286859e-02 5.58588628e-04
6.19640924e-02 1.01109291e-02 5.38815429e-04
6.23222071e-02 1.07460806e-02 5.66919889e-04
6.26803207e-02 1.11457885e-02 5.73051954e-04
6.30384333e-02 9.61146945e-03 5.66757922e-04
6.33965448e-02 1.04807732e-02 5.50092390e-04
6.37546554e-02 9.33271528e-03 5.41331904e-04
6.41127648e-02 1.02568793e-02 5.54519068e-04
6.44708732e-02 1.03982269e-02 5.34103249e-04
6.48289806e-02 9.65463611e-03 5.26314454e-04
6.51870869e-02 1.00189069e-02 5.39675978e-04
6.55451921e-02 9.95335343e-03 5.31655681e-04
6.59032962e-02 1.09995739e-02 5.50867465e-04
6.62613993e-02 9.71743418e-03 5.21167328e-04
6.66195012e-02 1.08735569e-02 5.36606689e-04
6.69776021e-02 1.00141992e-02 5.32456198e-04
6.73357019e-02 8.55190807e-03 5.56113657e-04
6.76938005e-02 1.01391058e-02 5.38483234e-04
6.80518981e-02 9.49542065e-03 5.42488098e-04
6.84099945e-02 9.14191534e-03 5.33293739e-04
6.87680898e-02 9.57320314e-03 5.19014229e-04
6.91261840e-02 8.76821217e-03 5.23282812e-04
6.94842770e-02 8.76044266e-03 5.04716400e-04
6.98423689e-02 8.71653041e-03 5.13750566e-04
7.02004596e-02 8.19511605e-03 5.17043445e-04
7.05585492e-02 9.55795897e-03 5.10760056e-04
7.09166377e-02 8.67219669e-03 4.98640885e-04
7.12747249e-02 8.56572540e-03 5.14728075e-04
7.16328110e-02 8.17068960e-03 5.02178599e-04
7.19908959e-02 7.82723094e-03 5.15548765e-04
7.23489796e-02 6.71248252e-03 4.96217408e-04
7.27070622e-02 7.96181510e-03 4.92873774e-04
7.30651435e-02 8.56773649e-03 5.02318123e-04
7.34232237e-02 8.69215475e-03 5.04428693e-04
7.37813026e-02 8.30918056e-03 4.98437963e-04
7.41393803e-02 8.21318882e-03 5.02875993e-04
7.44974568e-02 7.34022437e-03 4.94060715e-04
7.48555321e-02 8.31463066e-03 4.84052599e-04
7.52136061e-02 8.79150559e-03 4.94096088e-04
7.55716789e-02 7.76091656e-03 4.76551959e-04
7.59297505e-02 7.15585436e-03 4.90830333e-04
7.62878208e-02 8.03646572e-03 4.93185656e-04
7.66458899e-02 7.38138271e-03 4.89544387e-04
7.70039577e-02 7.02112730e-03 4.94131960e-04
7.73620242e-02 7.31096376e-03 4.81872521e-04
7.77200895e-02 6.80964047e-03 4.63238416e-04
7.80781535e-02 7.45391309e-03 4.67734082e-04
7.84362162e-02 7.09621076e-03 4.80788631e-04
7.87942776e-02 6.59960077e-03 4.70856077e-04
7.91523377e-02 6.72318791e-03 4.59761698e-04
7.95103965e-02 7.01373368e-03 4.72352321e-04
7.98684540e-02 6.22591189e-03 4.66422095e-04
8.02265102e-02 6.31652006e-03 4.72953390e-04
8.05845651e-02 6.52746223e-03 4.61397768e-04
8.09426186e-02 6.27139461e-03 4.68466421e-04
8.13006709e-02 5.38589835e-03 4.57189011e-04
8.16587217e-02 5.88091652e-03 4.54849196e-04
8.20167713e-02 5.63437394e-03 4.64152020e-04
8.23748195e-02 6.10941878e-03 4.51374440e-04
8.27328663e-02 5.88735876e-03 4.50562584e-04
8.30909118e-02 6.42000838e-03 4.55971475e-04
8.34489559e-02 5.50331607e-03 4.59270852e-04
8.38069986e-02 5.45275968e-03 4.48138308e-04
8.41650400e-02 4.92309869e-03 4.44578270e-04
8.45230800e-02 6.09268623e-03 4.51053963e-04
8.48811185e-02 5.34065316e-03 4.48269618e-04
8.52391557e-02 6.46177375e-03 4.50777896e-04
8.55971915e-02 5.23774212e-03 4.52544219e-04
8.59552259e-02 6.19008254e-03 4.51610222e-04
8.63132589e-02 5.20581015e-03 4.42751592e-04
8.66712904e-02 5.41959983e-03 4.56391953e-04
8.70293205e-02 5.57916497e-03 4.60260894e-04
8.73873492e-02 5.25104952e-03 4.51241381e-04
8.77453765e-02 5.50662048e-03 4.49773050e-04
8.81034023e-02 4.22566442e-03 4.41404226e-04
8.84614267e-02 4.78740253e-03 4.55575904e-04
8.88194496e-02 5.14308058e-03 4.43983166e-04
8.91774710e-02 4.74186629e-03 4.49488383e-04
8.95354910e-02 4.63627627e-03 4.36152607e-04
8.98935095e-02 4.96106757e-03 4.45036892e-04
9.02515266e-02 5.01484079e-03 4.33797586e-04
9.06095421e-02 4.68760637e-03 4.50375096e-04
9.09675562e-02 4.26950135e-03 4.50790347e-04
9.13255687e-02 4.82165516e-03 4.46232663e-04
9.16835798e-02 3.94296777e-03 4.39795020e-04
9.20415894e-02 4.73347315e-03 4.35072095e-04
9.23995974e-02 4.41319756e-03 4.34699330e-04
9.27576039e-02 3.85001933e-03 4.47652284e-04
9.31156089e-02 3.91067846e-03 4.27080975e-04
9.34736124e-02 3.90645468e-03 4.35374108e-04
9.38316143e-02 4.39287638e-03 4.27477556e-04
9.41896147e-02 3.18127213e-03 4.23600973e-04
9.45476136e-02 3.73082627e-03 4.28115229e-04
9.49056108e-02 3.49244657e-03 4.31560845e-04
9.52636066e-02 4.07346177e-03 4.34838709e-04
9.56216007e-02 3.34123160e-03 4.24107067e-04
9.59795933e-02 3.87142703e-03 4.24210369e-04
9.63375843e-02 3.76364063e-03 4.36121207e-04
9.66955738e-02 3.95990230e-03 4.26623763e-04
9.70535616e-02 4.46791511e-03 4.13507667e-04
9.74115478e-02 3.58214871e-03 4.12399499e-04
9.77695325e-02 4.23784763e-03 4.18151306e-04
9.81275155e-02 3.59981593e-03 4.16292362e-04
9.84854969e-02 3.67319334e-03 4.17295536e-04
9.88434768e-02 3.48410623e-03 4.26784589e-04
9.92014549e-02 3.40323712e-03 4.14161267e-04
9.95594315e-02 3.73579529e-03 4.15318428e-04
9.99174064e-02 3.75305616e-03 4.15707304e-04
1.00275380e-01 3.12573767e-03 4.04824661e-04
1.00633351e-01 2.64203938e-03 4.00097912e-04
1.00991321e-01 3.03025769e-03 4.10572228e-04
1.01349290e-01 2.80003749e-03 4.03491432e-04
1.01707256e-01 3.60415705e-03 4.00926823e-04
1.02065221e-01 2.93800486e-03 3.97253416e-04
1.02423184e-01 2.83657922e-03 3.96713248e-04
1.02781146e-01 2.63701320e-03 3.96482020e-04
1.03139106e-01 2.34995722e-03 3.98364398e-04
1.03497064e-01 2.85847612e-03 4.01944939e-04
1.03855021e-01 3.03031055e-03 3.99615713e-04
1.04212976e-01 3.08298756e-03 3.93610325e-04
1.04570929e-01 3.03937053e-03 3.94798049e-04
1.04928880e-01 2.90457437e-03 3.99666161e-04
1.05286830e-01 2.67969116e-03 4.03549527e-04
1.05644778e-01 2.76975318e-03 4.18976938e-04
1.06002724e-01 2.41535515e-03 4.07424638e-04
1.06360668e-01 1.77732267e-03 4.07886300e-04
1.06718611e-01 2.25061485e-03 4.02546228e-04
1.07076552e-01 2.47136096e-03 4.00712156e-04
1.07434491e-01 3.11534835e-03 4.07896349e-04
1.07792429e-01 2.58031380e-03 4.03822817e-04
1.08150364e-01 2.67194151e-03 3.90036276e-04
1.08508298e-01 2.59205450e-03 3.97973908e-04
1.08866230e-01 3.01056802e-03 4.05808719e-04
1.09224160e-01 2.58916018e-03 4.03432459e-04
1.09582089e-01 2.39146287e-03 4.00118455e-04
1.09940016e-01 1.88866799e-03 4.05227504e-04
1.10297941e-01 2.78954232e-03 4.06476352e-04
1.10655864e-01 1.91798099e-03 4.02075445e-04
1.11013785e-01 2.17833185e-03 3.85989596e-04
1.11371704e-01 1.83102977e-03 3.92143561e-04
1.11729622e-01 2.28846995e-03 3.91551574e-04
1.12087538e-01 2.22026982e-03 3.80435444e-04
1.12445452e-01 2.16649302e-03 3.85529894e-04
1.12803364e-01 1.87686007e-03 3.83020864e-04
1.13161274e-01 1.95521359e-03 3.85456379e-04
1.13519182e-01 1.94040585e-03 3.82953870e-04
1.13877089e-01 2.10528930e-03 3.68046218e-04
1.14234994e-01 1.58459406e-03 3.80898985e-04
1.14592896e-01 2.33366703e-03 3.86674148e-04
1.14950797e-01 2.38761326e-03 3.84482787e-04
1.15308696e-01 1.34751416e-03 3.81135423e-04
1.15666593e-01 1.57638231e-03 3.78247216e-04
1.16024488e-01 1.86556815e-03 3.87608728e-04
1.16382382e-01 2.13598162e-03 3.59815473e-04
1.16740273e-01 1.81050856e-03 3.79974178e-04
1.17098163e-01 1.66196713e-03 3.78042030e-04
1.17456050e-01 1.36213368e-03 3.67227085e-04
1.17813936e-01 2.05741988e-03 3.78762399e-04
1.18171819e-01 1.95932783e-03 3.77739479e-04
1.18529701e-01 1.60042021e-03 3.77459711e-04
1.18887581e-01 1.12350696e-03 3.90058049e-04
1.19245459e-01 1.11892327e-03 3.79467395e-04
1.19603335e-01 1.52168167e-03 3.78982682e-04
1.19961208e-01 2.07138806e-03 3.87312705e-04
1.20319080e-01 1.77623262e-03 3.88610613e-04
1.20676950e-01 2.23396132e-03 3.77757531e-04
1.21034818e-01 1.10674170e-03 3.85229316e-04
1.21392684e-01 1.78371414e-03 3.75595390e-04
1.21750548e-01 1.36302109e-03 3.79749146e-04
1.22108410e-01 1.84065763e-03 3.93185505e-04
1.22466270e-01 1.26998981e-03 3.77606927e-04
1.22824128e-01 1.47767926e-03 3.88713360e-04
1.23181984e-01 2.15059352e-03 3.82813281e-04
1.23539838e-01 1.01319087e-03 3.71145709e-04
1.23897690e-01 1.47694474e-03 3.62354646e-04
1.24255540e-01 1.46971242e-03 3.67778920e-04
1.24613388e-01 8.62386497e-04 3.61923520e-04
1.24971233e-01 1.28004780e-03 3.66252330e-04
1.25329077e-01 5.51671530e-04 3.67617816e-04
1.25686919e-01 4.98091350e-04 3.60828382e-04
1.26044758e-01 1.09275771e-03 3.63584743e-04
1.26402596e-01 1.60226121e-03 3.66901549e-04
1.26760431e-01 1.98671868e-03 3.61942602e-04
1.27118265e-01 7.75358370e-04 3.69716468e-04
1.27476096e-01 9.75908642e-04 3.62410380e-04
1.27833925e-01 1.20444986e-03 3.61181980e-04
1.28191752e-01 1.54801763e-03 3.61638544e-04
1.28549577e-01 1.44849048e-03 3.57676722e-04
1.28907400e-01 1.11838330e-03 3.53235273e-04
1.29265221e-01 9.28140265e-04 3.51693770e-04
1.29623040e-01 1.14773042e-03 3.63122738e-04
1.29980856e-01 1.22690344e-03 3.66101074e-04
1.30338670e-01 1.15887700e-03 3.46453811e-04
1.30696483e-01 1.06166471e-03 3.46768694e-04
1.31054293e-01 1.02687244e-03 3.44907299e-04
1.31412101e-01 9.54715464e-04 3.55330450e-04
1.31769906e-01 9.81291126e-04 3.51171117e-04
1.32127710e-01 1.62797236e-03 3.44780678e-04
1.32485511e-01 1.24138337e-03 3.59810612e-04
1.32843311e-01 1.94953930e-04 3.52765062e-04
1.33201108e-01 1.73722123e-03 3.52120365e-04
1.33558903e-01 1.76610514e-03 3.49982372e-04
1.33916695e-01 1.06997472e-03 3.43061495e-04
1.34274486e-01 1.52618432e-03 3.45338619e-04
1.34632274e-01 4.52717630e-04 3.36064077e-04
1.34990060e-01 6.88017532e-04 3.49837347e-04
1.35347844e-01 7.38153969e-04 3.40460207e-04
1.35705626e-01 6.76186594e-04 3.32666612e-04
1.36063405e-01 9.37824535e-04 3.37018427e-04
1.36421182e-01 1.28469745e-03 3.36379070e-04
1.36778957e-01 9.59908510e-04 3.28701376e-04
1.37136730e-01 9.37307386e-04 3.29273138e-04
1.37494500e-01 6.36114644e-04 3.42632985e-04
1.37852269e-01 6.10081921e-04 3.36392383e-04
1.38210034e-01 1.38181020e-03 3.38379718e-04
1.38567798e-01 1.35607624e-03 3.31171886e-04
1.38925559e-01 9.01518568e-04 3.34496648e-04
1.39283319e-01 1.77657418e-05 3.28726121e-04
1.39641075e-01 6.93826124e-04 3.35683804e-04
1.39998830e-01 4.51890046e-04 3.27787237e-04
1.40356582e-01 6.09835136e-04 3.38491352e-04
1.40714332e-01 8.42276397e-04 3.36990297e-04
1.41072080e-01 3.20382119e-04 3.33226883e-04
1.41429825e-01 1.04285158e-03 3.27567766e-04
1.41787568e-01 1.27498605e-03 3.29828954e-04
1.42145308e-01 9.40373767e-04 3.22182311e-04
1.42503047e-01 9.67916587e-04 3.32033727e-04
1.42860783e-01 9.63436485e-04 3.31172267e-04
1.43218516e-01 4.91785505e-04 3.28621935e-04
1.43576247e-01 9.55631531e-04 3.32107912e-04
1.43933976e-01 4.07107562e-04 3.26874337e-04
1.44291703e-01 9.58534369e-04 3.22125120e-04
1.44649427e-01 6.10832453e-04 3.31808659e-04
1.45007149e-01 3.26404622e-04 3.08214318e-04
1.45364868e-01 1.01938188e-03 3.25357895e-04
1.45722585e-01 6.78466987e-04 3.20297860e-04
1.46080300e-01 7.35641790e-04 3.19692184e-04
1.46438012e-01 7.13085956e-04 3.26780043e-04
1.46795722e-01 5.48739015e-04 3.17041111e-04
1.47153429e-01 2.77510848e-04 3.10744958e-04
1.47511134e-01 1.28794458e-03 3.22310640e-04
1.47868837e-01 3.30585567e-04 3.20740043e-04
1.48226537e-01 3.38140497e-04 3.10040685e-04
1.48584235e-01 6.33644818e-04 3.26846413e-04
1.48941930e-01 1.12023976e-03 3.18409636e-04
1.49299623e-01 6.13802067e-04 3.19048904e-04
1.49657313e-01 3.80253061e-04 3.28199248e-04
1.50015001e-01 6.71803117e-04 3.21468156e-04
1.50372687e-01 1.01951697e-03 3.16752724e-04
1.50730370e-01 2.53067562e-04 3.15996294e-04
1.51088050e-01 4.07055307e-04 3.13278552e-04
1.51445728e-01 7.19433878e-04 3.11587526e-04
1.51803404e-01 6.62877716e-04 3.15414298e-04
1.52161077e-01 9.18963603e-04 3.19006539e-04
1.52518747e-01 4.08759766e-04 3.14123547e-04
1.52876416e-01 5.61832050e-04 3.07115551e-04
1.53234081e-01 5.29469746e-04 3.03639046e-04
1.53591744e-01 3.46880175e-04 3.09156001e-04
1.53949405e-01 -4.86307366e-05 3.17589433e-04
1.54307063e-01 9.36590801e-04 3.16014139e-04
1.54664718e-01 6.40597727e-04 3.11540510e-04
1.55022371e-01 3.37347637e-04 3.09194391e-04
1.55380021e-01 1.13381883e-04 3.04315023e-04
1.55737669e-01 4.16564376e-04 3.15182652e-04
1.56095314e-01 4.60578679e-04 3.01003895e-04
1.56452957e-01 4.52326116e-04 3.07417420e-04
1.56810597e-01 -4.04723269e-05 3.02335822e-04
1.57168235e-01 6.07518790e-04 3.03091542e-04
1.57525870e-01 6.49143305e-04 2.94162362e-04
1.57883502e-01 3.33837466e-04 3.10334923e-04
1.58241132e-01 9.59216756e-04 3.05837399e-04
1.58598759e-01 7.42075158e-04 3.05262845e-04
1.58956384e-01 4.81744852e-04 3.08942342e-04
1.59314006e-01 8.21393699e-04 3.05376831e-04
1.59671625e-01 6.34082189e-04 2.98550580e-04
1.60029242e-01 9.60891737e-04 3.03152939e-04
1.60386856e-01 4.05265637e-04 3.04700266e-04
1.60744468e-01 4.72522225e-04 2.99352308e-04
1.61102076e-01 5.29958398e-04 3.00028400e-04
1.61459683e-01 1.78795738e-04 2.94688561e-04
1.61817286e-01 4.27674985e-04 2.91844466e-04
1.62174887e-01 7.92507494e-04 3.00764041e-04
1.62532485e-01 8.89262024e-05 2.97409380e-04
1.62890081e-01 9.28982706e-04 2.93807322e-04
1.63247674e-01 8.50716216e-04 3.04136219e-04
1.63605264e-01 6.11076171e-04 2.99008480e-04
1.63962852e-01 4.26728611e-04 2.90851822e-04
1.64320437e-01 5.32754616e-04 2.98914817e-04
1.64678019e-01 5.94654664e-04 2.98115528e-04
1.65035598e-01 9.51067277e-04 3.02189230e-04
1.65393175e-01 1.04502253e-03 3.00624301e-04
1.65750749e-01 4.12816589e-04 2.92528643e-04
1.66108320e-01 3.34157482e-04 2.94195950e-04
1.66465889e-01 2.09391809e-04 3.01013240e-04
1.66823455e-01 1.38407443e-04 2.92609065e-04
1.67181018e-01 1.19992332e-04 2.90163394e-04
1.67538578e-01 -1.78923478e-04 2.91729119e-04
1.67896136e-01 2.53152140e-04 2.95224785e-04
1.68253691e-01 7.88427557e-04 2.93782628e-04
1.68611243e-01 2.16026792e-04 2.95657196e-04
1.68968792e-01 6.14297563e-04 2.96021752e-04
1.69326339e-01 4.93648602e-04 2.87082537e-04
1.69683883e-01 2.12286669e-04 2.91807660e-04
1.70041424e-01 4.04802500e-04 2.87694048e-04
1.70398962e-01 2.85580675e-04 2.85845290e-04
1.70756497e-01 7.03952330e-04 2.86600240e-04
1.71114030e-01 6.26480505e-04 2.90092598e-04
1.71471560e-01 3.43873871e-04 2.85136364e-04
1.71829087e-01 3.97418873e-04 2.79293902e-04
1.72186611e-01 1.39820757e-04 2.88392874e-04
1.72544132e-01 2.70648596e-04 2.88392095e-04
1.72901651e-01 3.69352163e-04 2.91022859e-04
1.73259167e-01 2.29227199e-05 2.89086699e-04
1.73616679e-01 3.66245858e-04 2.84263814e-04
1.73974189e-01 4.37079054e-04 2.86752142e-04
1.74331697e-01 7.28942324e-04 2.79620825e-04
1.74689201e-01 2.66752418e-04 2.79884448e-04
1.75046702e-01 4.10289432e-05 2.79802509e-04
1.75404201e-01 5.41007332e-04 2.83151187e-04
1.75761697e-01 8.02577659e-04 2.79842215e-04
1.76119189e-01 5.89266522e-04 2.77967376e-04
1.76476679e-01 3.05639216e-04 2.85795658e-04
1.76834166e-01 6.20824906e-04 2.87168653e-04
1.77191650e-01 3.95192859e-04 2.85938742e-04
1.77549132e-01 2.97174623e-04 2.84737953e-04
1.77906610e-01 -2.83341368e-05 2.78409555e-04
1.78264085e-01 2.35896332e-05 2.77864809e-04
1.78621558e-01 3.54589412e-04 2.77900856e-04
1.78979027e-01 6.61119509e-04 2.80440491e-04
1.79336494e-01 3.17684289e-05 2.82455775e-04
1.79693958e-01 2.22372668e-04 2.76839652e-04
1.80051418e-01 -2.39837640e-04 2.76937380e-04
1.80408876e-01 -1.77439139e-04 2.78357801e-04
1.80766331e-01 -1.16419728e-04 2.68813229e-04
1.81123783e-01 5.97938085e-04 2.78628912e-04
1.81481232e-01 4.76261843e-04 2.82759803e-04
1.81838677e-01 3.23592676e-04 2.83957676e-04
1.82196120e-01 2.44972380e-04 2.85775320e-04
1.82553560e-01 3.68676132e-04 2.86045927e-04
1.82910997e-01 4.31720372e-04 2.83346077e-04
1.83268431e-01 3.12935748e-04 2.90588644e-04
1.83625862e-01 -6.90620976e-07 2.87729423e-04
1.83983290e-01 -1.40630146e-04 2.84606612e-04
1.84340715e-01 6.15499858e-04 2.89190945e-04
1.84698137e-01 6.95241153e-05 2.89861478e-04
1.85055556e-01 7.90078911e-05 2.86467079e-04
1.85412971e-01 -3.93221812e-04 2.84758802e-04
1.85770384e-01 -5.69076931e-05 2.83570841e-04
1.86127794e-01 6.93145458e-04 2.89065376e-04
1.86485200e-01 4.28397255e-04 2.85819862e-04
1.86842604e-01 2.89074716e-04 2.81040649e-04
1.87200005e-01 6.06508636e-05 2.78458777e-04
1.87557402e-01 5.31920909e-05 2.79855648e-04
1.87914797e-01 5.66215687e-04 2.77399220e-04
1.88272188e-01 2.74724934e-04 2.77666786e-04
1.88629576e-01 7.25012437e-04 2.79826181e-04
1.88986961e-01 -3.96866554e-05 2.72322692e-04
1.89344343e-01 -9.74808967e-05 2.71948145e-04
1.89701722e-01 5.61631321e-06 2.74386722e-04
1.90059098e-01 2.37957414e-04 2.76057350e-04
1.90416471e-01 1.04734628e-04 2.70107034e-04
1.90773840e-01 3.77144420e-05 2.72487080e-04
1.91131207e-01 3.58208329e-04 2.74237957e-04
1.91488570e-01 3.21724669e-04 2.68480353e-04
1.91845930e-01 -1.42816312e-04 2.67383755e-04
1.92203287e-01 -2.43629379e-05 2.68334236e-04
1.92560641e-01 1.42219489e-04 2.70538776e-04
1.92917992e-01 -5.20201969e-04 2.68577395e-04
1.93275340e-01 2.22311499e-04 2.69900749e-04
1.93632684e-01 8.94909601e-05 2.71791704e-04
1.93990025e-01 -3.75200518e-04 2.67261377e-04
1.94347363e-01 4.26634428e-06 2.69358300e-04
1.94704698e-01 1.11772993e-04 2.74319471e-04
1.95062030e-01 2.50500251e-04 2.75413086e-04
1.95419358e-01 3.48469032e-04 2.78814378e-04
1.95776684e-01 -2.35549030e-04 2.69167461e-04
1.96134006e-01 -2.74201708e-04 2.73804780e-04
1.96491324e-01 -2.60284072e-04 2.68850819e-04
1.96848640e-01 -8.97263727e-05 2.71987793e-04
1.97205953e-01 -1.36692621e-04 2.73668283e-04
1.97563262e-01 3.59895930e-04 2.69605971e-04
1.97920568e-01 3.57529567e-04 2.77654207e-04
1.98277870e-01 -1.38404818e-04 2.79435606e-04
1.98635170e-01 1.10574298e-05 2.72537018e-04
1.98992466e-01 1.68194794e-04 2.76112767e-04
1.99349759e-01 5.64224161e-04 2.70419907e-04
1.99707049e-01 1.64918062e-05 2.68092660e-04
2.00064335e-01 3.10305375e-04 2.65393560e-04
2.00421618e-01 4.15435471e-05 2.68868635e-04
2.00778898e-01 1.11628467e-04 2.65040451e-04
2.01136174e-01 2.13428908e-04 2.60788580e-04
2.01493448e-01 -3.55890516e-05 2.62245282e-04
2.01850718e-01 -8.23646618e-05 2.61352719e-04
2.02207984e-01 3.02268636e-04 2.61222845e-04
2.02565248e-01 -4.14316096e-04 2.57693989e-04
2.02922508e-01 6.09487808e-05 2.62174407e-04
2.03279764e-01 2.58461664e-04 2.70242048e-04
2.03637018e-01 2.47062167e-04 2.60629712e-04
2.03994268e-01 4.01805034e-05 2.61340151e-04
2.04351514e-01 -4.14729258e-05 2.54914668e-04
2.04708758e-01 1.59030843e-04 2.55652125e-04
2.05065998e-01 3.09565714e-04 2.61301365e-04
2.05423234e-01 4.77699530e-05 2.61320476e-04
2.05780467e-01 7.05889738e-04 2.62176396e-04
2.06137697e-01 1.99362230e-05 2.51323734e-04
2.06494924e-01 -8.50652511e-05 2.54499681e-04
2.06852147e-01 5.55356094e-04 2.59511591e-04
2.07209367e-01 3.01655963e-04 2.54687479e-04
2.07566583e-01 4.92785432e-04 2.58588976e-04
2.07923796e-01 1.94218516e-04 2.58609825e-04
2.08281005e-01 -1.55014180e-04 2.57906871e-04
2.08638211e-01 2.39729068e-04 2.50433850e-04
2.08995414e-01 1.01955981e-05 2.61480962e-04
2.09352613e-01 1.93043568e-04 2.55555587e-04
2.09709809e-01 -8.64713487e-05 2.51711709e-04
2.10067002e-01 -1.08492565e-04 2.53156892e-04
2.10424191e-01 1.80957828e-04 2.55945154e-04
2.10781376e-01 -2.26655005e-04 2.53764215e-04
2.11138558e-01 1.88641852e-04 2.49902663e-04
2.11495737e-01 4.17329464e-04 2.48305233e-04
2.11852912e-01 2.80984602e-04 2.54016223e-04
2.12210084e-01 1.36447629e-04 2.51715208e-04
2.12567252e-01 -8.33960973e-05 2.50121015e-04
2.12924416e-01 -2.54610296e-04 2.48172720e-04
2.13281578e-01 3.18189973e-04 2.48381022e-04
2.13638735e-01 5.66456481e-04 2.53786432e-04
2.13995890e-01 4.30215621e-05 2.48183352e-04
2.14353040e-01 -1.34376323e-04 2.43936401e-04
2.14710188e-01 1.27605893e-05 2.45330304e-04
2.15067331e-01 2.99187722e-04 2.47172516e-04
2.15424471e-01 -1.73991204e-04 2.45874065e-04
2.15781608e-01 4.99968608e-04 2.48654541e-04
2.16138741e-01 4.88367941e-04 2.49272689e-04
2.16495871e-01 -5.09221934e-05 2.48020655e-04
2.16852997e-01 7.43833066e-05 2.40230553e-04
2.17210119e-01 3.25882519e-04 2.44693664e-04
2.17567238e-01 -1.41032476e-04 2.43195482e-04
2.17924354e-01 2.19352850e-04 2.49514981e-04
2.18281465e-01 -1.18380951e-04 2.42279719e-04
2.18638574e-01 -4.33337380e-05 2.38609015e-04
2.18995678e-01 8.22780970e-05 2.42776770e-04
2.19352779e-01 1.44155227e-04 2.45554543e-04
2.19709877e-01 3.06591885e-04 2.43163027e-04
2.20066971e-01 2.32522847e-04 2.42004642e-04
2.20424061e-01 9.84743935e-05 2.38381078e-04
2.20781147e-01 5.76403846e-04 2.38612570e-04
2.21138230e-01 3.95587043e-04 2.37723719e-04
2.21495310e-01 -6.61398292e-05 2.38436427e-04
2.21852386e-01 1.88793850e-04 2.39783464e-04
2.22209458e-01 5.18918559e-04 2.41684670e-04
2.22566526e-01 5.60309182e-04 2.43207371e-04
2.22923591e-01 2.38248636e-05 2.41550782e-04
2.23280652e-01 -1.49097763e-05 2.35805237e-04
2.23637710e-01 2.22021834e-04 2.42669053e-04
2.23994764e-01 -4.11641502e-04 2.42016018e-04
2.24351814e-01 3.06941931e-04 2.39211530e-04
2.24708861e-01 3.10417706e-04 2.39415990e-04
2.25065904e-01 7.88511760e-05 2.38114210e-04
2.25422943e-01 5.49468467e-04 2.40365014e-04
2.25779978e-01 -1.15474219e-04 2.36489484e-04
2.26137010e-01 -1.33355794e-04 2.33496406e-04
2.26494038e-01 3.08624463e-04 2.34960787e-04
2.26851063e-01 1.52278546e-04 2.28981331e-04
2.27208083e-01 5.61087108e-04 2.36340462e-04
2.27565100e-01 1.00596392e-04 2.33450633e-04
2.27922114e-01 4.86467833e-04 2.32824790e-04
2.28279123e-01 2.54995844e-04 2.35262646e-04
2.28636129e-01 2.37118097e-04 2.33888676e-04
2.28993131e-01 2.11082691e-04 2.32565713e-04
2.29350129e-01 2.18296822e-04 2.32411713e-04
2.29707124e-01 3.60873784e-04 2.38268667e-04
2.30064115e-01 1.49281253e-04 2.30587669e-04
2.30421102e-01 4.07360763e-04 2.32823838e-04
2.30778085e-01 -3.42298888e-04 2.33693099e-04
2.31135064e-01 1.51572396e-04 2.33132385e-04
2.31492040e-01 1.60283110e-04 2.37245975e-04
2.31849012e-01 8.22794353e-05 2.32536502e-04
2.32205980e-01 4.00729799e-04 2.32092908e-04
2.32562944e-01 2.83692385e-04 2.32748661e-04
2.32919905e-01 6.21912084e-05 2.34054998e-04
2.33276862e-01 6.20363521e-04 2.34074329e-04
2.33633814e-01 1.54916976e-05 2.30646583e-04
2.33990763e-01 2.84052927e-04 2.30544963e-04
2.34347709e-01 2.25222586e-04 2.27541418e-04
2.34704650e-01 1.01199537e-04 2.26575401e-04
2.35061588e-01 4.41873950e-04 2.32123645e-04
2.35418521e-01 1.88383688e-04 2.29726525e-04
2.35775451e-01 2.78184173e-04 2.25759019e-04
2.36132377e-01 1.49245143e-04 2.29860871e-04
2.36489299e-01 1.77413410e-04 2.28660180e-04
2.36846218e-01 4.89873871e-05 2.25290321e-04
2.37203132e-01 5.72588606e-04 2.24769757e-04
2.37560042e-01 1.31570681e-04 2.30526150e-04
2.37916949e-01 4.81714216e-04 2.27517174e-04
2.38273852e-01 2.03662606e-04 2.26913822e-04
2.38630751e-01 6.07892737e-04 2.32872373e-04
2.38987645e-01 2.02183754e-04 2.29035605e-04
2.39344537e-01 1.03542137e-04 2.22783063e-04
2.39701424e-01 1.51961985e-04 2.28395242e-04
2.40058307e-01 4.88785861e-04 2.20903053e-04
2.40415186e-01 -9.99832979e-06 2.22377536e-04
2.40772061e-01 8.93137593e-05 2.20874807e-04
2.41128933e-01 5.63029048e-04 2.26416359e-04
2.41485800e-01 -1.47692068e-04 2.21317253e-04
2.41842664e-01 -1.12790270e-04 2.23411459e-04
2.42199523e-01 2.21520915e-04 2.24001048e-04
2.42556379e-01 2.79501822e-04 2.22772288e-04
2.42913230e-01 1.31536663e-04 2.22656328e-04
2.43270078e-01 4.12753059e-04 2.23433130e-04
2.43626922e-01 -1.68077003e-05 2.25564280e-04
2.43983761e-01 -1.52514113e-04 2.18689032e-04
2.44340597e-01 3.03478180e-04 2.22068906e-04
2.44697429e-01 -2.80427738e-05 2.17404068e-04
2.45054256e-01 -1.59239520e-05 2.17029121e-04
2.45411080e-01 -3.39824787e-04 2.17405761e-04
2.45767900e-01 2.54361559e-04 2.15689487e-04
2.46124715e-01 1.91008707e-05 2.18958941e-04
2.46481527e-01 2.13920127e-04 2.19210403e-04
2.46838334e-01 2.29199439e-04 2.16536544e-04
2.47195138e-01 4.00501914e-04 2.18570283e-04
2.47551938e-01 -1.71851677e-04 2.16402987e-04
2.47908733e-01 8.95804839e-05 2.20871774e-04
2.48265524e-01 2.74161309e-04 2.19650825e-04
2.48622312e-01 8.88546425e-05 2.14903497e-04
2.48979095e-01 9.49091411e-05 2.13986556e-04
2.49335874e-01 -5.44999846e-05 2.16600578e-04
2.49692649e-01 3.75471821e-04 2.17962045e-04
2.50049420e-01 -2.51511346e-04 2.17926919e-04
2.50406187e-01 1.91407213e-04 2.17636767e-04
2.50762950e-01 6.01055398e-05 2.17343447e-04
2.51119709e-01 4.02754869e-04 2.18986457e-04
2.51476464e-01 5.49761474e-05 2.16338637e-04
2.51833214e-01 -2.67371287e-04 2.12888578e-04
2.52189961e-01 3.13194395e-05 2.15504541e-04
2.52546703e-01 1.02604350e-04 2.17486986e-04
2.52903441e-01 2.92578085e-04 2.12715503e-04
2.53260175e-01 1.31741791e-04 2.14115662e-04
2.53616905e-01 1.94241935e-04 2.16359283e-04
2.53973631e-01 4.89432057e-04 2.13235381e-04
2.54330352e-01 1.54364260e-04 2.13952661e-04
2.54687070e-01 2.99572888e-04 2.13784240e-04
2.55043783e-01 1.10807200e-04 2.14133712e-04
2.55400492e-01 1.10543015e-04 2.11093456e-04
2.55757197e-01 6.67629380e-05 2.08576380e-04
2.56113898e-01 4.78801891e-05 2.11928117e-04
2.56470595e-01 6.69047694e-04 2.13652597e-04
2.56827287e-01 1.48897652e-04 2.12413422e-04
2.57183975e-01 2.58394621e-04 2.15440333e-04
2.57540659e-01 -1.76598177e-04 2.14652451e-04
2.57897339e-01 2.35611668e-05 2.12944272e-04
2.58254014e-01 1.80461026e-04 2.15154816e-04
2.58610686e-01 -6.90551158e-05 2.17896282e-04
2.58967353e-01 -4.70165310e-06 2.15237242e-04
2.59324016e-01 1.87313310e-04 2.13575326e-04
2.59680674e-01 4.90541226e-04 2.15575559e-04
2.60037329e-01 4.17805487e-04 2.16243831e-04
2.60393979e-01 1.37160462e-04 2.15379673e-04
2.60750625e-01 -5.65668357e-05 2.16131024e-04
2.61107266e-01 3.04158285e-05 2.11669345e-04
2.61463904e-01 4.50932810e-04 2.22124938e-04
2.61820537e-01 2.23739148e-04 2.14840834e-04
2.62177166e-01 -1.46463009e-04 2.17342406e-04
2.62533790e-01 1.52176203e-04 2.16633267e-04
2.62890410e-01 3.92971258e-04 2.18506138e-04
2.63247026e-01 1.34453231e-04 2.13611976e-04
2.63603638e-01 3.88347379e-04 2.13267660e-04
2.63960245e-01 4.31830389e-04 2.14101224e-04
2.64316848e-01 -3.09963963e-04 2.13829340e-04
2.64673447e-01 4.53651965e-05 2.10932473e-04
2.65030042e-01 5.35017089e-05 2.13020208e-04
2.65386632e-01 8.53772549e-06 2.16746214e-04
2.65743217e-01 8.24727215e-06 2.13892603e-04
2.66099799e-01 -2.47842701e-05 2.13345603e-04
2.66456376e-01 8.27320067e-05 2.11987047e-04
2.66812948e-01 2.91770430e-04 2.16020954e-04
2.67169517e-01 1.85145598e-04 2.16479289e-04
2.67526081e-01 1.62030762e-04 2.17858593e-04
2.67882640e-01 3.48128082e-04 2.22521187e-04
2.68239195e-01 2.08270791e-04 2.21336184e-04
2.68595746e-01 -2.24607157e-04 2.16698928e-04
2.68952293e-01 4.08638462e-04 2.15292783e-04
2.69308835e-01 1.49615428e-04 2.17649085e-04
2.69665372e-01 4.01601880e-04 2.19826565e-04
2.70021906e-01 -3.77406377e-05 2.20031079e-04
2.70378435e-01 2.88015018e-04 2.23129052e-04
2.70734959e-01 3.46546127e-04 2.21974567e-04
2.71091479e-01 2.31204383e-04 2.25691829e-04
2.71447995e-01 4.22946234e-04 2.28326491e-04
2.71804506e-01 4.66808951e-04 2.26354769e-04
2.72161012e-01 -1.10677171e-05 2.23871697e-04
2.72517515e-01 1.96843968e-04 2.24283391e-04
2.72874012e-01 1.08855774e-05 2.22621928e-04
