1.54026655e-02 1.33572921e-02 1.77115926e-03
1.57608633e-02 1.51430865e-02 1.64777152e-03
1.61190608e-02 1.23649008e-02 1.52521607e-03
1.64772580e-02 1.21069643e-02 1.59669578e-03
1.68354550e-02 1.34918583e-02 1.42108480e-03
1.71936517e-02 1.32802548e-02 1.43460153e-03
1.75518481e-02 1.48709131e-02 1.43836140e-03
1.79100442e-02 1.46130847e-02 1.35737782e-03
1.82682400e-02 1.41581665e-02 1.31488099e-03
1.86264355e-02 1.34238972e-02 1.25451720e-03
1.89846308e-02 1.42607674e-02 1.22530335e-03
1.93428257e-02 1.63569507e-02 1.17697928e-03
1.97010202e-02 1.70408116e-02 1.13576869e-03
2.00592145e-02 1.57047041e-02 1.06807210e-03
2.04174084e-02 1.51252821e-02 1.19867383e-03
2.07756020e-02 1.38116302e-02 1.15519844e-03
2.11337953e-02 1.42154512e-02 1.07899164e-03
2.14919882e-02 1.53240991e-02 1.13395509e-03
2.18501808e-02 1.48592782e-02 1.17249740e-03
2.22083729e-02 1.37977502e-02 1.08751719e-03
2.25665648e-02 1.44188349e-02 1.15765001e-03
2.29247562e-02 1.26680023e-02 1.02929484e-03
2.32829473e-02 1.58697841e-02 1.09518522e-03
2.36411380e-02 1.35659326e-02 1.00495415e-03
2.39993283e-02 1.35632144e-02 1.00009602e-03
2.43575182e-02 1.25964279e-02 9.94817859e-04
2.47157077e-02 1.45391088e-02 9.19645668e-04
2.50738968e-02 1.39122854e-02 9.23413549e-04
2.54320855e-02 1.52006425e-02 9.73766195e-04
2.57902738e-02 1.40581269e-02 9.57122502e-04
2.61484617e-02 1.41921584e-02 9.40711901e-04
2.65066491e-02 1.22240185e-02 8.74367415e-04
2.68648361e-02 1.21029357e-02 8.48316231e-04
2.72230226e-02 1.20277043e-02 8.56483780e-04
2.75812087e-02 1.21901981e-02 9.01813846e-04
2.79393943e-02 1.45598295e-02 8.91946926e-04
2.82975795e-02 1.21795529e-02 8.47017518e-04
2.86557642e-02 1.33178630e-02 9.31298570e-04
2.90139485e-02 1.37750601e-02 9.24711548e-04
2.93721323e-02 1.32691099e-02 9.71876913e-04
2.97303155e-02 1.24375724e-02 8.62177266e-04
3.00884983e-02 1.12928105e-02 8.46533495e-04
3.04466806e-02 1.24736204e-02 8.81009446e-04
3.08048624e-02 1.04645986e-02 8.67508485e-04
3.11630437e-02 1.16740230e-02 8.78879104e-04
3.15212245e-02 1.13406956e-02 8.18537935e-04
3.18794048e-02 1.16697323e-02 8.39722285e-04
3.22375845e-02 1.15022093e-02 8.44769832e-04
3.25957637e-02 1.17843281e-02 8.68376841e-04
3.29539424e-02 1.10832531e-02 8.29692365e-04
3.33121205e-02 1.24662524e-02 8.72860939e-04
3.36702981e-02 1.12679903e-02 8.33949397e-04
3.40284751e-02 1.04480597e-02 8.04546659e-04
3.43866516e-02 1.12283507e-02 8.28281795e-04
3.47448275e-02 1.17334888e-02 7.96202201e-04
3.51030028e-02 1.22899869e-02 8.07794230e-04
3.54611775e-02 1.01506803e-02 7.50285894e-04
3.58193517e-02 1.11115087e-02 7.84574437e-04
3.61775253e-02 1.04887853e-02 7.95359357e-04
3.65356983e-02 9.84521456e-03 7.57223478e-04
3.68938706e-02 1.08366500e-02 7.58204226e-04
3.72520424e-02 1.02104879e-02 7.75059550e-04
3.76102136e-02 1.00846986e-02 7.30655615e-04
3.79683841e-02 1.01257988e-02 7.39200913e-04
3.83265540e-02 9.69926711e-03 7.60521225e-04
3.86847233e-02 1.12243923e-02 7.57116463e-04
3.90428920e-02 1.18550093e-02 7.79016506e-04
3.94010600e-02 1.06369961e-02 7.17617192e-04
3.97592273e-02 1.03005585e-02 7.54848652e-04
4.01173941e-02 9.56027497e-03 7.00992297e-04
4.04755601e-02 9.45671367e-03 7.03514728e-04
4.08337255e-02 9.63193757e-03 7.09803620e-04
4.11918902e-02 9.62797022e-03 6.65673584e-04
4.15500542e-02 9.15799401e-03 6.37355165e-04
4.19082176e-02 9.12938154e-03 6.61617967e-04
4.22663802e-02 8.10097646e-03 6.87299003e-04
4.26245422e-02 8.72438271e-03 6.92690869e-04
4.29827034e-02 8.37078989e-03 6.75793358e-04
4.33408640e-02 9.82547012e-03 6.94601123e-04
4.36990238e-02 8.19871722e-03 6.75438954e-04
4.40571830e-02 7.66159493e-03 6.91116013e-04
4.44153414e-02 7.36436701e-03 6.79239786e-04
4.47734990e-02 6.99232486e-03 7.02717089e-04
4.51316560e-02 7.62926217e-03 6.93252486e-04
4.54898122e-02 7.78963307e-03 7.00946202e-04
4.58479676e-02 7.77736156e-03 6.85922481e-04
4.62061223e-02 6.98741809e-03 7.17347189e-04
4.65642762e-02 9.10470644e-03 6.76666608e-04
4.69224294e-02 7.17340925e-03 6.86890372e-04
4.72805818e-02 7.16353363e-03 6.66246841e-04
4.76387334e-02 6.19997010e-03 6.60267719e-04
4.79968842e-02 6.86171673e-03 6.66134417e-04
4.83550342e-02 7.44051470e-03 6.31806870e-04
4.87131835e-02 5.79880267e-03 6.35415933e-04
4.90713319e-02 5.75494057e-03 6.32072183e-04
4.94294795e-02 6.36138574e-03 6.02191776e-04
4.97876264e-02 6.42497594e-03 6.14902203e-04
5.01457724e-02 6.26374451e-03 6.27145552e-04
5.05039175e-02 6.72258695e-03 6.09176204e-04
5.08620619e-02 5.43343951e-03 6.17896560e-04
5.12202054e-02 6.32450004e-03 6.43660373e-04
5.15783481e-02 5.95937715e-03 6.30726843e-04
5.19364899e-02 6.43191182e-03 6.01656628e-04
5.22946308e-02 6.05464459e-03 6.03596767e-04
5.26527709e-02 7.22131645e-03 5.67413188e-04
5.30109102e-02 5.48133438e-03 5.79236964e-04
5.33690485e-02 4.64061159e-03 6.11351020e-04
5.37271860e-02 5.43100300e-03 5.82767681e-04
5.40853226e-02 5.02814809e-03 5.70363391e-04
5.44434583e-02 5.68122133e-03 6.06680092e-04
5.48015932e-02 5.81355132e-03 6.06108056e-04
5.51597271e-02 5.29875231e-03 5.89852338e-04
5.55178601e-02 5.82637757e-03 5.88088005e-04
5.58759922e-02 4.57157782e-03 5.68064184e-04
5.62341234e-02 5.23002452e-03 5.78905378e-04
5.65922536e-02 5.63240654e-03 5.53785210e-04
5.69503829e-02 4.45631091e-03 5.49121518e-04
5.73085113e-02 4.77325398e-03 5.44224192e-04
5.76666388e-02 4.72285206e-03 5.55753620e-04
5.80247653e-02 4.18416720e-03 5.76570586e-04
5.83828908e-02 4.57670400e-03 5.59142684e-04
5.87410154e-02 4.96654854e-03 5.51148850e-04
5.90991390e-02 5.00957952e-03 5.46885141e-04
5.94572616e-02 4.86527986e-03 5.33731902e-04
5.98153833e-02 4.35464613e-03 5.36290472e-04
6.01735040e-02 3.22590533e-03 5.16708595e-04
6.05316237e-02 3.95038656e-03 5.56386719e-04
6.08897424e-02 3.39166572e-03 5.27020820e-04
6.12478600e-02 3.88770169e-03 5.45005707e-04
6.16059767e-02 3.82797737e-03 5.33226804e-04
6.19640924e-02 3.37939994e-03 5.28618397e-04
6.23222071e-02 3.57399842e-03 5.34183200e-04
6.26803207e-02 3.70618830e-03 5.23818646e-04
6.30384333e-02 3.82068721e-03 5.17258097e-04
6.33965448e-02 3.45152119e-03 5.22798810e-04
6.37546554e-02 3.44986964e-03 5.16935586e-04
6.41127648e-02 4.03165148e-03 5.30314750e-04
6.44708732e-02 3.33416449e-03 5.13749277e-04
6.48289806e-02 3.08921713e-03 5.06940448e-04
6.51870869e-02 3.07220584e-03 5.28667776e-04
6.55451921e-02 2.73022462e-03 5.03496690e-04
6.59032962e-02 3.83488455e-03 5.26445631e-04
6.62613993e-02 2.91427718e-03 5.11449406e-04
6.66195012e-02 2.61018889e-03 5.12298066e-04
6.69776021e-02 1.85804086e-03 5.20473401e-04
6.73357019e-02 2.17031520e-03 5.10400308e-04
6.76938005e-02 3.42751056e-03 5.09703223e-04
6.80518981e-02 3.04293119e-03 5.07183909e-04
6.84099945e-02 2.34972751e-03 4.90936597e-04
6.87680898e-02 2.48298400e-03 4.82546160e-04
6.91261840e-02 2.79990143e-03 4.93149285e-04
6.94842770e-02 2.78086704e-03 4.89242062e-04
6.98423689e-02 2.88262486e-03 4.88872049e-04
7.02004596e-02 2.56333995e-03 4.60279173e-04
7.05585492e-02 2.47803443e-03 4.85942066e-04
7.09166377e-02 2.62019439e-03 4.85308030e-04
7.12747249e-02 2.63446307e-03 4.86318699e-04
7.16328110e-02 2.51796680e-03 4.73554953e-04
7.19908959e-02 1.86958894e-03 4.81139022e-04
7.23489796e-02 2.08664584e-03 4.79801535e-04
7.27070622e-02 2.30698944e-03 4.67686983e-04
7.30651435e-02 1.72557574e-03 4.78542262e-04
7.34232237e-02 1.21778276e-03 4.67695260e-04
7.37813026e-02 9.42599855e-04 4.55718070e-04
7.41393803e-02 2.37519591e-03 4.82155048e-04
7.44974568e-02 1.96546207e-03 4.86456773e-04
7.48555321e-02 1.06811698e-03 4.74346396e-04
7.52136061e-02 2.23311539e-03 4.68008101e-04
7.55716789e-02 1.35025865e-03 4.65368927e-04
7.59297505e-02 1.37508298e-03 4.50963383e-04
7.62878208e-02 1.31619159e-03 4.52216852e-04
7.66458899e-02 9.95182339e-04 4.55848091e-04
7.70039577e-02 1.60592873e-03 4.58351060e-04
7.73620242e-02 1.11328337e-03 4.50457145e-04
7.77200895e-02 1.38171355e-03 4.49978119e-04
7.80781535e-02 2.16768102e-03 4.58219219e-04
7.84362162e-02 1.82981346e-03 4.39514349e-04
7.87942776e-02 1.16970806e-03 4.58376207e-04
7.91523377e-02 1.18194409e-03 4.40346550e-04
7.95103965e-02 9.40693085e-04 4.45304273e-04
7.98684540e-02 1.98402369e-03 4.38287148e-04
8.02265102e-02 1.37521270e-03 4.55028928e-04
8.05845651e-02 1.18399762e-03 4.38570105e-04
8.09426186e-02 1.06021759e-03 4.46479688e-04
8.13006709e-02 1.33649718e-03 4.52514976e-04
8.16587217e-02 8.98346238e-04 4.36831499e-04
8.20167713e-02 8.32985056e-04 4.51557906e-04
8.23748195e-02 1.22475174e-03 4.33465644e-04
8.27328663e-02 1.38960233e-03 4.34129358e-04
8.30909118e-02 7.55941555e-04 4.34597990e-04
8.34489559e-02 4.92198837e-05 4.25573721e-04
8.38069986e-02 2.51345265e-04 4.15396943e-04
8.41650400e-02 2.19585718e-03 4.36100715e-04
8.45230800e-02 9.29068171e-04 4.15507913e-04
8.48811185e-02 9.48744342e-04 4.51064597e-04
8.52391557e-02 4.77570237e-04 4.40585963e-04
8.55971915e-02 1.61395176e-04 4.28569045e-04
8.59552259e-02 2.86785842e-04 4.33461933e-04
8.63132589e-02 3.04598796e-04 4.42855601e-04
8.66712904e-02 1.35657051e-03 4.50655332e-04
8.70293205e-02 4.89375262e-04 4.49596876e-04
8.73873492e-02 -6.51994117e-05 4.18617242e-04
8.77453765e-02 1.16669088e-03 4.27254909e-04
8.81034023e-02 1.18242710e-03 4.35755356e-04
8.84614267e-02 6.14545270e-04 4.31240168e-04
8.88194496e-02 9.09897398e-04 4.40256138e-04
8.91774710e-02 6.79586515e-04 4.30257765e-04
8.95354910e-02 4.00975141e-04 4.27967245e-04
8.98935095e-02 1.07364134e-03 4.22965748e-04
9.02515266e-02 1.42803925e-03 4.20735762e-04
9.06095421e-02 2.03807925e-04 4.32466080e-04
9.09675562e-02 1.31053443e-03 4.42694434e-04
9.13255687e-02 6.25167087e-04 4.42239031e-04
9.16835798e-02 2.08624133e-04 4.42156177e-04
9.20415894e-02 1.31693743e-03 4.37121834e-04
9.23995974e-02 9.07204978e-04 4.23938426e-04
9.27576039e-02 1.44114334e-04 4.22884996e-04
9.31156089e-02 5.18657670e-04 4.35220022e-04
9.34736124e-02 8.56536030e-04 4.25265831e-04
9.38316143e-02 6.11584658e-05 4.21224275e-04
9.41896147e-02 -3.16927390e-06 4.24015534e-04
9.45476136e-02 3.02728997e-04 4.11728154e-04
9.49056108e-02 1.40594315e-04 4.03296619e-04
9.52636066e-02 1.28961083e-03 4.15228837e-04
9.56216007e-02 1.30478573e-03 4.11248080e-04
9.59795933e-02 4.75320955e-04 4.08105662e-04
9.63375843e-02 2.50199597e-04 4.08842125e-04
9.66955738e-02 1.33072082e-03 4.01220823e-04
9.70535616e-02 4.22987852e-04 4.08626759e-04
9.74115478e-02 6.09103955e-04 4.13771143e-04
9.77695325e-02 5.49632456e-04 4.22758914e-04
9.81275155e-02 4.16443850e-04 3.97237457e-04
9.84854969e-02 8.08447483e-04 4.13285658e-04
9.88434768e-02 4.27703019e-04 4.14344218e-04
9.92014549e-02 2.96438809e-04 3.99735674e-04
9.95594315e-02 1.44860804e-04 4.00557556e-04
9.99174064e-02 -8.06495436e-05 3.73672741e-04
1.00275380e-01 1.10429162e-03 4.07027026e-04
1.00633351e-01 4.00672329e-04 4.13425312e-04
1.00991321e-01 9.00582955e-04 4.01105803e-04
1.01349290e-01 -4.12291915e-05 3.83165141e-04
1.01707256e-01 5.04195928e-04 3.82092487e-04
1.02065221e-01 4.55074670e-04 3.93681499e-04
1.02423184e-01 5.30146887e-04 3.94234196e-04
1.02781146e-01 5.86365746e-04 3.92076593e-04
1.03139106e-01 1.61693193e-04 3.93186511e-04
1.03497064e-01 7.63368050e-04 3.85524038e-04
1.03855021e-01 1.86515998e-04 3.90973001e-04
1.04212976e-01 7.68503322e-04 3.93394822e-04
1.04570929e-01 3.88521243e-04 3.95681578e-04
1.04928880e-01 5.08545053e-04 3.93862256e-04
1.05286830e-01 5.98356283e-04 4.03377429e-04
1.05644778e-01 -6.02073483e-05 3.97906108e-04
1.06002724e-01 -8.07222880e-05 3.95711510e-04
1.06360668e-01 1.00980976e-03 3.97489740e-04
1.06718611e-01 1.49946921e-05 3.95708549e-04
1.07076552e-01 -3.58562579e-04 3.95066053e-04
1.07434491e-01 3.41482648e-04 3.98942258e-04
1.07792429e-01 7.68213292e-04 4.03599134e-04
1.08150364e-01 4.36223904e-04 4.02906958e-04
1.08508298e-01 9.91832521e-04 3.95535491e-04
1.08866230e-01 4.42681252e-04 3.86552618e-04
1.09224160e-01 3.58619955e-04 3.92611265e-04
1.09582089e-01 -4.02949147e-05 3.91882895e-04
1.09940016e-01 -2.53991199e-05 3.83321184e-04
1.10297941e-01 4.23984545e-04 3.97298991e-04
1.10655864e-01 6.90798759e-04 3.88124534e-04
1.11013785e-01 4.95586400e-04 3.90719308e-04
1.11371704e-01 4.84131866e-04 3.86670225e-04
1.11729622e-01 -3.60097906e-04 3.85875354e-04
1.12087538e-01 -7.62831912e-05 4.01086832e-04
1.12445452e-01 -2.33383838e-05 3.82512040e-04
1.12803364e-01 7.76447737e-04 3.73953046e-04
1.13161274e-01 -5.17815761e-05 3.62526412e-04
1.13519182e-01 -2.67583541e-05 3.77535925e-04
1.13877089e-01 4.20337699e-04 3.76244714e-04
1.14234994e-01 -1.38981957e-04 3.73807088e-04
1.14592896e-01 5.14392479e-04 3.73712104e-04
1.14950797e-01 -2.85435447e-04 3.72122053e-04
1.15308696e-01 1.49082207e-04 3.82120804e-04
1.15666593e-01 2.71900507e-04 3.77232154e-04
1.16024488e-01 8.22356510e-05 3.79220121e-04
1.16382382e-01 6.04866304e-05 3.69605505e-04
1.16740273e-01 -6.84075849e-06 3.59070336e-04
1.17098163e-01 7.09585835e-04 3.73582510e-04
1.17456050e-01 3.59911240e-04 3.64560963e-04
1.17813936e-01 6.40890858e-04 3.74694338e-04
1.18171819e-01 -1.69179834e-04 3.69410540e-04
1.18529701e-01 4.82570067e-04 3.80007831e-04
1.18887581e-01 -1.10335471e-04 3.68171169e-04
1.19245459e-01 9.90499520e-05 3.76150567e-04
1.19603335e-01 1.19179121e-03 3.81448686e-04
1.19961208e-01 5.32419924e-04 3.77629646e-04
1.20319080e-01 1.71973511e-04 3.72627483e-04
1.20676950e-01 -3.65594119e-04 3.74042811e-04
1.21034818e-01 -4.69776349e-04 3.75246541e-04
1.21392684e-01 1.81859736e-04 3.86693878e-04
1.21750548e-01 6.90163489e-04 3.80026083e-04
1.22108410e-01 4.77382045e-04 3.76486510e-04
1.22466270e-01 8.18602366e-04 3.76097349e-04
1.22824128e-01 7.20758588e-04 3.84573670e-04
1.23181984e-01 4.53023160e-04 3.85864826e-04
1.23539838e-01 3.39084802e-04 3.83425550e-04
1.23897690e-01 6.50342987e-04 3.72956760e-04
1.24255540e-01 -2.34946530e-04 3.68685261e-04
1.24613388e-01 4.54383959e-04 3.75139954e-04
1.24971233e-01 1.29202030e-04 3.71003110e-04
1.25329077e-01 5.18723766e-04 3.68322497e-04
1.25686919e-01 5.35656823e-04 3.67686841e-04
1.26044758e-01 4.36836532e-04 3.57299006e-04
1.26402596e-01 -2.53284713e-04 3.56102968e-04
1.26760431e-01 3.92677429e-05 3.61942437e-04
1.27118265e-01 -2.26394076e-04 3.64974468e-04
1.27476096e-01 -2.74483088e-04 3.56571143e-04
1.27833925e-01 1.88631144e-04 3.56641304e-04
1.28191752e-01 1.83006015e-04 3.53495308e-04
1.28549577e-01 3.18891062e-04 3.52623170e-04
1.28907400e-01 1.30882215e-04 3.50466367e-04
1.29265221e-01 2.86259586e-04 3.57230491e-04
1.29623040e-01 1.13071295e-04 3.47392668e-04
1.29980856e-01 1.13028193e-04 3.54389372e-04
1.30338670e-01 2.49368829e-04 3.51705738e-04
1.30696483e-01 9.39991891e-04 3.47143765e-04
1.31054293e-01 -3.26890133e-05 3.44907268e-04
1.31412101e-01 -5.41605509e-05 3.50532087e-04
1.31769906e-01 -8.36997400e-05 3.49991016e-04
1.32127710e-01 1.26908088e-04 3.45792043e-04
1.32485511e-01 4.23014374e-04 3.36454371e-04
1.32843311e-01 4.53531167e-04 3.39128429e-04
1.33201108e-01 2.12387052e-04 3.40667672e-04
1.33558903e-01 -4.04017229e-04 3.45795300e-04
1.33916695e-01 -1.12245134e-04 3.36740877e-04
1.34274486e-01 2.81504318e-04 3.44129050e-04
1.34632274e-01 3.82875794e-04 3.42766926e-04
1.34990060e-01 9.86745419e-05 3.41824146e-04
1.35347844e-01 7.02882759e-04 3.39382707e-04
1.35705626e-01 2.25365186e-04 3.33620966e-04
1.36063405e-01 2.84681757e-04 3.45109623e-04
1.36421182e-01 8.23886716e-04 3.44582888e-04
1.36778957e-01 2.94230038e-04 3.37256942e-04
1.37136730e-01 5.51460883e-04 3.31512002e-04
1.37494500e-01 3.18601128e-04 3.29755696e-04
1.37852269e-01 5.46842843e-04 3.38141552e-04
1.38210034e-01 2.37065158e-04 3.34694901e-04
1.38567798e-01 5.92193951e-04 3.31094902e-04
1.38925559e-01 1.45491014e-04 3.32134645e-04
1.39283319e-01 2.61590310e-05 3.27477137e-04
1.39641075e-01 3.14185651e-04 3.28825203e-04
1.39998830e-01 3.33172221e-04 3.36868389e-04
1.40356582e-01 2.55014357e-04 3.31558643e-04
1.40714332e-01 1.89799196e-04 3.27659947e-04
1.41072080e-01 -5.61992525e-05 3.30377834e-04
1.41429825e-01 1.24316507e-04 3.27375403e-04
1.41787568e-01 7.49191464e-04 3.32803125e-04
1.42145308e-01 2.73521914e-04 3.32656704e-04
1.42503047e-01 2.65191673e-04 3.30418887e-04
1.42860783e-01 -1.56513481e-04 3.29635579e-04
1.43218516e-01 7.14247978e-05 3.23658880e-04
1.43576247e-01 -1.79785787e-04 3.20946457e-04
1.43933976e-01 3.14934234e-04 3.15020361e-04
1.44291703e-01 1.30416726e-04 3.22772792e-04
1.44649427e-01 7.77692412e-05 3.23595204e-04
1.45007149e-01 -4.43823860e-04 3.19920153e-04
1.45364868e-01 6.82653673e-04 3.17991466e-04
1.45722585e-01 -3.54843039e-04 3.12007785e-04
1.46080300e-01 8.78199660e-05 3.21269477e-04
1.46438012e-01 -4.13391486e-04 3.11902658e-04
1.46795722e-01 -2.46081917e-04 3.13258981e-04
1.47153429e-01 4.36712651e-04 3.17404615e-04
1.47511134e-01 5.10685710e-04 3.23657946e-04
1.47868837e-01 1.74201642e-04 3.24007635e-04
1.48226537e-01 -1.70035406e-04 3.12949898e-04
1.48584235e-01 6.22164619e-05 3.13941550e-04
1.48941930e-01 -3.71416412e-04 3.14860639e-04
1.49299623e-01 3.75647343e-05 3.15107576e-04
1.49657313e-01 -3.85234327e-04 3.13303546e-04
1.50015001e-01 -1.38835875e-04 3.21116315e-04
1.50372687e-01 -5.42225120e-06 3.16621230e-04
1.50730370e-01 -4.51549786e-05 3.15701750e-04
1.51088050e-01 2.22028691e-04 3.13689002e-04
1.51445728e-01 2.55751001e-04 3.17961090e-04
1.51803404e-01 4.95259698e-04 3.09047232e-04
1.52161077e-01 1.60161869e-04 3.10160600e-04
1.52518747e-01 2.40335116e-04 3.12604808e-04
1.52876416e-01 -1.02517533e-04 3.10253486e-04
1.53234081e-01 -3.83944654e-04 3.14172047e-04
1.53591744e-01 -5.57430181e-05 3.04745820e-04
1.53949405e-01 -3.10344460e-05 3.09684398e-04
1.54307063e-01 -2.83939583e-04 2.99646384e-04
1.54664718e-01 -2.39676354e-04 3.04715499e-04
1.55022371e-01 2.79705264e-04 3.09101146e-04
1.55380021e-01 4.36602685e-04 3.03084980e-04
1.55737669e-01 2.62119574e-04 3.12386275e-04
1.56095314e-01 -7.57072361e-05 3.09344962e-04
1.56452957e-01 2.16196942e-04 3.08825353e-04
1.56810597e-01 1.86901798e-05 3.08989711e-04
1.57168235e-01 -3.33967867e-04 3.10067988e-04
1.57525870e-01 2.57118989e-04 3.06458519e-04
1.57883502e-01 2.53660010e-04 3.02018846e-04
1.58241132e-01 -1.53847890e-04 3.00659331e-04
1.58598759e-01 1.04757999e-04 2.92680021e-04
1.58956384e-01 7.80613967e-05 2.99603779e-04
1.59314006e-01 -2.89742777e-07 3.02764398e-04
1.59671625e-01 -3.02168260e-04 2.97057224e-04
1.60029242e-01 -1.54050224e-04 2.96811290e-04
1.60386856e-01 -5.37954905e-05 2.98424572e-04
1.60744468e-01 8.84245118e-05 3.07320974e-04
1.61102076e-01 -1.18096114e-04 2.96306866e-04
1.61459683e-01 2.58276230e-04 3.05571680e-04
1.61817286e-01 3.56617948e-04 2.98928377e-04
1.62174887e-01 -2.80509557e-04 2.95052481e-04
1.62532485e-01 -4.63593719e-05 2.96832998e-04
1.62890081e-01 3.60485485e-04 2.98215744e-04
1.63247674e-01 4.20351688e-04 3.00720005e-04
1.63605264e-01 -2.97935347e-04 2.94844853e-04
1.63962852e-01 -3.52881641e-04 2.96121935e-04
1.64320437e-01 1.98271635e-05 2.95411518e-04
1.64678019e-01 -4.01189315e-05 2.93638136e-04
1.65035598e-01 -6.95766761e-05 2.93307130e-04
1.65393175e-01 4.26489978e-04 2.98732562e-04
1.65750749e-01 -2.07419662e-04 2.95007449e-04
1.66108320e-01 1.35011622e-04 2.94002717e-04
1.66465889e-01 -1.23432609e-04 2.91301204e-04
1.66823455e-01 3.80581923e-04 2.96988414e-04
1.67181018e-01 6.78245866e-04 2.97807406e-04
1.67538578e-01 2.28356011e-05 2.91930536e-04
1.67896136e-01 -2.01435350e-04 2.93420325e-04
1.68253691e-01 -3.21024699e-04 2.85373386e-04
1.68611243e-01 1.66180512e-04 2.91313282e-04
1.68968792e-01 1.99710068e-04 2.91031725e-04
1.69326339e-01 -5.19349794e-04 2.92976901e-04
1.69683883e-01 2.00250961e-05 2.80617485e-04
1.70041424e-01 3.42085234e-04 2.95551528e-04
1.70398962e-01 3.57554185e-04 2.95365892e-04
1.70756497e-01 -1.70733984e-04 2.82685171e-04
1.71114030e-01 4.91707635e-04 2.90470642e-04
1.71471560e-01 4.37811235e-05 2.82630597e-04
1.71829087e-01 6.78651820e-06 2.89642915e-04
1.72186611e-01 1.50491579e-04 2.84122554e-04
1.72544132e-01 5.78216475e-05 2.84097420e-04
1.72901651e-01 -5.09328134e-05 2.89060211e-04
1.73259167e-01 2.37634193e-04 2.85001052e-04
1.73616679e-01 -2.41218770e-04 2.85360603e-04
1.73974189e-01 -1.66387145e-04 2.82005498e-04
1.74331697e-01 -5.88554931e-04 2.79206629e-04
1.74689201e-01 2.96709498e-04 2.80522400e-04
1.75046702e-01 2.56442705e-04 2.81646429e-04
1.75404201e-01 -1.18815892e-04 2.90245284e-04
1.75761697e-01 1.93778309e-04 2.85978301e-04
1.76119189e-01 2.73476585e-04 2.82407698e-04
1.76476679e-01 5.11478074e-05 2.81057467e-04
1.76834166e-01 -2.56079893e-04 2.77627219e-04
1.77191650e-01 2.97583595e-04 2.80388867e-04
1.77549132e-01 2.98550364e-04 2.82826428e-04
1.77906610e-01 2.43216374e-04 2.78835639e-04
1.78264085e-01 1.40530066e-04 2.77469225e-04
1.78621558e-01 -1.68270618e-04 2.80551865e-04
1.78979027e-01 1.02763761e-04 2.79936182e-04
1.79336494e-01 -2.12492319e-04 2.79778930e-04
1.79693958e-01 -2.37147980e-04 2.74534292e-04
1.80051418e-01 -2.02024900e-04 2.76225143e-04
1.80408876e-01 3.04911261e-04 2.78332039e-04
1.80766331e-01 1.73154924e-04 2.76750806e-04
1.81123783e-01 -1.85047236e-04 2.87144963e-04
1.81481232e-01 -3.34732964e-04 2.85068202e-04
1.81838677e-01 2.99463976e-04 2.84265318e-04
1.82196120e-01 -1.60133836e-04 2.84625109e-04
1.82553560e-01 1.97992561e-04 2.91210326e-04
1.82910997e-01 5.65884775e-04 2.85440654e-04
1.83268431e-01 5.54059534e-04 2.89653285e-04
1.83625862e-01 1.62348235e-04 2.87324908e-04
1.83983290e-01 2.07144043e-04 2.88801320e-04
1.84340715e-01 3.38406770e-04 2.87330795e-04
1.84698137e-01 -4.63338956e-05 2.86589747e-04
1.85055556e-01 -8.77007038e-05 2.84327308e-04
1.85412971e-01 -3.09657494e-04 2.78950475e-04
1.85770384e-01 3.03584391e-05 2.88416359e-04
1.86127794e-01 2.60078590e-04 2.81459505e-04
1.86485200e-01 4.80721632e-04 2.74725822e-04
1.86842604e-01 2.34113165e-04 2.82613858e-04
1.87200005e-01 3.94592297e-04 2.79078313e-04
1.87557402e-01 1.01311476e-04 2.72130831e-04
1.87914797e-01 2.92634154e-04 2.73309217e-04
1.88272188e-01 -2.28416334e-04 2.80743377e-04
1.88629576e-01 2.58742579e-04 2.72057263e-04
1.88986961e-01 1.40949247e-04 2.78780331e-04
1.89344343e-01 -2.74714885e-05 2.72813817e-04
1.89701722e-01 4.57922751e-04 2.77199019e-04
1.90059098e-01 3.26049663e-04 2.73501302e-04
1.90416471e-01 1.40335506e-04 2.70035540e-04
1.90773840e-01 -3.80240631e-04 2.72148794e-04
1.91131207e-01 1.49011874e-04 2.69161043e-04
1.91488570e-01 1.04361942e-04 2.70880566e-04
1.91845930e-01 -4.11749566e-05 2.76296032e-04
1.92203287e-01 8.06132095e-05 2.64867871e-04
1.92560641e-01 1.88034550e-05 2.69142363e-04
1.92917992e-01 2.65755060e-04 2.73398228e-04
1.93275340e-01 3.50021263e-04 2.70384315e-04
1.93632684e-01 -1.57896922e-04 2.70149332e-04
1.93990025e-01 3.35951327e-04 2.78969641e-04
1.94347363e-01 -4.23105879e-04 2.70216741e-04
1.94704698e-01 3.30942931e-04 2.74015931e-04
1.95062030e-01 6.42262780e-05 2.75397992e-04
1.95419358e-01 1.76792097e-04 2.69911104e-04
1.95776684e-01 4.11909535e-04 2.73247334e-04
1.96134006e-01 3.23991760e-04 2.71570881e-04
1.96491324e-01 -2.61727734e-04 2.71052101e-04
1.96848640e-01 1.57505900e-04 2.70953773e-04
1.97205953e-01 -1.72979576e-04 2.67603263e-04
1.97563262e-01 -1.51913227e-04 2.69362571e-04
1.97920568e-01 -1.24766849e-04 2.78024345e-04
1.98277870e-01 -1.41297114e-04 2.74956680e-04
1.98635170e-01 -2.32490511e-04 2.69399213e-04
1.98992466e-01 -1.04892493e-04 2.77458761e-04
1.99349759e-01 -1.74995930e-04 2.74874978e-04
1.99707049e-01 -2.51215568e-05 2.68823389e-04
2.00064335e-01 -1.03004081e-04 2.70480585e-04
2.00421618e-01 1.85426997e-04 2.67624684e-04
2.00778898e-01 -1.51808989e-04 2.67999867e-04
2.01136174e-01 2.74475475e-04 2.64202650e-04
2.01493448e-01 -4.12257958e-05 2.61333617e-04
2.01850718e-01 -5.91282406e-05 2.64387818e-04
2.02207984e-01 7.06809779e-05 2.64397711e-04
2.02565248e-01 -1.84994559e-04 2.58586796e-04
2.02922508e-01 1.20250165e-04 2.60523520e-04
2.03279764e-01 3.20080573e-04 2.61032915e-04
2.03637018e-01 -6.51294854e-05 2.60003778e-04
2.03994268e-01 -8.17040337e-05 2.58735432e-04
2.04351514e-01 -1.63877977e-05 2.62720255e-04
2.04708758e-01 9.23459587e-05 2.57078302e-04
2.05065998e-01 -1.03317909e-04 2.57189365e-04
2.05423234e-01 -2.69557209e-04 2.60793087e-04
2.05780467e-01 1.17037853e-04 2.54140234e-04
2.06137697e-01 -2.57576420e-04 2.57400693e-04
2.06494924e-01 2.79717670e-05 2.57238871e-04
2.06852147e-01 -7.34576742e-05 2.55481501e-04
2.07209367e-01 -1.95062099e-04 2.59576397e-04
2.07566583e-01 -1.90845865e-04 2.53901495e-04
2.07923796e-01 -3.88924045e-05 2.57446835e-04
2.08281005e-01 8.24807187e-05 2.56702297e-04
2.08638211e-01 6.93612028e-05 2.54738146e-04
2.08995414e-01 4.11235419e-05 2.59100129e-04
2.09352613e-01 -9.19918064e-06 2.54952962e-04
2.09709809e-01 -2.48907126e-04 2.57958336e-04
2.10067002e-01 6.90339164e-05 2.54503113e-04
2.10424191e-01 2.57368860e-04 2.51081682e-04
2.10781376e-01 -1.57838573e-04 2.49936742e-04
2.11138558e-01 -1.67382820e-05 2.52284399e-04
2.11495737e-01 2.79022360e-04 2.50619398e-04
2.11852912e-01 4.22887842e-04 2.53969906e-04
2.12210084e-01 4.24551213e-04 2.51699590e-04
2.12567252e-01 3.53054420e-04 2.50413599e-04
2.12924416e-01 4.74060260e-04 2.50449906e-04
2.13281578e-01 4.13638684e-04 2.53219536e-04
2.13638735e-01 4.09714541e-04 2.50374799e-04
2.13995890e-01 -1.99782580e-04 2.52380282e-04
2.14353040e-01 2.35216417e-04 2.51387448e-04
2.14710188e-01 5.07341536e-05 2.48532775e-04
2.15067331e-01 1.05716245e-05 2.54438406e-04
2.15424471e-01 -1.87836591e-04 2.48928884e-04
2.15781608e-01 7.41421465e-07 2.44722627e-04
2.16138741e-01 1.91779763e-05 2.50360091e-04
2.16495871e-01 -2.29530566e-04 2.51194049e-04
2.16852997e-01 -3.55144655e-05 2.47732836e-04
2.17210119e-01 -1.24006552e-04 2.46256761e-04
2.17567238e-01 3.20633689e-05 2.39905875e-04
2.17924354e-01 3.43206971e-04 2.45076156e-04
2.18281465e-01 5.02599852e-05 2.42454645e-04
2.18638574e-01 7.82364545e-05 2.40279686e-04
2.18995678e-01 -1.57810374e-04 2.42409277e-04
2.19352779e-01 -2.64892446e-04 2.46059100e-04
2.19709877e-01 1.60369647e-04 2.43722813e-04
2.20066971e-01 1.07784675e-04 2.45658560e-04
2.20424061e-01 5.19304791e-04 2.42903105e-04
2.20781147e-01 -1.26691844e-04 2.37177519e-04
2.21138230e-01 3.54621644e-04 2.39251771e-04
2.21495310e-01 4.18670115e-04 2.36248224e-04
2.21852386e-01 5.11434472e-04 2.39791911e-04
2.22209458e-01 -3.77146856e-05 2.39622220e-04
2.22566526e-01 7.57345376e-06 2.40319636e-04
2.22923591e-01 2.99888210e-04 2.40793458e-04
2.23280652e-01 3.59497910e-04 2.37849425e-04
2.23637710e-01 -6.60602741e-05 2.43373265e-04
2.23994764e-01 2.25229243e-04 2.37263060e-04
2.24351814e-01 -5.23688899e-05 2.36906860e-04
2.24708861e-01 -1.16792765e-04 2.38607746e-04
2.25065904e-01 3.79695710e-04 2.36932709e-04
2.25422943e-01 2.19338461e-04 2.39714556e-04
2.25779978e-01 4.44633665e-04 2.45156806e-04
2.26137010e-01 -2.79891252e-05 2.52169130e-04
2.26494038e-01 4.44990849e-04 2.49542872e-04
2.26851063e-01 -3.59308603e-04 2.57248525e-04
2.27208083e-01 4.57967634e-04 2.46188467e-04
2.27565100e-01 2.46221173e-04 2.39194606e-04
2.27922114e-01 -3.22892463e-04 2.39225476e-04
2.28279123e-01 1.03468171e-04 2.38766943e-04
2.28636129e-01 1.57130946e-04 2.32623422e-04
2.28993131e-01 5.65518754e-05 2.35711185e-04
2.29350129e-01 9.77450489e-05 2.33474454e-04
2.29707124e-01 3.47825199e-04 2.34521147e-04
2.30064115e-01 -1.00423102e-05 2.37571640e-04
2.30421102e-01 -6.48492452e-05 2.34727904e-04
2.30778085e-01 5.65879664e-05 2.37701382e-04
2.31135064e-01 -5.05688455e-05 2.35582513e-04
2.31492040e-01 3.74588125e-05 2.34272612e-04
2.31849012e-01 3.98413293e-05 2.28520550e-04
2.32205980e-01 2.75228536e-05 2.32471388e-04
2.32562944e-01 1.82994941e-04 2.33858596e-04
2.32919905e-01 -4.60613603e-05 2.27261187e-04
2.33276862e-01 1.93471443e-04 2.29896044e-04
2.33633814e-01 1.21535779e-04 2.30454178e-04
2.33990763e-01 -7.49783678e-05 2.29701475e-04
2.34347709e-01 -7.55604567e-05 2.26957618e-04
2.34704650e-01 -3.75835797e-04 2.28331018e-04
2.35061588e-01 -2.92941134e-04 2.25231591e-04
2.35418521e-01 -2.62519888e-04 2.27039358e-04
2.35775451e-01 -3.05155662e-04 2.24350978e-04
2.36132377e-01 6.29616845e-05 2.29155794e-04
2.36489299e-01 -2.57829860e-04 2.25876865e-04
2.36846218e-01 2.61115915e-04 2.27929746e-04
2.37203132e-01 2.03756395e-04 2.24686316e-04
2.37560042e-01 1.46758888e-04 2.25582353e-04
2.37916949e-01 1.60336102e-04 2.30188620e-04
2.38273852e-01 2.68489109e-05 2.23860399e-04
2.38630751e-01 -2.20143429e-05 2.24084246e-04
2.38987645e-01 -2.85945667e-06 2.29249874e-04
2.39344537e-01 3.56697861e-04 2.28796768e-04
2.39701424e-01 -1.72255806e-04 2.25956322e-04
2.40058307e-01 -7.30190766e-06 2.24329191e-04
2.40415186e-01 -9.44953905e-05 2.23753496e-04
2.40772061e-01 -5.13498184e-05 2.23628287e-04
2.41128933e-01 -3.96226792e-04 2.19767932e-04
2.41485800e-01 -1.11087557e-04 2.23179782e-04
2.41842664e-01 3.30109681e-06 2.24027485e-04
2.42199523e-01 1.80886359e-04 2.23062514e-04
2.42556379e-01 2.39923576e-04 2.25000710e-04
2.42913230e-01 5.13605044e-04 2.22173635e-04
2.43270078e-01 -8.92612497e-05 2.18724217e-04
2.43626922e-01 1.04065582e-04 2.22772222e-04
2.43983761e-01 9.57499575e-06 2.20355229e-04
2.44340597e-01 1.70202835e-04 2.24187305e-04
2.44697429e-01 -3.48849994e-05 2.21576157e-04
2.45054256e-01 -4.34243567e-04 2.17318143e-04
2.45411080e-01 3.36096073e-05 2.19608739e-04
2.45767900e-01 -4.63111369e-04 2.18671887e-04
2.46124715e-01 3.33622285e-04 2.19638428e-04
2.46481527e-01 -5.21038103e-05 2.16979827e-04
2.46838334e-01 3.74412960e-04 2.17699618e-04
2.47195138e-01 -6.23488980e-05 2.18797224e-04
2.47551938e-01 -9.65004442e-06 2.15857181e-04
2.47908733e-01 -1.79446555e-04 2.14107081e-04
2.48265524e-01 -3.45203724e-04 2.17313919e-04
2.48622312e-01 6.63957960e-05 2.15394073e-04
2.48979095e-01 1.76232682e-04 2.17450740e-04
2.49335874e-01 2.92042509e-04 2.15315506e-04
2.49692649e-01 -4.06196505e-05 2.18872935e-04
2.50049420e-01 1.14454194e-04 2.19111206e-04
2.50406187e-01 1.34599854e-04 2.14707800e-04
2.50762950e-01 9.62581291e-05 2.13914129e-04
2.51119709e-01 -2.52085899e-05 2.11893207e-04
2.51476464e-01 -4.85234003e-04 2.12854279e-04
2.51833214e-01 -7.29015896e-05 2.14394437e-04
2.52189961e-01 1.79587018e-04 2.15548445e-04
2.52546703e-01 -1.66322601e-04 2.11974528e-04
2.52903441e-01 7.19339072e-05 2.14504889e-04
2.53260175e-01 2.81864069e-04 2.14831887e-04
2.53616905e-01 -2.57839956e-04 2.11384301e-04
2.53973631e-01 -1.88117510e-04 2.15574459e-04
2.54330352e-01 1.77502770e-04 2.11438326e-04
2.54687070e-01 -2.19371682e-04 2.11477455e-04
2.55043783e-01 -1.01281304e-04 2.14441603e-04
2.55400492e-01 2.14933522e-04 2.12398517e-04
2.55757197e-01 -7.18919144e-05 2.11885306e-04
2.56113898e-01 4.54011822e-05 2.10779823e-04
2.56470595e-01 7.14152449e-05 2.15662979e-04
2.56827287e-01 1.92340102e-04 2.15870950e-04
2.57183975e-01 1.73193415e-04 2.18027330e-04
2.57540659e-01 -3.14427582e-04 2.15103958e-04
2.57897339e-01 1.49211864e-04 2.17872751e-04
2.58254014e-01 -2.23235074e-04 2.16346962e-04
2.58610686e-01 1.52605083e-04 2.13327694e-04
2.58967353e-01 2.44813419e-06 2.14814510e-04
2.59324016e-01 -2.46107704e-05 2.09902552e-04
2.59680674e-01 3.39658602e-04 2.13543536e-04
2.60037329e-01 -2.17654968e-04 2.09845539e-04
2.60393979e-01 -1.28762400e-04 2.10607796e-04
2.60750625e-01 2.73132243e-04 2.14454946e-04
2.61107266e-01 -1.93092066e-05 2.20893547e-04
2.61463904e-01 3.49215683e-04 2.22161012e-04
2.61820537e-01 -1.77193266e-04 2.15646980e-04
2.62177166e-01 1.46153992e-04 2.11932168e-04
2.62533790e-01 -9.96859413e-05 2.15359378e-04
2.62890410e-01 -1.24725345e-04 2.20278069e-04
2.63247026e-01 1.14801555e-04 2.13269728e-04
2.63603638e-01 2.42975744e-04 2.15479688e-04
2.63960245e-01 -2.54395279e-04 2.12645568e-04
2.64316848e-01 -1.45670485e-04 2.17935148e-04
2.64673447e-01 -8.30924145e-05 2.14798988e-04
2.65030042e-01 4.07465195e-04 2.11223928e-04
2.65386632e-01 1.74932367e-04 2.16376757e-04
2.65743217e-01 3.79570526e-05 2.14478335e-04
2.66099799e-01 3.72302172e-05 2.08645891e-04
2.66456376e-01 -3.13067528e-04 2.12367113e-04
2.66812948e-01 1.13285772e-04 2.14609612e-04
2.67169517e-01 4.14479658e-04 2.13566898e-04
2.67526081e-01 8.03537753e-05 2.14962480e-04
2.67882640e-01 -2.58613712e-04 2.13576401e-04
2.68239195e-01 5.52806446e-04 2.19006766e-04
2.68595746e-01 -2.10004822e-04 2.13206150e-04
2.68952293e-01 -4.96011421e-05 2.18460440e-04
2.69308835e-01 -7.48357433e-05 2.17800742e-04
2.69665372e-01 -7.29462501e-05 2.15680465e-04
2.70021906e-01 -4.06564682e-04 2.17790995e-04
2.70378435e-01 -5.19000003e-05 2.17409903e-04
2.70734959e-01 2.22671170e-04 2.22352772e-04
2.71091479e-01 -4.09682367e-04 2.20048332e-04
2.71447995e-01 4.97809881e-05 2.22943776e-04
2.71804506e-01 -1.51878804e-05 2.27237276e-04
2.72161012e-01 2.05169555e-04 2.28248991e-04
2.72517515e-01 4.19705395e-04 2.25821325e-04
2.72874012e-01 -4.33943950e-04 2.26671355e-04
