1.54026655e-02 2.59776516e-03 1.71201292e-03
1.57608633e-02 2.40095681e-03 1.68962641e-03
1.61190608e-02 -1.56176308e-04 1.43487173e-03
1.64772580e-02 -1.18900798e-03 1.48087078e-03
1.68354550e-02 3.26297390e-04 1.41622431e-03
1.71936517e-02 1.87093404e-03 1.32503158e-03
1.75518481e-02 -8.66039361e-04 1.29395116e-03
1.79100442e-02 -4.90614295e-04 1.23439651e-03
1.82682400e-02 -1.34710472e-04 1.23211812e-03
1.86264355e-02 1.16158394e-03 1.20166043e-03
1.89846308e-02 3.47740782e-03 1.22477576e-03
1.93428257e-02 3.67622509e-04 1.13470834e-03
1.97010202e-02 1.67543911e-03 1.07812539e-03
2.00592145e-02 1.28513982e-03 1.10063182e-03
2.04174084e-02 3.26932631e-03 1.03896454e-03
2.07756020e-02 6.80270502e-04 1.02599169e-03
2.11337953e-02 2.35426178e-03 1.05680495e-03
2.14919882e-02 1.92304124e-03 1.06199039e-03
2.18501808e-02 1.14117000e-03 9.56159232e-04
2.22083729e-02 1.70863035e-03 1.01446139e-03
2.25665648e-02 2.61594115e-03 1.03349713e-03
2.29247562e-02 2.90913928e-03 9.59686047e-04
2.32829473e-02 2.54568197e-03 9.85213918e-04
2.36411380e-02 2.32877641e-03 9.60242445e-04
2.39993283e-02 1.29017731e-03 9.09016497e-04
2.43575182e-02 1.64798155e-03 8.86617724e-04
2.47157077e-02 2.40307007e-04 8.45049972e-04
2.50738968e-02 1.60548973e-03 8.72405729e-04
2.54320855e-02 1.44058083e-03 9.22208766e-04
2.57902738e-02 9.90643730e-04 8.30483055e-04
2.61484617e-02 7.56797941e-04 8.23462002e-04
2.65066491e-02 6.58107182e-04 8.97628551e-04
2.68648361e-02 -1.73813846e-04 8.13512569e-04
2.72230226e-02 -4.21132890e-04 7.68654991e-04
2.75812087e-02 1.22048187e-03 7.54133126e-04
2.79393943e-02 6.15627169e-04 7.99470133e-04
2.82975795e-02 9.35778793e-04 8.17690645e-04
2.86557642e-02 6.19651697e-04 8.23082274e-04
2.90139485e-02 1.55503693e-03 8.12344724e-04
2.93721323e-02 1.54618646e-03 8.35625580e-04
2.97303155e-02 1.29519603e-03 8.05462446e-04
3.00884983e-02 9.64197908e-04 8.39911702e-04
3.04466806e-02 1.81373624e-03 8.07729733e-04
3.08048624e-02 1.46740375e-03 7.95701272e-04
3.11630437e-02 1.68123042e-03 7.87297333e-04
3.15212245e-02 8.41306882e-04 8.11636093e-04
3.18794048e-02 1.08779682e-03 8.38358517e-04
3.22375845e-02 4.64848326e-04 8.08055234e-04
3.25957637e-02 3.59683974e-04 8.08285774e-04
3.29539424e-02 1.31569651e-03 7.82190369e-04
3.33121205e-02 8.57240668e-04 7.70108656e-04
3.36702981e-02 5.38854349e-05 7.84589144e-04
3.40284751e-02 1.46659498e-03 8.05077632e-04
3.43866516e-02 -2.37587407e-04 7.42717407e-04
3.47448275e-02 1.43221598e-03 7.45553687e-04
3.51030028e-02 3.94605828e-04 6.89601068e-04
3.54611775e-02 1.29759331e-03 7.31407509e-04
3.58193517e-02 8.89828091e-04 7.06425584e-04
3.61775253e-02 1.77072818e-04 7.05488410e-04
3.65356983e-02 8.41799323e-05 7.49526284e-04
3.68938706e-02 9.22978704e-04 7.26309114e-04
3.72520424e-02 1.10523598e-03 7.03192314e-04
3.76102136e-02 1.37913420e-03 7.08897785e-04
3.79683841e-02 8.49598373e-04 6.91092176e-04
3.83265540e-02 1.50972982e-04 7.01461787e-04
3.86847233e-02 7.52898333e-04 6.70409510e-04
3.90428920e-02 9.00315701e-04 6.97039924e-04
3.94010600e-02 6.92661627e-04 6.74614440e-04
3.97592273e-02 2.10812321e-04 6.80484354e-04
4.01173941e-02 1.00433382e-03 6.73742011e-04
4.04755601e-02 1.38156214e-03 6.59062831e-04
4.08337255e-02 -1.24125786e-03 6.60101091e-04
4.11918902e-02 1.28359886e-03 6.62740146e-04
4.15500542e-02 2.67119729e-03 6.44186407e-04
4.19082176e-02 1.11730609e-03 6.11799468e-04
4.22663802e-02 1.72502829e-03 6.30967742e-04
4.26245422e-02 6.07977324e-04 6.47675823e-04
4.29827034e-02 -7.89479592e-05 6.60630885e-04
4.33408640e-02 6.92499406e-04 6.70123686e-04
4.36990238e-02 6.15719036e-04 6.33860733e-04
4.40571830e-02 -1.30885317e-04 6.76229032e-04
4.44153414e-02 4.72908360e-05 6.47428325e-04
4.47734990e-02 8.70174194e-04 6.76634542e-04
4.51316560e-02 1.47358638e-03 6.65915351e-04
4.54898122e-02 6.99133460e-04 6.52892633e-04
4.58479676e-02 6.38100512e-04 6.41198788e-04
4.62061223e-02 1.78079542e-03 6.56240862e-04
4.65642762e-02 1.42771578e-03 6.34737757e-04
4.69224294e-02 -1.18973533e-05 6.28999211e-04
4.72805818e-02 9.49340463e-04 6.41937287e-04
4.76387334e-02 5.66805110e-04 6.58771293e-04
4.79968842e-02 2.19748586e-04 6.26442709e-04
4.83550342e-02 4.18747612e-04 6.33264275e-04
4.87131835e-02 1.85523515e-04 6.34678151e-04
4.90713319e-02 3.50846016e-04 6.09105064e-04
4.94294795e-02 6.46795277e-04 6.21492767e-04
4.97876264e-02 1.92307757e-04 6.16132777e-04
5.01457724e-02 1.46338263e-04 6.00827328e-04
5.05039175e-02 -5.13934823e-04 5.95304690e-04
5.08620619e-02 2.97388182e-04 5.89750947e-04
5.12202054e-02 2.25423273e-04 5.95536224e-04
5.15783481e-02 6.09949303e-04 5.58578969e-04
5.19364899e-02 1.03707696e-03 6.05389416e-04
5.22946308e-02 7.38823905e-04 5.79227520e-04
5.26527709e-02 6.29451329e-04 5.75938226e-04
5.30109102e-02 1.23415674e-03 5.86507519e-04
5.33690485e-02 5.44173429e-04 5.98241897e-04
5.37271860e-02 -2.36257124e-04 5.88557185e-04
5.40853226e-02 8.75036740e-06 5.77761692e-04
5.44434583e-02 5.17673497e-04 5.39606572e-04
5.48015932e-02 -4.56902832e-04 5.55071307e-04
5.51597271e-02 -4.29002298e-04 5.73960649e-04
5.55178601e-02 1.00642107e-03 5.70688442e-04
5.58759922e-02 -1.29509088e-04 5.58939237e-04
5.62341234e-02 8.40065204e-04 5.39649673e-04
5.65922536e-02 5.44784697e-04 5.61110786e-04
5.69503829e-02 3.38913220e-04 5.58517580e-04
5.73085113e-02 -1.64854974e-05 5.61917078e-04
5.76666388e-02 -4.32566169e-04 5.35657586e-04
5.80247653e-02 -2.03955461e-04 5.30262357e-04
5.83828908e-02 1.82653825e-04 5.44113102e-04
5.87410154e-02 -3.17581333e-04 5.36739514e-04
5.90991390e-02 1.18656596e-03 5.45858464e-04
5.94572616e-02 -3.76185496e-04 5.30956519e-04
5.98153833e-02 2.41109495e-04 5.51982907e-04
6.01735040e-02 -4.04908036e-04 5.28107439e-04
6.05316237e-02 -2.44335773e-04 5.16711695e-04
6.08897424e-02 4.29139745e-04 5.31494743e-04
6.12478600e-02 2.56963122e-04 5.33678584e-04
6.16059767e-02 1.85460031e-04 5.12287639e-04
6.19640924e-02 1.04839825e-03 5.11670831e-04
6.23222071e-02 -1.03544983e-03 5.16601124e-04
6.26803207e-02 3.95426088e-04 5.03568682e-04
6.30384333e-02 -6.11446975e-05 5.10697776e-04
6.33965448e-02 -1.47717849e-06 5.13982854e-04
6.37546554e-02 -6.33311506e-04 5.07462649e-04
6.41127648e-02 2.48607978e-04 5.04890976e-04
6.44708732e-02 1.28744772e-04 4.99877423e-04
6.48289806e-02 -1.80185961e-04 5.13356190e-04
6.51870869e-02 1.70786411e-04 5.08960362e-04
6.55451921e-02 -9.63556514e-05 5.05034669e-04
6.59032962e-02 -4.38761563e-04 5.02007572e-04
6.62613993e-02 -7.68834819e-04 5.17789308e-04
6.66195012e-02 6.45943793e-04 4.85696546e-04
6.69776021e-02 4.81443229e-04 4.94749315e-04
6.73357019e-02 1.78246596e-04 5.02425322e-04
6.76938005e-02 9.27952735e-06 4.82068648e-04
6.80518981e-02 4.05900252e-04 4.74470784e-04
6.84099945e-02 2.21757701e-04 4.83344103e-04
6.87680898e-02 2.88669293e-04 5.01671829e-04
6.91261840e-02 6.61402035e-04 4.85021633e-04
6.94842770e-02 9.53974132e-05 4.76493482e-04
6.98423689e-02 2.10218985e-04 4.97815262e-04
7.02004596e-02 -3.56444236e-05 4.92244221e-04
7.05585492e-02 -2.10082959e-05 4.73563848e-04
7.09166377e-02 -3.38936083e-04 4.86123497e-04
7.12747249e-02 7.48067062e-04 4.92404707e-04
7.16328110e-02 -1.94983032e-04 4.64371761e-04
7.19908959e-02 -8.04112378e-04 4.62922252e-04
7.23489796e-02 2.55321464e-04 4.53575489e-04
7.27070622e-02 -5.67694065e-04 4.70559996e-04
7.30651435e-02 9.44399462e-04 4.71727959e-04
7.34232237e-02 4.16336361e-04 4.66898807e-04
7.37813026e-02 -4.18086623e-04 4.69641897e-04
7.41393803e-02 -1.26341462e-04 4.71613579e-04
7.44974568e-02 3.79949344e-05 4.60252559e-04
7.48555321e-02 -3.24404003e-04 4.72957780e-04
7.52136061e-02 2.96315312e-04 4.62110574e-04
7.55716789e-02 1.56766784e-03 4.69821385e-04
7.59297505e-02 7.85037383e-04 4.46601908e-04
7.62878208e-02 2.75449824e-04 4.55924038e-04
7.66458899e-02 5.30062281e-04 4.42800585e-04
7.70039577e-02 -3.60163109e-04 4.53495592e-04
7.73620242e-02 3.93690888e-04 4.60097690e-04
7.77200895e-02 6.67888197e-04 4.46593340e-04
7.80781535e-02 4.02850469e-04 4.57259677e-04
7.84362162e-02 6.36818701e-06 4.32536414e-04
7.87942776e-02 1.82493623e-04 4.53678102e-04
7.91523377e-02 -5.81451222e-04 4.44552877e-04
7.95103965e-02 -7.44215172e-04 4.54094600e-04
7.98684540e-02 -6.30963197e-04 4.40800610e-04
8.02265102e-02 2.89177147e-04 4.41390150e-04
8.05845651e-02 5.49845102e-05 4.54332293e-04
8.09426186e-02 -3.13522702e-04 4.51839806e-04
8.13006709e-02 -5.34993610e-04 4.63935512e-04
8.16587217e-02 1.46703653e-04 4.56979055e-04
8.20167713e-02 5.13300932e-04 4.39059909e-04
8.23748195e-02 1.51796994e-04 4.36195295e-04
8.27328663e-02 -8.14346395e-05 4.21509855e-04
8.30909118e-02 6.16270139e-06 4.34272866e-04
8.34489559e-02 6.81333370e-04 4.42467487e-04
8.38069986e-02 -4.86251082e-04 4.32161597e-04
8.41650400e-02 -3.40173747e-04 4.28130882e-04
8.45230800e-02 -1.00306731e-03 4.17469313e-04
8.48811185e-02 1.88797560e-04 4.44179755e-04
8.52391557e-02 -7.32464802e-05 4.44336547e-04
8.55971915e-02 3.35272221e-05 4.39074488e-04
8.59552259e-02 -1.91499639e-04 4.28661692e-04
8.63132589e-02 -4.21102020e-04 4.38712927e-04
8.66712904e-02 -2.83586740e-05 4.43704643e-04
8.70293205e-02 -4.55930488e-04 4.38155185e-04
8.73873492e-02 -4.68399728e-04 4.32486171e-04
8.77453765e-02 -7.60019490e-04 4.26943918e-04
8.81034023e-02 5.39322052e-04 4.29008929e-04
8.84614267e-02 -2.57496857e-04 4.37148625e-04
8.88194496e-02 3.57095421e-04 4.14461586e-04
8.91774710e-02 2.09866458e-05 4.23766749e-04
8.95354910e-02 -4.32014295e-04 4.07209842e-04
8.98935095e-02 -5.53639114e-04 4.07768854e-04
9.02515266e-02 1.16780529e-04 4.35985505e-04
9.06095421e-02 7.37059316e-04 4.45573248e-04
9.09675562e-02 4.97421654e-05 4.33089917e-04
9.13255687e-02 -5.96656554e-04 4.22930896e-04
9.16835798e-02 1.59227695e-04 4.31992581e-04
9.20415894e-02 3.07134260e-04 4.20773680e-04
9.23995974e-02 -2.49090444e-04 4.04835138e-04
9.27576039e-02 -4.52576372e-04 4.15537732e-04
9.31156089e-02 6.84189949e-05 4.10408003e-04
9.34736124e-02 4.99211786e-04 4.28707005e-04
9.38316143e-02 1.20012575e-03 4.15263241e-04
9.41896147e-02 3.15471515e-04 4.12003229e-04
9.45476136e-02 -2.05420791e-04 4.04081361e-04
9.49056108e-02 2.14261725e-04 4.12871365e-04
9.52636066e-02 2.01627619e-04 4.23434775e-04
9.56216007e-02 6.83905493e-05 4.09424065e-04
9.59795933e-02 -2.43518335e-05 4.14490506e-04
9.63375843e-02 4.57405673e-06 4.13021619e-04
9.66955738e-02 5.65570211e-04 3.98800952e-04
9.70535616e-02 2.05526272e-04 4.04495735e-04
9.74115478e-02 -8.64794695e-05 4.01208474e-04
9.77695325e-02 6.85108076e-04 3.96798506e-04
9.81275155e-02 2.02480392e-04 3.99659313e-04
9.84854969e-02 2.73549850e-04 4.11949994e-04
9.88434768e-02 4.02907831e-04 4.08266471e-04
9.92014549e-02 -4.05621040e-04 3.97264387e-04
9.95594315e-02 -2.18462330e-04 4.00033938e-04
9.99174064e-02 1.03698428e-03 4.06323528e-04
1.00275380e-01 3.29029380e-05 3.97473004e-04
1.00633351e-01 -3.18450320e-05 4.02041077e-04
1.00991321e-01 -1.90196280e-04 3.91178918e-04
1.01349290e-01 -6.56018418e-05 3.99995551e-04
1.01707256e-01 4.81354516e-05 3.83495714e-04
1.02065221e-01 1.59016067e-04 3.82944431e-04
1.02423184e-01 9.56504124e-06 4.00556028e-04
1.02781146e-01 -6.20677064e-04 3.87154345e-04
1.03139106e-01 1.23763976e-04 3.87408783e-04
1.03497064e-01 -5.05313182e-04 3.96769780e-04
1.03855021e-01 -8.12928159e-04 3.88772804e-04
1.04212976e-01 -1.61690307e-04 3.88621652e-04
1.04570929e-01 -3.49104219e-04 3.88569668e-04
1.04928880e-01 -4.45595750e-04 3.87661356e-04
1.05286830e-01 -2.52319610e-04 4.05950256e-04
1.05644778e-01 1.77496369e-04 4.03138811e-04
1.06002724e-01 9.41980642e-05 3.86977736e-04
1.06360668e-01 -2.09086936e-05 4.04154254e-04
1.06718611e-01 -1.39601857e-04 3.94848486e-04
1.07076552e-01 -3.42880408e-05 4.03953424e-04
1.07434491e-01 -2.38271088e-04 4.02622766e-04
1.07792429e-01 -4.64353100e-04 3.99928970e-04
1.08150364e-01 -4.79530397e-04 4.00707616e-04
1.08508298e-01 -5.39602948e-04 4.00093454e-04
1.08866230e-01 1.03341434e-03 4.00332180e-04
1.09224160e-01 -1.78133159e-04 4.01547936e-04
1.09582089e-01 -4.47488866e-04 3.93054280e-04
1.09940016e-01 5.50353967e-04 3.93207028e-04
1.10297941e-01 1.64811768e-04 3.91062779e-04
1.10655864e-01 -5.34685024e-04 3.86484233e-04
1.11013785e-01 -3.91810075e-04 3.77246560e-04
1.11371704e-01 8.41965239e-05 3.80282516e-04
1.11729622e-01 3.78283137e-05 3.86090641e-04
1.12087538e-01 -6.36985042e-04 3.70454195e-04
1.12445452e-01 -5.12545234e-05 3.75949781e-04
1.12803364e-01 -1.60434460e-04 3.78717004e-04
1.13161274e-01 2.72672564e-04 3.75622839e-04
1.13519182e-01 -4.04821310e-04 3.77301220e-04
1.13877089e-01 -4.07775215e-04 3.73354408e-04
1.14234994e-01 1.74228359e-04 3.77600941e-04
1.14592896e-01 2.50099404e-04 3.77941466e-04
1.14950797e-01 7.72995544e-04 3.68905877e-04
1.15308696e-01 4.51279779e-05 3.74602255e-04
1.15666593e-01 4.10982863e-04 3.74475842e-04
1.16024488e-01 -1.99082869e-04 3.59284234e-04
1.16382382e-01 -2.02308406e-04 3.66635082e-04
1.16740273e-01 2.57704935e-04 3.74467430e-04
1.17098163e-01 -5.32988001e-05 3.65297353e-04
1.17456050e-01 -2.19150225e-04 3.65453095e-04
1.17813936e-01 2.67480148e-05 3.65676419e-04
1.18171819e-01 -7.23170303e-04 3.56042950e-04
1.18529701e-01 1.38157249e-04 3.75830787e-04
1.18887581e-01 1.85575337e-04 3.79650072e-04
1.19245459e-01 5.32106876e-05 3.67979208e-04
1.19603335e-01 -3.96754962e-04 3.79729504e-04
1.19961208e-01 -4.16010862e-04 3.73644808e-04
1.20319080e-01 -5.09483164e-05 3.72612993e-04
1.20676950e-01 -2.81915024e-05 3.88933955e-04
1.21034818e-01 -4.30993192e-05 3.73411933e-04
1.21392684e-01 -2.24701140e-05 3.74602629e-04
1.21750548e-01 5.73921177e-04 3.68567788e-04
1.22108410e-01 -4.32141831e-04 3.72017822e-04
1.22466270e-01 2.81640649e-04 3.84343609e-04
1.22824128e-01 2.41516030e-05 3.74161815e-04
1.23181984e-01 -4.62216829e-04 3.79491534e-04
1.23539838e-01 1.16117674e-05 3.76768513e-04
1.23897690e-01 9.81944724e-05 3.79882561e-04
1.24255540e-01 -2.36071243e-04 3.64166241e-04
1.24613388e-01 5.37200467e-04 3.73923716e-04
1.24971233e-01 9.58033851e-05 3.59238892e-04
1.25329077e-01 1.52528557e-04 3.53990512e-04
1.25686919e-01 -2.27048701e-04 3.59773515e-04
1.26044758e-01 -4.50960975e-04 3.60622438e-04
1.26402596e-01 8.25191390e-04 3.57603126e-04
1.26760431e-01 -1.17354902e-04 3.54622647e-04
1.27118265e-01 -1.46897852e-06 3.54068679e-04
1.27476096e-01 -1.71885832e-04 3.52862136e-04
1.27833925e-01 1.16527273e-05 3.53174105e-04
1.28191752e-01 9.51516166e-05 3.52747702e-04
1.28549577e-01 3.59469554e-04 3.53304519e-04
1.28907400e-01 -1.71282407e-05 3.50280173e-04
1.29265221e-01 9.41750396e-05 3.55281779e-04
1.29623040e-01 -5.68858327e-04 3.47111201e-04
1.29980856e-01 -1.54960109e-04 3.50605174e-04
1.30338670e-01 -2.20929229e-04 3.40691668e-04
1.30696483e-01 6.85046255e-05 3.56329891e-04
1.31054293e-01 2.01407018e-04 3.46458001e-04
1.31412101e-01 -8.65371596e-05 3.43868958e-04
1.31769906e-01 -6.74462530e-04 3.39888384e-04
1.32127710e-01 1.53935494e-04 3.40897418e-04
1.32485511e-01 -2.37588471e-04 3.43510580e-04
1.32843311e-01 -3.95642017e-04 3.46592257e-04
1.33201108e-01 -4.56653107e-05 3.36237600e-04
1.33558903e-01 -6.96017038e-04 3.41242675e-04
1.33916695e-01 -2.86439114e-04 3.38907332e-04
1.34274486e-01 2.20653637e-04 3.39509403e-04
1.34632274e-01 -2.54269721e-04 3.42287997e-04
1.34990060e-01 -2.00037902e-04 3.37432794e-04
1.35347844e-01 1.34082591e-04 3.37824600e-04
1.35705626e-01 -1.94826428e-04 3.37217102e-04
1.36063405e-01 -2.58062390e-04 3.28683339e-04
1.36421182e-01 -5.49670366e-04 3.29348191e-04
1.36778957e-01 -1.59957465e-04 3.24590314e-04
1.37136730e-01 1.91221765e-04 3.34325503e-04
1.37494500e-01 2.41430638e-04 3.38830748e-04
1.37852269e-01 -1.62343510e-04 3.30109289e-04
1.38210034e-01 5.95982337e-05 3.30527123e-04
1.38567798e-01 1.11744050e-04 3.29716673e-04
1.38925559e-01 -1.57686456e-04 3.22113311e-04
1.39283319e-01 2.29825249e-04 3.32627567e-04
1.39641075e-01 -3.74574779e-04 3.26392817e-04
1.39998830e-01 1.15754450e-04 3.32288681e-04
1.40356582e-01 -3.80081132e-04 3.25377948e-04
1.40714332e-01 -7.12496551e-04 3.29273684e-04
1.41072080e-01 3.27443959e-05 3.36031876e-04
1.41429825e-01 -1.17660373e-04 3.25172613e-04
1.41787568e-01 -3.94610389e-04 3.22579211e-04
1.42145308e-01 7.19767687e-05 3.33699299e-04
1.42503047e-01 -3.17126923e-04 3.25619457e-04
1.42860783e-01 -4.32817249e-04 3.35626533e-04
1.43218516e-01 -3.07002858e-04 3.25499221e-04
1.43576247e-01 -1.49147153e-04 3.21016731e-04
1.43933976e-01 -2.44909980e-04 3.18040958e-04
1.44291703e-01 -2.58225965e-05 3.21925994e-04
1.44649427e-01 -1.27720673e-04 3.19902372e-04
1.45007149e-01 3.38273850e-04 3.21766913e-04
1.45364868e-01 2.02598907e-04 3.17927419e-04
1.45722585e-01 9.74930517e-06 3.11848851e-04
1.46080300e-01 -1.75860166e-04 3.12225046e-04
1.46438012e-01 9.14712081e-04 3.22335750e-04
1.46795722e-01 7.69524708e-05 3.22964141e-04
1.47153429e-01 -6.36589492e-05 3.15894235e-04
1.47511134e-01 2.61133074e-04 3.17845290e-04
1.47868837e-01 -2.62065666e-04 3.14083784e-04
1.48226537e-01 -3.53680931e-04 3.21090976e-04
1.48584235e-01 -6.33055726e-04 3.11761921e-04
1.48941930e-01 -2.70611081e-04 3.15001753e-04
1.49299623e-01 -6.52223948e-06 3.15430189e-04
1.49657313e-01 2.20178325e-04 3.20303889e-04
1.50015001e-01 -4.09318157e-05 3.21555442e-04
1.50372687e-01 -9.73515480e-05 3.14122534e-04
1.50730370e-01 2.81047449e-04 3.15149100e-04
1.51088050e-01 -1.28494874e-04 3.10217876e-04
1.51445728e-01 1.37246700e-04 3.10467977e-04
1.51803404e-01 -3.72567992e-04 3.08416138e-04
1.52161077e-01 3.73956072e-06 3.12338447e-04
1.52518747e-01 1.57135062e-04 3.03819410e-04
1.52876416e-01 -3.91534450e-04 3.05190209e-04
1.53234081e-01 5.66578547e-04 3.16042882e-04
1.53591744e-01 -2.48026081e-04 3.05053866e-04
1.53949405e-01 -5.83191296e-04 2.97362281e-04
1.54307063e-01 -7.94935899e-05 3.05592509e-04
1.54664718e-01 -6.27515365e-04 3.04251644e-04
1.55022371e-01 -1.25790591e-05 3.09398011e-04
1.55380021e-01 -2.91566508e-04 3.06353881e-04
1.55737669e-01 -1.55172656e-04 3.08492302e-04
1.56095314e-01 1.16504524e-04 3.14974806e-04
1.56452957e-01 -3.48856584e-04 3.15208524e-04
1.56810597e-01 -2.72226098e-04 3.02161068e-04
1.57168235e-01 1.49614853e-04 3.04719359e-04
1.57525870e-01 -1.34634881e-04 3.08237074e-04
1.57883502e-01 1.60813968e-04 3.05888836e-04
1.58241132e-01 -2.23050696e-05 3.03927782e-04
1.58598759e-01 9.37058140e-05 2.92256112e-04
1.58956384e-01 -4.57692300e-04 2.97652804e-04
1.59314006e-01 -6.97898509e-04 3.00710217e-04
1.59671625e-01 3.11316830e-04 3.03821371e-04
1.60029242e-01 3.60226922e-04 2.94343459e-04
1.60386856e-01 -7.88044176e-05 3.04259767e-04
1.60744468e-01 -2.97045421e-04 3.04138281e-04
1.61102076e-01 -3.65352854e-04 2.95977212e-04
1.61459683e-01 2.64623131e-04 2.98958426e-04
1.61817286e-01 2.95065168e-04 3.01501807e-04
1.62174887e-01 6.15682686e-04 3.00490032e-04
1.62532485e-01 3.76604673e-05 2.95006175e-04
1.62890081e-01 3.42476451e-05 2.91049595e-04
1.63247674e-01 6.20056967e-04 2.97771346e-04
1.63605264e-01 2.29487762e-04 2.96453399e-04
1.63962852e-01 1.18202830e-04 2.98388872e-04
1.64320437e-01 -1.51529016e-04 2.99630177e-04
1.64678019e-01 -6.52670981e-04 2.91097299e-04
1.65035598e-01 -3.40845774e-04 2.94672641e-04
1.65393175e-01 -4.28305677e-05 2.92906798e-04
1.65750749e-01 -2.63246569e-04 2.88472972e-04
1.66108320e-01 -6.93614925e-07 2.96055902e-04
1.66465889e-01 -4.83193865e-04 2.86772574e-04
1.66823455e-01 -9.16338871e-04 2.89484926e-04
1.67181018e-01 1.64813553e-04 2.91963329e-04
1.67538578e-01 -4.40687055e-04 2.95703640e-04
1.67896136e-01 5.11016073e-05 2.86902594e-04
1.68253691e-01 -5.13143241e-04 2.79406861e-04
1.68611243e-01 2.80868289e-04 2.91917532e-04
1.68968792e-01 -2.16544013e-04 2.87242756e-04
1.69326339e-01 -8.60560772e-05 2.84836439e-04
1.69683883e-01 3.84283664e-04 2.89801512e-04
1.70041424e-01 -9.97133462e-05 2.89603592e-04
1.70398962e-01 -3.84314463e-06 2.97629360e-04
1.70756497e-01 -9.20865268e-05 2.84487670e-04
1.71114030e-01 3.09411024e-05 2.84388757e-04
1.71471560e-01 2.47329044e-04 2.92064398e-04
1.71829087e-01 -1.19562976e-04 2.86283001e-04
1.72186611e-01 2.02069758e-04 2.84393309e-04
1.72544132e-01 8.09422314e-05 2.85119730e-04
1.72901651e-01 -9.81878182e-05 2.78962148e-04
1.73259167e-01 1.23531145e-04 2.85188686e-04
1.73616679e-01 7.94462672e-07 2.81178381e-04
1.73974189e-01 1.25799177e-05 2.81361402e-04
1.74331697e-01 8.87381308e-05 2.77922250e-04
1.74689201e-01 -2.01968743e-04 2.73273778e-04
1.75046702e-01 8.60677089e-05 2.80716158e-04
1.75404201e-01 -2.33115360e-05 2.78933585e-04
1.75761697e-01 -3.49410120e-05 2.77665923e-04
1.76119189e-01 -9.86704891e-05 2.77842406e-04
1.76476679e-01 -3.78426835e-05 2.79133849e-04
1.76834166e-01 2.18332793e-04 2.88547187e-04
1.77191650e-01 -8.66936068e-05 2.79114775e-04
1.77549132e-01 -3.11431798e-05 2.78511279e-04
1.77906610e-01 -2.50419547e-04 2.75380715e-04
1.78264085e-01 4.13818192e-04 2.75135121e-04
1.78621558e-01 -1.11117883e-04 2.79896766e-04
1.78979027e-01 8.53818127e-05 2.72438759e-04
1.79336494e-01 5.25840141e-04 2.81736710e-04
1.79693958e-01 -1.10231955e-04 2.73843260e-04
1.80051418e-01 -3.53443141e-05 2.78296659e-04
1.80408876e-01 -4.10498231e-04 2.71259701e-04
1.80766331e-01 -3.26123394e-04 2.75047493e-04
1.81123783e-01 -1.78107786e-04 2.83771432e-04
1.81481232e-01 -5.80447579e-05 2.78620836e-04
1.81838677e-01 -3.32786614e-04 2.78844470e-04
1.82196120e-01 2.88547216e-04 2.78826200e-04
1.82553560e-01 -3.48629842e-04 2.87373744e-04
1.82910997e-01 3.27747000e-04 2.85262228e-04
1.83268431e-01 7.65743855e-05 2.76504343e-04
1.83625862e-01 -7.01503607e-04 2.84409567e-04
1.83983290e-01 -8.15969270e-05 2.82536944e-04
1.84340715e-01 -5.80085075e-04 2.82880143e-04
1.84698137e-01 -3.44301492e-04 2.82483453e-04
1.85055556e-01 8.40674923e-05 2.86170996e-04
1.85412971e-01 -5.66726917e-04 2.82849835e-04
1.85770384e-01 -3.62960095e-04 2.80562439e-04
1.86127794e-01 2.79326094e-04 2.81610178e-04
1.86485200e-01 -2.42038085e-04 2.74818955e-04
1.86842604e-01 -2.55851004e-05 2.73185789e-04
1.87200005e-01 2.78830713e-04 2.80644952e-04
1.87557402e-01 -5.44298068e-05 2.78064438e-04
1.87914797e-01 2.58559157e-04 2.71980191e-04
1.88272188e-01 -3.09231520e-04 2.75861454e-04
1.88629576e-01 -2.92633268e-04 2.72472551e-04
1.88986961e-01 -1.15031899e-04 2.70214322e-04
1.89344343e-01 1.81352955e-04 2.74222691e-04
1.89701722e-01 -1.12254346e-04 2.76438282e-04
1.90059098e-01 -2.95035473e-04 2.73077297e-04
1.90416471e-01 -3.36932103e-04 2.69194523e-04
1.90773840e-01 -2.51786893e-04 2.72022964e-04
1.91131207e-01 -1.56083235e-04 2.72391816e-04
1.91488570e-01 1.13022175e-04 2.72399513e-04
1.91845930e-01 -1.21689956e-04 2.71794958e-04
1.92203287e-01 2.95177680e-04 2.74420931e-04
1.92560641e-01 2.66921184e-04 2.67472982e-04
1.92917992e-01 -1.83715550e-04 2.74806424e-04
1.93275340e-01 -3.12172755e-04 2.62413229e-04
1.93632684e-01 3.09380623e-04 2.68377939e-04
1.93990025e-01 6.02963885e-05 2.67807498e-04
1.94347363e-01 -4.89167162e-05 2.67496921e-04
1.94704698e-01 -1.64501896e-04 2.65184210e-04
1.95062030e-01 1.41410875e-04 2.67857797e-04
1.95419358e-01 1.57001802e-04 2.68386498e-04
1.95776684e-01 -2.53445694e-04 2.65360414e-04
1.96134006e-01 2.10092512e-05 2.70204814e-04
1.96491324e-01 -1.70399689e-05 2.79816978e-04
1.96848640e-01 -6.74644502e-05 2.71399712e-04
1.97205953e-01 9.83063188e-05 2.70148063e-04
1.97563262e-01 -3.84798494e-04 2.63090707e-04
1.97920568e-01 1.24584740e-04 2.71009991e-04
1.98277870e-01 2.56901245e-05 2.72120014e-04
1.98635170e-01 -1.44032921e-04 2.71609772e-04
1.98992466e-01 2.32853951e-04 2.75969612e-04
1.99349759e-01 3.15662519e-04 2.70807055e-04
1.99707049e-01 5.27064650e-04 2.70355314e-04
2.00064335e-01 2.91903762e-05 2.69182434e-04
2.00421618e-01 -6.77373182e-04 2.67080646e-04
2.00778898e-01 -2.33254286e-04 2.65077287e-04
2.01136174e-01 -2.48885291e-04 2.59780191e-04
2.01493448e-01 -9.65875563e-05 2.64019996e-04
2.01850718e-01 -3.62794252e-04 2.67489642e-04
2.02207984e-01 1.36773263e-04 2.64323407e-04
2.02565248e-01 -7.49297344e-05 2.60151855e-04
2.02922508e-01 -2.46225587e-05 2.55569087e-04
2.03279764e-01 -2.41789417e-04 2.59978889e-04
2.03637018e-01 -1.66261203e-04 2.63033118e-04
2.03994268e-01 1.17758641e-04 2.58370581e-04
2.04351514e-01 -7.74399658e-05 2.56128328e-04
2.04708758e-01 -1.41402456e-04 2.58502072e-04
2.05065998e-01 1.63067711e-04 2.58494216e-04
2.05423234e-01 4.19727934e-04 2.58365590e-04
2.05780467e-01 7.04767306e-05 2.57325698e-04
2.06137697e-01 6.82074457e-04 2.59773542e-04
2.06494924e-01 -3.14246726e-05 2.59304584e-04
2.06852147e-01 -1.19749516e-05 2.56980240e-04
2.07209367e-01 7.46105333e-05 2.58541164e-04
2.07566583e-01 1.73886005e-04 2.53123557e-04
2.07923796e-01 -1.85740041e-04 2.58868451e-04
2.08281005e-01 1.33742418e-04 2.57203527e-04
2.08638211e-01 -1.70339249e-04 2.53303286e-04
2.08995414e-01 2.74553987e-04 2.58842894e-04
2.09352613e-01 2.41656459e-04 2.62300129e-04
2.09709809e-01 -4.56974023e-04 2.56451581e-04
2.10067002e-01 -2.37173169e-04 2.56221650e-04
2.10424191e-01 -1.91609128e-04 2.54019037e-04
2.10781376e-01 1.06148075e-04 2.53422226e-04
2.11138558e-01 -1.15588875e-04 2.51907550e-04
2.11495737e-01 -4.35535833e-04 2.49061142e-04
2.11852912e-01 9.93516949e-05 2.52463420e-04
2.12210084e-01 1.90541624e-04 2.50226613e-04
2.12567252e-01 3.63856330e-04 2.52252385e-04
2.12924416e-01 -2.32600885e-04 2.49814684e-04
2.13281578e-01 2.05584023e-04 2.49376068e-04
2.13638735e-01 -2.98451342e-04 2.45287651e-04
2.13995890e-01 -5.25380381e-05 2.44059833e-04
2.14353040e-01 2.35338905e-04 2.44974976e-04
2.14710188e-01 1.39451675e-04 2.45463978e-04
2.15067331e-01 -2.21478719e-04 2.51522655e-04
2.15424471e-01 9.02405990e-05 2.48425877e-04
2.15781608e-01 9.21299859e-05 2.44539369e-04
2.16138741e-01 -1.69032432e-04 2.49724897e-04
2.16495871e-01 -6.20937249e-05 2.47633916e-04
2.16852997e-01 -1.72810375e-04 2.43273808e-04
2.17210119e-01 4.00009087e-04 2.46102454e-04
2.17567238e-01 1.49937555e-05 2.46504187e-04
2.17924354e-01 -1.95883114e-04 2.43182104e-04
2.18281465e-01 -2.57906610e-04 2.44932161e-04
2.18638574e-01 5.72038959e-05 2.35268493e-04
2.18995678e-01 1.90948176e-04 2.42395152e-04
2.19352779e-01 -3.69186201e-04 2.40699268e-04
2.19709877e-01 -2.56408073e-04 2.41326552e-04
2.20066971e-01 -5.09158592e-04 2.37807138e-04
2.20424061e-01 -2.12199092e-04 2.40940001e-04
2.20781147e-01 -1.25462816e-05 2.35233704e-04
2.21138230e-01 1.13112450e-04 2.36857018e-04
2.21495310e-01 1.13175521e-04 2.38309160e-04
2.21852386e-01 9.99093930e-05 2.44001156e-04
2.22209458e-01 -2.88609436e-04 2.35819104e-04
2.22566526e-01 -9.83289762e-05 2.38470223e-04
2.22923591e-01 -2.21495367e-04 2.35627055e-04
2.23280652e-01 -4.74220364e-05 2.41873335e-04
2.23637710e-01 8.61131497e-05 2.42220985e-04
2.23994764e-01 1.39462755e-04 2.35463080e-04
2.24351814e-01 -1.82481000e-04 2.37897242e-04
2.24708861e-01 -2.61407344e-04 2.38716501e-04
2.25065904e-01 -2.51976744e-04 2.36408809e-04
2.25422943e-01 -1.06163078e-05 2.39993127e-04
2.25779978e-01 -1.55229535e-06 2.44030047e-04
2.26137010e-01 2.85919846e-04 2.39681142e-04
2.26494038e-01 -2.33428112e-04 2.32572687e-04
2.26851063e-01 9.84359382e-05 2.34335208e-04
2.27208083e-01 -1.87935871e-04 2.37901039e-04
2.27565100e-01 2.78240621e-04 2.35054667e-04
2.27922114e-01 -2.45618889e-05 2.36710925e-04
2.28279123e-01 -8.19792790e-05 2.31833827e-04
2.28636129e-01 1.48656236e-04 2.33418158e-04
2.28993131e-01 2.46436936e-04 2.32672736e-04
2.29350129e-01 -1.27073984e-05 2.36146791e-04
2.29707124e-01 9.44682999e-05 2.34638987e-04
2.30064115e-01 -2.67333352e-04 2.37174834e-04
2.30421102e-01 -1.27884204e-04 2.28389630e-04
2.30778085e-01 1.72625484e-04 2.31493868e-04
2.31135064e-01 9.92304687e-05 2.34189101e-04
2.31492040e-01 -6.26560544e-04 2.28728588e-04
2.31849012e-01 -1.45829368e-04 2.33476503e-04
2.32205980e-01 -2.55266712e-06 2.31850263e-04
2.32562944e-01 -5.77677459e-04 2.32243660e-04
2.32919905e-01 1.18936589e-04 2.33471807e-04
2.33276862e-01 4.77232618e-05 2.34314187e-04
2.33633814e-01 3.38991887e-04 2.33895193e-04
2.33990763e-01 4.77903268e-04 2.33740665e-04
2.34347709e-01 9.65766502e-05 2.27811629e-04
2.34704650e-01 -3.19626116e-05 2.29173496e-04
2.35061588e-01 -1.63963018e-04 2.29255934e-04
2.35418521e-01 2.97548742e-04 2.31013518e-04
2.35775451e-01 3.06891004e-04 2.29908358e-04
2.36132377e-01 1.44076205e-04 2.25291379e-04
2.36489299e-01 -8.36772233e-05 2.27959290e-04
2.36846218e-01 2.88479128e-04 2.24206793e-04
2.37203132e-01 -8.14638777e-05 2.28657193e-04
2.37560042e-01 -1.64635336e-04 2.24028427e-04
2.37916949e-01 1.20985582e-04 2.26718238e-04
2.38273852e-01 1.49522560e-04 2.26533043e-04
2.38630751e-01 1.14597207e-04 2.22462338e-04
2.38987645e-01 6.06895990e-05 2.21255268e-04
2.39344537e-01 1.98909677e-04 2.22458191e-04
2.39701424e-01 4.89586061e-05 2.25236169e-04
2.40058307e-01 1.58653011e-05 2.23740373e-04
2.40415186e-01 -1.05926873e-04 2.17518086e-04
2.40772061e-01 -9.33546236e-05 2.22033218e-04
2.41128933e-01 1.79601155e-04 2.23221616e-04
2.41485800e-01 1.99152253e-05 2.24662850e-04
2.41842664e-01 4.07194912e-05 2.24925238e-04
2.42199523e-01 1.14943769e-04 2.26636472e-04
2.42556379e-01 -3.60316126e-04 2.20774904e-04
2.42913230e-01 -1.28765118e-04 2.26855897e-04
2.43270078e-01 -8.01835564e-05 2.23666261e-04
2.43626922e-01 -6.09670643e-05 2.21723729e-04
2.43983761e-01 -3.51516683e-04 2.15134451e-04
2.44340597e-01 -4.22606596e-04 2.19430605e-04
2.44697429e-01 -4.78412969e-05 2.22427135e-04
2.45054256e-01 6.52545853e-05 2.17406835e-04
2.45411080e-01 -3.94219034e-04 2.15617922e-04
2.45767900e-01 -4.96805250e-04 2.19269893e-04
2.46124715e-01 4.55648072e-04 2.23262765e-04
2.46481527e-01 2.78201501e-04 2.21387613e-04
2.46838334e-01 -1.01078122e-04 2.17066272e-04
2.47195138e-01 3.30327184e-04 2.21929493e-04
2.47551938e-01 1.18331384e-04 2.17783591e-04
2.47908733e-01 3.78890351e-05 2.17573363e-04
2.48265524e-01 1.71004812e-04 2.19093033e-04
2.48622312e-01 6.33996547e-05 2.16946273e-04
2.48979095e-01 -5.07500343e-07 2.19681027e-04
2.49335874e-01 5.02638009e-05 2.18095065e-04
2.49692649e-01 -1.53209089e-04 2.16513209e-04
2.50049420e-01 -2.19971740e-04 2.16968773e-04
2.50406187e-01 3.23404405e-04 2.19247515e-04
2.50762950e-01 -8.28249879e-05 2.18228095e-04
2.51119709e-01 -2.08896402e-05 2.14345438e-04
2.51476464e-01 -7.44025099e-06 2.14303959e-04
2.51833214e-01 -3.84011363e-04 2.13828545e-04
2.52189961e-01 -3.89740987e-06 2.12142510e-04
2.52546703e-01 2.47510964e-05 2.12931988e-04
2.52903441e-01 1.52805141e-04 2.16150078e-04
2.53260175e-01 -2.86809641e-04 2.12933819e-04
2.53616905e-01 1.05277839e-04 2.14647262e-04
2.53973631e-01 3.03537255e-04 2.16877191e-04
2.54330352e-01 -9.71540554e-05 2.11150401e-04
2.54687070e-01 2.40775115e-05 2.10847317e-04
2.55043783e-01 1.59087745e-04 2.10184459e-04
2.55400492e-01 3.11768050e-04 2.10485259e-04
2.55757197e-01 1.37969922e-04 2.12824828e-04
2.56113898e-01 -2.15738723e-04 2.11522782e-04
2.56470595e-01 -3.37946027e-04 2.13417743e-04
2.56827287e-01 -3.98150540e-04 2.11921950e-04
2.57183975e-01 -4.46163991e-05 2.11380473e-04
2.57540659e-01 -1.12915088e-05 2.13641888e-04
2.57897339e-01 -8.49658658e-05 2.20093290e-04
2.58254014e-01 -2.08961689e-04 2.16881254e-04
2.58610686e-01 -1.41329033e-04 2.14752414e-04
2.58967353e-01 -1.66467925e-04 2.18593788e-04
2.59324016e-01 -2.06422956e-04 2.13110413e-04
2.59680674e-01 3.99363464e-04 2.15942412e-04
2.60037329e-01 -3.22518711e-04 2.16952072e-04
2.60393979e-01 -2.71986173e-04 2.18114441e-04
2.60750625e-01 6.75774823e-06 2.11240529e-04
2.61107266e-01 -6.60507317e-04 2.12898136e-04
2.61463904e-01 -1.14291278e-05 2.18051467e-04
2.61820537e-01 -2.28823274e-04 2.18079663e-04
2.62177166e-01 -2.03671749e-04 2.14256087e-04
2.62533790e-01 9.88686742e-05 2.13978739e-04
2.62890410e-01 -1.67492860e-04 2.13021368e-04
2.63247026e-01 -3.26526331e-05 2.12435690e-04
2.63603638e-01 -1.24414087e-04 2.15669695e-04
2.63960245e-01 -2.08707596e-05 2.14981771e-04
2.64316848e-01 -2.55672035e-06 2.13500956e-04
2.64673447e-01 4.34606856e-04 2.15403265e-04
2.65030042e-01 2.98865774e-04 2.16012401e-04
2.65386632e-01 3.05356949e-05 2.12601125e-04
2.65743217e-01 -1.75315054e-05 2.09546200e-04
2.66099799e-01 1.18109289e-05 2.11960689e-04
2.66456376e-01 -1.90933626e-05 2.12342025e-04
2.66812948e-01 1.60436644e-04 2.15938147e-04
2.67169517e-01 4.07845236e-04 2.17352672e-04
2.67526081e-01 1.30631939e-04 2.16441928e-04
2.67882640e-01 -1.80378588e-04 2.17139653e-04
2.68239195e-01 -1.23872154e-04 2.16501017e-04
2.68595746e-01 1.15710851e-04 2.16947148e-04
2.68952293e-01 3.48091077e-04 2.19365854e-04
2.69308835e-01 -8.56179796e-05 2.18623710e-04
2.69665372e-01 1.37881241e-04 2.16123366e-04
2.70021906e-01 -5.82444818e-04 2.17998493e-04
2.70378435e-01 -3.24363932e-04 2.22112362e-04
2.70734959e-01 -2.80179771e-04 2.19776412e-04
2.71091479e-01 -1.94103373e-04 2.20533483e-04
2.71447995e-01 3.55934448e-05 2.22514233e-04
2.71804506e-01 -1.55865452e-04 2.18392843e-04
2.72161012e-01 1.07364146e-04 2.21886592e-04
2.72517515e-01 -1.41041161e-05 2.25963559e-04
2.72874012e-01 -2.08593463e-04 2.22274606e-04
