1.54026655e-02 -3.22837108e-03 1.67965650e-03
1.57608633e-02 -5.15011747e-03 1.65036395e-03
1.61190608e-02 -1.76697558e-03 1.51323816e-03
1.64772580e-02 -1.95962920e-03 1.40317188e-03
1.68354550e-02 -3.11138096e-03 1.43867976e-03
1.71936517e-02 -4.23415188e-03 1.31486420e-03
1.75518481e-02 -1.41985330e-03 1.38817454e-03
1.79100442e-02 -4.51077089e-03 1.21651838e-03
1.82682400e-02 -4.14349351e-03 1.18193960e-03
1.86264355e-02 -2.27967983e-04 1.19511157e-03
1.89846308e-02 -3.21598215e-03 1.16063412e-03
1.93428257e-02 2.00968686e-04 1.14909226e-03
1.97010202e-02 -1.24361156e-03 1.10280137e-03
2.00592145e-02 -2.50556276e-03 1.10495087e-03
2.04174084e-02 -1.50870115e-03 1.05575488e-03
2.07756020e-02 -2.23678584e-03 1.05776944e-03
2.11337953e-02 -1.40398758e-03 9.95191483e-04
2.14919882e-02 -1.16879828e-03 1.02524120e-03
2.18501808e-02 -9.10860141e-04 1.01546401e-03
2.22083729e-02 -1.77313912e-03 9.53135539e-04
2.25665648e-02 -1.60301486e-03 9.67250981e-04
2.29247562e-02 -2.12083129e-03 9.53132996e-04
2.32829473e-02 -2.90211986e-03 9.00721034e-04
2.36411380e-02 -7.71039403e-04 9.27575443e-04
2.39993283e-02 -1.04533717e-03 8.86199885e-04
2.43575182e-02 -1.98088135e-03 8.53310340e-04
2.47157077e-02 -1.07883527e-03 8.58337950e-04
2.50738968e-02 -2.23553361e-03 8.30011521e-04
2.54320855e-02 -9.31653078e-04 8.81627901e-04
2.57902738e-02 -4.43584154e-04 8.76798679e-04
2.61484617e-02 -1.27036514e-03 8.58933088e-04
2.65066491e-02 -1.09427577e-03 8.58892786e-04
2.68648361e-02 -1.16936335e-03 8.45234966e-04
2.72230226e-02 -6.49277015e-04 8.10028353e-04
2.75812087e-02 -4.92677207e-04 7.76378051e-04
2.79393943e-02 -3.83990626e-04 7.96722004e-04
2.82975795e-02 3.15143107e-04 8.31460253e-04
2.86557642e-02 -3.47949136e-04 8.63391958e-04
2.90139485e-02 -1.23051132e-03 7.99927491e-04
2.93721323e-02 -6.06731170e-04 9.05048564e-04
2.97303155e-02 4.77895253e-04 8.19521278e-04
3.00884983e-02 -1.07848040e-03 7.80401298e-04
3.04466806e-02 -2.44217973e-05 8.25746338e-04
3.08048624e-02 -1.21916221e-03 7.90783892e-04
3.11630437e-02 -2.39904509e-03 7.56013882e-04
3.15212245e-02 -1.02769650e-03 7.62454693e-04
3.18794048e-02 -9.29809884e-04 8.34538536e-04
3.22375845e-02 -2.16856170e-04 7.58762620e-04
3.25957637e-02 -1.84922201e-03 8.05948662e-04
3.29539424e-02 -2.89487122e-05 7.56972106e-04
3.33121205e-02 1.23392134e-03 7.85676323e-04
3.36702981e-02 1.26787466e-03 7.70185799e-04
3.40284751e-02 3.78375249e-04 7.61772820e-04
3.43866516e-02 -4.40303731e-04 7.28265567e-04
3.47448275e-02 8.18996994e-04 7.12739682e-04
3.51030028e-02 6.51041150e-04 7.90403382e-04
3.54611775e-02 -1.23740111e-03 7.33345258e-04
3.58193517e-02 -4.99085719e-04 7.18305910e-04
3.61775253e-02 -9.01321889e-04 6.94931629e-04
3.65356983e-02 6.99477420e-04 6.81924754e-04
3.68938706e-02 -6.72620375e-04 7.04568083e-04
3.72520424e-02 -4.15394152e-04 7.21192263e-04
3.76102136e-02 3.60782680e-04 6.67738115e-04
3.79683841e-02 9.16006473e-04 6.95817769e-04
3.83265540e-02 -6.58764429e-04 7.19628250e-04
3.86847233e-02 5.53153771e-04 6.84983013e-04
3.90428920e-02 2.57934408e-04 7.07190366e-04
3.94010600e-02 -5.67798095e-04 6.34541973e-04
3.97592273e-02 3.80602239e-05 6.48917569e-04
4.01173941e-02 3.44245513e-04 6.90764761e-04
4.04755601e-02 9.38245849e-04 6.93291881e-04
4.08337255e-02 2.32544413e-04 6.76648931e-04
4.11918902e-02 -4.82481237e-04 6.28484425e-04
4.15500542e-02 -2.52062003e-05 6.57906362e-04
4.19082176e-02 -1.60095683e-04 6.44820972e-04
4.22663802e-02 7.93566978e-04 6.74331049e-04
4.26245422e-02 3.04423391e-05 6.51937071e-04
4.29827034e-02 -1.88735421e-04 6.55268053e-04
4.33408640e-02 -4.64811230e-04 6.82408858e-04
4.36990238e-02 1.09101949e-04 6.60406744e-04
4.40571830e-02 -4.35575679e-04 6.69873513e-04
4.44153414e-02 8.15519795e-04 6.80131116e-04
4.47734990e-02 5.05983824e-05 6.44639586e-04
4.51316560e-02 9.01959875e-04 6.73174441e-04
4.54898122e-02 -7.24035158e-04 6.67113141e-04
4.58479676e-02 -4.97246812e-05 6.32135129e-04
4.62061223e-02 -1.21098592e-04 6.59177907e-04
4.65642762e-02 -8.66610848e-04 6.14567469e-04
4.69224294e-02 -5.84494310e-04 6.50765214e-04
4.72805818e-02 -5.52208585e-04 6.22157469e-04
4.76387334e-02 -4.51900292e-04 6.43264877e-04
4.79968842e-02 7.26424679e-05 6.54970079e-04
4.83550342e-02 9.56157436e-04 6.23404818e-04
4.87131835e-02 1.18950927e-03 6.39155629e-04
4.90713319e-02 4.92660988e-04 6.20241764e-04
4.94294795e-02 8.69983093e-04 5.97141747e-04
4.97876264e-02 1.00864181e-04 6.06243358e-04
5.01457724e-02 -5.67894808e-04 6.07231488e-04
5.05039175e-02 -1.17917503e-03 5.82704861e-04
5.08620619e-02 1.30309415e-03 5.94855358e-04
5.12202054e-02 3.85174047e-04 5.89323586e-04
5.15783481e-02 3.78670576e-04 5.73130103e-04
5.19364899e-02 6.56106749e-04 5.94419150e-04
5.22946308e-02 -3.23344356e-04 5.66154597e-04
5.26527709e-02 2.88334565e-04 5.78286229e-04
5.30109102e-02 -3.66056957e-04 5.75421111e-04
5.33690485e-02 1.77775130e-04 5.53427762e-04
5.37271860e-02 1.26000332e-04 5.78610871e-04
5.40853226e-02 -1.24043586e-03 5.47866624e-04
5.44434583e-02 -1.84436839e-04 5.53355584e-04
5.48015932e-02 -3.08142427e-04 5.29229292e-04
5.51597271e-02 -2.16814066e-04 5.74150379e-04
5.55178601e-02 2.33463039e-04 5.73939261e-04
5.58759922e-02 -1.16344571e-03 5.52255354e-04
5.62341234e-02 -6.73070239e-04 5.44537200e-04
5.65922536e-02 3.22155613e-04 5.46863311e-04
5.69503829e-02 -3.65833861e-04 5.49359445e-04
5.73085113e-02 1.54130370e-04 5.38642254e-04
5.76666388e-02 2.82991072e-04 5.18374242e-04
5.80247653e-02 1.07405413e-03 5.55108554e-04
5.83828908e-02 9.58016083e-04 5.43592799e-04
5.87410154e-02 1.23045690e-04 5.41330256e-04
5.90991390e-02 -6.97635020e-04 5.46507374e-04
5.94572616e-02 -6.55819715e-04 5.18811280e-04
5.98153833e-02 4.47576942e-04 5.26109065e-04
6.01735040e-02 -1.65094344e-04 5.06402775e-04
6.05316237e-02 3.93852749e-04 5.40051242e-04
6.08897424e-02 -6.44825968e-05 5.07101475e-04
6.12478600e-02 -1.35797427e-04 5.24467610e-04
6.16059767e-02 1.36522593e-04 5.17862794e-04
6.19640924e-02 -2.53566887e-04 5.03789230e-04
6.23222071e-02 -7.46659735e-04 5.02240343e-04
6.26803207e-02 5.00364471e-04 5.19388653e-04
6.30384333e-02 -2.07274609e-04 5.20561285e-04
6.33965448e-02 -3.60696775e-05 5.12008882e-04
6.37546554e-02 4.25681310e-04 5.15127572e-04
6.41127648e-02 1.14787702e-03 5.06286791e-04
6.44708732e-02 -4.68608416e-04 5.04981195e-04
6.48289806e-02 -8.25709721e-04 4.96754256e-04
6.51870869e-02 -3.86165665e-04 5.10245756e-04
6.55451921e-02 8.88930578e-05 5.08495620e-04
6.59032962e-02 4.83715573e-04 5.06797108e-04
6.62613993e-02 2.28041105e-04 4.85796677e-04
6.66195012e-02 -6.69281060e-04 4.86665458e-04
6.69776021e-02 2.63057789e-05 5.00983715e-04
6.73357019e-02 -2.49861738e-04 4.90991599e-04
6.76938005e-02 -1.22317760e-04 4.95117469e-04
6.80518981e-02 1.04382644e-04 4.79048135e-04
6.84099945e-02 -2.97444769e-05 4.79912855e-04
6.87680898e-02 8.02403557e-04 4.78796685e-04
6.91261840e-02 7.69202628e-04 4.83082137e-04
6.94842770e-02 9.19058877e-04 4.81148363e-04
6.98423689e-02 -1.41136737e-03 4.64420985e-04
7.02004596e-02 -6.36216203e-05 4.86119027e-04
7.05585492e-02 4.08647127e-04 4.67909397e-04
7.09166377e-02 -1.47681143e-04 4.78090322e-04
7.12747249e-02 -6.70359188e-04 4.81036473e-04
7.16328110e-02 -1.19010996e-03 4.82470068e-04
7.19908959e-02 1.15822629e-04 4.72424059e-04
7.23489796e-02 1.74970898e-04 4.68578605e-04
7.27070622e-02 -2.61386700e-04 4.78466835e-04
7.30651435e-02 -5.09217783e-04 4.75751877e-04
7.34232237e-02 -6.95652281e-04 4.56125912e-04
7.37813026e-02 8.50750235e-04 4.68500869e-04
7.41393803e-02 -5.63087117e-05 4.54422856e-04
7.44974568e-02 1.19651680e-03 4.50594094e-04
7.48555321e-02 2.22465668e-04 4.75829248e-04
7.52136061e-02 2.37194381e-04 4.71245811e-04
7.55716789e-02 6.80687753e-04 4.66540025e-04
7.59297505e-02 2.47226791e-04 4.42107525e-04
7.62878208e-02 4.40461183e-04 4.59904896e-04
7.66458899e-02 2.08112485e-04 4.57926195e-04
7.70039577e-02 -5.08921114e-05 4.51342022e-04
7.73620242e-02 6.07713233e-04 4.65285447e-04
7.77200895e-02 7.91869472e-04 4.44313360e-04
7.80781535e-02 3.97868725e-04 4.51957482e-04
7.84362162e-02 2.08890353e-04 4.43326447e-04
7.87942776e-02 3.05834140e-04 4.39759455e-04
7.91523377e-02 -6.18686780e-04 4.43412669e-04
7.95103965e-02 -3.56045678e-04 4.34435901e-04
7.98684540e-02 4.79018721e-04 4.41294177e-04
8.02265102e-02 -2.02709056e-04 4.42187270e-04
8.05845651e-02 -6.26235285e-04 4.36048674e-04
8.09426186e-02 -5.63086788e-04 4.34492223e-04
8.13006709e-02 -1.72187848e-04 4.43752910e-04
8.16587217e-02 -2.49724786e-04 4.35295866e-04
8.20167713e-02 6.39503801e-04 4.36423120e-04
8.23748195e-02 9.82972976e-04 4.46831278e-04
8.27328663e-02 4.55569012e-04 4.38963720e-04
8.30909118e-02 1.37304084e-04 4.39117972e-04
8.34489559e-02 9.60519084e-04 4.39896879e-04
8.38069986e-02 -1.11966550e-04 4.29668855e-04
8.41650400e-02 -2.48225346e-04 4.39343151e-04
8.45230800e-02 -1.78219466e-04 4.24223192e-04
8.48811185e-02 4.32094677e-04 4.46992605e-04
8.52391557e-02 -2.55398832e-04 4.38324662e-04
8.55971915e-02 -2.09285613e-04 4.41968978e-04
8.59552259e-02 -4.15705440e-04 4.34184230e-04
8.63132589e-02 1.88178979e-04 4.29670416e-04
8.66712904e-02 -2.90972172e-04 4.37731665e-04
8.70293205e-02 1.35344692e-04 4.37640982e-04
8.73873492e-02 2.98601514e-04 4.20693293e-04
8.77453765e-02 -4.02432352e-05 4.35222481e-04
8.81034023e-02 -3.50379502e-04 4.27227783e-04
8.84614267e-02 1.04395721e-04 4.25227541e-04
8.88194496e-02 -2.44864594e-04 4.29024178e-04
8.91774710e-02 -1.26957536e-04 4.24808295e-04
8.95354910e-02 7.02064253e-04 4.28459024e-04
8.98935095e-02 1.50759884e-04 4.28533603e-04
9.02515266e-02 -2.10971202e-04 4.32134636e-04
9.06095421e-02 7.86102296e-04 4.32945459e-04
9.09675562e-02 -3.00743430e-04 4.21525595e-04
9.13255687e-02 -6.70406327e-04 4.20632729e-04
9.16835798e-02 6.13173906e-04 4.39977161e-04
9.20415894e-02 -7.48131788e-05 4.33286568e-04
9.23995974e-02 -9.51130988e-05 4.33016956e-04
9.27576039e-02 -2.41544496e-04 4.22346129e-04
9.31156089e-02 -6.33900987e-04 4.16444804e-04
9.34736124e-02 -3.82877220e-04 4.24814280e-04
9.38316143e-02 1.98552086e-04 4.28000023e-04
9.41896147e-02 3.25428304e-04 4.22975516e-04
9.45476136e-02 -5.79687557e-04 4.08812716e-04
9.49056108e-02 1.34494183e-04 4.30848739e-04
9.52636066e-02 -2.52984085e-04 4.11828935e-04
9.56216007e-02 7.63729221e-05 3.99366771e-04
9.59795933e-02 -5.83051818e-04 4.11639970e-04
9.63375843e-02 3.71326638e-05 4.07549439e-04
9.66955738e-02 -3.89388334e-04 4.07139322e-04
9.70535616e-02 -2.10080619e-04 3.97599112e-04
9.74115478e-02 -1.45585934e-04 4.04867713e-04
9.77695325e-02 7.10331875e-05 4.10679167e-04
9.81275155e-02 -2.54247242e-04 4.13156172e-04
9.84854969e-02 -5.88549675e-04 4.06144576e-04
9.88434768e-02 4.19251448e-04 3.95272912e-04
9.92014549e-02 6.00685771e-04 4.00965503e-04
9.95594315e-02 -2.84778805e-04 3.99487800e-04
9.99174064e-02 -1.79273548e-04 3.92404239e-04
1.00275380e-01 -2.59423795e-04 3.84534992e-04
1.00633351e-01 1.30151285e-04 3.96853970e-04
1.00991321e-01 1.11994832e-03 4.05076445e-04
1.01349290e-01 -5.17274480e-06 4.01830456e-04
1.01707256e-01 -4.23408451e-04 3.90526608e-04
1.02065221e-01 -3.79612572e-04 3.91804785e-04
1.02423184e-01 -3.64306194e-04 3.84107825e-04
1.02781146e-01 2.96147007e-05 3.81308770e-04
1.03139106e-01 2.42324895e-04 3.91622702e-04
1.03497064e-01 2.01517942e-04 3.82930346e-04
1.03855021e-01 -2.63893829e-04 3.90448782e-04
1.04212976e-01 5.36959863e-04 3.90405125e-04
1.04570929e-01 3.28791145e-04 3.84872795e-04
1.04928880e-01 -5.91628419e-04 3.95128369e-04
1.05286830e-01 -1.44308501e-04 3.98746002e-04
1.05644778e-01 -9.52064450e-05 3.97237876e-04
1.06002724e-01 1.03670932e-03 4.04474013e-04
1.06360668e-01 1.06849149e-04 4.10422414e-04
1.06718611e-01 2.17263370e-04 3.91661340e-04
1.07076552e-01 2.30223617e-04 3.91675437e-04
1.07434491e-01 -6.13229508e-05 3.89784824e-04
1.07792429e-01 5.83574733e-04 4.04888293e-04
1.08150364e-01 1.55571334e-04 3.98795669e-04
1.08508298e-01 -1.15928985e-04 3.92531498e-04
1.08866230e-01 3.32952808e-04 3.92558259e-04
1.09224160e-01 -2.72484573e-04 4.03005656e-04
1.09582089e-01 -5.35741816e-04 4.03432246e-04
1.09940016e-01 -2.88974917e-04 3.97665584e-04
1.10297941e-01 2.62417499e-04 4.06392200e-04
1.10655864e-01 -3.56658049e-04 3.89568452e-04
1.11013785e-01 2.63713689e-04 3.89156384e-04
1.11371704e-01 -4.97352810e-04 3.81603270e-04
1.11729622e-01 -1.15095702e-04 3.86814481e-04
1.12087538e-01 8.06383010e-05 3.85763875e-04
1.12445452e-01 -9.68104185e-05 3.73361567e-04
1.12803364e-01 5.13838656e-04 3.88494484e-04
1.13161274e-01 -5.22268884e-04 3.76590465e-04
1.13519182e-01 7.19250666e-04 3.85843050e-04
1.13877089e-01 1.94207982e-04 3.75739394e-04
1.14234994e-01 -9.30489880e-05 3.73616388e-04
1.14592896e-01 7.72087696e-04 3.74989339e-04
1.14950797e-01 -3.67627576e-04 3.75613704e-04
1.15308696e-01 -4.95769196e-04 3.71751183e-04
1.15666593e-01 -6.80413027e-06 3.71921357e-04
1.16024488e-01 6.86996841e-05 3.66352201e-04
1.16382382e-01 2.52600417e-04 3.78052819e-04
1.16740273e-01 4.40927227e-04 3.66303448e-04
1.17098163e-01 1.11465417e-04 3.67517825e-04
1.17456050e-01 3.30844635e-05 3.69232250e-04
1.17813936e-01 4.87138398e-04 3.73640770e-04
1.18171819e-01 -1.58514001e-04 3.79022039e-04
1.18529701e-01 -2.90092127e-04 3.73077541e-04
1.18887581e-01 2.23673911e-04 3.73319835e-04
1.19245459e-01 2.71248159e-04 3.79306285e-04
1.19603335e-01 -1.02423675e-04 3.80938328e-04
1.19961208e-01 -1.23829913e-04 3.72468117e-04
1.20319080e-01 4.29738820e-04 3.73513933e-04
1.20676950e-01 -6.44416150e-04 3.79667560e-04
1.21034818e-01 -4.08707187e-04 3.81327236e-04
1.21392684e-01 -1.04916137e-04 3.72753112e-04
1.21750548e-01 3.82078277e-04 3.64228540e-04
1.22108410e-01 -1.57294291e-04 3.68060541e-04
1.22466270e-01 -5.46066359e-04 3.69055945e-04
1.22824128e-01 1.63435203e-06 3.60008256e-04
1.23181984e-01 1.82194614e-04 3.73139419e-04
1.23539838e-01 -2.37765869e-04 3.79394478e-04
1.23897690e-01 -9.09398018e-05 3.66318842e-04
1.24255540e-01 1.97411049e-04 3.62152391e-04
1.24613388e-01 -3.82040435e-04 3.54088334e-04
1.24971233e-01 1.37590543e-04 3.64114532e-04
1.25329077e-01 1.39630496e-04 3.65102389e-04
1.25686919e-01 3.95491061e-04 3.63379527e-04
1.26044758e-01 3.11324851e-04 3.61567457e-04
1.26402596e-01 -8.52480473e-04 3.46776288e-04
1.26760431e-01 -2.51760538e-04 3.65422986e-04
1.27118265e-01 -1.73078644e-04 3.60036432e-04
1.27476096e-01 1.53011551e-04 3.56114079e-04
1.27833925e-01 -2.23160854e-04 3.54400689e-04
1.28191752e-01 9.88973846e-05 3.50315352e-04
1.28549577e-01 1.23282325e-04 3.49933278e-04
1.28907400e-01 2.12717229e-04 3.49950859e-04
1.29265221e-01 -4.52149537e-04 3.53841896e-04
1.29623040e-01 2.48486638e-04 3.60346437e-04
1.29980856e-01 4.88722311e-05 3.53482420e-04
1.30338670e-01 2.99204833e-04 3.42102633e-04
1.30696483e-01 -9.81114328e-05 3.39211715e-04
1.31054293e-01 -1.57633290e-04 3.48510826e-04
1.31412101e-01 -2.50681495e-04 3.58658982e-04
1.31769906e-01 2.43611210e-04 3.51741984e-04
1.32127710e-01 -5.29129700e-04 3.46637534e-04
1.32485511e-01 -2.82981758e-04 3.48375041e-04
1.32843311e-01 -3.66356438e-04 3.48279157e-04
1.33201108e-01 7.97033243e-04 3.48878422e-04
1.33558903e-01 -1.72777782e-04 3.38379678e-04
1.33916695e-01 2.03133692e-04 3.38538263e-04
1.34274486e-01 4.89249311e-06 3.46853381e-04
1.34632274e-01 -1.68735521e-04 3.40188696e-04
1.34990060e-01 -3.82816677e-04 3.43884832e-04
1.35347844e-01 6.10515046e-04 3.40696901e-04
1.35705626e-01 8.37007842e-05 3.41607018e-04
1.36063405e-01 2.18007403e-05 3.40085832e-04
1.36421182e-01 2.37432972e-04 3.35906802e-04
1.36778957e-01 -2.05990027e-04 3.36941322e-04
1.37136730e-01 -1.38362975e-04 3.36703434e-04
1.37494500e-01 9.01007942e-05 3.35827848e-04
1.37852269e-01 6.16629314e-05 3.24009255e-04
1.38210034e-01 4.38268303e-04 3.31360293e-04
1.38567798e-01 -5.40282578e-05 3.26734745e-04
1.38925559e-01 2.22088708e-04 3.37042086e-04
1.39283319e-01 -2.73000177e-04 3.30330124e-04
1.39641075e-01 -4.59038375e-04 3.27198080e-04
1.39998830e-01 -5.43440311e-04 3.22000357e-04
1.40356582e-01 -4.63467968e-05 3.19501854e-04
1.40714332e-01 -1.13823476e-04 3.29581256e-04
1.41072080e-01 -1.32575927e-04 3.23450622e-04
1.41429825e-01 -5.03272358e-04 3.26736480e-04
1.41787568e-01 -2.02254986e-04 3.24178700e-04
1.42145308e-01 -2.50495514e-04 3.22510496e-04
1.42503047e-01 -1.20102472e-04 3.25095151e-04
1.42860783e-01 -5.44753078e-05 3.23619812e-04
1.43218516e-01 -5.60000111e-04 3.29378704e-04
1.43576247e-01 1.78905353e-04 3.31279953e-04
1.43933976e-01 -1.36900419e-04 3.22777127e-04
1.44291703e-01 -4.55751051e-05 3.20952642e-04
1.44649427e-01 -1.57914504e-06 3.23817638e-04
1.45007149e-01 3.90857293e-04 3.24534990e-04
1.45364868e-01 -8.72618957e-05 3.22120634e-04
1.45722585e-01 -6.19745606e-05 3.14942682e-04
1.46080300e-01 1.57951422e-04 3.26406138e-04
1.46438012e-01 -2.39577237e-04 3.18255418e-04
1.46795722e-01 7.01887820e-04 3.17108199e-04
1.47153429e-01 -1.77760028e-04 3.16146213e-04
1.47511134e-01 -5.21292038e-04 3.16656905e-04
1.47868837e-01 7.20568884e-05 3.14010260e-04
1.48226537e-01 -2.40440156e-05 3.25644073e-04
1.48584235e-01 2.58606535e-04 3.20047900e-04
1.48941930e-01 -9.99441964e-05 3.06149894e-04
1.49299623e-01 2.29552255e-04 3.15160824e-04
1.49657313e-01 2.27125255e-04 3.18235421e-04
1.50015001e-01 1.21835807e-04 3.20212195e-04
1.50372687e-01 3.73056945e-04 3.17261093e-04
1.50730370e-01 2.15730544e-04 3.12373630e-04
1.51088050e-01 1.12343621e-05 3.07163188e-04
1.51445728e-01 5.12900183e-04 3.18976820e-04
1.51803404e-01 -1.92765968e-04 3.05920863e-04
1.52161077e-01 -5.57352394e-04 3.16242539e-04
1.52518747e-01 2.52941577e-05 3.08319026e-04
1.52876416e-01 1.14249526e-04 3.13990096e-04
1.53234081e-01 -7.45420611e-05 3.10690351e-04
1.53591744e-01 -4.08630270e-04 3.06787980e-04
1.53949405e-01 -1.79207427e-04 3.05090798e-04
1.54307063e-01 -2.29289744e-04 3.09719868e-04
1.54664718e-01 5.06046629e-05 3.10153747e-04
1.55022371e-01 -6.47910178e-04 3.04361215e-04
1.55380021e-01 -9.24830816e-05 3.06336175e-04
1.55737669e-01 3.24085397e-04 3.05687762e-04
1.56095314e-01 -1.86389517e-04 3.08962919e-04
1.56452957e-01 3.44486252e-04 3.10728835e-04
1.56810597e-01 -1.80784704e-04 3.00211029e-04
1.57168235e-01 -1.02945980e-04 3.04708925e-04
1.57525870e-01 1.05748107e-04 3.13419052e-04
1.57883502e-01 7.88301213e-06 3.02377136e-04
1.58241132e-01 -1.00676318e-04 2.98740827e-04
1.58598759e-01 4.15565961e-04 2.97569152e-04
1.58956384e-01 -4.06944681e-04 3.01146708e-04
1.59314006e-01 -3.68742005e-05 3.00642019e-04
1.59671625e-01 7.29903777e-05 3.02674657e-04
1.60029242e-01 -9.62268664e-05 2.98366920e-04
1.60386856e-01 -1.37886520e-04 2.96669700e-04
1.60744468e-01 -1.30344647e-04 3.03590783e-04
1.61102076e-01 3.98919078e-05 2.97160472e-04
1.61459683e-01 -6.69738725e-05 2.97467857e-04
1.61817286e-01 -4.08998872e-05 2.95890817e-04
1.62174887e-01 6.86977636e-05 2.97534791e-04
1.62532485e-01 -7.51028356e-05 2.95778884e-04
1.62890081e-01 -2.19151398e-04 2.99163717e-04
1.63247674e-01 1.07032114e-04 2.92986386e-04
1.63605264e-01 1.04221610e-04 2.96999429e-04
1.63962852e-01 7.54357371e-05 3.00396437e-04
1.64320437e-01 1.94259876e-04 3.02302465e-04
1.64678019e-01 2.18578021e-04 2.92644719e-04
1.65035598e-01 1.40859820e-04 2.91079718e-04
1.65393175e-01 2.59603093e-04 3.02581440e-04
1.65750749e-01 -6.70881623e-04 2.93999881e-04
1.66108320e-01 2.34955679e-04 3.04286567e-04
1.66465889e-01 -2.18823527e-04 2.98382024e-04
1.66823455e-01 -1.73728895e-04 2.93889481e-04
1.67181018e-01 1.03518779e-04 2.97038579e-04
1.67538578e-01 1.25889671e-04 2.94981885e-04
1.67896136e-01 7.81059328e-05 2.93514287e-04
1.68253691e-01 4.21997048e-04 2.94142651e-04
1.68611243e-01 2.67462174e-04 2.93861700e-04
1.68968792e-01 -1.30796581e-04 2.89429046e-04
1.69326339e-01 8.00064881e-05 2.88852224e-04
1.69683883e-01 -3.57154934e-05 2.81617507e-04
1.70041424e-01 -3.26439088e-04 2.79809643e-04
1.70398962e-01 2.24910392e-04 2.89273688e-04
1.70756497e-01 5.13887984e-05 2.90598142e-04
1.71114030e-01 1.20446228e-04 2.87870323e-04
1.71471560e-01 -2.20240229e-04 2.91701119e-04
1.71829087e-01 3.41418923e-04 2.86455079e-04
1.72186611e-01 -9.71272947e-05 2.84665081e-04
1.72544132e-01 1.54398358e-04 2.83711705e-04
1.72901651e-01 -1.11928237e-05 2.87556066e-04
1.73259167e-01 1.62308230e-04 2.90522886e-04
1.73616679e-01 2.42274432e-04 2.92168854e-04
1.73974189e-01 2.16960727e-04 2.88949239e-04
1.74331697e-01 -3.93450619e-05 2.84769623e-04
1.74689201e-01 -3.43341354e-04 2.79838165e-04
1.75046702e-01 -3.37966371e-05 2.72664257e-04
1.75404201e-01 1.20296729e-04 2.83103298e-04
1.75761697e-01 1.51655083e-04 2.80093149e-04
1.76119189e-01 -1.98068422e-04 2.83929955e-04
1.76476679e-01 -1.05987432e-04 2.80876524e-04
1.76834166e-01 2.24097292e-04 2.83963899e-04
1.77191650e-01 4.60596560e-04 2.82721618e-04
1.77549132e-01 -3.10045322e-04 2.70040624e-04
1.77906610e-01 -1.59612517e-05 2.78414121e-04
1.78264085e-01 -5.05752003e-05 2.77544327e-04
1.78621558e-01 -5.28963995e-05 2.83853860e-04
1.78979027e-01 8.69669461e-05 2.75111492e-04
1.79336494e-01 2.83958571e-04 2.74160514e-04
1.79693958e-01 1.72770728e-04 2.75534088e-04
1.80051418e-01 6.35521937e-04 2.72068704e-04
1.80408876e-01 1.29600110e-04 2.77841562e-04
1.80766331e-01 1.44372811e-05 2.82778804e-04
1.81123783e-01 2.54619959e-04 2.75996323e-04
1.81481232e-01 -2.66406231e-04 2.78694232e-04
1.81838677e-01 -1.72618854e-04 2.84679753e-04
1.82196120e-01 -2.29515715e-04 2.87269465e-04
1.82553560e-01 1.41817838e-04 2.83433843e-04
1.82910997e-01 -1.80350083e-04 2.80956493e-04
1.83268431e-01 1.42488912e-04 2.88126964e-04
1.83625862e-01 1.26127111e-04 2.78740707e-04
1.83983290e-01 -9.66870154e-05 2.85115857e-04
1.84340715e-01 -1.25964529e-04 2.85566932e-04
1.84698137e-01 1.49419299e-04 2.84965522e-04
1.85055556e-01 -1.09707933e-04 2.87027351e-04
1.85412971e-01 -5.65196493e-06 2.85224277e-04
1.85770384e-01 -3.53741896e-04 2.86103924e-04
1.86127794e-01 -5.47419164e-04 2.77165604e-04
1.86485200e-01 -1.74713124e-05 2.77027143e-04
1.86842604e-01 -6.19081532e-05 2.80137761e-04
1.87200005e-01 2.12751521e-04 2.82319522e-04
1.87557402e-01 2.73176001e-04 2.78516111e-04
1.87914797e-01 6.48706280e-05 2.68791473e-04
1.88272188e-01 -2.99414166e-04 2.72572905e-04
1.88629576e-01 -9.39490330e-05 2.85574239e-04
1.88986961e-01 -2.75528922e-04 2.76973663e-04
1.89344343e-01 -1.07097359e-04 2.75629699e-04
1.89701722e-01 -9.51416183e-05 2.75486927e-04
1.90059098e-01 -4.75511891e-04 2.71716490e-04
1.90416471e-01 -1.10339646e-04 2.67423340e-04
1.90773840e-01 1.66967286e-04 2.75951955e-04
1.91131207e-01 3.09635969e-04 2.73423345e-04
1.91488570e-01 -1.18849190e-04 2.69089506e-04
1.91845930e-01 4.35707294e-05 2.68536524e-04
1.92203287e-01 1.13718256e-04 2.71774788e-04
1.92560641e-01 -5.71951137e-05 2.74249874e-04
1.92917992e-01 1.29481234e-04 2.66395543e-04
1.93275340e-01 -2.81314568e-04 2.67487425e-04
1.93632684e-01 -5.15962173e-04 2.68289708e-04
1.93990025e-01 -4.28200831e-04 2.73438904e-04
1.94347363e-01 8.59645094e-07 2.71554762e-04
1.94704698e-01 -1.00441806e-04 2.71777888e-04
1.95062030e-01 -1.57790047e-04 2.70965673e-04
1.95419358e-01 -5.07868486e-05 2.68337555e-04
1.95776684e-01 -4.50356052e-04 2.65731077e-04
1.96134006e-01 1.77657525e-05 2.69813270e-04
1.96491324e-01 1.67668740e-04 2.71055686e-04
1.96848640e-01 1.58934566e-04 2.72487705e-04
1.97205953e-01 -2.35788400e-04 2.72559305e-04
1.97563262e-01 4.95880166e-05 2.72874832e-04
1.97920568e-01 -1.04601857e-04 2.73375891e-04
1.98277870e-01 -1.25771286e-04 2.71759445e-04
1.98635170e-01 2.10483442e-04 2.69851183e-04
1.98992466e-01 1.50405379e-04 2.71488437e-04
1.99349759e-01 -1.02666787e-04 2.70666782e-04
1.99707049e-01 -1.43583188e-04 2.72720336e-04
2.00064335e-01 -2.09001302e-04 2.70456472e-04
2.00421618e-01 -1.97225733e-04 2.67167878e-04
2.00778898e-01 -5.09466633e-06 2.65645214e-04
2.01136174e-01 1.06446375e-04 2.69184965e-04
2.01493448e-01 -2.23539140e-04 2.64199735e-04
2.01850718e-01 1.98539506e-04 2.62108243e-04
2.02207984e-01 -3.26484986e-04 2.61441949e-04
2.02565248e-01 8.42089809e-05 2.59201309e-04
2.02922508e-01 3.94047137e-05 2.68154100e-04
2.03279764e-01 8.38626205e-06 2.63258514e-04
2.03637018e-01 -9.03793047e-04 2.56355554e-04
2.03994268e-01 -3.99687470e-04 2.60065892e-04
2.04351514e-01 -1.56310838e-04 2.58943292e-04
2.04708758e-01 -4.89683740e-05 2.58726657e-04
2.05065998e-01 -4.82704624e-04 2.57442109e-04
2.05423234e-01 -1.10637181e-04 2.57628324e-04
2.05780467e-01 5.94741327e-04 2.54935538e-04
2.06137697e-01 1.72736953e-05 2.58512377e-04
2.06494924e-01 -1.19934068e-04 2.59430706e-04
2.06852147e-01 -6.74955635e-05 2.56079686e-04
2.07209367e-01 2.28144659e-04 2.59980942e-04
2.07566583e-01 -6.21505387e-06 2.53788240e-04
2.07923796e-01 -1.74338879e-04 2.51287539e-04
2.08281005e-01 -2.03519944e-05 2.57852870e-04
2.08638211e-01 -3.92380683e-04 2.52380690e-04
2.08995414e-01 -1.67522316e-04 2.52098803e-04
2.09352613e-01 -3.45476422e-04 2.49842943e-04
2.09709809e-01 -2.97759896e-04 2.55101105e-04
2.10067002e-01 -3.73716635e-04 2.55125610e-04
2.10424191e-01 1.88782737e-04 2.57712519e-04
2.10781376e-01 5.32816136e-04 2.54654989e-04
2.11138558e-01 3.09479217e-04 2.58422615e-04
2.11495737e-01 1.93013613e-04 2.46562999e-04
2.11852912e-01 6.15374546e-05 2.52676474e-04
2.12210084e-01 -1.57124494e-04 2.49955428e-04
2.12567252e-01 -4.28967644e-05 2.50973479e-04
2.12924416e-01 1.12412391e-05 2.49055651e-04
2.13281578e-01 3.21656475e-04 2.52279490e-04
2.13638735e-01 7.79860547e-05 2.48955987e-04
2.13995890e-01 -1.51431006e-04 2.49836737e-04
2.14353040e-01 -1.53374445e-05 2.47333809e-04
2.14710188e-01 -3.02661898e-04 2.47735034e-04
2.15067331e-01 -1.54295266e-04 2.47314732e-04
2.15424471e-01 -3.14959008e-04 2.46425290e-04
2.15781608e-01 -1.46535956e-04 2.43290668e-04
2.16138741e-01 -2.89350697e-04 2.45348394e-04
2.16495871e-01 -5.95802766e-04 2.42441541e-04
2.16852997e-01 3.79346033e-05 2.48579932e-04
2.17210119e-01 -1.09606094e-04 2.43041742e-04
2.17567238e-01 -3.54125024e-04 2.45980024e-04
2.17924354e-01 -2.76482664e-04 2.40419205e-04
2.18281465e-01 1.46095225e-04 2.43293769e-04
2.18638574e-01 -8.81850225e-05 2.44107911e-04
2.18995678e-01 -2.25252461e-04 2.44793279e-04
2.19352779e-01 -2.27745312e-04 2.38051549e-04
2.19709877e-01 -1.45376993e-04 2.42467643e-04
2.20066971e-01 9.57080290e-05 2.42977648e-04
2.20424061e-01 1.99445927e-04 2.38838147e-04
2.20781147e-01 -7.87576021e-05 2.38189474e-04
2.21138230e-01 -6.35619805e-05 2.39013009e-04
2.21495310e-01 4.03728257e-06 2.42754764e-04
2.21852386e-01 3.21865189e-04 2.39972707e-04
2.22209458e-01 -3.41810099e-04 2.39849258e-04
2.22566526e-01 1.73653626e-04 2.39371374e-04
2.22923591e-01 4.10778855e-05 2.35826247e-04
2.23280652e-01 -6.19836702e-06 2.35919382e-04
2.23637710e-01 -2.01361413e-04 2.38950996e-04
2.23994764e-01 9.30633325e-05 2.36897901e-04
2.24351814e-01 -1.15367547e-04 2.40017127e-04
2.24708861e-01 -8.92404548e-05 2.40624316e-04
2.25065904e-01 5.32228084e-05 2.37501376e-04
2.25422943e-01 -1.15484543e-04 2.38154448e-04
2.25779978e-01 1.76170382e-04 2.43672302e-04
2.26137010e-01 -1.38762195e-04 2.37364371e-04
2.26494038e-01 1.31090378e-04 2.37255786e-04
2.26851063e-01 -3.83039215e-05 2.34207134e-04
2.27208083e-01 2.32786926e-04 2.36411169e-04
2.27565100e-01 1.61525378e-04 2.34107711e-04
2.27922114e-01 7.79114218e-05 2.31239459e-04
2.28279123e-01 -1.77312894e-04 2.37351030e-04
2.28636129e-01 -4.33011417e-04 2.38497898e-04
2.28993131e-01 -5.98508958e-04 2.33963007e-04
2.29350129e-01 -7.19145365e-05 2.31445811e-04
2.29707124e-01 2.57715383e-04 2.32864047e-04
2.30064115e-01 2.22629681e-04 2.39749642e-04
2.30421102e-01 8.94951896e-05 2.34956992e-04
2.30778085e-01 -8.42154306e-05 2.31151547e-04
2.31135064e-01 -2.46199456e-05 2.28536587e-04
2.31492040e-01 -1.71874219e-04 2.33003232e-04
2.31849012e-01 3.82008019e-05 2.31722360e-04
2.32205980e-01 3.98361544e-04 2.31629506e-04
2.32562944e-01 -1.46369176e-04 2.25317634e-04
2.32919905e-01 2.73501990e-05 2.30941367e-04
2.33276862e-01 -8.34742789e-05 2.32072191e-04
2.33633814e-01 1.55020119e-04 2.27912621e-04
2.33990763e-01 -6.85157622e-05 2.30292719e-04
2.34347709e-01 -1.69371991e-04 2.28225555e-04
2.34704650e-01 -1.06454405e-04 2.31404093e-04
2.35061588e-01 -4.37412131e-04 2.30853423e-04
2.35418521e-01 4.27921585e-05 2.25284614e-04
2.35775451e-01 -2.46911336e-04 2.23235057e-04
2.36132377e-01 -1.70703228e-04 2.25198555e-04
2.36489299e-01 1.34886554e-04 2.27251371e-04
2.36846218e-01 -1.16669062e-04 2.28309832e-04
2.37203132e-01 2.42516916e-04 2.28030548e-04
2.37560042e-01 -3.40108679e-04 2.26628582e-04
2.37916949e-01 -2.23096838e-04 2.25479643e-04
2.38273852e-01 -1.24446444e-04 2.21952552e-04
2.38630751e-01 3.91636195e-04 2.29479623e-04
2.38987645e-01 8.20869534e-05 2.26627649e-04
2.39344537e-01 -1.97386318e-04 2.22851601e-04
2.39701424e-01 4.05712878e-04 2.25446358e-04
2.40058307e-01 -4.27321558e-04 2.19589274e-04
2.40415186e-01 -7.48929756e-05 2.22934550e-04
2.40772061e-01 5.91995802e-05 2.22376702e-04
2.41128933e-01 -3.53972970e-04 2.21931157e-04
2.41485800e-01 -5.67225143e-05 2.22116763e-04
2.41842664e-01 -5.98639803e-05 2.22013994e-04
2.42199523e-01 -3.45842666e-04 2.21110372e-04
2.42556379e-01 -2.58977709e-04 2.20702423e-04
2.42913230e-01 -3.22616531e-04 2.17350058e-04
2.43270078e-01 -6.99354794e-05 2.22825549e-04
2.43626922e-01 -5.72490571e-05 2.19158783e-04
2.43983761e-01 -1.46996455e-04 2.20573698e-04
2.44340597e-01 3.57819519e-04 2.20528558e-04
2.44697429e-01 -2.11648956e-04 2.17994880e-04
2.45054256e-01 1.12875825e-04 2.19803188e-04
2.45411080e-01 -8.00745530e-05 2.20586066e-04
2.45767900e-01 -2.86762976e-05 2.13954605e-04
2.46124715e-01 4.39855734e-06 2.16376640e-04
2.46481527e-01 -4.85200494e-05 2.19418035e-04
2.46838334e-01 1.77689683e-05 2.16635544e-04
2.47195138e-01 1.68252077e-04 2.15031188e-04
2.47551938e-01 -3.58357167e-05 2.19415906e-04
2.47908733e-01 7.55338682e-05 2.13654047e-04
2.48265524e-01 9.50562587e-06 2.14645556e-04
2.48622312e-01 -1.00091911e-04 2.18383350e-04
2.48979095e-01 8.61492617e-05 2.13545329e-04
2.49335874e-01 1.22276166e-04 2.15050839e-04
2.49692649e-01 1.87302316e-05 2.14336012e-04
2.50049420e-01 3.36788871e-04 2.17423276e-04
2.50406187e-01 -9.78500527e-05 2.11962077e-04
2.50762950e-01 2.43617224e-04 2.14857219e-04
2.51119709e-01 1.08480952e-04 2.13377067e-04
2.51476464e-01 -1.49992618e-05 2.16914111e-04
2.51833214e-01 4.05585368e-04 2.13975400e-04
2.52189961e-01 1.19407454e-04 2.16187175e-04
2.52546703e-01 -7.69297590e-05 2.10624769e-04
2.52903441e-01 -9.56548239e-06 2.12981070e-04
2.53260175e-01 -1.68647740e-04 2.12578321e-04
2.53616905e-01 3.20066803e-04 2.14815183e-04
2.53973631e-01 -1.94625559e-07 2.13696380e-04
2.54330352e-01 -2.00776365e-04 2.10991454e-04
2.54687070e-01 -4.32400246e-04 2.14661817e-04
2.55043783e-01 -3.18935231e-05 2.11096315e-04
2.55400492e-01 4.04408076e-04 2.12108697e-04
2.55757197e-01 -1.64828332e-04 2.12203401e-04
2.56113898e-01 -2.94402600e-05 2.16337923e-04
2.56470595e-01 -1.84044469e-04 2.14205669e-04
2.56827287e-01 -2.12329566e-04 2.13179719e-04
2.57183975e-01 -4.82419383e-04 2.14303171e-04
2.57540659e-01 1.31463108e-04 2.17161108e-04
2.57897339e-01 9.70287404e-05 2.15012333e-04
2.58254014e-01 -4.12050235e-04 2.12638011e-04
2.58610686e-01 5.49004241e-05 2.13449259e-04
2.58967353e-01 1.05251176e-04 2.13335534e-04
2.59324016e-01 -1.86349949e-04 2.16065613e-04
2.59680674e-01 4.96466904e-04 2.16533542e-04
2.60037329e-01 3.39358045e-04 2.15383471e-04
2.60393979e-01 -2.09449580e-05 2.16934210e-04
2.60750625e-01 -1.17005993e-04 2.15856396e-04
2.61107266e-01 -2.09357332e-04 2.16572150e-04
2.61463904e-01 5.32759708e-05 2.16969272e-04
2.61820537e-01 -8.23926665e-05 2.15257013e-04
2.62177166e-01 -1.40452247e-04 2.17554630e-04
2.62533790e-01 2.22846969e-04 2.16254026e-04
2.62890410e-01 -3.09979900e-06 2.16932208e-04
2.63247026e-01 2.77446032e-04 2.15017541e-04
2.63603638e-01 2.06654625e-04 2.13919333e-04
2.63960245e-01 1.74507063e-04 2.13024220e-04
2.64316848e-01 -7.29412832e-05 2.14139123e-04
2.64673447e-01 -8.11835421e-05 2.13646359e-04
2.65030042e-01 7.50709054e-05 2.12164854e-04
2.65386632e-01 1.97566373e-04 2.14219087e-04
2.65743217e-01 3.41103486e-04 2.16031016e-04
2.66099799e-01 -1.69715330e-06 2.16418235e-04
2.66456376e-01 5.87163405e-05 2.11839169e-04
2.66812948e-01 3.78034158e-04 2.16115454e-04
2.67169517e-01 3.10318225e-04 2.11727751e-04
2.67526081e-01 1.11284015e-04 2.17491235e-04
2.67882640e-01 8.77572936e-05 2.19470690e-04
2.68239195e-01 8.06266918e-05 2.16614360e-04
2.68595746e-01 8.79064887e-05 2.17793217e-04
2.68952293e-01 -2.60552269e-04 2.12752493e-04
2.69308835e-01 2.78164473e-04 2.15165025e-04
2.69665372e-01 -1.46374758e-04 2.16802510e-04
2.70021906e-01 -1.11483286e-04 2.19816984e-04
2.70378435e-01 -3.31081803e-04 2.23639009e-04
2.70734959e-01 -2.35781835e-04 2.18401543e-04
2.71091479e-01 -2.28700065e-04 2.24057584e-04
2.71447995e-01 -6.66963629e-05 2.26268039e-04
2.71804506e-01 -1.53310931e-04 2.23213165e-04
2.72161012e-01 1.74467735e-04 2.26530912e-04
2.72517515e-01 -1.13856533e-04 2.26691394e-04
2.72874012e-01 2.43249723e-05 2.22942712e-04
