1.54026655e-02 -8.90049688e-04 1.62370841e-03
1.57608633e-02 -4.09807343e-04 1.67783334e-03
1.61190608e-02 2.72847718e-03 1.53043068e-03
1.64772580e-02 1.30913719e-03 1.46941186e-03
1.68354550e-02 7.96508627e-04 1.42516434e-03
1.71936517e-02 -2.18421566e-03 1.36562576e-03
1.75518481e-02 7.15256046e-04 1.28477653e-03
1.79100442e-02 -1.17591554e-04 1.21364218e-03
1.82682400e-02 6.30131614e-05 1.20799520e-03
1.86264355e-02 1.51961542e-03 1.24688302e-03
1.89846308e-02 3.17066155e-04 1.17026113e-03
1.93428257e-02 -1.47902041e-04 1.16260012e-03
1.97010202e-02 9.35277356e-04 1.12008109e-03
2.00592145e-02 -7.37523455e-04 1.04750580e-03
2.04174084e-02 8.38348625e-04 1.00543022e-03
2.07756020e-02 2.95063220e-04 1.01166069e-03
2.11337953e-02 1.40180283e-03 9.81225026e-04
2.14919882e-02 2.80121574e-03 1.03258704e-03
2.18501808e-02 1.54499683e-04 9.74779100e-04
2.22083729e-02 6.69549833e-04 9.99518863e-04
2.25665648e-02 1.44407519e-03 1.04294495e-03
2.29247562e-02 -6.98388983e-04 1.02159506e-03
2.32829473e-02 1.81009477e-03 9.60368771e-04
2.36411380e-02 4.62851231e-04 9.33009823e-04
2.39993283e-02 9.94468778e-04 9.24427690e-04
2.43575182e-02 4.98259810e-04 8.75215676e-04
2.47157077e-02 -3.21235108e-04 8.79951896e-04
2.50738968e-02 1.31374920e-03 8.92024711e-04
2.54320855e-02 -4.66214251e-04 8.82381713e-04
2.57902738e-02 1.36669123e-03 8.74862962e-04
2.61484617e-02 4.70252441e-04 8.42598323e-04
2.65066491e-02 1.27464155e-03 8.17364696e-04
2.68648361e-02 -8.25189277e-04 8.03937400e-04
2.72230226e-02 5.84698275e-04 8.26654406e-04
2.75812087e-02 -6.58959066e-04 7.89140463e-04
2.79393943e-02 1.17183273e-03 8.23635376e-04
2.82975795e-02 1.12764945e-03 8.25964895e-04
2.86557642e-02 4.80033451e-04 8.34704341e-04
2.90139485e-02 -5.78747097e-04 8.12187362e-04
2.93721323e-02 3.86764968e-04 8.08202088e-04
2.97303155e-02 3.50957290e-04 8.63778107e-04
3.00884983e-02 4.84970187e-05 8.33939444e-04
3.04466806e-02 1.35742705e-03 7.85969271e-04
3.08048624e-02 1.63038080e-03 8.50269557e-04
3.11630437e-02 2.43056537e-03 8.50200962e-04
3.15212245e-02 -5.82616313e-04 7.60990928e-04
3.18794048e-02 -1.11052831e-03 7.82837326e-04
3.22375845e-02 1.04953802e-03 8.05523310e-04
3.25957637e-02 1.52690364e-03 7.82658526e-04
3.29539424e-02 3.05380478e-04 7.82450050e-04
3.33121205e-02 -2.02960258e-06 7.87240789e-04
3.36702981e-02 1.70462791e-03 7.74133087e-04
3.40284751e-02 -5.62610181e-04 8.09923121e-04
3.43866516e-02 -8.39920421e-05 7.31851296e-04
3.47448275e-02 5.96358924e-04 7.61865452e-04
3.51030028e-02 6.99803383e-04 7.74918385e-04
3.54611775e-02 6.20256089e-04 7.71692338e-04
3.58193517e-02 1.70856253e-03 7.35033073e-04
3.61775253e-02 1.30218800e-03 7.24831141e-04
3.65356983e-02 1.06671813e-03 7.11873614e-04
3.68938706e-02 3.18150426e-04 7.27025041e-04
3.72520424e-02 9.82542808e-04 7.04868485e-04
3.76102136e-02 1.01464658e-03 7.29310859e-04
3.79683841e-02 1.37756139e-03 7.04396040e-04
3.83265540e-02 1.31085017e-03 7.04491701e-04
3.86847233e-02 1.82344036e-03 6.83496667e-04
3.90428920e-02 2.06133653e-03 6.73256332e-04
3.94010600e-02 6.81665767e-04 6.98770282e-04
3.97592273e-02 -4.02260444e-04 6.80922166e-04
4.01173941e-02 1.75832934e-03 6.84843529e-04
4.04755601e-02 9.14196260e-06 6.61009564e-04
4.08337255e-02 -3.58941344e-04 6.43345366e-04
4.11918902e-02 5.76730612e-05 6.46067504e-04
4.15500542e-02 1.13139335e-04 6.47879204e-04
4.19082176e-02 -3.29918953e-04 6.57507125e-04
4.22663802e-02 -2.47774495e-04 6.47650212e-04
4.26245422e-02 7.49679757e-04 6.48565560e-04
4.29827034e-02 9.93337491e-04 6.75430369e-04
4.33408640e-02 8.79802116e-05 6.58411140e-04
4.36990238e-02 9.21993037e-06 6.48985296e-04
4.40571830e-02 -3.57461731e-04 6.63569613e-04
4.44153414e-02 -3.52209216e-04 6.80996161e-04
4.47734990e-02 -8.97571086e-04 6.57874005e-04
4.51316560e-02 8.68282963e-04 6.61522763e-04
4.54898122e-02 8.80259926e-04 6.40267881e-04
4.58479676e-02 1.75718140e-04 6.59689853e-04
4.62061223e-02 -2.60050382e-04 6.57500044e-04
4.65642762e-02 -6.43144648e-04 6.27844567e-04
4.69224294e-02 -1.08685714e-04 6.44387685e-04
4.72805818e-02 1.30424116e-03 6.47269100e-04
4.76387334e-02 5.49424014e-04 6.40067695e-04
4.79968842e-02 1.85311819e-04 6.18466203e-04
4.83550342e-02 5.03048165e-04 6.46080508e-04
4.87131835e-02 -2.36468371e-05 6.24464147e-04
4.90713319e-02 1.27273197e-03 6.07520790e-04
4.94294795e-02 3.81459048e-04 6.00152258e-04
4.97876264e-02 2.54600804e-04 6.27206936e-04
5.01457724e-02 9.34728547e-04 6.15810642e-04
5.05039175e-02 6.23853107e-04 5.95955356e-04
5.08620619e-02 6.14069602e-04 5.90501702e-04
5.12202054e-02 3.94470093e-04 5.95540598e-04
5.15783481e-02 5.25835533e-04 5.60153885e-04
5.19364899e-02 2.70673652e-04 6.02427752e-04
5.22946308e-02 -3.09169987e-04 5.70451345e-04
5.26527709e-02 7.24659886e-04 5.96102244e-04
5.30109102e-02 1.24083445e-04 5.81270224e-04
5.33690485e-02 -3.00806859e-04 5.62376443e-04
5.37271860e-02 -8.61695550e-05 5.65848109e-04
5.40853226e-02 -5.27154960e-04 5.86163498e-04
5.44434583e-02 8.06945098e-04 5.73893151e-04
5.48015932e-02 -7.10617234e-04 5.39585281e-04
5.51597271e-02 -2.78296381e-04 5.63137728e-04
5.55178601e-02 3.15645646e-04 5.71653330e-04
5.58759922e-02 5.01543385e-04 5.65763245e-04
5.62341234e-02 9.74834576e-04 5.64623844e-04
5.65922536e-02 4.60320921e-04 5.39869833e-04
5.69503829e-02 -5.26108470e-04 5.42324182e-04
5.73085113e-02 -3.68588079e-04 5.29631079e-04
5.76666388e-02 -4.94531200e-04 5.32996382e-04
5.80247653e-02 2.41903313e-04 5.37480247e-04
5.83828908e-02 6.17144041e-04 5.46238917e-04
5.87410154e-02 7.16026679e-04 5.42930080e-04
5.90991390e-02 1.45834900e-04 5.25330446e-04
5.94572616e-02 9.48491310e-04 5.35999819e-04
5.98153833e-02 -1.06053533e-04 5.15563431e-04
6.01735040e-02 1.49594592e-04 5.22624649e-04
6.05316237e-02 4.62042087e-04 5.21417566e-04
6.08897424e-02 7.81715285e-04 5.25801311e-04
6.12478600e-02 1.91823366e-04 5.36589378e-04
6.16059767e-02 3.14784336e-04 5.18315420e-04
6.19640924e-02 -6.29147345e-05 5.24969701e-04
6.23222071e-02 6.74777917e-04 5.20497670e-04
6.26803207e-02 8.61559571e-05 5.08103400e-04
6.30384333e-02 -2.52379390e-04 5.10284893e-04
6.33965448e-02 4.23119130e-04 5.07700494e-04
6.37546554e-02 -3.81544444e-04 5.30685667e-04
6.41127648e-02 1.26234117e-03 5.02394269e-04
6.44708732e-02 3.76601788e-04 5.11397487e-04
6.48289806e-02 -2.77855729e-04 5.11683450e-04
6.51870869e-02 5.85227061e-04 5.06521856e-04
6.55451921e-02 1.06225224e-04 5.00791572e-04
6.59032962e-02 -7.94458040e-04 5.08882242e-04
6.62613993e-02 -6.46792590e-05 4.98119718e-04
6.66195012e-02 8.26141283e-04 4.88690966e-04
6.69776021e-02 3.52437954e-04 5.06312846e-04
6.73357019e-02 1.11231109e-03 5.06389316e-04
6.76938005e-02 3.85267275e-04 4.95524263e-04
6.80518981e-02 -1.01845178e-04 4.86396076e-04
6.84099945e-02 8.61065464e-05 4.66966370e-04
6.87680898e-02 -3.08013191e-04 4.80682780e-04
6.91261840e-02 1.15916920e-03 4.70664525e-04
6.94842770e-02 5.64899503e-04 4.71262267e-04
6.98423689e-02 -5.07390716e-05 4.77800310e-04
7.02004596e-02 7.10090401e-04 4.63787003e-04
7.05585492e-02 4.53428010e-04 4.72966618e-04
7.09166377e-02 5.24905781e-04 4.91876480e-04
7.12747249e-02 2.21144705e-04 4.81462800e-04
7.16328110e-02 -2.32208469e-04 4.71959610e-04
7.19908959e-02 2.13087441e-05 4.81727567e-04
7.23489796e-02 3.92311366e-04 4.70265725e-04
7.27070622e-02 -3.98321663e-04 4.63920270e-04
7.30651435e-02 1.03807445e-03 4.78324717e-04
7.34232237e-02 -4.22674173e-04 4.62872405e-04
7.37813026e-02 -1.00175362e-04 4.55578849e-04
7.41393803e-02 -2.43392221e-05 4.51234602e-04
7.44974568e-02 6.62588002e-05 4.66781185e-04
7.48555321e-02 5.06419973e-04 4.74042830e-04
7.52136061e-02 8.05905410e-05 4.75323759e-04
7.55716789e-02 -4.88240949e-05 4.54308720e-04
7.59297505e-02 -4.61868634e-04 4.56350216e-04
7.62878208e-02 -2.87302089e-05 4.45069562e-04
7.66458899e-02 5.17717176e-04 4.57983376e-04
7.70039577e-02 3.34634577e-04 4.64560212e-04
7.73620242e-02 1.62473455e-04 4.59489264e-04
7.77200895e-02 8.38009349e-04 4.56715280e-04
7.80781535e-02 5.06525133e-04 4.69603089e-04
7.84362162e-02 -5.23132464e-04 4.43582593e-04
7.87942776e-02 5.49303925e-04 4.53639492e-04
7.91523377e-02 -2.98675767e-04 4.43063062e-04
7.95103965e-02 -8.34946892e-04 4.40062541e-04
7.98684540e-02 8.54772602e-05 4.37587703e-04
8.02265102e-02 1.76823797e-06 4.53161435e-04
8.05845651e-02 -3.67643219e-05 4.35237879e-04
8.09426186e-02 1.81018007e-04 4.52282549e-04
8.13006709e-02 -1.36917363e-04 4.51645914e-04
8.16587217e-02 -1.06473345e-04 4.28091763e-04
8.20167713e-02 -4.16738055e-04 4.39618990e-04
8.23748195e-02 -5.44773903e-04 4.34922922e-04
8.27328663e-02 -1.75383589e-04 4.22251732e-04
8.30909118e-02 1.46327390e-04 4.38586240e-04
8.34489559e-02 3.88715829e-05 4.27354430e-04
8.38069986e-02 -6.85340987e-04 4.30597116e-04
8.41650400e-02 -1.14603189e-03 4.19764377e-04
8.45230800e-02 -5.85170990e-04 4.24740374e-04
8.48811185e-02 -6.21652833e-04 4.29246842e-04
8.52391557e-02 4.42246910e-04 4.39249481e-04
8.55971915e-02 -4.41652396e-04 4.26930569e-04
8.59552259e-02 -3.68136380e-04 4.28914340e-04
8.63132589e-02 -4.41722041e-04 4.37151474e-04
8.66712904e-02 7.38183302e-04 4.45954098e-04
8.70293205e-02 -6.34871080e-04 4.26388657e-04
8.73873492e-02 -5.06771895e-04 4.11689095e-04
8.77453765e-02 -9.47821847e-04 4.12447458e-04
8.81034023e-02 -3.05136764e-04 4.27265544e-04
8.84614267e-02 2.89373732e-04 4.31841495e-04
8.88194496e-02 1.29255413e-04 4.30534279e-04
8.91774710e-02 2.04975619e-04 4.26262066e-04
8.95354910e-02 -1.05054774e-03 4.18712842e-04
8.98935095e-02 -3.00360187e-04 4.18234335e-04
9.02515266e-02 -3.51054505e-04 4.25892020e-04
9.06095421e-02 6.78872306e-05 4.18742429e-04
9.09675562e-02 -3.08828807e-05 4.23247984e-04
9.13255687e-02 1.47085226e-04 4.20285352e-04
9.16835798e-02 4.62310504e-04 4.27869398e-04
9.20415894e-02 -8.44811699e-04 4.21619812e-04
9.23995974e-02 -4.42696659e-05 4.22879912e-04
9.27576039e-02 -1.20486382e-04 4.26765159e-04
9.31156089e-02 2.53154093e-04 4.22759185e-04
9.34736124e-02 -1.40021918e-04 4.18200638e-04
9.38316143e-02 -2.73466160e-04 4.17689921e-04
9.41896147e-02 1.22134480e-04 4.17314291e-04
9.45476136e-02 -2.56516183e-04 4.19340822e-04
9.49056108e-02 4.29340607e-04 4.04077227e-04
9.52636066e-02 5.98210944e-04 4.16725569e-04
9.56216007e-02 3.02696279e-04 4.06940771e-04
9.59795933e-02 4.14181999e-04 4.05768854e-04
9.63375843e-02 -2.07431219e-04 4.01763152e-04
9.66955738e-02 1.10119469e-04 4.03645730e-04
9.70535616e-02 -3.55065872e-04 4.00601010e-04
9.74115478e-02 -1.22479532e-04 4.03385172e-04
9.77695325e-02 -2.34396696e-04 3.98515536e-04
9.81275155e-02 -4.55283673e-04 3.89900847e-04
9.84854969e-02 -1.69388465e-04 3.91114446e-04
9.88434768e-02 1.82577815e-04 4.13293190e-04
9.92014549e-02 -3.79963517e-04 4.04618894e-04
9.95594315e-02 -5.44073722e-04 3.94894050e-04
9.99174064e-02 -5.73969219e-04 3.93311706e-04
1.00275380e-01 -1.52437946e-04 3.99145832e-04
1.00633351e-01 -1.06124799e-03 3.95850628e-04
1.00991321e-01 2.81204923e-04 4.00361905e-04
1.01349290e-01 -2.97217003e-05 3.82165145e-04
1.01707256e-01 4.31372422e-05 3.78474786e-04
1.02065221e-01 -7.14626592e-04 3.86450280e-04
1.02423184e-01 -4.54379323e-04 3.94025198e-04
1.02781146e-01 2.42099363e-04 4.01377110e-04
1.03139106e-01 1.82339786e-04 3.87592660e-04
1.03497064e-01 3.26075686e-04 3.89705234e-04
1.03855021e-01 -3.23576395e-04 3.92765588e-04
1.04212976e-01 3.39207347e-04 3.98229977e-04
1.04570929e-01 2.99153691e-04 3.97120712e-04
1.04928880e-01 -6.99686736e-05 3.90901287e-04
1.05286830e-01 1.17183491e-04 3.95246900e-04
1.05644778e-01 3.35665206e-04 3.96472239e-04
1.06002724e-01 2.53960810e-04 3.99481985e-04
1.06360668e-01 4.69902113e-04 4.15247464e-04
1.06718611e-01 -1.16741553e-04 3.83570946e-04
1.07076552e-01 3.28032528e-04 4.00455744e-04
1.07434491e-01 4.79486323e-06 4.03782495e-04
1.07792429e-01 5.57606898e-05 4.05379584e-04
1.08150364e-01 4.50817200e-04 3.98518870e-04
1.08508298e-01 -1.06318571e-04 4.00538674e-04
1.08866230e-01 -7.05306696e-05 3.94782029e-04
1.09224160e-01 -3.48691285e-04 3.97733180e-04
1.09582089e-01 3.95913139e-04 3.88967475e-04
1.09940016e-01 1.44350655e-04 4.03026791e-04
1.10297941e-01 4.29561047e-04 3.88168919e-04
1.10655864e-01 -8.51455927e-05 3.87211271e-04
1.11013785e-01 5.74432505e-04 3.85066960e-04
1.11371704e-01 -4.23268210e-04 3.86018563e-04
1.11729622e-01 4.79588852e-04 3.87994283e-04
1.12087538e-01 -1.04161595e-04 3.78367506e-04
1.12445452e-01 2.51251520e-04 3.79909951e-04
1.12803364e-01 6.10143662e-04 3.93523963e-04
1.13161274e-01 1.97689851e-04 3.82617132e-04
1.13519182e-01 -5.53735952e-04 3.70669322e-04
1.13877089e-01 9.35043639e-05 3.86242749e-04
1.14234994e-01 -2.37649169e-04 3.66548637e-04
1.14592896e-01 -8.71276407e-04 3.70198956e-04
1.14950797e-01 -2.54562278e-04 3.77692973e-04
1.15308696e-01 -1.24784690e-04 3.67381246e-04
1.15666593e-01 -1.54838774e-04 3.77146313e-04
1.16024488e-01 -4.61346367e-04 3.63672119e-04
1.16382382e-01 -2.29417525e-04 3.69303384e-04
1.16740273e-01 -3.19962467e-04 3.75417258e-04
1.17098163e-01 -1.37513474e-04 3.68746554e-04
1.17456050e-01 -3.63385468e-04 3.59345150e-04
1.17813936e-01 -2.41286333e-04 3.77230810e-04
1.18171819e-01 1.86542710e-04 3.83172596e-04
1.18529701e-01 -8.34739749e-04 3.81624746e-04
1.18887581e-01 -6.94897236e-05 3.77512411e-04
1.19245459e-01 1.30573521e-04 3.56095533e-04
1.19603335e-01 -2.42909271e-04 3.81920414e-04
1.19961208e-01 8.53813781e-04 3.74073251e-04
1.20319080e-01 9.31857009e-05 3.64670133e-04
1.20676950e-01 4.55688969e-04 3.76662072e-04
1.21034818e-01 -5.91347190e-04 3.77851192e-04
1.21392684e-01 -8.70651880e-05 3.81663854e-04
1.21750548e-01 -4.38063160e-04 3.74263608e-04
1.22108410e-01 1.29582092e-04 3.67950058e-04
1.22466270e-01 4.70670517e-04 3.66756054e-04
1.22824128e-01 5.44645746e-04 3.80323927e-04
1.23181984e-01 -2.95335777e-04 3.80454812e-04
1.23539838e-01 -2.82935760e-04 3.75138047e-04
1.23897690e-01 -2.64932785e-06 3.61667857e-04
1.24255540e-01 -6.26655764e-04 3.68053031e-04
1.24613388e-01 1.22704038e-04 3.62911089e-04
1.24971233e-01 3.12074131e-04 3.69288243e-04
1.25329077e-01 6.88334931e-04 3.58062447e-04
1.25686919e-01 7.72805190e-04 3.56727559e-04
1.26044758e-01 5.78323496e-04 3.51120192e-04
1.26402596e-01 -1.19158873e-04 3.55534854e-04
1.26760431e-01 -2.93432629e-04 3.49985914e-04
1.27118265e-01 -2.10240685e-04 3.50920640e-04
1.27476096e-01 2.84470610e-04 3.57201461e-04
1.27833925e-01 -4.09374452e-04 3.52067252e-04
1.28191752e-01 -3.00132348e-04 3.48539099e-04
1.28549577e-01 1.25710581e-04 3.53474302e-04
1.28907400e-01 -1.89155072e-04 3.58860496e-04
1.29265221e-01 -2.49921208e-04 3.47956365e-04
1.29623040e-01 -8.68131858e-05 3.57466734e-04
1.29980856e-01 -2.46191443e-04 3.50609751e-04
1.30338670e-01 -4.78680244e-04 3.44962620e-04
1.30696483e-01 2.22877532e-04 3.45056231e-04
1.31054293e-01 -4.53696319e-04 3.46781415e-04
1.31412101e-01 3.87432707e-04 3.37582951e-04
1.31769906e-01 -3.96145842e-04 3.40582290e-04
1.32127710e-01 2.10600766e-04 3.48983956e-04
1.32485511e-01 -4.58379690e-06 3.47835884e-04
1.32843311e-01 -6.83712671e-04 3.35670986e-04
1.33201108e-01 -2.94139934e-04 3.47750213e-04
1.33558903e-01 -2.17958544e-04 3.34122936e-04
1.33916695e-01 -2.71443987e-04 3.35809637e-04
1.34274486e-01 -1.24734321e-04 3.39345892e-04
1.34632274e-01 -3.56083150e-04 3.36360840e-04
1.34990060e-01 -1.97115696e-04 3.43985979e-04
1.35347844e-01 -1.80093674e-04 3.38774896e-04
1.35705626e-01 3.60948187e-04 3.32083539e-04
1.36063405e-01 -4.14243176e-04 3.30531720e-04
1.36421182e-01 -1.15242637e-04 3.38253704e-04
1.36778957e-01 -1.54752343e-04 3.32061755e-04
1.37136730e-01 -2.08712680e-04 3.30979462e-04
1.37494500e-01 3.39027139e-04 3.36637573e-04
1.37852269e-01 -4.19651061e-04 3.30396084e-04
1.38210034e-01 4.96529288e-05 3.35724168e-04
1.38567798e-01 5.75452115e-05 3.32837265e-04
1.38925559e-01 -1.77085254e-04 3.33376437e-04
1.39283319e-01 -1.21391496e-05 3.28184903e-04
1.39641075e-01 -4.86104415e-04 3.32237767e-04
1.39998830e-01 4.23068474e-04 3.32450010e-04
1.40356582e-01 -2.17349261e-04 3.32925995e-04
1.40714332e-01 -2.26606345e-04 3.32702160e-04
1.41072080e-01 -3.65345364e-04 3.24408959e-04
1.41429825e-01 2.28078617e-04 3.28069986e-04
1.41787568e-01 9.83698685e-05 3.24871015e-04
1.42145308e-01 -4.60367575e-04 3.28558056e-04
1.42503047e-01 -3.80561230e-05 3.24088084e-04
1.42860783e-01 -7.35513426e-05 3.22454403e-04
1.43218516e-01 2.20911237e-04 3.17488199e-04
1.43576247e-01 -3.69943093e-04 3.30690784e-04
1.43933976e-01 9.40145575e-05 3.26211117e-04
1.44291703e-01 1.43269717e-04 3.24562631e-04
1.44649427e-01 4.45982281e-04 3.17129669e-04
1.45007149e-01 -2.26462700e-04 3.26947102e-04
1.45364868e-01 -3.51218764e-04 3.15249642e-04
1.45722585e-01 1.01392842e-04 3.23570732e-04
1.46080300e-01 1.81077121e-04 3.20610335e-04
1.46438012e-01 -3.10324567e-04 3.16521220e-04
1.46795722e-01 -7.09328290e-04 3.21003268e-04
1.47153429e-01 2.17447097e-05 3.11943409e-04
1.47511134e-01 4.62610429e-05 3.18235569e-04
1.47868837e-01 1.07512129e-04 3.13587040e-04
1.48226537e-01 2.28446581e-04 3.12996438e-04
1.48584235e-01 -6.31941875e-05 3.09356012e-04
1.48941930e-01 -9.33848889e-05 3.11531066e-04
1.49299623e-01 1.40085856e-04 3.09639141e-04
1.49657313e-01 -4.63605506e-04 3.09020305e-04
1.50015001e-01 1.15916388e-04 3.10750979e-04
1.50372687e-01 -1.79186413e-04 3.10734748e-04
1.50730370e-01 -5.18876883e-04 3.09042898e-04
1.51088050e-01 -1.44836269e-04 3.02205242e-04
1.51445728e-01 -6.87572634e-05 3.19789930e-04
1.51803404e-01 8.78377209e-05 3.08081415e-04
1.52161077e-01 3.77844682e-04 3.09141733e-04
1.52518747e-01 2.26127884e-04 3.11358176e-04
1.52876416e-01 3.62826419e-04 3.13360439e-04
1.53234081e-01 1.21383707e-04 3.10663209e-04
1.53591744e-01 -6.00649900e-05 3.10323355e-04
1.53949405e-01 -2.09237982e-04 3.05048836e-04
1.54307063e-01 5.17063663e-05 3.00227743e-04
1.54664718e-01 1.48878610e-04 3.09008997e-04
1.55022371e-01 1.79361423e-04 3.09867359e-04
1.55380021e-01 -1.47561896e-04 3.07048643e-04
1.55737669e-01 -2.16527419e-04 3.01320908e-04
1.56095314e-01 -3.61777394e-04 3.03116942e-04
1.56452957e-01 -3.84834372e-04 3.05998751e-04
1.56810597e-01 -1.68064777e-05 3.04819803e-04
1.57168235e-01 -6.23735323e-04 3.06174066e-04
1.57525870e-01 2.88984424e-04 3.06163497e-04
1.57883502e-01 4.97042213e-04 3.00189183e-04
1.58241132e-01 1.59242342e-04 2.98117413e-04
1.58598759e-01 1.58693780e-04 2.92801996e-04
1.58956384e-01 -1.32757298e-04 3.04910883e-04
1.59314006e-01 -6.30028387e-06 3.02420678e-04
1.59671625e-01 3.07986911e-05 2.98384585e-04
1.60029242e-01 -1.43346263e-04 3.03731304e-04
1.60386856e-01 -2.20392068e-04 3.06658047e-04
1.60744468e-01 -1.57461429e-04 2.96851384e-04
1.61102076e-01 -2.67663579e-04 2.98822664e-04
1.61459683e-01 -5.33711861e-05 3.01218226e-04
1.61817286e-01 -4.34652988e-05 2.93069536e-04
1.62174887e-01 -3.40592331e-04 3.01863309e-04
1.62532485e-01 8.17021956e-05 3.01511337e-04
1.62890081e-01 1.80862646e-04 2.98293509e-04
1.63247674e-01 3.54649061e-04 2.94160191e-04
1.63605264e-01 -1.53856688e-04 2.99855415e-04
1.63962852e-01 9.67060416e-05 2.91634967e-04
1.64320437e-01 -2.51812281e-04 2.89801364e-04
1.64678019e-01 -3.43996942e-05 2.92711867e-04
1.65035598e-01 -3.61027052e-04 2.92215234e-04
1.65393175e-01 -1.75095510e-04 2.89916084e-04
1.65750749e-01 -8.71390985e-05 2.90831913e-04
1.66108320e-01 -5.57422327e-05 2.93003356e-04
1.66465889e-01 5.25820730e-04 2.90406190e-04
1.66823455e-01 -2.20560148e-04 2.94193859e-04
1.67181018e-01 -2.69948791e-05 2.97591287e-04
1.67538578e-01 3.79744556e-04 2.95821608e-04
1.67896136e-01 -2.95554698e-04 2.92817630e-04
1.68253691e-01 1.42317486e-04 2.90480315e-04
1.68611243e-01 7.48934230e-05 2.89976287e-04
1.68968792e-01 3.59698537e-04 2.84321704e-04
1.69326339e-01 -3.44917463e-04 2.89261600e-04
1.69683883e-01 -2.10394883e-04 2.85114946e-04
1.70041424e-01 -2.43558790e-04 2.86444112e-04
1.70398962e-01 -1.43348655e-04 2.83622283e-04
1.70756497e-01 -1.95429004e-04 2.83324506e-04
1.71114030e-01 1.51418896e-04 2.89889123e-04
1.71471560e-01 -2.97408399e-04 2.85996686e-04
1.71829087e-01 -1.94583931e-04 2.87770856e-04
1.72186611e-01 -5.78059224e-04 2.83796230e-04
1.72544132e-01 2.24033625e-04 2.80988620e-04
1.72901651e-01 -1.82935613e-04 2.82573252e-04
1.73259167e-01 -2.14886093e-04 2.83356106e-04
1.73616679e-01 -3.36764047e-04 2.88501584e-04
1.73974189e-01 2.60978058e-04 2.79455748e-04
1.74331697e-01 3.30823241e-05 2.78494087e-04
1.74689201e-01 -4.71829173e-04 2.81578063e-04
1.75046702e-01 1.26395927e-04 2.86111126e-04
1.75404201e-01 2.61701573e-04 2.82911877e-04
1.75761697e-01 1.99354602e-04 2.81514251e-04
1.76119189e-01 -1.28218177e-04 2.85811542e-04
1.76476679e-01 1.27671227e-04 2.74922432e-04
1.76834166e-01 3.04363626e-04 2.80660017e-04
1.77191650e-01 2.73404937e-04 2.79081993e-04
1.77549132e-01 4.67693210e-05 2.77448150e-04
1.77906610e-01 -1.59422070e-04 2.76840477e-04
1.78264085e-01 -8.68808003e-05 2.76367517e-04
1.78621558e-01 5.07141998e-04 2.79444794e-04
1.78979027e-01 3.26686321e-04 2.76003446e-04
1.79336494e-01 -3.56464870e-04 2.77330716e-04
1.79693958e-01 1.05098488e-04 2.73956218e-04
1.80051418e-01 5.65374039e-05 2.82582523e-04
1.80408876e-01 8.73627675e-05 2.72173910e-04
1.80766331e-01 3.20281713e-04 2.76087096e-04
1.81123783e-01 3.23798482e-05 2.85666953e-04
1.81481232e-01 4.72133244e-04 2.79942334e-04
1.81838677e-01 -7.64028187e-04 2.81920360e-04
1.82196120e-01 -3.04271109e-04 2.80174168e-04
1.82553560e-01 -2.67169921e-04 2.78179557e-04
1.82910997e-01 -2.37108025e-04 2.83568528e-04
1.83268431e-01 2.08504532e-04 2.86516866e-04
1.83625862e-01 -9.39480880e-05 2.83559345e-04
1.83983290e-01 1.48596750e-04 2.83545075e-04
1.84340715e-01 1.16187103e-04 2.82336117e-04
1.84698137e-01 -9.07466279e-05 2.89656925e-04
1.85055556e-01 -2.83354533e-04 2.84739886e-04
1.85412971e-01 -4.25054125e-04 2.85715098e-04
1.85770384e-01 -1.53061456e-04 2.82419564e-04
1.86127794e-01 2.72757937e-04 2.77650740e-04
1.86485200e-01 2.09914770e-04 2.75468657e-04
1.86842604e-01 -1.16382954e-04 2.78381855e-04
1.87200005e-01 1.63299360e-04 2.78776669e-04
1.87557402e-01 9.63654154e-06 2.76952330e-04
1.87914797e-01 1.90834521e-04 2.74621779e-04
1.88272188e-01 -1.36001815e-04 2.73063381e-04
1.88629576e-01 -5.57781711e-04 2.71467445e-04
1.88986961e-01 -1.32050950e-04 2.73217502e-04
1.89344343e-01 1.59696661e-05 2.75955713e-04
1.89701722e-01 1.56522597e-04 2.68385899e-04
1.90059098e-01 -3.54511482e-04 2.80377077e-04
1.90416471e-01 -3.56783677e-04 2.73051025e-04
1.90773840e-01 2.62228315e-04 2.71674769e-04
1.91131207e-01 -5.12671041e-04 2.73203679e-04
1.91488570e-01 -2.55871152e-04 2.66679106e-04
1.91845930e-01 1.65087423e-04 2.73202635e-04
1.92203287e-01 -3.36792300e-04 2.66803395e-04
1.92560641e-01 -6.40618051e-05 2.77480543e-04
1.92917992e-01 -6.87565410e-05 2.71827530e-04
1.93275340e-01 -7.43833323e-05 2.68185492e-04
1.93632684e-01 3.03900097e-05 2.71947951e-04
1.93990025e-01 -2.17569362e-04 2.72437288e-04
1.94347363e-01 3.40782471e-04 2.74416342e-04
1.94704698e-01 3.62030776e-04 2.73732005e-04
1.95062030e-01 -3.24855369e-04 2.74057410e-04
1.95419358e-01 1.18054150e-04 2.75597673e-04
1.95776684e-01 -3.74019571e-04 2.62673368e-04
1.96134006e-01 1.40135005e-04 2.77628436e-04
1.96491324e-01 -2.45958094e-04 2.67140521e-04
1.96848640e-01 8.88874730e-05 2.70917039e-04
1.97205953e-01 7.63198562e-05 2.76875298e-04
1.97563262e-01 4.44695721e-04 2.74145858e-04
1.97920568e-01 1.09711499e-04 2.73209201e-04
1.98277870e-01 -2.32663409e-04 2.67517098e-04
1.98635170e-01 -7.60567151e-05 2.77766409e-04
1.98992466e-01 -7.52470728e-05 2.75105851e-04
1.99349759e-01 -2.47286884e-04 2.76354762e-04
1.99707049e-01 -1.84769561e-04 2.64739452e-04
2.00064335e-01 1.05349088e-04 2.64844394e-04
2.00421618e-01 -2.85740356e-04 2.66263482e-04
2.00778898e-01 -1.23171528e-04 2.66859136e-04
2.01136174e-01 -2.38484708e-05 2.68188489e-04
2.01493448e-01 -2.85773548e-05 2.60898299e-04
2.01850718e-01 -1.23756294e-04 2.66256647e-04
2.02207984e-01 -2.54499285e-05 2.61776522e-04
2.02565248e-01 5.14067158e-04 2.58667071e-04
2.02922508e-01 2.35143144e-04 2.59416278e-04
2.03279764e-01 2.84812647e-04 2.67535184e-04
2.03637018e-01 2.53027523e-04 2.61255410e-04
2.03994268e-01 -4.58394561e-04 2.56567167e-04
2.04351514e-01 -4.77761807e-04 2.54048132e-04
2.04708758e-01 6.80091462e-06 2.55498279e-04
2.05065998e-01 -1.22444778e-05 2.60303126e-04
2.05423234e-01 1.02709126e-04 2.55694800e-04
2.05780467e-01 -1.29390399e-05 2.53503860e-04
2.06137697e-01 -1.15384258e-05 2.49171542e-04
2.06494924e-01 -2.30390196e-04 2.56651928e-04
2.06852147e-01 3.21195828e-04 2.55854767e-04
2.07209367e-01 1.59703555e-04 2.57108958e-04
2.07566583e-01 1.07935275e-04 2.57787882e-04
2.07923796e-01 -4.89396798e-05 2.55105772e-04
2.08281005e-01 -1.22144635e-04 2.52118009e-04
2.08638211e-01 -1.87498420e-04 2.53863617e-04
2.08995414e-01 -2.16838444e-04 2.51685408e-04
2.09352613e-01 -2.86046899e-04 2.53760427e-04
2.09709809e-01 9.93937038e-05 2.56472469e-04
2.10067002e-01 -1.60247530e-04 2.52598461e-04
2.10424191e-01 2.65187375e-04 2.55937472e-04
2.10781376e-01 2.83615707e-04 2.55314585e-04
2.11138558e-01 -1.41345624e-04 2.53384540e-04
2.11495737e-01 8.91305883e-05 2.50952820e-04
2.11852912e-01 -6.11800377e-04 2.50617223e-04
2.12210084e-01 -9.97145702e-05 2.49882037e-04
2.12567252e-01 3.76668462e-04 2.48732295e-04
2.12924416e-01 1.03094783e-06 2.51741033e-04
2.13281578e-01 -2.50913731e-04 2.48501446e-04
2.13638735e-01 -4.20860251e-04 2.44726594e-04
2.13995890e-01 -3.95065473e-04 2.43474084e-04
2.14353040e-01 5.58143978e-06 2.49615873e-04
2.14710188e-01 -5.25405403e-05 2.52666235e-04
2.15067331e-01 4.49704472e-04 2.45289055e-04
2.15424471e-01 -3.25023505e-04 2.42638550e-04
2.15781608e-01 -2.86119734e-04 2.47972817e-04
2.16138741e-01 3.57367702e-05 2.44383615e-04
2.16495871e-01 -3.68798531e-04 2.42793077e-04
2.16852997e-01 1.17628576e-04 2.47817049e-04
2.17210119e-01 -5.09569582e-05 2.48618914e-04
2.17567238e-01 -3.62680909e-05 2.49411075e-04
2.17924354e-01 2.92960391e-04 2.45697305e-04
2.18281465e-01 -3.24874210e-04 2.42143266e-04
2.18638574e-01 1.26990788e-04 2.43025501e-04
2.18995678e-01 1.47650918e-04 2.41306155e-04
2.19352779e-01 3.25949955e-04 2.46314851e-04
2.19709877e-01 -7.88523644e-05 2.38387446e-04
2.20066971e-01 -3.27946611e-04 2.41364329e-04
2.20424061e-01 -1.61199857e-04 2.44514464e-04
2.20781147e-01 -8.74492340e-05 2.37144216e-04
2.21138230e-01 -1.34242494e-04 2.39166885e-04
2.21495310e-01 -1.00357895e-04 2.38614252e-04
2.21852386e-01 3.36019503e-05 2.43350454e-04
2.22209458e-01 6.97728085e-05 2.41184484e-04
2.22566526e-01 9.19047535e-07 2.39988608e-04
2.22923591e-01 4.31281185e-05 2.37901900e-04
2.23280652e-01 -5.39132380e-05 2.33058656e-04
2.23637710e-01 -1.37842897e-04 2.35838544e-04
2.23994764e-01 -3.20833118e-04 2.37713773e-04
2.24351814e-01 -1.27639426e-05 2.37131170e-04
2.24708861e-01 -1.64549476e-04 2.37993181e-04
2.25065904e-01 -2.39650885e-04 2.42432717e-04
2.25422943e-01 -4.58056644e-04 2.35625719e-04
2.25779978e-01 2.68896103e-04 2.37663134e-04
2.26137010e-01 3.55883334e-04 2.38304487e-04
2.26494038e-01 1.61356774e-04 2.37857711e-04
2.26851063e-01 1.08533319e-04 2.36335103e-04
2.27208083e-01 5.63607040e-05 2.36119969e-04
2.27565100e-01 -1.38594646e-04 2.36156551e-04
2.27922114e-01 -6.93443768e-05 2.38464932e-04
2.28279123e-01 -4.29678863e-05 2.41128013e-04
2.28636129e-01 2.35952227e-04 2.34979155e-04
2.28993131e-01 -2.81673792e-04 2.30397148e-04
2.29350129e-01 -2.76887047e-04 2.31148203e-04
2.29707124e-01 -3.98456854e-04 2.27887466e-04
2.30064115e-01 1.65087990e-04 2.28371721e-04
2.30421102e-01 3.65828377e-04 2.33975204e-04
2.30778085e-01 2.82096102e-04 2.32850480e-04
2.31135064e-01 -3.41311881e-06 2.33767221e-04
2.31492040e-01 -5.45651246e-05 2.32350074e-04
2.31849012e-01 1.70525076e-04 2.33035112e-04
2.32205980e-01 -5.15850438e-05 2.36590827e-04
2.32562944e-01 -1.47208081e-05 2.31019034e-04
2.32919905e-01 -1.53365052e-04 2.32794492e-04
2.33276862e-01 -2.13013477e-04 2.28672018e-04
2.33633814e-01 -2.40016658e-04 2.30442199e-04
2.33990763e-01 3.24226232e-04 2.26182462e-04
2.34347709e-01 -3.88555693e-04 2.25170774e-04
2.34704650e-01 -3.51076749e-04 2.27374670e-04
2.35061588e-01 4.02512177e-05 2.28746534e-04
2.35418521e-01 2.01261926e-04 2.27849567e-04
2.35775451e-01 -9.85001664e-05 2.27923878e-04
2.36132377e-01 -4.65170793e-04 2.30276334e-04
2.36489299e-01 -1.11654430e-04 2.28276330e-04
2.36846218e-01 3.62930630e-04 2.29257079e-04
2.37203132e-01 1.95481146e-04 2.30883642e-04
2.37560042e-01 -2.37097585e-04 2.29349131e-04
2.37916949e-01 -1.17309405e-05 2.27434430e-04
2.38273852e-01 -2.71539658e-04 2.22109365e-04
2.38630751e-01 2.59462049e-04 2.23965042e-04
2.38987645e-01 -2.51697426e-04 2.22920458e-04
2.39344537e-01 2.03035440e-05 2.24045554e-04
2.39701424e-01 3.59344535e-05 2.23521247e-04
2.40058307e-01 -2.43873073e-05 2.22567332e-04
2.40415186e-01 -4.13435026e-04 2.21568473e-04
2.40772061e-01 -1.42155495e-04 2.23104575e-04
2.41128933e-01 -1.68365097e-04 2.21076951e-04
2.41485800e-01 -1.58297196e-04 2.22520510e-04
2.41842664e-01 -1.79408494e-05 2.24305939e-04
2.42199523e-01 1.13919784e-04 2.17668708e-04
2.42556379e-01 1.26173102e-04 2.26438415e-04
2.42913230e-01 -1.62455025e-04 2.18907981e-04
2.43270078e-01 1.02299689e-04 2.19514492e-04
2.43626922e-01 -5.23155058e-05 2.24636758e-04
2.43983761e-01 -3.11304931e-05 2.20139524e-04
2.44340597e-01 -2.76049660e-04 2.20979480e-04
2.44697429e-01 -4.55452883e-05 2.19730890e-04
2.45054256e-01 1.86852761e-04 2.18563243e-04
2.45411080e-01 -3.78688816e-06 2.16155920e-04
2.45767900e-01 -2.95755610e-04 2.14897727e-04
2.46124715e-01 1.91534254e-04 2.19592537e-04
2.46481527e-01 3.86575163e-05 2.16551489e-04
2.46838334e-01 -1.77792831e-04 2.18717103e-04
2.47195138e-01 2.67378227e-05 2.22564377e-04
2.47551938e-01 1.91455102e-05 2.19428560e-04
2.47908733e-01 -2.97372988e-04 2.14183713e-04
2.48265524e-01 1.21052506e-04 2.14815302e-04
2.48622312e-01 6.05800207e-05 2.19556448e-04
2.48979095e-01 3.92320261e-04 2.16705621e-04
2.49335874e-01 -1.48360078e-04 2.17817285e-04
2.49692649e-01 -2.10874140e-04 2.15160439e-04
2.50049420e-01 1.34388928e-04 2.17662654e-04
2.50406187e-01 -2.85382391e-05 2.14735881e-04
2.50762950e-01 2.26357455e-04 2.10618075e-04
2.51119709e-01 6.33567287e-05 2.16105958e-04
2.51476464e-01 6.46003274e-05 2.16942615e-04
2.51833214e-01 1.33761385e-04 2.16940660e-04
2.52189961e-01 8.79400583e-06 2.15046811e-04
2.52546703e-01 -3.04175548e-04 2.14257992e-04
2.52903441e-01 -8.82218125e-05 2.12328412e-04
2.53260175e-01 -1.80510185e-04 2.14271668e-04
2.53616905e-01 -4.76918749e-05 2.13448039e-04
2.53973631e-01 -8.79640285e-05 2.10737644e-04
2.54330352e-01 -7.74858919e-06 2.13437280e-04
2.54687070e-01 -2.89192226e-05 2.08491331e-04
2.55043783e-01 1.65596137e-05 2.11092077e-04
2.55400492e-01 2.00476722e-04 2.14181518e-04
2.55757197e-01 -1.26497875e-04 2.15923116e-04
2.56113898e-01 4.11447676e-06 2.09396517e-04
2.56470595e-01 -8.70017047e-05 2.12141745e-04
2.56827287e-01 1.57279194e-04 2.09528754e-04
2.57183975e-01 -7.29295817e-05 2.11237658e-04
2.57540659e-01 9.93736231e-05 2.12983382e-04
2.57897339e-01 -3.14703439e-04 2.15809219e-04
2.58254014e-01 -5.31192676e-06 2.15030370e-04
2.58610686e-01 1.70153936e-04 2.13914889e-04
2.58967353e-01 2.08326005e-04 2.14813928e-04
2.59324016e-01 3.38398579e-04 2.18084874e-04
2.59680674e-01 -2.19302091e-04 2.13068006e-04
2.60037329e-01 2.10891228e-04 2.18882278e-04
2.60393979e-01 -1.26063793e-04 2.14638977e-04
2.60750625e-01 3.73011647e-05 2.17803274e-04
2.61107266e-01 -5.95872348e-04 2.12117081e-04
2.61463904e-01 -2.63880121e-04 2.17833798e-04
2.61820537e-01 1.77151913e-05 2.16307250e-04
2.62177166e-01 -3.01599474e-05 2.17828121e-04
2.62533790e-01 5.04191186e-05 2.15545656e-04
2.62890410e-01 4.21700345e-04 2.16687272e-04
2.63247026e-01 7.62041136e-05 2.15796388e-04
2.63603638e-01 2.22498545e-04 2.15570157e-04
2.63960245e-01 -7.19183671e-05 2.17683584e-04
2.64316848e-01 6.00195615e-05 2.10868106e-04
2.64673447e-01 -4.48035910e-05 2.11611320e-04
2.65030042e-01 -1.43185396e-04 2.09028782e-04
2.65386632e-01 -1.38769523e-04 2.12936895e-04
2.65743217e-01 1.39877038e-04 2.11423583e-04
2.66099799e-01 -5.65762156e-05 2.14335755e-04
2.66456376e-01 -2.26694383e-04 2.12355551e-04
2.66812948e-01 5.37192204e-05 2.14729173e-04
2.67169517e-01 -7.54279531e-06 2.16556977e-04
2.67526081e-01 6.66717385e-05 2.16454481e-04
2.67882640e-01 -1.61919175e-04 2.19598120e-04
2.68239195e-01 -1.74487852e-04 2.21511170e-04
2.68595746e-01 6.76425468e-05 2.15211008e-04
2.68952293e-01 -3.18915383e-04 2.15509690e-04
2.69308835e-01 -1.49046862e-04 2.17513650e-04
2.69665372e-01 1.49582326e-04 2.22007971e-04
2.70021906e-01 2.52395355e-04 2.19351770e-04
2.70378435e-01 -7.90959749e-05 2.22516083e-04
2.70734959e-01 2.47599351e-06 2.21056630e-04
2.71091479e-01 6.11188968e-05 2.26832660e-04
2.71447995e-01 2.05679999e-05 2.19854140e-04
2.71804506e-01 1.55066952e-06 2.21436682e-04
2.72161012e-01 2.20052284e-04 2.25446418e-04
2.72517515e-01 -3.70196725e-04 2.24387034e-04
2.72874012e-01 -1.96045920e-04 2.25117680e-04
