1.54026655e-02 2.72645115e-02 1.83413590e-03
1.57608633e-02 2.51813382e-02 1.77030941e-03
1.61190608e-02 2.71883487e-02 1.65974849e-03
1.64772580e-02 2.72359029e-02 1.63890440e-03
1.68354550e-02 2.67956326e-02 1.47271729e-03
1.71936517e-02 2.44704694e-02 1.47630188e-03
1.75518481e-02 2.53958767e-02 1.39554623e-03
1.79100442e-02 2.71171878e-02 1.44395652e-03
1.82682400e-02 2.64740840e-02 1.42944267e-03
1.86264355e-02 2.50024933e-02 1.37684928e-03
1.89846308e-02 2.81417102e-02 1.28941820e-03
1.93428257e-02 2.63730093e-02 1.30621588e-03
1.97010202e-02 2.41393972e-02 1.20792641e-03
2.00592145e-02 2.60680442e-02 1.17952571e-03
2.04174084e-02 2.52902068e-02 1.15014961e-03
2.07756020e-02 2.84799920e-02 1.22165993e-03
2.11337953e-02 2.71589872e-02 1.20662859e-03
2.14919882e-02 2.76765180e-02 1.13914475e-03
2.18501808e-02 2.75306360e-02 1.17128375e-03
2.22083729e-02 2.74775560e-02 1.10405596e-03
2.25665648e-02 2.56054893e-02 1.08613964e-03
2.29247562e-02 2.67414909e-02 1.14401255e-03
2.32829473e-02 2.63122593e-02 1.06673415e-03
2.36411380e-02 2.84814459e-02 9.87896121e-04
2.39993283e-02 2.57706206e-02 1.07143702e-03
2.43575182e-02 2.54255039e-02 1.08303353e-03
2.47157077e-02 2.56873685e-02 1.08580053e-03
2.50738968e-02 2.55153450e-02 1.00273938e-03
2.54320855e-02 2.66236468e-02 1.02243319e-03
2.57902738e-02 2.48002336e-02 1.01264086e-03
2.61484617e-02 2.55310892e-02 1.03868145e-03
2.65066491e-02 2.60142764e-02 9.51284453e-04
2.68648361e-02 2.50028197e-02 9.89750568e-04
2.72230226e-02 2.76762095e-02 9.47637336e-04
2.75812087e-02 2.50123538e-02 9.31142940e-04
2.79393943e-02 2.54589691e-02 8.85668959e-04
2.82975795e-02 2.42069112e-02 9.69577570e-04
2.86557642e-02 2.47543228e-02 9.34307112e-04
2.90139485e-02 2.64014486e-02 9.31081873e-04
2.93721323e-02 2.51095980e-02 9.47459249e-04
2.97303155e-02 2.33656918e-02 9.76938711e-04
3.00884983e-02 2.62041868e-02 9.17238352e-04
3.04466806e-02 2.61201100e-02 9.84878866e-04
3.08048624e-02 2.41605958e-02 9.56177045e-04
3.11630437e-02 2.64922803e-02 9.67952089e-04
3.15212245e-02 2.49771069e-02 9.18507225e-04
3.18794048e-02 2.44586538e-02 9.78784519e-04
3.22375845e-02 2.45214308e-02 8.82902904e-04
3.25957637e-02 2.37222160e-02 8.85188481e-04
3.29539424e-02 2.59519017e-02 9.31734367e-04
3.33121205e-02 2.47123883e-02 9.18023183e-04
3.36702981e-02 2.44685284e-02 8.84743027e-04
3.40284751e-02 2.50730641e-02 8.83539887e-04
3.43866516e-02 2.38576967e-02 9.11240734e-04
3.47448275e-02 2.18398791e-02 8.94331641e-04
3.51030028e-02 2.28228205e-02 8.42925336e-04
3.54611775e-02 2.29673308e-02 8.34246835e-04
3.58193517e-02 2.43852193e-02 8.36615778e-04
3.61775253e-02 2.35805368e-02 8.46367169e-04
3.65356983e-02 2.28094566e-02 8.24158177e-04
3.68938706e-02 2.32208752e-02 8.13054436e-04
3.72520424e-02 2.27940111e-02 7.85405483e-04
3.76102136e-02 2.22984785e-02 8.17279378e-04
3.79683841e-02 2.41969783e-02 7.79894523e-04
3.83265540e-02 2.27810611e-02 7.63752684e-04
3.86847233e-02 2.26301578e-02 8.17543597e-04
3.90428920e-02 2.23481587e-02 8.09207955e-04
3.94010600e-02 2.27401460e-02 7.62267865e-04
3.97592273e-02 2.24821704e-02 7.44218983e-04
4.01173941e-02 2.34918656e-02 7.84133628e-04
4.04755601e-02 2.35550140e-02 7.49131357e-04
4.08337255e-02 2.08718887e-02 7.77763830e-04
4.11918902e-02 2.22302345e-02 7.58761618e-04
4.15500542e-02 2.22344490e-02 7.34026162e-04
4.19082176e-02 2.18475100e-02 7.51210647e-04
4.22663802e-02 2.10834739e-02 7.43029612e-04
4.26245422e-02 2.14198897e-02 7.27243852e-04
4.29827034e-02 2.20546817e-02 7.40880130e-04
4.33408640e-02 2.10282958e-02 7.55271373e-04
4.36990238e-02 2.07919054e-02 7.69065138e-04
4.40571830e-02 2.20422370e-02 7.34840289e-04
4.44153414e-02 2.06470863e-02 7.60511221e-04
4.47734990e-02 2.06481772e-02 7.20693125e-04
4.51316560e-02 1.97253496e-02 7.44076496e-04
4.54898122e-02 1.92717541e-02 7.54888401e-04
4.58479676e-02 2.01609891e-02 7.39372046e-04
4.62061223e-02 2.03288104e-02 7.20252655e-04
4.65642762e-02 2.00720956e-02 7.50330648e-04
4.69224294e-02 1.97258132e-02 7.00017131e-04
4.72805818e-02 1.95700867e-02 7.24143520e-04
4.76387334e-02 1.98129278e-02 7.23564663e-04
4.79968842e-02 2.08695705e-02 7.38796037e-04
4.83550342e-02 1.97417168e-02 7.30340506e-04
4.87131835e-02 1.84931064e-02 7.21576435e-04
4.90713319e-02 1.84301787e-02 6.73645746e-04
4.94294795e-02 1.91950994e-02 6.98702766e-04
4.97876264e-02 2.05059492e-02 7.17693748e-04
5.01457724e-02 1.93843429e-02 6.84588104e-04
5.05039175e-02 1.68762178e-02 6.69841360e-04
5.08620619e-02 1.85220109e-02 6.61893155e-04
5.12202054e-02 1.84382267e-02 6.43766936e-04
5.15783481e-02 1.80675387e-02 6.40202003e-04
5.19364899e-02 1.84842881e-02 6.64855806e-04
5.22946308e-02 1.72529698e-02 6.37221675e-04
5.26527709e-02 1.79153355e-02 6.40589161e-04
5.30109102e-02 1.80115022e-02 6.54676121e-04
5.33690485e-02 1.72844803e-02 6.13573256e-04
5.37271860e-02 1.73481264e-02 5.98540421e-04
5.40853226e-02 1.67521018e-02 6.19668117e-04
5.44434583e-02 1.67728503e-02 6.53131916e-04
5.48015932e-02 1.72165001e-02 6.31608396e-04
5.51597271e-02 1.61310682e-02 6.09630886e-04
5.55178601e-02 1.75233504e-02 6.30719479e-04
5.58759922e-02 1.70981850e-02 6.24773520e-04
5.62341234e-02 1.57073840e-02 6.12146513e-04
5.65922536e-02 1.60662709e-02 6.24866935e-04
5.69503829e-02 1.56491878e-02 6.19207001e-04
5.73085113e-02 1.54478518e-02 6.18445667e-04
5.76666388e-02 1.66524111e-02 5.99608138e-04
5.80247653e-02 1.48219357e-02 5.96544550e-04
5.83828908e-02 1.60796829e-02 6.04105909e-04
5.87410154e-02 1.55741233e-02 6.28137476e-04
5.90991390e-02 1.60264192e-02 5.90588851e-04
5.94572616e-02 1.57731886e-02 5.96841834e-04
5.98153833e-02 1.66440922e-02 6.16483068e-04
6.01735040e-02 1.48165072e-02 5.71292807e-04
6.05316237e-02 1.45047306e-02 5.94424661e-04
6.08897424e-02 1.48802839e-02 5.79620401e-04
6.12478600e-02 1.41262859e-02 5.74509056e-04
6.16059767e-02 1.45982941e-02 5.63176227e-04
6.19640924e-02 1.50429934e-02 5.75590720e-04
6.23222071e-02 1.53255235e-02 5.66123948e-04
6.26803207e-02 1.46018213e-02 5.76081981e-04
6.30384333e-02 1.38862118e-02 5.72714127e-04
6.33965448e-02 1.23601171e-02 5.46749475e-04
6.37546554e-02 1.32951275e-02 5.72223914e-04
6.41127648e-02 1.44640892e-02 5.58437467e-04
6.44708732e-02 1.42304850e-02 5.61229209e-04
6.48289806e-02 1.39487938e-02 5.61281767e-04
6.51870869e-02 1.43468357e-02 5.49498344e-04
6.55451921e-02 1.30246892e-02 5.31849312e-04
6.59032962e-02 1.39564893e-02 5.54544274e-04
6.62613993e-02 1.26285098e-02 5.39124779e-04
6.66195012e-02 1.33316001e-02 5.46835999e-04
6.69776021e-02 1.25308997e-02 5.45362283e-04
6.73357019e-02 1.27990436e-02 5.54650728e-04
6.76938005e-02 1.27943984e-02 5.29792467e-04
6.80518981e-02 1.24362702e-02 5.42335251e-04
6.84099945e-02 1.32707840e-02 5.21454045e-04
6.87680898e-02 1.20598814e-02 5.14176153e-04
6.91261840e-02 1.20261543e-02 5.30622900e-04
6.94842770e-02 1.08199853e-02 5.09223335e-04
6.98423689e-02 1.10824574e-02 5.15141088e-04
7.02004596e-02 1.19272968e-02 5.16464463e-04
7.05585492e-02 1.07605424e-02 5.09250103e-04
7.09166377e-02 1.13896209e-02 5.31572616e-04
7.12747249e-02 1.12644923e-02 5.12386197e-04
7.16328110e-02 1.26881171e-02 5.10085873e-04
7.19908959e-02 1.15121157e-02 5.27815290e-04
7.23489796e-02 1.18001804e-02 5.26062536e-04
7.27070622e-02 1.01539112e-02 5.02985408e-04
7.30651435e-02 1.09377653e-02 5.07124445e-04
7.34232237e-02 1.14013665e-02 5.08624904e-04
7.37813026e-02 1.00615726e-02 5.24240349e-04
7.41393803e-02 1.02437301e-02 5.03760984e-04
7.44974568e-02 9.90965695e-03 5.04676869e-04
7.48555321e-02 1.01582905e-02 4.91056459e-04
7.52136061e-02 1.01242208e-02 4.89250918e-04
7.55716789e-02 1.09846395e-02 4.90762016e-04
7.59297505e-02 1.03803668e-02 4.84181629e-04
7.62878208e-02 8.79720816e-03 4.92642262e-04
7.66458899e-02 1.06391891e-02 4.85773212e-04
7.70039577e-02 9.76901074e-03 4.96413750e-04
7.73620242e-02 1.05010526e-02 4.98624019e-04
7.77200895e-02 9.74299357e-03 4.78963712e-04
7.80781535e-02 8.48559062e-03 4.81140706e-04
7.84362162e-02 9.37017968e-03 4.92476086e-04
7.87942776e-02 8.99185692e-03 4.84869430e-04
7.91523377e-02 9.19765309e-03 4.84695708e-04
7.95103965e-02 1.02591031e-02 4.88426622e-04
7.98684540e-02 8.71880344e-03 4.80149493e-04
8.02265102e-02 8.65794198e-03 4.70382876e-04
8.05845651e-02 9.19623341e-03 4.75083877e-04
8.09426186e-02 8.74295202e-03 4.88436862e-04
8.13006709e-02 8.53703494e-03 4.76739613e-04
8.16587217e-02 8.10065112e-03 4.73527934e-04
8.20167713e-02 7.67600187e-03 4.82978851e-04
8.23748195e-02 8.44411283e-03 4.70869984e-04
8.27328663e-02 8.34652821e-03 4.67446152e-04
8.30909118e-02 7.70229304e-03 4.62217326e-04
8.34489559e-02 7.83426533e-03 4.55326730e-04
8.38069986e-02 7.09429107e-03 4.60319473e-04
8.41650400e-02 7.59933131e-03 4.50206469e-04
8.45230800e-02 7.57466682e-03 4.59936782e-04
8.48811185e-02 7.76406764e-03 4.74597770e-04
8.52391557e-02 7.59404755e-03 4.57126946e-04
8.55971915e-02 7.95374097e-03 4.60652393e-04
8.59552259e-02 7.57646660e-03 4.67313388e-04
8.63132589e-02 7.54557891e-03 4.71776409e-04
8.66712904e-02 7.86985544e-03 4.66123113e-04
8.70293205e-02 7.58070118e-03 4.70618823e-04
8.73873492e-02 7.36490756e-03 4.60902705e-04
8.77453765e-02 6.38179517e-03 4.52736116e-04
8.81034023e-02 6.77526099e-03 4.59678589e-04
8.84614267e-02 6.30194170e-03 4.54578340e-04
8.88194496e-02 6.39986583e-03 4.36478230e-04
8.91774710e-02 6.64716578e-03 4.46612231e-04
8.95354910e-02 6.57738604e-03 4.38457831e-04
8.98935095e-02 5.73629516e-03 4.38701843e-04
9.02515266e-02 6.37724226e-03 4.43708426e-04
9.06095421e-02 6.46798708e-03 4.53834935e-04
9.09675562e-02 6.00037846e-03 4.46734140e-04
9.13255687e-02 5.45967493e-03 4.44579526e-04
9.16835798e-02 6.69065551e-03 4.56882343e-04
9.20415894e-02 6.15537066e-03 4.47890226e-04
9.23995974e-02 6.60118498e-03 4.43026274e-04
9.27576039e-02 5.62242392e-03 4.48222313e-04
9.31156089e-02 5.71427670e-03 4.46509911e-04
9.34736124e-02 6.34164730e-03 4.32247896e-04
9.38316143e-02 4.41770467e-03 4.28977297e-04
9.41896147e-02 5.18557023e-03 4.39224690e-04
9.45476136e-02 4.63180080e-03 4.29341951e-04
9.49056108e-02 4.81925560e-03 4.31720787e-04
9.52636066e-02 5.47847606e-03 4.27399103e-04
9.56216007e-02 5.77021207e-03 4.19076065e-04
9.59795933e-02 5.95967257e-03 4.18448989e-04
9.63375843e-02 5.66063456e-03 4.19431151e-04
9.66955738e-02 4.89282288e-03 4.19208542e-04
9.70535616e-02 5.14854611e-03 4.28629067e-04
9.74115478e-02 4.59883354e-03 4.20094788e-04
9.77695325e-02 5.32992913e-03 4.25091741e-04
9.81275155e-02 4.88592672e-03 4.11741077e-04
9.84854969e-02 4.59907880e-03 4.22823240e-04
9.88434768e-02 5.11166261e-03 4.13617579e-04
9.92014549e-02 4.43839345e-03 4.13468002e-04
9.95594315e-02 5.28103931e-03 4.19455076e-04
9.99174064e-02 5.08754129e-03 4.21036515e-04
1.00275380e-01 5.41824258e-03 4.19304101e-04
1.00633351e-01 4.60939486e-03 4.17151272e-04
1.00991321e-01 4.10990027e-03 4.03836715e-04
1.01349290e-01 4.85738468e-03 4.04293230e-04
1.01707256e-01 4.70335401e-03 4.10305050e-04
1.02065221e-01 4.66638986e-03 4.12524535e-04
1.02423184e-01 4.43753093e-03 4.05256243e-04
1.02781146e-01 4.37418837e-03 4.05059995e-04
1.03139106e-01 4.41056027e-03 4.05267225e-04
1.03497064e-01 3.76514526e-03 3.94868348e-04
1.03855021e-01 3.96847568e-03 4.01086798e-04
1.04212976e-01 4.36735490e-03 3.94657882e-04
1.04570929e-01 3.06641659e-03 4.05782379e-04
1.04928880e-01 3.95025698e-03 4.12600520e-04
1.05286830e-01 3.47435246e-03 4.15001524e-04
1.05644778e-01 4.38420489e-03 4.11036803e-04
1.06002724e-01 3.98657112e-03 3.98820300e-04
1.06360668e-01 4.14159788e-03 4.11183617e-04
1.06718611e-01 4.42986905e-03 4.16784724e-04
1.07076552e-01 3.89477957e-03 4.12771865e-04
1.07434491e-01 3.49600699e-03 4.22758379e-04
1.07792429e-01 3.06932882e-03 4.13659042e-04
1.08150364e-01 3.44352448e-03 4.04819854e-04
1.08508298e-01 3.27181826e-03 3.96607808e-04
1.08866230e-01 3.42594798e-03 4.01099351e-04
1.09224160e-01 3.32193320e-03 4.08060902e-04
1.09582089e-01 2.88352617e-03 4.02499281e-04
1.09940016e-01 3.02664013e-03 4.05148846e-04
1.10297941e-01 3.69549836e-03 4.16472656e-04
1.10655864e-01 3.19925468e-03 4.08924540e-04
1.11013785e-01 3.42265508e-03 3.88107688e-04
1.11371704e-01 3.69562099e-03 3.93791595e-04
1.11729622e-01 3.49687434e-03 3.95420944e-04
1.12087538e-01 3.32539217e-03 3.97306455e-04
1.12445452e-01 3.15462443e-03 3.98939386e-04
1.12803364e-01 3.06795876e-03 3.94087480e-04
1.13161274e-01 3.96838383e-03 3.91993085e-04
1.13519182e-01 3.17069859e-03 3.86005968e-04
1.13877089e-01 2.81413450e-03 3.87479835e-04
1.14234994e-01 3.31377358e-03 3.83480180e-04
1.14592896e-01 3.20480182e-03 3.81269567e-04
1.14950797e-01 2.87975400e-03 3.79829858e-04
1.15308696e-01 3.41039046e-03 3.84632349e-04
1.15666593e-01 2.64572358e-03 3.66706835e-04
1.16024488e-01 2.59384448e-03 3.87393509e-04
1.16382382e-01 2.31911988e-03 3.81051864e-04
1.16740273e-01 2.23985874e-03 3.76313596e-04
1.17098163e-01 2.54729638e-03 3.86181745e-04
1.17456050e-01 3.02851727e-03 3.82489747e-04
1.17813936e-01 1.70669546e-03 3.81818434e-04
1.18171819e-01 2.16042181e-03 3.80709415e-04
1.18529701e-01 2.22921986e-03 3.75341117e-04
1.18887581e-01 1.57620469e-03 3.75769390e-04
1.19245459e-01 2.62674455e-03 3.69527108e-04
1.19603335e-01 1.98060010e-03 3.92521273e-04
1.19961208e-01 2.09822900e-03 3.74843131e-04
1.20319080e-01 2.19626095e-03 3.76816831e-04
1.20676950e-01 2.49479504e-03 3.94023236e-04
1.21034818e-01 2.72661081e-03 3.72925579e-04
1.21392684e-01 2.09720327e-03 3.83142137e-04
1.21750548e-01 2.22148726e-03 3.80882125e-04
1.22108410e-01 2.52752951e-03 3.92851531e-04
1.22466270e-01 2.55124208e-03 3.87971679e-04
1.22824128e-01 2.09758640e-03 3.87542269e-04
1.23181984e-01 1.83771506e-03 3.81831828e-04
1.23539838e-01 1.54352631e-03 3.76258930e-04
1.23897690e-01 2.28718330e-03 3.81304384e-04
1.24255540e-01 1.69365577e-03 3.74406402e-04
1.24613388e-01 1.85013504e-03 3.78990706e-04
1.24971233e-01 1.81845519e-03 3.71580118e-04
1.25329077e-01 2.43620397e-03 3.60284252e-04
1.25686919e-01 1.38908260e-03 3.60699730e-04
1.26044758e-01 1.80490199e-03 3.74615423e-04
1.26402596e-01 1.94335000e-03 3.66867748e-04
1.26760431e-01 2.00858137e-03 3.60787535e-04
1.27118265e-01 1.54456696e-03 3.61129759e-04
1.27476096e-01 1.86035844e-03 3.72424940e-04
1.27833925e-01 1.62872268e-03 3.59002627e-04
1.28191752e-01 2.07757713e-03 3.66718999e-04
1.28549577e-01 1.98306661e-03 3.52001100e-04
1.28907400e-01 1.76562613e-03 3.66769599e-04
1.29265221e-01 1.56825251e-03 3.51027937e-04
1.29623040e-01 1.99608151e-03 3.52619633e-04
1.29980856e-01 1.17257250e-03 3.47075261e-04
1.30338670e-01 1.73034569e-03 3.50401370e-04
1.30696483e-01 1.61507010e-03 3.54601882e-04
1.31054293e-01 1.06838122e-03 3.52414684e-04
1.31412101e-01 1.53209977e-03 3.53734883e-04
1.31769906e-01 1.65163178e-03 3.54655911e-04
1.32127710e-01 1.10155580e-03 3.45033071e-04
1.32485511e-01 1.78478661e-03 3.56361772e-04
1.32843311e-01 1.32369745e-03 3.51863444e-04
1.33201108e-01 1.10461139e-03 3.42499047e-04
1.33558903e-01 1.36471081e-03 3.45264882e-04
1.33916695e-01 9.83062910e-04 3.37910611e-04
1.34274486e-01 1.22320034e-03 3.39636063e-04
1.34632274e-01 1.32391251e-03 3.38905125e-04
1.34990060e-01 8.64953726e-04 3.47559131e-04
1.35347844e-01 1.30405839e-03 3.33685214e-04
1.35705626e-01 1.44183170e-03 3.36834143e-04
1.36063405e-01 1.58229843e-03 3.43440776e-04
1.36421182e-01 1.45541820e-03 3.36908617e-04
1.36778957e-01 1.64715786e-03 3.45096562e-04
1.37136730e-01 9.87178562e-04 3.36001057e-04
1.37494500e-01 1.24595361e-03 3.36138995e-04
1.37852269e-01 1.42076351e-03 3.31863201e-04
1.38210034e-01 1.47858248e-03 3.39070802e-04
1.38567798e-01 1.43148856e-03 3.45421394e-04
1.38925559e-01 1.19165373e-03 3.36625213e-04
1.39283319e-01 1.43515857e-03 3.41111377e-04
1.39641075e-01 1.21249856e-03 3.32503165e-04
1.39998830e-01 9.55836244e-04 3.32724848e-04
1.40356582e-01 1.33048688e-03 3.37535349e-04
1.40714332e-01 9.05338447e-04 3.36190055e-04
1.41072080e-01 1.56582770e-03 3.30711514e-04
1.41429825e-01 1.04697079e-03 3.29558640e-04
1.41787568e-01 1.47206094e-03 3.38882154e-04
1.42145308e-01 9.76864310e-04 3.29966071e-04
1.42503047e-01 7.09733596e-04 3.28753335e-04
1.42860783e-01 8.81852105e-04 3.27767886e-04
1.43218516e-01 5.31845449e-04 3.27304599e-04
1.43576247e-01 2.54622548e-04 3.25614447e-04
1.43933976e-01 1.20578013e-03 3.24066435e-04
1.44291703e-01 9.89550494e-04 3.22815666e-04
1.44649427e-01 1.75799602e-03 3.23320991e-04
1.45007149e-01 1.14332082e-03 3.21190584e-04
1.45364868e-01 5.81260863e-04 3.16960959e-04
1.45722585e-01 8.77586957e-04 3.22922051e-04
1.46080300e-01 7.46765880e-04 3.19974276e-04
1.46438012e-01 6.39863423e-04 3.23327890e-04
1.46795722e-01 7.83246443e-04 3.17167231e-04
1.47153429e-01 8.61161926e-04 3.20519010e-04
1.47511134e-01 1.10722100e-03 3.23854908e-04
1.47868837e-01 1.35740047e-03 3.25369856e-04
1.48226537e-01 1.45582710e-03 3.15439547e-04
1.48584235e-01 7.99167158e-04 3.16532971e-04
1.48941930e-01 8.53776910e-04 3.12928489e-04
1.49299623e-01 1.09228963e-03 3.13994278e-04
1.49657313e-01 7.16320066e-04 3.14604336e-04
1.50015001e-01 1.70698300e-03 3.14478666e-04
1.50372687e-01 6.06254418e-04 3.15315243e-04
1.50730370e-01 7.81120022e-04 3.18511938e-04
1.51088050e-01 8.95386794e-04 3.14908375e-04
1.51445728e-01 6.08504295e-04 3.10064361e-04
1.51803404e-01 6.13949580e-04 3.08162477e-04
1.52161077e-01 1.14138462e-03 3.15953584e-04
1.52518747e-01 1.28128865e-03 3.14863420e-04
1.52876416e-01 9.48801405e-04 3.10836304e-04
1.53234081e-01 8.05058054e-04 3.01634178e-04
1.53591744e-01 7.18395826e-04 3.03980720e-04
1.53949405e-01 6.91951566e-04 3.09990772e-04
1.54307063e-01 3.62979060e-04 3.04486166e-04
1.54664718e-01 1.22889404e-03 3.09776409e-04
1.55022371e-01 2.48090424e-04 3.07270835e-04
1.55380021e-01 6.17922789e-04 3.08002991e-04
1.55737669e-01 8.36322831e-04 3.09873179e-04
1.56095314e-01 9.05424066e-04 3.00167553e-04
1.56452957e-01 1.11062672e-03 3.17044862e-04
1.56810597e-01 1.36126230e-03 3.16752519e-04
1.57168235e-01 7.81674637e-04 3.03475950e-04
1.57525870e-01 6.91356926e-04 3.07276572e-04
1.57883502e-01 9.18966516e-04 2.99349456e-04
1.58241132e-01 1.06913502e-03 3.07997651e-04
1.58598759e-01 1.28940702e-03 3.03064008e-04
1.58956384e-01 1.25575429e-03 3.04196732e-04
1.59314006e-01 8.72232374e-04 3.03971055e-04
1.59671625e-01 3.41883534e-04 3.06303237e-04
1.60029242e-01 4.76828403e-04 2.96844573e-04
1.60386856e-01 3.18195916e-04 3.06778996e-04
1.60744468e-01 1.26757310e-03 3.05146826e-04
1.61102076e-01 7.33256931e-04 2.93226153e-04
1.61459683e-01 6.47261278e-04 3.03571938e-04
1.61817286e-01 4.94110790e-04 3.05949048e-04
1.62174887e-01 1.46773464e-03 2.99727314e-04
1.62532485e-01 9.11759575e-04 2.98445594e-04
1.62890081e-01 4.13796807e-04 2.96998857e-04
1.63247674e-01 8.82046483e-04 3.01265863e-04
1.63605264e-01 1.19953422e-03 3.00713419e-04
1.63962852e-01 6.15836717e-04 2.97022418e-04
1.64320437e-01 8.06224475e-05 2.90398533e-04
1.64678019e-01 3.29459084e-04 3.04145483e-04
1.65035598e-01 2.19735322e-04 2.98020193e-04
1.65393175e-01 9.68911477e-04 2.94177392e-04
1.65750749e-01 5.65785057e-04 2.94235941e-04
1.66108320e-01 1.62181797e-04 2.95462801e-04
1.66465889e-01 7.78127381e-04 2.93707970e-04
1.66823455e-01 5.82602257e-04 2.91507702e-04
1.67181018e-01 -6.58378376e-04 2.87483414e-04
1.67538578e-01 7.09497074e-04 2.91882930e-04
1.67896136e-01 3.38903672e-04 2.91546638e-04
1.68253691e-01 7.82956367e-04 2.99042103e-04
1.68611243e-01 5.38732320e-04 2.90540722e-04
1.68968792e-01 5.92826840e-04 2.96791574e-04
1.69326339e-01 9.69936339e-04 2.92321658e-04
1.69683883e-01 1.07337549e-03 2.90933099e-04
1.70041424e-01 8.67907306e-04 2.92414565e-04
1.70398962e-01 4.30295541e-04 2.94067794e-04
1.70756497e-01 4.89460901e-04 2.89173597e-04
1.71114030e-01 3.75969777e-04 2.88976020e-04
1.71471560e-01 2.71439229e-04 2.88034414e-04
1.71829087e-01 -1.93087863e-04 2.86792548e-04
1.72186611e-01 4.48700737e-04 2.83131561e-04
1.72544132e-01 5.16570971e-04 2.95413407e-04
1.72901651e-01 1.34323503e-04 2.89325891e-04
1.73259167e-01 -3.86732448e-04 2.83018663e-04
1.73616679e-01 4.00538434e-04 2.89446236e-04
1.73974189e-01 6.08866011e-04 2.88901685e-04
1.74331697e-01 5.18273112e-04 2.82167547e-04
1.74689201e-01 3.03985181e-04 2.82799062e-04
1.75046702e-01 -1.76595807e-04 2.81820990e-04
1.75404201e-01 7.66557999e-04 2.83948833e-04
1.75761697e-01 7.81033107e-04 2.88102738e-04
1.76119189e-01 6.52204295e-04 2.80426769e-04
1.76476679e-01 2.23013458e-04 2.87718108e-04
1.76834166e-01 7.02951177e-04 2.83984476e-04
1.77191650e-01 4.07387205e-04 2.78641790e-04
1.77549132e-01 6.96833382e-05 2.79231416e-04
1.77906610e-01 3.87876859e-04 2.83110499e-04
1.78264085e-01 2.15905679e-04 2.82446098e-04
1.78621558e-01 6.07781218e-04 2.81554799e-04
1.78979027e-01 9.92802947e-04 2.86638502e-04
1.79336494e-01 3.16250142e-04 2.74031674e-04
1.79693958e-01 9.45293909e-04 2.79383715e-04
1.80051418e-01 1.93528698e-04 2.79322604e-04
1.80408876e-01 5.99073661e-04 2.77305246e-04
1.80766331e-01 6.41092978e-04 2.81503790e-04
1.81123783e-01 6.02379883e-04 2.85998722e-04
1.81481232e-01 -8.00313717e-05 2.80461230e-04
1.81838677e-01 6.90770033e-04 2.84741301e-04
1.82196120e-01 4.11129676e-04 2.81700100e-04
1.82553560e-01 7.04134095e-04 2.88087488e-04
1.82910997e-01 6.37358729e-04 2.87449596e-04
1.83268431e-01 2.48283706e-04 2.85932069e-04
1.83625862e-01 6.00909985e-04 2.87907855e-04
1.83983290e-01 -1.00468396e-04 2.86898538e-04
1.84340715e-01 3.68218852e-04 2.85201120e-04
1.84698137e-01 2.16779391e-04 2.84711537e-04
1.85055556e-01 6.37181412e-04 2.87592626e-04
1.85412971e-01 3.29030302e-04 2.79208142e-04
1.85770384e-01 2.80321337e-04 2.82766722e-04
1.86127794e-01 2.35357811e-04 2.81426850e-04
1.86485200e-01 2.73149680e-04 2.78945576e-04
1.86842604e-01 2.22676368e-04 2.73331823e-04
1.87200005e-01 2.68449448e-04 2.76246536e-04
1.87557402e-01 3.33353575e-04 2.79270508e-04
1.87914797e-01 6.05954427e-04 2.77829515e-04
1.88272188e-01 5.77532934e-04 2.74452920e-04
1.88629576e-01 5.98651591e-05 2.79607100e-04
1.88986961e-01 1.38665955e-04 2.75693871e-04
1.89344343e-01 -8.56164456e-05 2.77460241e-04
1.89701722e-01 5.24694982e-04 2.75789087e-04
1.90059098e-01 4.72433813e-04 2.76777429e-04
1.90416471e-01 4.85481618e-04 2.73883354e-04
1.90773840e-01 3.17276389e-04 2.66126405e-04
1.91131207e-01 6.90387089e-04 2.71388085e-04
1.91488570e-01 7.45682905e-04 2.76776160e-04
1.91845930e-01 6.40165501e-04 2.75784901e-04
1.92203287e-01 2.93844168e-04 2.70399049e-04
1.92560641e-01 7.06344085e-05 2.73263365e-04
1.92917992e-01 7.13585392e-05 2.69006245e-04
1.93275340e-01 5.67684005e-04 2.65277519e-04
1.93632684e-01 2.98184107e-04 2.69019741e-04
1.93990025e-01 -7.06816323e-05 2.67954521e-04
1.94347363e-01 2.63228908e-04 2.74887320e-04
1.94704698e-01 -1.16449148e-04 2.72479839e-04
1.95062030e-01 1.38640951e-04 2.74059255e-04
1.95419358e-01 3.46747153e-04 2.67444076e-04
1.95776684e-01 1.93494946e-04 2.73550075e-04
1.96134006e-01 9.20788547e-05 2.75922344e-04
1.96491324e-01 2.34712614e-04 2.70970443e-04
1.96848640e-01 2.65038964e-04 2.73160305e-04
1.97205953e-01 2.71881757e-04 2.69887417e-04
1.97563262e-01 5.52422207e-04 2.69734178e-04
1.97920568e-01 1.97480532e-04 2.77027307e-04
1.98277870e-01 1.27659212e-04 2.74878495e-04
1.98635170e-01 4.08082001e-04 2.71633006e-04
1.98992466e-01 1.97402330e-04 2.73905283e-04
1.99349759e-01 3.32280318e-04 2.69078767e-04
1.99707049e-01 4.88119158e-04 2.65430372e-04
2.00064335e-01 4.65936161e-05 2.71590200e-04
2.00421618e-01 -5.17033853e-05 2.66215400e-04
2.00778898e-01 4.10724520e-04 2.71060824e-04
2.01136174e-01 4.15989656e-04 2.65532908e-04
2.01493448e-01 -2.53641684e-04 2.64459955e-04
2.01850718e-01 5.65085017e-04 2.66559644e-04
2.02207984e-01 -8.15032785e-05 2.62380579e-04
2.02565248e-01 9.92187117e-05 2.59026898e-04
2.02922508e-01 -6.24843997e-06 2.63545636e-04
2.03279764e-01 6.06411101e-04 2.62306510e-04
2.03637018e-01 3.36635239e-04 2.59517509e-04
2.03994268e-01 2.88728154e-04 2.60151844e-04
2.04351514e-01 3.77670029e-04 2.62817526e-04
2.04708758e-01 3.93193960e-04 2.58898673e-04
2.05065998e-01 5.71356637e-04 2.59463704e-04
2.05423234e-01 2.46797594e-04 2.55538398e-04
2.05780467e-01 9.74218286e-05 2.54551279e-04
2.06137697e-01 3.98715022e-04 2.56371272e-04
2.06494924e-01 7.13473149e-04 2.58960908e-04
2.06852147e-01 1.80684426e-04 2.57349289e-04
2.07209367e-01 3.17639896e-04 2.57563962e-04
2.07566583e-01 5.65621242e-04 2.62512475e-04
2.07923796e-01 8.32102948e-05 2.57171935e-04
2.08281005e-01 -5.69228111e-05 2.59936868e-04
2.08638211e-01 -2.61725745e-05 2.53624754e-04
2.08995414e-01 1.60021320e-04 2.49671295e-04
2.09352613e-01 2.55995712e-04 2.54667642e-04
2.09709809e-01 1.19101812e-04 2.52573290e-04
2.10067002e-01 1.48596112e-04 2.55083627e-04
2.10424191e-01 2.16731335e-04 2.47052551e-04
2.10781376e-01 3.38539510e-04 2.52653584e-04
2.11138558e-01 1.42120334e-04 2.55497630e-04
2.11495737e-01 4.16563182e-04 2.51936242e-04
2.11852912e-01 3.38355528e-04 2.53210877e-04
2.12210084e-01 2.60010977e-04 2.53959893e-04
2.12567252e-01 2.40054304e-04 2.47724539e-04
2.12924416e-01 4.59125433e-04 2.53721705e-04
2.13281578e-01 3.27370948e-04 2.48841906e-04
2.13638735e-01 3.94529058e-04 2.50470199e-04
2.13995890e-01 -1.60642880e-05 2.44922175e-04
2.14353040e-01 2.93693831e-04 2.49704828e-04
2.14710188e-01 2.59663316e-04 2.50676708e-04
2.15067331e-01 -3.54165435e-05 2.51994001e-04
2.15424471e-01 3.17428871e-04 2.51152779e-04
2.15781608e-01 -5.62819073e-05 2.43094552e-04
2.16138741e-01 4.17971051e-04 2.49737299e-04
2.16495871e-01 -1.51107711e-04 2.47049367e-04
2.16852997e-01 3.50069890e-04 2.44309838e-04
2.17210119e-01 7.32819655e-04 2.48983535e-04
2.17567238e-01 3.16339130e-04 2.42243590e-04
2.17924354e-01 1.88309061e-04 2.46762833e-04
2.18281465e-01 1.03054292e-04 2.43063892e-04
2.18638574e-01 1.33345801e-04 2.44350693e-04
2.18995678e-01 3.57561108e-04 2.45069923e-04
2.19352779e-01 2.57436867e-04 2.46377622e-04
2.19709877e-01 4.68612185e-04 2.41712256e-04
2.20066971e-01 2.37701808e-04 2.39448776e-04
2.20424061e-01 8.29074730e-05 2.44529646e-04
2.20781147e-01 9.47120738e-05 2.43575607e-04
2.21138230e-01 3.84593058e-04 2.42761823e-04
2.21495310e-01 3.24613609e-05 2.42269529e-04
2.21852386e-01 3.00719858e-04 2.44076754e-04
2.22209458e-01 5.90508857e-04 2.44740241e-04
2.22566526e-01 1.99132577e-04 2.37454989e-04
2.22923591e-01 1.06545831e-04 2.35948589e-04
2.23280652e-01 5.42506846e-04 2.32520347e-04
2.23637710e-01 1.73182762e-04 2.37712279e-04
2.23994764e-01 5.19756122e-04 2.39122489e-04
2.24351814e-01 8.48623925e-04 2.41505883e-04
2.24708861e-01 2.45279166e-04 2.41296340e-04
2.25065904e-01 1.59904541e-04 2.36404912e-04
2.25422943e-01 7.42906132e-04 2.41563539e-04
2.25779978e-01 5.40555966e-04 2.40652803e-04
2.26137010e-01 2.98722198e-04 2.38256098e-04
2.26494038e-01 3.25875684e-04 2.36828610e-04
2.26851063e-01 2.01323235e-04 2.36358471e-04
2.27208083e-01 3.10131380e-04 2.42373643e-04
2.27565100e-01 2.35257926e-04 2.34132255e-04
2.27922114e-01 9.86076950e-05 2.34229440e-04
2.28279123e-01 -2.78719982e-05 2.34069617e-04
2.28636129e-01 1.00050589e-04 2.38034843e-04
2.28993131e-01 3.44630912e-04 2.36640758e-04
2.29350129e-01 6.88803352e-05 2.33326899e-04
2.29707124e-01 8.62576695e-05 2.32594803e-04
2.30064115e-01 5.08073552e-04 2.37132684e-04
2.30421102e-01 3.34624416e-04 2.29980759e-04
2.30778085e-01 3.83688500e-04 2.37350203e-04
2.31135064e-01 2.81018385e-04 2.37464938e-04
2.31492040e-01 1.69816553e-04 2.32238278e-04
2.31849012e-01 2.62583893e-04 2.33279993e-04
2.32205980e-01 6.40491262e-04 2.33749446e-04
2.32562944e-01 3.80048598e-04 2.36080893e-04
2.32919905e-01 2.93396842e-04 2.30266905e-04
2.33276862e-01 4.06756600e-04 2.32065907e-04
2.33633814e-01 2.24394862e-04 2.27166377e-04
2.33990763e-01 8.99812453e-05 2.28841320e-04
2.34347709e-01 3.27548244e-04 2.28794937e-04
2.34704650e-01 3.40734153e-04 2.23057400e-04
2.35061588e-01 9.81633149e-05 2.31924364e-04
2.35418521e-01 2.08238026e-04 2.27708994e-04
2.35775451e-01 3.11764895e-04 2.28318642e-04
2.36132377e-01 5.51021601e-04 2.31257764e-04
2.36489299e-01 2.49737375e-04 2.25424472e-04
2.36846218e-01 4.76414455e-04 2.31814757e-04
2.37203132e-01 5.17419319e-04 2.29298942e-04
2.37560042e-01 2.98054530e-05 2.28809807e-04
2.37916949e-01 4.12985316e-04 2.28802080e-04
2.38273852e-01 1.19617010e-04 2.27722622e-04
2.38630751e-01 -2.47141526e-04 2.23512777e-04
2.38987645e-01 7.99265350e-05 2.25648751e-04
2.39344537e-01 4.83839967e-04 2.21335057e-04
2.39701424e-01 3.41711696e-04 2.22572998e-04
2.40058307e-01 -1.32912043e-05 2.23852628e-04
2.40415186e-01 1.97784847e-04 2.27202812e-04
2.40772061e-01 6.78242519e-05 2.24159242e-04
2.41128933e-01 2.62841150e-04 2.23933927e-04
2.41485800e-01 4.13422763e-04 2.24273810e-04
2.41842664e-01 3.00226939e-04 2.21938910e-04
2.42199523e-01 3.66460673e-04 2.24717426e-04
2.42556379e-01 4.11503614e-04 2.24583710e-04
2.42913230e-01 3.09989181e-04 2.24690815e-04
2.43270078e-01 6.05991257e-04 2.22604743e-04
2.43626922e-01 -1.66818176e-06 2.26865152e-04
2.43983761e-01 4.72967148e-04 2.22522957e-04
2.44340597e-01 4.26450602e-04 2.22877695e-04
2.44697429e-01 3.22491930e-04 2.18504861e-04
2.45054256e-01 3.06939877e-04 2.22910881e-04
2.45411080e-01 3.47849246e-04 2.17725817e-04
2.45767900e-01 2.05553686e-04 2.19156805e-04
2.46124715e-01 4.65132936e-04 2.22944381e-04
2.46481527e-01 4.60502451e-04 2.23406693e-04
2.46838334e-01 -2.02533005e-05 2.17510314e-04
2.47195138e-01 4.32288564e-04 2.18268259e-04
2.47551938e-01 6.12503377e-04 2.20283070e-04
2.47908733e-01 4.09922697e-04 2.20779939e-04
2.48265524e-01 1.09272185e-04 2.18730419e-04
2.48622312e-01 5.50506736e-04 2.19252973e-04
2.48979095e-01 2.58413223e-04 2.08917446e-04
2.49335874e-01 2.65184922e-04 2.16619413e-04
2.49692649e-01 4.06928458e-04 2.15243292e-04
2.50049420e-01 1.41687568e-04 2.17750071e-04
2.50406187e-01 1.81879343e-04 2.15838703e-04
2.50762950e-01 3.18240232e-04 2.15112113e-04
2.51119709e-01 2.31656365e-04 2.18616129e-04
2.51476464e-01 -4.65520259e-05 2.10356843e-04
2.51833214e-01 2.58304488e-04 2.14387551e-04
2.52189961e-01 1.93343624e-04 2.14155327e-04
2.52546703e-01 9.30828188e-05 2.14743503e-04
2.52903441e-01 2.73375082e-04 2.14274879e-04
2.53260175e-01 3.43430051e-04 2.16996704e-04
2.53616905e-01 4.13980645e-04 2.11396927e-04
2.53973631e-01 3.37662868e-04 2.17010173e-04
2.54330352e-01 2.70493602e-04 2.13242322e-04
2.54687070e-01 8.44549523e-04 2.16358269e-04
2.55043783e-01 3.18721518e-04 2.10902603e-04
2.55400492e-01 2.62689422e-04 2.13628620e-04
2.55757197e-01 2.48082997e-04 2.15877548e-04
2.56113898e-01 3.55543254e-04 2.16350291e-04
2.56470595e-01 6.04401311e-04 2.14441593e-04
2.56827287e-01 2.44056987e-04 2.13791410e-04
2.57183975e-01 3.13949193e-04 2.16338857e-04
2.57540659e-01 4.11128263e-04 2.15039750e-04
2.57897339e-01 -8.22065206e-05 2.16077807e-04
2.58254014e-01 3.30855019e-04 2.18044507e-04
2.58610686e-01 3.59409760e-04 2.13633196e-04
2.58967353e-01 1.20527583e-05 2.18245641e-04
2.59324016e-01 3.77604263e-04 2.18479885e-04
2.59680674e-01 4.06266756e-04 2.18218002e-04
2.60037329e-01 2.69511979e-04 2.15717618e-04
2.60393979e-01 2.50404540e-04 2.13844068e-04
2.60750625e-01 3.07935193e-05 2.14788258e-04
2.61107266e-01 1.21101404e-04 2.14291901e-04
2.61463904e-01 1.82299323e-04 2.20790575e-04
2.61820537e-01 6.31121638e-04 2.19592610e-04
2.62177166e-01 2.41729865e-04 2.18278512e-04
2.62533790e-01 6.95808437e-04 2.19894448e-04
2.62890410e-01 6.29842469e-04 2.19198768e-04
2.63247026e-01 1.42962757e-04 2.12929456e-04
2.63603638e-01 3.23971186e-04 2.07995571e-04
2.63960245e-01 3.15149095e-04 2.17152288e-04
2.64316848e-01 6.77739182e-04 2.15877128e-04
2.64673447e-01 2.76816700e-04 2.14899628e-04
2.65030042e-01 5.73980926e-04 2.13841586e-04
2.65386632e-01 2.83213191e-04 2.15740145e-04
2.65743217e-01 5.37285204e-04 2.16432553e-04
2.66099799e-01 7.24585757e-05 2.11129620e-04
2.66456376e-01 4.14367173e-04 2.11941329e-04
2.66812948e-01 3.65209473e-04 2.11307218e-04
2.67169517e-01 9.87715978e-05 2.17604993e-04
2.67526081e-01 4.44126936e-05 2.16609808e-04
2.67882640e-01 5.60063328e-04 2.15585484e-04
2.68239195e-01 3.65576989e-04 2.17233724e-04
2.68595746e-01 1.46588799e-04 2.15849403e-04
2.68952293e-01 3.95814154e-04 2.18156419e-04
2.69308835e-01 2.39096182e-04 2.19139282e-04
2.69665372e-01 3.55140085e-04 2.20596318e-04
2.70021906e-01 3.47420188e-04 2.22306161e-04
2.70378435e-01 3.37136103e-04 2.22144412e-04
2.70734959e-01 -2.58927685e-04 2.19971413e-04
2.71091479e-01 -4.86598052e-04 2.20313397e-04
2.71447995e-01 2.87204839e-04 2.26741364e-04
2.71804506e-01 5.43929485e-04 2.24153620e-04
2.72161012e-01 -7.60459825e-05 2.23155201e-04
2.72517515e-01 3.44403579e-04 2.23727751e-04
2.72874012e-01 2.07809256e-04 2.25447150e-04
