1.54026655e-02 2.67904006e-03 1.62343925e-03
1.57608633e-02 3.62874942e-03 1.64860786e-03
1.61190608e-02 5.73022158e-03 1.59563889e-03
1.64772580e-02 2.69227743e-03 1.45794334e-03
1.68354550e-02 5.25475183e-03 1.36362365e-03
1.71936517e-02 4.43130617e-03 1.30122708e-03
1.75518481e-02 3.52885239e-03 1.39350392e-03
1.79100442e-02 6.83877760e-03 1.36046557e-03
1.82682400e-02 4.36459054e-03 1.29905324e-03
1.86264355e-02 2.65266976e-03 1.25321154e-03
1.89846308e-02 2.97621286e-03 1.16609166e-03
1.93428257e-02 2.65567521e-03 1.18635387e-03
1.97010202e-02 5.39162793e-03 1.11207951e-03
2.00592145e-02 5.32640380e-03 1.12556603e-03
2.04174084e-02 3.67499779e-03 1.07775341e-03
2.07756020e-02 4.69888459e-03 1.08563806e-03
2.11337953e-02 4.34586545e-03 1.05168613e-03
2.14919882e-02 3.29311261e-03 1.02622149e-03
2.18501808e-02 3.74481654e-03 1.04628394e-03
2.22083729e-02 3.92465203e-03 9.82101190e-04
2.25665648e-02 3.84962186e-03 1.01609130e-03
2.29247562e-02 3.01524759e-03 9.63684391e-04
2.32829473e-02 4.84240658e-03 9.80438153e-04
2.36411380e-02 5.91437274e-03 9.63177106e-04
2.39993283e-02 3.63386191e-03 9.33030331e-04
2.43575182e-02 4.77225965e-03 8.90484426e-04
2.47157077e-02 3.71017965e-03 8.65859520e-04
2.50738968e-02 3.71197015e-03 8.89276193e-04
2.54320855e-02 4.02534096e-03 9.51803492e-04
2.57902738e-02 3.26468518e-03 8.66566171e-04
2.61484617e-02 4.32373611e-03 9.18711808e-04
2.65066491e-02 4.73797367e-03 8.38069076e-04
2.68648361e-02 5.13615940e-03 8.51293665e-04
2.72230226e-02 4.99304201e-03 8.69778603e-04
2.75812087e-02 4.26622837e-03 8.66218464e-04
2.79393943e-02 3.77506217e-03 8.63305977e-04
2.82975795e-02 4.32055705e-03 8.21793297e-04
2.86557642e-02 4.21267960e-03 8.44523308e-04
2.90139485e-02 4.39419987e-03 8.04879515e-04
2.93721323e-02 2.65636021e-03 8.08534942e-04
2.97303155e-02 3.88394090e-03 8.30033925e-04
3.00884983e-02 4.33962562e-03 8.34203236e-04
3.04466806e-02 4.45236224e-03 8.55352220e-04
3.08048624e-02 3.90898202e-03 8.74544482e-04
3.11630437e-02 4.14766028e-03 8.67268431e-04
3.15212245e-02 3.70079208e-03 8.53996859e-04
3.18794048e-02 3.73633400e-03 8.03143849e-04
3.22375845e-02 4.07711530e-03 8.17431607e-04
3.25957637e-02 3.53380706e-03 8.46409717e-04
3.29539424e-02 5.83256207e-03 7.70481361e-04
3.33121205e-02 3.94877609e-03 7.59555607e-04
3.36702981e-02 3.36699429e-03 7.58814203e-04
3.40284751e-02 3.73101900e-03 8.24691604e-04
3.43866516e-02 4.00608272e-03 7.97531847e-04
3.47448275e-02 4.86897430e-03 7.87517299e-04
3.51030028e-02 3.10943712e-03 7.59762270e-04
3.54611775e-02 2.38627799e-03 7.73338703e-04
3.58193517e-02 3.22823367e-03 7.44744671e-04
3.61775253e-02 3.92157016e-03 7.46808256e-04
3.65356983e-02 4.17063280e-03 7.24130934e-04
3.68938706e-02 2.97331910e-03 6.81341232e-04
3.72520424e-02 3.23150400e-03 7.26137849e-04
3.76102136e-02 2.48284786e-03 7.11484416e-04
3.79683841e-02 2.81590175e-03 7.26146368e-04
3.83265540e-02 3.74368512e-03 6.99710521e-04
3.86847233e-02 3.14692301e-03 7.25988554e-04
3.90428920e-02 1.00900906e-03 6.88139536e-04
3.94010600e-02 2.40694982e-03 6.50414389e-04
3.97592273e-02 3.58222518e-03 6.80622370e-04
4.01173941e-02 3.28609880e-03 6.79259211e-04
4.04755601e-02 3.92085551e-03 6.81303837e-04
4.08337255e-02 3.63942377e-03 6.51184393e-04
4.11918902e-02 2.61481900e-03 6.86501651e-04
4.15500542e-02 2.80420571e-03 6.39364843e-04
4.19082176e-02 4.04329483e-03 6.76577498e-04
4.22663802e-02 2.34984262e-03 6.62585032e-04
4.26245422e-02 2.71656954e-03 6.62379246e-04
4.29827034e-02 1.90805740e-03 6.44991641e-04
4.33408640e-02 3.82373104e-03 6.67476782e-04
4.36990238e-02 3.68478065e-03 6.86936315e-04
4.40571830e-02 2.42715112e-03 6.39766644e-04
4.44153414e-02 3.25383171e-03 6.53822499e-04
4.47734990e-02 3.25846739e-03 6.56876270e-04
4.51316560e-02 3.26804659e-03 6.67141448e-04
4.54898122e-02 2.45011570e-03 6.52706495e-04
4.58479676e-02 2.67172854e-03 6.77769056e-04
4.62061223e-02 1.51106391e-03 6.59606314e-04
4.65642762e-02 1.05241314e-03 6.60570106e-04
4.69224294e-02 1.85943491e-03 6.44784845e-04
4.72805818e-02 2.13009699e-03 6.48220229e-04
4.76387334e-02 3.93803226e-03 6.71349652e-04
4.79968842e-02 2.71247554e-03 6.39302274e-04
4.83550342e-02 1.83561355e-03 6.30566086e-04
4.87131835e-02 2.10409824e-03 6.48780994e-04
4.90713319e-02 2.38912132e-03 6.37932592e-04
4.94294795e-02 2.76355276e-03 6.14669536e-04
4.97876264e-02 1.33215849e-03 6.18358116e-04
5.01457724e-02 1.98047611e-03 5.79525428e-04
5.05039175e-02 2.82954734e-03 5.95808022e-04
5.08620619e-02 2.90229961e-03 6.15276274e-04
5.12202054e-02 1.65312654e-03 5.96548532e-04
5.15783481e-02 2.32087681e-03 5.87115712e-04
5.19364899e-02 1.38688870e-03 5.94639050e-04
5.22946308e-02 2.03492937e-03 5.85430543e-04
5.26527709e-02 1.27564580e-03 5.84623195e-04
5.30109102e-02 1.17353804e-03 6.02432321e-04
5.33690485e-02 2.17943677e-03 5.71325291e-04
5.37271860e-02 1.13879604e-03 5.74789120e-04
5.40853226e-02 1.40457698e-03 5.59371429e-04
5.44434583e-02 1.23527507e-03 5.73620557e-04
5.48015932e-02 2.06935441e-03 5.72311646e-04
5.51597271e-02 1.87643677e-03 5.48019322e-04
5.55178601e-02 1.17269412e-03 5.70700797e-04
5.58759922e-02 1.13665426e-03 5.80095314e-04
5.62341234e-02 2.35291081e-03 5.57718160e-04
5.65922536e-02 2.02491448e-03 5.86367950e-04
5.69503829e-02 1.60032436e-03 5.36711023e-04
5.73085113e-02 2.66417555e-03 5.41381832e-04
5.76666388e-02 1.69156973e-03 5.47942899e-04
5.80247653e-02 2.59624998e-03 5.50164440e-04
5.83828908e-02 7.96802894e-04 5.35525645e-04
5.87410154e-02 1.21505425e-03 5.27460497e-04
5.90991390e-02 1.79301529e-03 5.48432640e-04
5.94572616e-02 1.51668052e-03 5.36703580e-04
5.98153833e-02 4.68047504e-04 5.38951435e-04
6.01735040e-02 2.51357339e-03 5.42414821e-04
6.05316237e-02 1.94887866e-03 5.35669185e-04
6.08897424e-02 1.61580566e-03 5.22383887e-04
6.12478600e-02 6.45591626e-04 5.24282239e-04
6.16059767e-02 1.32959738e-03 5.40540886e-04
6.19640924e-02 1.17208310e-03 5.25724729e-04
6.23222071e-02 1.78596166e-03 5.27088736e-04
6.26803207e-02 1.97420182e-03 5.08486417e-04
6.30384333e-02 1.60239948e-03 5.17796106e-04
6.33965448e-02 1.39716736e-03 5.17750004e-04
6.37546554e-02 1.37005843e-03 5.08234299e-04
6.41127648e-02 1.52200852e-03 5.13484358e-04
6.44708732e-02 1.33634419e-03 5.21067999e-04
6.48289806e-02 1.21432855e-03 5.10327334e-04
6.51870869e-02 1.58932797e-03 4.99544138e-04
6.55451921e-02 1.19494506e-03 5.04777769e-04
6.59032962e-02 1.86711351e-03 5.05042703e-04
6.62613993e-02 1.02974015e-03 5.02608905e-04
6.66195012e-02 1.18145993e-03 4.96166964e-04
6.69776021e-02 8.06515229e-04 5.14524152e-04
6.73357019e-02 -3.40480705e-04 4.90912061e-04
6.76938005e-02 4.23017673e-04 4.93237896e-04
6.80518981e-02 5.23027388e-04 4.77357505e-04
6.84099945e-02 7.48990883e-04 4.84355713e-04
6.87680898e-02 1.20216787e-03 4.70712372e-04
6.91261840e-02 1.14500440e-03 4.76834141e-04
6.94842770e-02 9.13235211e-05 4.68604674e-04
6.98423689e-02 7.01158153e-04 4.54775727e-04
7.02004596e-02 4.94404891e-04 4.75315369e-04
7.05585492e-02 7.24158973e-04 4.71177661e-04
7.09166377e-02 3.40376738e-04 4.68586292e-04
7.12747249e-02 7.75137669e-04 4.94352428e-04
7.16328110e-02 1.27574300e-03 4.86356322e-04
7.19908959e-02 1.39926747e-04 4.70281640e-04
7.23489796e-02 1.62100778e-03 4.76334124e-04
7.27070622e-02 7.43811435e-04 4.82015092e-04
7.30651435e-02 2.65195229e-04 4.78280453e-04
7.34232237e-02 7.88446290e-04 4.67460885e-04
7.37813026e-02 1.01185119e-03 4.79741814e-04
7.41393803e-02 7.88250201e-04 4.62460617e-04
7.44974568e-02 1.01237009e-04 4.78502261e-04
7.48555321e-02 7.70601407e-04 4.66725767e-04
7.52136061e-02 3.04041799e-04 4.65557378e-04
7.55716789e-02 1.52260759e-03 4.70101906e-04
7.59297505e-02 2.24869455e-04 4.53378789e-04
7.62878208e-02 6.75049791e-04 4.78916720e-04
7.66458899e-02 9.64565538e-04 4.66698844e-04
7.70039577e-02 7.02663232e-04 4.59246602e-04
7.73620242e-02 4.14385717e-04 4.34046563e-04
7.77200895e-02 6.32805517e-04 4.66161094e-04
7.80781535e-02 2.95284615e-04 4.53066845e-04
7.84362162e-02 -4.64774989e-04 4.41312346e-04
7.87942776e-02 3.08799716e-04 4.58155152e-04
7.91523377e-02 6.91846523e-04 4.62605681e-04
7.95103965e-02 6.60795217e-04 4.54225109e-04
7.98684540e-02 -1.58344321e-04 4.49353611e-04
8.02265102e-02 4.89585061e-04 4.47614197e-04
8.05845651e-02 7.63383247e-04 4.46222170e-04
8.09426186e-02 -2.43979719e-04 4.35805016e-04
8.13006709e-02 8.93291109e-05 4.44002880e-04
8.16587217e-02 5.26501489e-04 4.39848001e-04
8.20167713e-02 3.55312094e-04 4.17792467e-04
8.23748195e-02 -1.75422614e-04 4.42290443e-04
8.27328663e-02 -6.27106877e-04 4.42141287e-04
8.30909118e-02 6.72479172e-04 4.35752722e-04
8.34489559e-02 7.61359115e-04 4.21092387e-04
8.38069986e-02 4.63300733e-04 4.39575066e-04
8.41650400e-02 1.32068797e-04 4.39036287e-04
8.45230800e-02 7.63829691e-05 4.23017623e-04
8.48811185e-02 -3.23635212e-05 4.25078050e-04
8.52391557e-02 -5.51775183e-04 4.35008632e-04
8.55971915e-02 -5.49464191e-04 4.47049071e-04
8.59552259e-02 1.00798370e-04 4.31380762e-04
8.63132589e-02 1.09594773e-03 4.43576162e-04
8.66712904e-02 3.15190675e-04 4.31225279e-04
8.70293205e-02 6.62502236e-04 4.27783133e-04
8.73873492e-02 2.07003602e-04 4.29360289e-04
8.77453765e-02 2.40973083e-04 4.33946715e-04
8.81034023e-02 2.12912934e-04 4.37946888e-04
8.84614267e-02 -6.72358403e-04 4.30398270e-04
8.88194496e-02 -6.80407488e-05 4.34339236e-04
8.91774710e-02 -2.93929168e-04 4.30854298e-04
8.95354910e-02 1.61127623e-04 4.26914057e-04
8.98935095e-02 -4.16363293e-04 4.21432718e-04
9.02515266e-02 -5.91597018e-04 4.31347295e-04
9.06095421e-02 8.28459913e-04 4.23548400e-04
9.09675562e-02 3.55407424e-04 4.21188580e-04
9.13255687e-02 1.28232282e-04 4.31916527e-04
9.16835798e-02 -7.05412675e-04 4.34468121e-04
9.20415894e-02 6.51322965e-04 4.41862331e-04
9.23995974e-02 -7.16829489e-05 4.18927094e-04
9.27576039e-02 4.26652676e-04 4.34805429e-04
9.31156089e-02 -6.04439396e-04 4.32830769e-04
9.34736124e-02 2.48613542e-04 4.31847727e-04
9.38316143e-02 1.30436134e-04 3.95950586e-04
9.41896147e-02 1.11975706e-05 4.15029693e-04
9.45476136e-02 9.56472110e-05 4.13465652e-04
9.49056108e-02 1.84825886e-04 4.05058608e-04
9.52636066e-02 3.93304865e-04 4.02841752e-04
9.56216007e-02 1.94965138e-04 4.04048446e-04
9.59795933e-02 -1.26226186e-04 4.04354387e-04
9.63375843e-02 2.07560765e-04 4.09436121e-04
9.66955738e-02 3.65829957e-05 3.95961545e-04
9.70535616e-02 2.52691758e-04 4.04584536e-04
9.74115478e-02 6.40366472e-06 3.92833109e-04
9.77695325e-02 -1.59335251e-04 4.09566539e-04
9.81275155e-02 3.22649086e-04 4.07605395e-04
9.84854969e-02 -4.09045972e-04 4.01734164e-04
9.88434768e-02 1.06135645e-04 3.97813046e-04
9.92014549e-02 -2.68026076e-04 3.88797279e-04
9.95594315e-02 -6.77671419e-04 3.98136564e-04
9.99174064e-02 1.77091191e-04 3.92412650e-04
1.00275380e-01 3.67803466e-04 3.88911939e-04
1.00633351e-01 4.31816230e-04 3.95512952e-04
1.00991321e-01 2.58222512e-05 3.93218164e-04
1.01349290e-01 4.11222238e-04 4.04742389e-04
1.01707256e-01 2.26096797e-04 3.90900297e-04
1.02065221e-01 -2.73709084e-05 3.89633249e-04
1.02423184e-01 9.98969597e-04 3.97248398e-04
1.02781146e-01 3.02922966e-04 3.96400041e-04
1.03139106e-01 2.86370550e-04 3.92467616e-04
1.03497064e-01 5.88480868e-04 3.88734404e-04
1.03855021e-01 -3.73997119e-05 3.99279567e-04
1.04212976e-01 4.07402558e-04 3.88834995e-04
1.04570929e-01 -2.13000731e-05 3.92610477e-04
1.04928880e-01 6.39546651e-04 3.99905072e-04
1.05286830e-01 1.09682889e-04 3.92806102e-04
1.05644778e-01 -4.34853175e-05 3.96943169e-04
1.06002724e-01 4.80871099e-04 4.00062846e-04
1.06360668e-01 7.04213751e-04 4.08774889e-04
1.06718611e-01 5.27726351e-04 3.99215730e-04
1.07076552e-01 1.32277771e-04 3.96862718e-04
1.07434491e-01 2.29640876e-04 3.88934743e-04
1.07792429e-01 -3.78458847e-05 4.09835541e-04
1.08150364e-01 -2.46905021e-04 3.95684243e-04
1.08508298e-01 -1.89812201e-04 3.93853617e-04
1.08866230e-01 9.23603474e-04 3.97503577e-04
1.09224160e-01 2.65607556e-04 4.00193209e-04
1.09582089e-01 5.12902856e-04 3.95502424e-04
1.09940016e-01 1.03188854e-03 4.02887896e-04
1.10297941e-01 -1.99218564e-04 3.82476343e-04
1.10655864e-01 4.61551427e-04 3.92535490e-04
1.11013785e-01 2.36245104e-04 3.93367565e-04
1.11371704e-01 6.86718071e-05 3.88711566e-04
1.11729622e-01 7.06559905e-04 3.90409333e-04
1.12087538e-01 -2.33161008e-04 3.80713577e-04
1.12445452e-01 2.71271885e-04 3.84257644e-04
1.12803364e-01 6.62636876e-04 3.84209650e-04
1.13161274e-01 1.76588094e-04 3.74319818e-04
1.13519182e-01 4.32515606e-04 3.81892964e-04
1.13877089e-01 5.74052083e-04 3.77800492e-04
1.14234994e-01 9.07777434e-05 3.72239351e-04
1.14592896e-01 1.31183536e-04 3.61344747e-04
1.14950797e-01 3.12910792e-04 3.73544151e-04
1.15308696e-01 -5.43465119e-04 3.72432145e-04
1.15666593e-01 4.61717386e-04 3.67402760e-04
1.16024488e-01 2.08847368e-04 3.72805500e-04
1.16382382e-01 8.32754070e-04 3.73639072e-04
1.16740273e-01 5.56819537e-06 3.66561801e-04
1.17098163e-01 8.49557599e-05 3.66008931e-04
1.17456050e-01 3.88547539e-05 3.62922134e-04
1.17813936e-01 1.05256591e-04 3.71721629e-04
1.18171819e-01 -8.00094657e-04 3.75547558e-04
1.18529701e-01 3.51418449e-04 3.73062935e-04
1.18887581e-01 2.73766053e-04 3.72497842e-04
1.19245459e-01 6.23969543e-04 3.76001345e-04
1.19603335e-01 -2.20580159e-04 3.75835646e-04
1.19961208e-01 -7.17033911e-05 3.64161082e-04
1.20319080e-01 3.86419526e-04 3.72452727e-04
1.20676950e-01 4.92950320e-04 3.76511692e-04
1.21034818e-01 -3.90582665e-04 3.76929497e-04
1.21392684e-01 -2.50444591e-04 3.79048070e-04
1.21750548e-01 3.73960888e-04 3.78382832e-04
1.22108410e-01 9.73811052e-06 3.83902719e-04
1.22466270e-01 9.86399465e-05 3.83453755e-04
1.22824128e-01 1.38512737e-04 3.91950475e-04
1.23181984e-01 1.86016488e-04 3.72465526e-04
1.23539838e-01 -6.38641421e-05 3.87268562e-04
1.23897690e-01 -3.68520424e-05 3.61883842e-04
1.24255540e-01 -1.57678892e-05 3.63499407e-04
1.24613388e-01 5.17657619e-04 3.72787373e-04
1.24971233e-01 7.36194947e-04 3.72110971e-04
1.25329077e-01 -5.07812099e-04 3.57825509e-04
1.25686919e-01 5.86145916e-05 3.59815588e-04
1.26044758e-01 -5.38436213e-04 3.52521689e-04
1.26402596e-01 -2.39667540e-04 3.51363192e-04
1.26760431e-01 7.68372942e-05 3.58310299e-04
1.27118265e-01 5.40743719e-04 3.58091183e-04
1.27476096e-01 9.28938150e-06 3.50117588e-04
1.27833925e-01 5.96062937e-04 3.60579385e-04
1.28191752e-01 4.81647084e-04 3.60746127e-04
1.28549577e-01 -1.22618572e-04 3.51124936e-04
1.28907400e-01 -8.10371967e-05 3.46421729e-04
1.29265221e-01 -4.14963422e-04 3.46680863e-04
1.29623040e-01 4.90211860e-04 3.51401097e-04
1.29980856e-01 -4.26120983e-04 3.51584170e-04
1.30338670e-01 2.45918534e-04 3.60440410e-04
1.30696483e-01 3.43109116e-05 3.38412376e-04
1.31054293e-01 -1.03435277e-04 3.44116206e-04
1.31412101e-01 8.57593388e-05 3.38744930e-04
1.31769906e-01 3.31447055e-04 3.60674791e-04
1.32127710e-01 1.21177298e-04 3.45578621e-04
1.32485511e-01 6.51964256e-04 3.48432253e-04
1.32843311e-01 2.38677739e-05 3.51348708e-04
1.33201108e-01 3.73400973e-04 3.36339771e-04
1.33558903e-01 -7.80870815e-06 3.49345689e-04
1.33916695e-01 3.56840589e-04 3.42375381e-04
1.34274486e-01 -7.74300279e-05 3.37985178e-04
1.34632274e-01 1.74929281e-04 3.43220982e-04
1.34990060e-01 -1.17552156e-04 3.44941060e-04
1.35347844e-01 -2.26765517e-04 3.31152461e-04
1.35705626e-01 5.12098549e-05 3.36918668e-04
1.36063405e-01 5.28592885e-06 3.38981346e-04
1.36421182e-01 -1.82316527e-04 3.32219341e-04
1.36778957e-01 2.28374564e-04 3.34577127e-04
1.37136730e-01 1.78252374e-05 3.30127131e-04
1.37494500e-01 1.05817284e-04 3.32198377e-04
1.37852269e-01 -1.04088674e-04 3.36503556e-04
1.38210034e-01 -2.43534038e-04 3.35163401e-04
1.38567798e-01 -2.46457732e-04 3.30439376e-04
1.38925559e-01 -5.37955272e-06 3.26939609e-04
1.39283319e-01 -1.62480612e-04 3.33806559e-04
1.39641075e-01 3.07197187e-04 3.35272115e-04
1.39998830e-01 -5.25918285e-04 3.34254080e-04
1.40356582e-01 2.15070842e-05 3.30165811e-04
1.40714332e-01 -2.84778822e-04 3.31357104e-04
1.41072080e-01 1.21765785e-04 3.33421604e-04
1.41429825e-01 1.00227688e-04 3.35276148e-04
1.41787568e-01 6.34123031e-05 3.27145630e-04
1.42145308e-01 -2.28705896e-04 3.27914170e-04
1.42503047e-01 -1.15019095e-04 3.34858135e-04
1.42860783e-01 -1.05490339e-04 3.25216828e-04
1.43218516e-01 3.12399479e-04 3.18848763e-04
1.43576247e-01 1.99182981e-04 3.23666715e-04
1.43933976e-01 -8.88540651e-05 3.26014987e-04
1.44291703e-01 -2.76060146e-04 3.31672092e-04
1.44649427e-01 3.35803647e-07 3.21485021e-04
1.45007149e-01 -6.96036702e-04 3.12888990e-04
1.45364868e-01 -5.35638821e-04 3.21117908e-04
1.45722585e-01 -3.80374123e-04 3.18986589e-04
1.46080300e-01 1.09456155e-04 3.19261211e-04
1.46438012e-01 -9.30527601e-07 3.23286437e-04
1.46795722e-01 2.02103612e-04 3.17240708e-04
1.47153429e-01 2.79249405e-04 3.20762874e-04
1.47511134e-01 2.90588974e-04 3.21232906e-04
1.47868837e-01 1.70189726e-04 3.22442776e-04
1.48226537e-01 3.75672407e-04 3.15528597e-04
1.48584235e-01 -2.25876217e-04 3.11169958e-04
1.48941930e-01 9.02285143e-05 3.14271155e-04
1.49299623e-01 -4.83775839e-05 3.13029795e-04
1.49657313e-01 -2.57466412e-04 3.16980292e-04
1.50015001e-01 2.50873848e-04 3.11698013e-04
1.50372687e-01 4.67624347e-05 3.09242685e-04
1.50730370e-01 -5.03197191e-04 3.12621214e-04
1.51088050e-01 1.98290598e-04 3.12122425e-04
1.51445728e-01 8.62086040e-05 3.20965970e-04
1.51803404e-01 -5.30790062e-05 3.12425784e-04
1.52161077e-01 -3.08291307e-04 3.10818403e-04
1.52518747e-01 3.20996552e-04 3.11847161e-04
1.52876416e-01 1.90617179e-04 3.10775876e-04
1.53234081e-01 6.83732249e-04 3.14571719e-04
1.53591744e-01 8.35304797e-05 3.06225627e-04
1.53949405e-01 1.30291612e-04 3.15596346e-04
1.54307063e-01 -1.91125431e-04 3.05843780e-04
1.54664718e-01 -2.28898648e-04 3.01477382e-04
1.55022371e-01 1.28438613e-04 3.07107176e-04
1.55380021e-01 -2.10611206e-04 3.04247540e-04
1.55737669e-01 -2.37186038e-04 3.07817059e-04
1.56095314e-01 -3.74036187e-04 3.10236454e-04
1.56452957e-01 -6.40178502e-05 3.10816103e-04
1.56810597e-01 5.41556436e-05 3.00958135e-04
1.57168235e-01 2.13165257e-05 2.98846711e-04
1.57525870e-01 3.92429581e-05 3.10485012e-04
1.57883502e-01 4.77103401e-05 3.00005571e-04
1.58241132e-01 -2.14172951e-04 3.01820281e-04
1.58598759e-01 6.05400617e-04 3.02850899e-04
1.58956384e-01 5.35026311e-04 3.09577537e-04
1.59314006e-01 3.50646718e-04 3.02070793e-04
1.59671625e-01 2.40156415e-04 3.08018807e-04
1.60029242e-01 4.22970764e-04 3.06354014e-04
1.60386856e-01 -2.06114467e-04 2.96419642e-04
1.60744468e-01 -5.63489556e-05 2.95778455e-04
1.61102076e-01 1.13282021e-05 2.98471946e-04
1.61459683e-01 -2.26518836e-04 2.97879585e-04
1.61817286e-01 -5.31623715e-04 2.96764025e-04
1.62174887e-01 -3.86926789e-05 2.98478615e-04
1.62532485e-01 -1.53306375e-04 3.03158913e-04
1.62890081e-01 -5.13803038e-05 2.98738888e-04
1.63247674e-01 -3.70358453e-04 2.93160303e-04
1.63605264e-01 2.59591751e-04 3.02130798e-04
1.63962852e-01 1.19740125e-04 2.86914607e-04
1.64320437e-01 2.07049426e-05 2.93451876e-04
1.64678019e-01 4.07498169e-04 2.97499236e-04
1.65035598e-01 -2.14012160e-04 2.97751343e-04
1.65393175e-01 -4.77787285e-04 2.98226957e-04
1.65750749e-01 -4.45496599e-04 2.92414550e-04
1.66108320e-01 -2.84791316e-04 2.97521222e-04
1.66465889e-01 -2.16162328e-04 2.93123594e-04
1.66823455e-01 1.50129891e-04 2.93374491e-04
1.67181018e-01 2.48709608e-04 3.00748049e-04
1.67538578e-01 2.96118139e-06 2.98499675e-04
1.67896136e-01 -1.71040973e-04 2.86740151e-04
1.68253691e-01 -3.34583351e-04 2.85658927e-04
1.68611243e-01 3.56416533e-05 2.90555282e-04
1.68968792e-01 6.36079808e-04 2.91003247e-04
1.69326339e-01 2.84732087e-04 2.91147678e-04
1.69683883e-01 -6.63970533e-04 2.84867083e-04
1.70041424e-01 -3.71764530e-04 2.84823876e-04
1.70398962e-01 -4.34051999e-04 2.87297587e-04
1.70756497e-01 2.99770666e-04 2.89350222e-04
1.71114030e-01 3.09129561e-05 2.88183955e-04
1.71471560e-01 1.18376145e-04 2.89876740e-04
1.71829087e-01 5.36074305e-04 2.79516506e-04
1.72186611e-01 1.96226992e-04 2.86501440e-04
1.72544132e-01 -6.04569859e-04 2.86480040e-04
1.72901651e-01 2.96511896e-04 2.81150491e-04
1.73259167e-01 5.00445341e-04 2.88052837e-04
1.73616679e-01 -3.13829428e-04 2.82166601e-04
1.73974189e-01 2.61828420e-04 2.88712223e-04
1.74331697e-01 3.48049995e-04 2.84234471e-04
1.74689201e-01 -1.41515425e-04 2.80336107e-04
1.75046702e-01 1.87270132e-04 2.80499200e-04
1.75404201e-01 -2.69124233e-04 2.82156441e-04
1.75761697e-01 1.57686445e-04 2.85326232e-04
1.76119189e-01 1.63295023e-04 2.82853719e-04
1.76476679e-01 -2.33166342e-04 2.80715539e-04
1.76834166e-01 3.39836001e-04 2.86320035e-04
1.77191650e-01 2.29095314e-04 2.91024197e-04
1.77549132e-01 1.11390263e-04 2.85895144e-04
1.77906610e-01 -2.32932373e-04 2.82834353e-04
1.78264085e-01 -4.94751119e-04 2.76654731e-04
1.78621558e-01 -2.13996418e-04 2.80040494e-04
1.78979027e-01 -1.20270597e-04 2.76203419e-04
1.79336494e-01 1.63643446e-04 2.79363393e-04
1.79693958e-01 4.19129537e-04 2.79959794e-04
1.80051418e-01 -1.61747177e-04 2.78590304e-04
1.80408876e-01 -2.76110538e-04 2.76594782e-04
1.80766331e-01 -3.37746250e-04 2.80120641e-04
1.81123783e-01 -3.21783830e-05 2.85501911e-04
1.81481232e-01 6.39599114e-06 2.79632477e-04
1.81838677e-01 8.24653235e-05 2.82916977e-04
1.82196120e-01 1.50181683e-04 2.82113014e-04
1.82553560e-01 2.45582326e-04 2.82026208e-04
1.82910997e-01 1.40912801e-04 2.82807952e-04
1.83268431e-01 2.96577334e-04 2.80445760e-04
1.83625862e-01 2.06911119e-04 2.95055352e-04
1.83983290e-01 -2.17939932e-04 2.81606857e-04
1.84340715e-01 1.01686121e-04 2.87520490e-04
1.84698137e-01 6.81482409e-04 2.84228043e-04
1.85055556e-01 -1.67058378e-05 2.87231090e-04
1.85412971e-01 -7.30849064e-04 2.77537450e-04
1.85770384e-01 -4.17943306e-06 2.85423008e-04
1.86127794e-01 -1.52780850e-04 2.83222066e-04
1.86485200e-01 -5.23638099e-04 2.78904663e-04
1.86842604e-01 4.24101916e-04 2.73448556e-04
1.87200005e-01 2.49232574e-04 2.77718309e-04
1.87557402e-01 2.23550678e-04 2.76488854e-04
1.87914797e-01 4.61897453e-05 2.75161188e-04
1.88272188e-01 1.54143926e-04 2.74254419e-04
1.88629576e-01 -6.64399934e-05 2.72357103e-04
1.88986961e-01 8.72690491e-05 2.73401492e-04
1.89344343e-01 3.40803047e-04 2.73532041e-04
1.89701722e-01 3.97304775e-04 2.75323256e-04
1.90059098e-01 1.66401522e-05 2.75612307e-04
1.90416471e-01 -1.02930576e-04 2.73728412e-04
1.90773840e-01 1.61926747e-04 2.74551259e-04
1.91131207e-01 3.88201596e-04 2.71558919e-04
1.91488570e-01 -3.39136253e-05 2.69369465e-04
1.91845930e-01 -3.72416622e-04 2.70473014e-04
1.92203287e-01 -4.34382120e-04 2.68851847e-04
1.92560641e-01 3.46851476e-05 2.68185298e-04
1.92917992e-01 7.47615433e-06 2.77354683e-04
1.93275340e-01 1.90481941e-04 2.66432426e-04
1.93632684e-01 3.04758845e-04 2.75277570e-04
1.93990025e-01 7.24406915e-06 2.68357182e-04
1.94347363e-01 -5.76457668e-05 2.72839584e-04
1.94704698e-01 2.14457159e-04 2.69418062e-04
1.95062030e-01 -1.32265519e-04 2.75708351e-04
1.95419358e-01 -3.15030771e-04 2.79416686e-04
1.95776684e-01 5.44933198e-04 2.75039201e-04
1.96134006e-01 2.54638937e-04 2.68716276e-04
1.96491324e-01 5.53990180e-04 2.75058924e-04
1.96848640e-01 6.96085497e-05 2.72492756e-04
1.97205953e-01 5.78656720e-05 2.76461484e-04
1.97563262e-01 8.36729497e-05 2.71442206e-04
1.97920568e-01 1.08912077e-05 2.70104743e-04
1.98277870e-01 -2.34035735e-04 2.73068036e-04
1.98635170e-01 -1.46137020e-04 2.75128641e-04
1.98992466e-01 -3.14797189e-04 2.72321177e-04
1.99349759e-01 -7.84562009e-06 2.70457298e-04
1.99707049e-01 4.57916603e-04 2.68835174e-04
2.00064335e-01 2.27901280e-04 2.68611253e-04
2.00421618e-01 -1.47965710e-04 2.67711201e-04
2.00778898e-01 4.78557565e-04 2.65585986e-04
2.01136174e-01 2.37580170e-04 2.65093853e-04
2.01493448e-01 5.05570883e-04 2.69026442e-04
2.01850718e-01 -2.42601452e-04 2.64135055e-04
2.02207984e-01 3.61320269e-04 2.65825448e-04
2.02565248e-01 2.02146546e-04 2.60336322e-04
2.02922508e-01 4.34277909e-05 2.58852611e-04
2.03279764e-01 8.63908101e-05 2.60545881e-04
2.03637018e-01 1.49093564e-04 2.58499674e-04
2.03994268e-01 -2.55395995e-04 2.58852096e-04
2.04351514e-01 -1.64006242e-04 2.54904694e-04
2.04708758e-01 -5.77612017e-04 2.56980864e-04
2.05065998e-01 -2.59836791e-04 2.60529823e-04
2.05423234e-01 -1.59396619e-04 2.56289787e-04
2.05780467e-01 3.23975629e-04 2.56801300e-04
2.06137697e-01 4.44309753e-04 2.54565026e-04
2.06494924e-01 -3.53115423e-05 2.59874872e-04
2.06852147e-01 2.10349643e-04 2.60175278e-04
2.07209367e-01 -1.85854977e-04 2.54589643e-04
2.07566583e-01 -4.74638039e-04 2.53964555e-04
2.07923796e-01 -2.31332828e-04 2.51990009e-04
2.08281005e-01 1.20052056e-04 2.52169533e-04
2.08638211e-01 4.63632190e-04 2.58375379e-04
2.08995414e-01 9.65688221e-05 2.55817255e-04
2.09352613e-01 4.99656558e-05 2.53192433e-04
2.09709809e-01 5.95440512e-05 2.55247050e-04
2.10067002e-01 2.61715227e-04 2.50618122e-04
2.10424191e-01 -4.86271889e-05 2.52891977e-04
2.10781376e-01 9.47711730e-05 2.48769025e-04
2.11138558e-01 2.90341480e-04 2.53401712e-04
2.11495737e-01 7.69636107e-05 2.50172672e-04
2.11852912e-01 5.29916599e-04 2.52529745e-04
2.12210084e-01 2.15466269e-04 2.51353508e-04
2.12567252e-01 2.05844098e-04 2.51888601e-04
2.12924416e-01 2.15511652e-04 2.47906087e-04
2.13281578e-01 -1.02192169e-04 2.50591773e-04
2.13638735e-01 -3.08015396e-04 2.46997762e-04
2.13995890e-01 -1.04910049e-04 2.48481977e-04
2.14353040e-01 7.65059211e-06 2.52376459e-04
2.14710188e-01 2.20023699e-04 2.48383330e-04
2.15067331e-01 -1.26463596e-04 2.46496694e-04
2.15424471e-01 -1.75261979e-04 2.46182002e-04
2.15781608e-01 7.62777689e-05 2.44333796e-04
2.16138741e-01 -1.87748709e-04 2.46078982e-04
2.16495871e-01 2.39099829e-04 2.44736605e-04
2.16852997e-01 -6.72146946e-05 2.49327387e-04
2.17210119e-01 1.97978416e-04 2.47079117e-04
2.17567238e-01 -3.38907684e-04 2.44321003e-04
2.17924354e-01 1.27714020e-05 2.45445742e-04
2.18281465e-01 1.21379002e-04 2.46935008e-04
2.18638574e-01 2.10824225e-05 2.39525000e-04
2.18995678e-01 2.73144497e-05 2.39797443e-04
2.19352779e-01 1.46308848e-04 2.41803434e-04
2.19709877e-01 2.55222000e-04 2.45507733e-04
2.20066971e-01 -3.84782335e-04 2.38075231e-04
2.20424061e-01 4.20199054e-04 2.39953705e-04
2.20781147e-01 -1.44686592e-04 2.41794674e-04
2.21138230e-01 -3.62954898e-04 2.40013093e-04
2.21495310e-01 2.01676525e-04 2.42199197e-04
2.21852386e-01 -2.09732014e-05 2.41360841e-04
2.22209458e-01 -2.97440422e-06 2.39224885e-04
2.22566526e-01 -6.39818332e-05 2.35929220e-04
2.22923591e-01 3.48466383e-04 2.38360067e-04
2.23280652e-01 1.68299409e-04 2.37161854e-04
2.23637710e-01 1.08886956e-04 2.34135194e-04
2.23994764e-01 -2.22156265e-04 2.36254460e-04
2.24351814e-01 -3.94756342e-05 2.39475049e-04
2.24708861e-01 8.94262319e-05 2.34762022e-04
2.25065904e-01 -4.17565531e-04 2.38358468e-04
2.25422943e-01 -8.58513401e-05 2.37157151e-04
2.25779978e-01 -3.57391331e-05 2.33675781e-04
2.26137010e-01 8.19332150e-06 2.38973132e-04
2.26494038e-01 2.57364500e-04 2.37587698e-04
2.26851063e-01 2.60285479e-04 2.40798774e-04
2.27208083e-01 -1.85465089e-04 2.35753287e-04
2.27565100e-01 -4.27044245e-05 2.38467801e-04
2.27922114e-01 1.20375240e-04 2.37824020e-04
2.28279123e-01 4.49968880e-05 2.40658004e-04
2.28636129e-01 3.57219714e-04 2.35939353e-04
2.28993131e-01 -1.81342152e-04 2.38457609e-04
2.29350129e-01 -2.18429442e-05 2.31366831e-04
2.29707124e-01 2.76411890e-05 2.29937888e-04
2.30064115e-01 3.95116963e-04 2.34920671e-04
2.30421102e-01 1.18967557e-04 2.35204740e-04
2.30778085e-01 -9.26066028e-05 2.33446209e-04
2.31135064e-01 2.29534552e-05 2.31408472e-04
2.31492040e-01 1.66184078e-04 2.32186570e-04
2.31849012e-01 5.67340668e-04 2.29754745e-04
2.32205980e-01 -2.19056111e-05 2.32186220e-04
2.32562944e-01 7.19029856e-05 2.27654377e-04
2.32919905e-01 -4.40420208e-04 2.32960339e-04
2.33276862e-01 6.90104714e-06 2.32711393e-04
2.33633814e-01 -1.55196648e-04 2.36095808e-04
2.33990763e-01 -1.38862196e-04 2.31051863e-04
2.34347709e-01 5.71195949e-05 2.30483763e-04
2.34704650e-01 -3.78144140e-05 2.28133059e-04
2.35061588e-01 -1.20254381e-04 2.30502409e-04
2.35418521e-01 1.87245460e-04 2.25735283e-04
2.35775451e-01 -1.61278394e-04 2.28521201e-04
2.36132377e-01 -4.51688633e-04 2.25212899e-04
2.36489299e-01 2.78761416e-04 2.21805449e-04
2.36846218e-01 2.60294629e-04 2.28682258e-04
2.37203132e-01 -1.34267572e-04 2.27686372e-04
2.37560042e-01 -1.07763765e-04 2.29445675e-04
2.37916949e-01 2.23096012e-04 2.24660060e-04
2.38273852e-01 2.53668526e-04 2.23592773e-04
2.38630751e-01 6.28028921e-05 2.27886953e-04
2.38987645e-01 -1.94096007e-04 2.23490122e-04
2.39344537e-01 8.79863979e-05 2.23455153e-04
2.39701424e-01 1.45094759e-04 2.26754909e-04
2.40058307e-01 2.31849483e-04 2.23856316e-04
2.40415186e-01 -2.06667887e-04 2.21289211e-04
2.40772061e-01 -1.50047018e-04 2.22785413e-04
2.41128933e-01 -2.23757543e-04 2.22961321e-04
2.41485800e-01 -2.41380636e-04 2.21680285e-04
2.41842664e-01 5.50911266e-04 2.21655246e-04
2.42199523e-01 -1.02488402e-04 2.22284719e-04
2.42556379e-01 1.06873018e-05 2.26016501e-04
2.42913230e-01 1.42205253e-04 2.21497598e-04
2.43270078e-01 3.16138730e-04 2.24702844e-04
2.43626922e-01 7.82848739e-05 2.25836265e-04
2.43983761e-01 -1.47510291e-04 2.17933342e-04
2.44340597e-01 -6.42886111e-05 2.18918276e-04
2.44697429e-01 6.88600631e-05 2.18400244e-04
2.45054256e-01 -2.45440222e-04 2.21184355e-04
2.45411080e-01 2.04461027e-04 2.18292155e-04
2.45767900e-01 1.72198059e-04 2.16317599e-04
2.46124715e-01 -5.54254903e-04 2.15916197e-04
2.46481527e-01 2.00678639e-04 2.12114374e-04
2.46838334e-01 1.72164439e-06 2.19275281e-04
2.47195138e-01 -1.19256060e-04 2.18557554e-04
2.47551938e-01 -8.84403028e-05 2.14411008e-04
2.47908733e-01 1.54300401e-04 2.15935192e-04
2.48265524e-01 1.78088841e-04 2.17295603e-04
2.48622312e-01 -3.85339515e-04 2.15001889e-04
2.48979095e-01 -1.38253031e-04 2.12637584e-04
2.49335874e-01 -2.45661206e-04 2.15374777e-04
2.49692649e-01 -1.64684129e-04 2.21516380e-04
2.50049420e-01 -7.80761537e-05 2.13562267e-04
2.50406187e-01 5.51815707e-05 2.13920860e-04
2.50762950e-01 4.82750787e-04 2.18881718e-04
2.51119709e-01 -1.32168840e-04 2.14210314e-04
2.51476464e-01 1.20096306e-04 2.16923973e-04
2.51833214e-01 -1.22716273e-04 2.17967159e-04
2.52189961e-01 1.10874634e-04 2.14625691e-04
2.52546703e-01 -1.49749013e-04 2.13736465e-04
2.52903441e-01 9.97700255e-06 2.11110197e-04
2.53260175e-01 1.16651658e-04 2.12990224e-04
2.53616905e-01 -9.93076233e-05 2.08134922e-04
2.53973631e-01 -1.32745676e-04 2.11583491e-04
2.54330352e-01 -1.05667492e-04 2.10935842e-04
2.54687070e-01 -3.16901538e-04 2.10828883e-04
2.55043783e-01 3.14198485e-05 2.12123030e-04
2.55400492e-01 -3.43002516e-04 2.10528646e-04
2.55757197e-01 -6.37949533e-05 2.14804505e-04
2.56113898e-01 2.81948898e-04 2.15392848e-04
2.56470595e-01 -7.06632291e-05 2.13238810e-04
2.56827287e-01 -1.51767313e-04 2.08846631e-04
2.57183975e-01 9.70645278e-05 2.15708535e-04
2.57540659e-01 -3.11615889e-04 2.12580629e-04
2.57897339e-01 1.66655965e-04 2.10402496e-04
2.58254014e-01 1.71142105e-04 2.17176246e-04
2.58610686e-01 1.78693578e-04 2.19068174e-04
2.58967353e-01 2.51897138e-04 2.13198132e-04
2.59324016e-01 -2.12839201e-04 2.14131563e-04
2.59680674e-01 -1.19589192e-04 2.14777601e-04
2.60037329e-01 2.38345687e-05 2.14619222e-04
2.60393979e-01 -1.60979474e-04 2.14442841e-04
2.60750625e-01 -1.05242153e-04 2.13953475e-04
2.61107266e-01 -6.87742486e-05 2.13571585e-04
2.61463904e-01 -1.95744874e-04 2.17399411e-04
2.61820537e-01 -3.49246366e-04 2.15664276e-04
2.62177166e-01 -5.16143783e-04 2.12246776e-04
2.62533790e-01 1.41243435e-04 2.14508365e-04
2.62890410e-01 -2.69131458e-04 2.16445981e-04
2.63247026e-01 7.72537293e-05 2.17581092e-04
2.63603638e-01 -1.44749987e-04 2.12187550e-04
2.63960245e-01 1.92571215e-04 2.12469372e-04
2.64316848e-01 7.81561317e-07 2.15489918e-04
2.64673447e-01 1.83157861e-04 2.17372976e-04
2.65030042e-01 2.23587461e-05 2.11977992e-04
2.65386632e-01 -6.20761902e-05 2.16488200e-04
2.65743217e-01 1.56817005e-05 2.09344937e-04
2.66099799e-01 5.29137182e-06 2.11008797e-04
2.66456376e-01 4.62010769e-05 2.12263895e-04
2.66812948e-01 2.04223787e-04 2.17359131e-04
2.67169517e-01 1.02719914e-04 2.20975214e-04
2.67526081e-01 1.12711672e-04 2.13674851e-04
2.67882640e-01 -1.47436573e-04 2.14891310e-04
2.68239195e-01 -9.85968410e-05 2.17165038e-04
2.68595746e-01 -1.01071448e-04 2.16611170e-04
2.68952293e-01 1.94768810e-04 2.17452958e-04
2.69308835e-01 2.85484282e-04 2.18071022e-04
2.69665372e-01 -1.72393170e-05 2.19994805e-04
2.70021906e-01 -2.21037771e-04 2.20172299e-04
2.70378435e-01 -1.90739028e-04 2.19895884e-04
2.70734959e-01 -3.27283054e-04 2.19171568e-04
2.71091479e-01 -8.46159032e-05 2.22412241e-04
2.71447995e-01 -7.29164999e-05 2.22417341e-04
2.71804506e-01 1.55549442e-04 2.22588749e-04
2.72161012e-01 2.26954755e-05 2.21000366e-04
2.72517515e-01 -1.97172040e-04 2.24378985e-04
2.72874012e-01 -4.35186551e-04 2.25589214e-04
